0.0020   9646559.728833     0.000021769   9409842.1952
0.0040   4704129.945981     0.000021769   4467412.4128
0.0060   3066418.090049     0.000024490   2829700.5582
0.0080   2250179.946073     0.000024490   2013462.4133
0.0100   1762203.169106     0.000013606   1525485.6364
0.0120   1437976.015534     0.000016327   1201258.4826
0.0140   1207085.882423     0.000016327    970368.3497
0.0160   1034734.162233     0.000024490    798016.6293
0.0180    901306.556921     0.000019048    664589.0242
0.0200    795065.335490     0.000013606    558347.8026
0.0400    330769.207130     0.000010885     94051.6743
0.0600    187452.942462     0.000021769    -49264.5903
0.0800    120606.605525     0.000019048   -116110.9273
0.1000     83787.984209     0.000013606   -152929.5486
0.1200     60976.911646     0.000021769   -175740.6212
0.1400     45894.434499     0.000019048   -190823.0983
0.1600     35506.255759     0.000008163   -201211.2770
0.1800     28129.069219     0.000010885   -208588.4636
0.2000     22766.789556     0.000013606   -213950.7432
0.2400     15300.154701     0.000021769   -221417.3781
0.2800     10592.548474     0.000019048   -226124.9843
0.3200      7607.231915     0.000013606   -229110.3009
0.3600      5642.665436     0.000019048   -231074.8674    -39953.593
0.4000      4308.251344     0.000021769   -232409.2814    -27930.143
0.4500      3120.673940     0.000010885   -233596.8589    -20332.892
0.5000      2253.199593     0.000013606   -234464.3332    -14466.809
0.5500      1647.343685     0.000008163   -235070.1891    -10009.498
0.6000      1226.872315     0.000013606   -235490.6605     -7002.043
0.6500       930.059368     0.000013606   -235787.4734     -4997.636
0.7000       716.145270     0.000013606   -236001.3875     -3644.188
0.7500       558.941274     0.000027211   -236158.5915     -2737.212
0.8000       438.478030     0.000019048   -236279.0548     -2131.333
0.8500       343.021927     0.000021769   -236374.5109     -1689.916
0.9000       267.196836     0.000010885   -236450.3360     -1331.290
0.9500       208.447925     0.000010885   -236509.0849     -1027.475
1.0000       163.432240     0.000021769   -236554.1006      -782.075
1.1000       104.112668     0.000019048   -236613.4201      -449.560
1.2000        69.892917     0.000013606   -236647.6399      -283.289
1.3000        46.344420     0.000024490   -236671.1884      -193.216
1.4000        30.565579     0.000021769   -236686.9672      -126.776
1.5000        20.147745     0.000021769   -236697.3851       -83.958
1.6000        13.442577     0.000016327   -236704.0902       -55.668
1.7000         9.099842     0.000016327   -236708.4329       -36.567
1.8000         6.345058     0.000019048   -236711.1877       -23.463
1.9000         4.708693     0.000013606   -236712.8241       -14.742
2.0000         3.752147     0.000024490   -236713.7807        -8.905
2.1000         3.236474     0.000021769   -236714.2963        -5.151
2.2000         2.988086     0.000019048   -236714.5447        -2.812
2.3000         2.888019     0.000013606   -236714.6448        -1.484
2.4000         2.855893     0.000027211   -236714.6769        -0.720
2.5000         2.909652     0.000008163   -236714.6232        -0.436
2.6000         2.980491     0.000021769   -236714.5523        -0.277
2.7000         3.027450     0.000021769   -236714.5054        -0.259
2.8000         3.058493     0.000024490   -236714.4743        -0.228
2.9000         3.077598     0.000021769   -236714.4552        -0.169
3.0000         3.094515     0.000008163   -236714.4383        -0.143
3.1000         3.112385     0.000021769   -236714.4204        -0.074
3.2000         3.135006     0.000013606   -236714.3978         0.006
3.3000         3.163202     0.000021769   -236714.3696         0.054
3.4000         3.198534     0.000016327   -236714.3343         0.109
3.5000         3.239802     0.000016327   -236714.2930         0.167
3.6000         3.284650     0.000021769   -236714.2482         0.210
3.7000         3.333894     0.000005442   -236714.1989         0.238
3.8000         3.386295     0.000008163   -236714.1465         0.255
3.9000         3.440013     0.000008163   -236714.0928         0.273
4.0000         3.494814     0.000010885   -236714.0380         0.290
5.0000         3.961364     0.000010885   -236713.5714         0.203
6.0000         4.211238     0.000013606   -236713.3216         0.102
7.0000         4.319249     0.000019048   -236713.2136         0.038
8.0000         4.367054     0.000021769   -236713.1657         0.016
9.0000         4.391272     0.000010885   -236713.1415         0.009
10.0000         4.405852     0.000010885   -236713.1269         0.006
100.0000         4.479875     0.000010885   -236713.0529         0.000
1000.0000         4.485211     0.000016327   -236713.0476
