0.0020  16695638.376063     0.000024490  16186143.7872
0.0040   8129558.942115     0.000013606   7620064.3522
0.0060   5286700.413515     0.000016327   4777205.8241
0.0080   3870619.623517     0.000024490   3361125.0348
0.0100   3025252.431688     0.000019048   2515757.8425
0.0120   2463231.598571     0.000013606   1953737.0094
0.0140   2063588.135511     0.000016327   1554093.5465
0.0160   1765636.153492     0.000019048   1256141.5644
0.0180   1535148.330582     0.000013606   1025653.7416
0.0200   1352136.205660     0.000024490    842641.6167
0.0400    555784.736795     0.000024490     46290.1477
0.0600    310737.850691     0.000021769   -198756.7384
0.0800    198574.478479     0.000021769   -310920.1106
0.1000    136960.417066     0.000010885   -372534.1720
0.1200     99514.466784     0.000019048   -409980.1223
0.1400     74707.892200     0.000013606   -434786.6968
0.1600     57239.889456     0.000021769   -452254.6995
0.1800     44567.843670     0.000021769   -464926.7454
0.2000     35280.378728     0.000019048   -474214.2104
0.2400     23202.352426     0.000019048   -486292.2366
0.2800     16108.480577     0.000013606   -493386.1085
0.3200     11302.225951     0.000024490   -498192.3633
0.3600      8135.252630     0.000024490   -501359.3365
0.4000      6010.632902     0.000021769   -503483.9561    -43836.013
0.4500      4233.152433     0.000010885   -505261.4366    -28567.464
0.5000      3048.320514     0.000021769   -506446.2687    -19708.789
0.5500      2198.311168     0.000019048   -507296.2778    -14443.175
0.6000      1588.511348     0.000024490   -507906.0779    -10130.494
0.6500      1164.304591     0.000021769   -508330.2845     -7024.096
0.7000       869.105857     0.000021769   -508625.4832     -4919.006
0.7500       660.555577     0.000021769   -508834.0335     -3515.396
0.8000       509.745108     0.000021769   -508984.8440     -2579.090
0.8500       397.689246     0.000019048   -509096.8997     -1943.528
0.9000       312.333952     0.000021769   -509182.2551     -1496.346
0.9500       246.146264     0.000024490   -509248.4427     -1167.368
1.0000       194.300334     0.000010885   -509300.2888      -916.832
1.1000       121.067392     0.000016327   -509373.5218      -577.157
1.2000        73.970800     0.000024490   -509420.6182      -371.373
1.3000        43.568324     0.000024490   -509451.0207      -237.518
1.4000        24.175837     0.000010885   -509470.4131      -151.592
1.5000        11.934227     0.000027211   -509482.6547       -97.028
1.6000         4.301199     0.000013606   -509490.2878       -62.041
1.7000        -0.491332     0.000013606   -509495.0805       -39.359
1.8000        -3.483140     0.000019048   -509498.0722       -24.566
1.9000        -5.299414     0.000019048   -509499.8885       -14.821
2.0000        -6.344906     0.000019048   -509500.9340        -8.495
2.1000        -6.872407     0.000027211   -509501.4616        -4.303
2.2000        -7.052304     0.000013606   -509501.6415        -1.623
2.3000        -7.032230     0.000010885   -509501.6213         0.050
2.4000        -6.890603     0.000024490   -509501.4796         1.114
2.5000        -6.637689     0.000016327   -509501.2268         1.596
2.6000        -6.364229     0.000010885   -509500.9533         1.889
2.7000        -5.944408     0.000008163   -509500.5334         1.888
2.8000        -5.565721     0.000024490   -509500.1549         1.794
2.9000        -5.227674     0.000010885   -509499.8167         1.715
3.0000        -4.928259     0.000021769   -509499.5174         1.573
3.1000        -4.663250     0.000021769   -509499.2523         1.429
3.2000        -4.429871     0.000027211   -509499.0188         1.313
3.3000        -4.224384     0.000019048   -509498.8134         1.193
3.4000        -4.043047     0.000013606   -509498.6322         1.057
3.5000        -3.883300     0.000021769   -509498.4724         0.961
3.6000        -3.742378     0.000013606   -509498.3315         0.864
3.7000        -3.617614     0.000013606   -509498.2066         0.780
3.8000        -3.507212     0.000016327   -509498.0964         0.694
3.9000        -3.409463     0.000027211   -509497.9984         0.626
4.0000        -3.322405     0.000027211   -509497.9116         0.564
5.0000        -2.711039     0.000005442   -509497.3002         0.139
6.0000        -2.563071     0.000005442   -509497.1521         0.026
7.0000        -2.530981     0.000013606   -509497.1200         0.008
8.0000        -2.522717     0.000010885   -509497.1119         0.002
9.0000        -2.519500     0.000013606   -509497.1086         0.000
10.0000        -2.517585     0.000010885   -509497.1067         0.001
100.0000        -2.506839     0.000019048   -509497.0958
1000.0000        -2.506034     0.000008163   -509497.0950
