0.0020   4559368.610163     0.000021769   4312311.9074
0.0040   2226236.761004     0.000013606   1979180.0574
0.0060   1450684.245810     0.000010885   1203627.5424
0.0080   1064608.051892     0.000021769    817551.3485
0.0100    833943.211499     0.000019048    586886.5079
0.0120    680844.284891     0.000024490    433787.5814
0.0140    572083.768885     0.000021769    325027.0654
0.0160    490953.197257     0.000019048    243896.4937
0.0180    428216.134233     0.000016327    181159.4307
0.0200    378259.338089     0.000024490    131202.6346
0.0400    159108.778287     0.000008163    -87947.9252
0.0600     90881.709108     0.000027211   -156174.9944
0.0800     58963.055244     0.000008163   -188093.6483
0.1000     41296.336978     0.000005442   -205760.3665
0.1200     30458.388693     0.000013606   -216598.3148
0.1400     23187.880089     0.000013606   -223868.8234
0.1600     18002.378354     0.000024490   -229054.3252
0.1800     14211.209472     0.000016327   -232845.4940
0.2000     11402.844825     0.000016327   -235653.8587
0.2400      7680.098825     0.000010885   -239376.6047
0.2800      5432.077985     0.000024490   -241624.6255    -44574.720
0.3200      3953.463190     0.000021769   -243103.2403    -30665.861
0.3600      2915.551394     0.000016327   -244141.1521    -21712.494
0.4000      2181.872220     0.000021769   -244874.8313    -15353.914
0.4500      1553.845576     0.000021769   -245502.8579    -10095.734
0.5000      1139.673402     0.000024490   -245917.0301     -6742.567
0.5500       858.819963     0.000024490   -246197.8835     -4668.523
0.6000       657.586579     0.000021769   -246399.1169     -3465.997
0.6500       505.439550     0.000016327   -246551.2640     -2678.095
0.7000       387.993031     0.000027211   -246668.7105     -2050.717
0.7500       298.716754     0.000019048   -246757.9868     -1544.581
0.8000       231.811208     0.000016327   -246824.8923     -1152.531
0.8500       181.983887     0.000013606   -246874.7196      -858.419
0.9000       144.856680     0.000019048   -246911.8468      -641.794
0.9500       117.134279     0.000013606   -246939.5692      -484.011
1.0000        96.172529     0.000016327   -246960.5310      -369.402
1.1000        67.767848     0.000016327   -246988.9357      -226.410
1.2000        49.577697     0.000008163   -247007.1258      -151.008
1.3000        36.781707     0.000013606   -247019.9218      -109.389
1.4000        27.330756     0.000024490   -247029.3728       -82.091
1.5000        20.251690     0.000024490   -247036.4518       -60.817
1.6000        15.093810     0.000010885   -247041.6097       -44.026
1.7000        11.426144     0.000016327   -247045.2774       -31.354
1.8000         8.843538     0.000010885   -247047.8600       -22.241
1.9000         7.022377     0.000010885   -247049.6811       -15.748
2.0000         5.723811     0.000016327   -247050.9797       -11.341
2.1000         4.778476     0.000019048   -247051.9250        -8.248
2.2000         4.069413     0.000024490   -247052.6341        -6.246
2.3000         3.519778     0.000013606   -247053.1837        -4.815
2.4000         3.079753     0.000008163   -247053.6238        -3.854
2.5000         2.718538     0.000021769   -247053.9850        -3.187
2.6000         2.418914     0.000027211   -247054.2846        -2.629
2.7000         2.168920     0.000010885   -247054.5346        -2.207
2.8000         1.962192     0.000013606   -247054.7413        -1.862
2.9000         1.792864     0.000019048   -247054.9106        -1.545
3.0000         1.656428     0.000019048   -247055.0471        -1.269
3.1000         1.548908     0.000019048   -247055.1546        -1.055
3.2000         1.467004     0.000027211   -247055.2365        -0.837
3.3000         1.406579     0.000008163   -247055.2969        -0.653
3.4000         1.364069     0.000019048   -247055.3394        -0.498
3.5000         1.336817     0.000010885   -247055.3667        -0.370
3.6000         1.322482     0.000013606   -247055.3810        -0.268
3.7000         1.318721     0.000021769   -247055.3848        -0.172
3.8000         1.322517     0.000024490   -247055.3810        -0.100
3.9000         1.332558     0.000016327   -247055.3710        -0.042
4.0000         1.347146     0.000021769   -247055.3564         0.006
5.0000         1.562829     0.000016327   -247055.1407         0.096
6.0000         1.694807     0.000016327   -247055.0087         0.058
7.0000         1.744648     0.000021769   -247054.9589         0.023
8.0000         1.760841     0.000024490   -247054.9427         0.010
9.0000         1.765402     0.000016327   -247054.9381         0.004
10.0000         1.766322     0.000008163   -247054.9372         0.002
100.0000         1.761897     0.000016327   -247054.9416
1000.0000         1.761470     0.000021769   -247054.9420
