0.0020         0.000000     0.000016327  48842561.9340
0.0040  24336522.780699     0.000019048  23194955.7646
0.0060  15799935.663445     0.000013606  14658368.6474
0.0080  11540894.291954     0.000021769  10399327.2764
0.0100   8994256.462494     0.000024490   7852689.4445
0.0120   7308767.743686     0.000013606   6167200.7270
0.0140   6111193.774208     0.000013606   4969626.7564
0.0160   5218228.688664     0.000008163   4076661.6724
0.0180   4527699.843937     0.000019048   3386132.8274
0.0200   3978313.022225     0.000019048   2836746.0050
0.0400   1595792.962600     0.000013606    454225.9458
0.0600    878031.563758     0.000021769   -263535.4531
0.0800    555194.410449     0.000016327   -586372.6063
0.1000    382684.177323     0.000016327   -758882.8396
0.1200    278141.583436     0.000019048   -863425.4333
0.1400    208190.322415     0.000021769   -933376.6944
0.1600    158400.755896     0.000008163   -983166.2608
0.1800    123052.166134     0.000002721  -1018514.8506
0.2000     97627.330234     0.000016327  -1043939.6865
0.2400     63470.779103     0.000008163  -1078096.2376
0.2800     42668.448802     0.000016327  -1098898.5681
0.3200     29594.553738     0.000019048  -1111972.4631
0.3600     21349.627217     0.000016327  -1120217.3896
0.4000     15433.118211     0.000019048  -1126133.8987
0.4500     10629.185095     0.000016327  -1130937.8317
0.5000      7612.835939     0.000027211  -1133954.1809    -48162.256
0.5500      5629.045272     0.000016327  -1135937.9714    -32516.216
0.6000      4259.940596     0.000019048  -1137307.0764    -22952.823
0.6500      3277.928061     0.000021769  -1138289.0888    -16739.216
0.7000      2554.469808     0.000024490  -1139012.5471    -12491.224
0.7500      2010.362919     0.000021769  -1139556.6539     -9491.139
0.8000      1592.691082     0.000010885  -1139974.3257     -7355.657
0.8500      1265.958984     0.000010885  -1140301.0578     -5785.115
0.9000      1008.119197     0.000016327  -1140558.8975     -4570.948
0.9500       804.189303     0.000010885  -1140762.8276     -3609.267
1.0000       643.434365     0.000024490  -1140923.5825     -2841.515
1.1000       417.336555     0.000024490  -1141149.6803     -1758.593
1.2000       276.500298     0.000024490  -1141290.5164     -1102.138
1.3000       187.482058     0.000019048  -1141379.5347      -706.898
1.4000       129.797475     0.000021769  -1141437.2193      -466.265
1.5000        91.240668     0.000019048  -1141475.7762      -316.256
1.6000        64.784832     0.000024490  -1141502.2320      -219.630
1.7000        46.254777     0.000016327  -1141520.7621      -155.172
1.8000        33.087278     0.000024490  -1141533.9294      -110.817
1.9000        23.654341     0.000021769  -1141543.3625       -79.628
2.0000        16.876233     0.000019048  -1141550.1406       -57.209
2.1000        12.008321     0.000013606  -1141555.0085       -41.028
2.2000         8.523736     0.000019048  -1141558.4932       -29.306
2.3000         6.044345     0.000010885  -1141560.9724       -20.801
2.4000         4.294298     0.000010885  -1141562.7226       -14.594
2.5000         3.072812     0.000019048  -1141563.9439       -10.121
2.6000         2.437689     0.000019048  -1141564.5793        -7.318
2.7000         2.026857     0.000021769  -1141564.9899        -5.367
2.8000         1.728947     0.000008163  -1141565.2878        -3.971
2.9000         1.508943     0.000027211  -1141565.5080        -2.935
3.0000         1.345612     0.000024490  -1141565.6713        -2.172
3.1000         1.223716     0.000021769  -1141565.7932        -1.600
3.2000         1.133621     0.000021769  -1141565.8832        -1.158
3.3000         1.068028     0.000021769  -1141565.9488        -0.837
3.4000         1.021255     0.000021769  -1141565.9956        -0.586
3.5000         0.989434     0.000021769  -1141566.0275        -0.391
3.6000         0.968981     0.000024490  -1141566.0479        -0.255
3.7000         0.957104     0.000010885  -1141566.0598        -0.150
3.8000         0.951806     0.000008163  -1141566.0650        -0.074
3.9000         0.951300     0.000010885  -1141566.0656        -0.018
4.0000         0.954135     0.000010885  -1141566.0626         0.017
5.0000         1.021878     0.000008163  -1141565.9951         0.048
6.0000         1.052210     0.000019048  -1141565.9646         0.011
7.0000         1.059138     0.000005442  -1141565.9578         0.001
8.0000         1.060447     0.000021769  -1141565.9564        -0.001
9.0000         1.060676     0.000024490  -1141565.9562        -0.001
10.0000         1.060714     0.000024490  -1141565.9562        -0.001
100.0000         1.060722     0.000024490  -1141565.9562
1000.0000         1.060722     0.000024490  -1141565.9562
