0.0020         0.000000     0.000024490  34803856.1733
0.0040  17344833.379200     0.000016327  16483533.4687
0.0060  11261755.238688     0.000013606  10400455.3302
0.0080   8235216.602081     0.000024490   7373916.6927
0.0100   6426607.155288     0.000016327   5565307.2466
0.0120   5225207.189345     0.000019048   4363907.2802
0.0140   4370393.855703     0.000013606   3509093.9449
0.0160   3733657.623360     0.000021769   2872357.7140
0.0180   3241839.604105     0.000016327   2380539.6946
0.0200   2851023.445929     0.000005442   1989723.5364
0.0400   1150653.956692     0.000021769    289354.0472
0.0600    635010.740326     0.000002721   -226289.1692
0.0800    402409.555676     0.000019048   -458890.3538
0.1000    276085.776985     0.000016327   -585214.1326
0.1200    198451.907949     0.000010885   -662848.0015
0.1400    148387.506437     0.000021769   -712912.4030
0.1600    114250.729555     0.000013606   -747049.1801
0.1800     89272.573464     0.000021769   -772027.3360
0.2000     70538.323344     0.000024490   -790761.5862
0.2400     46008.403319     0.000016327   -815291.5062
0.2800     31633.332306     0.000019048   -829666.5773
0.3200     22006.474912     0.000010885   -839293.4345
0.3600     15769.937091     0.000021769   -845529.9725
0.4000     11675.809757     0.000021769   -849624.0998
0.4500      8277.010846     0.000013606   -853022.8987
0.5000      6014.543231     0.000021769   -855285.3663    -37428.874
0.5500      4431.468014     0.000013606   -856868.4415    -26461.540
0.6000      3321.944595     0.000019048   -857977.9649    -18391.702
0.6500      2545.712160     0.000024490   -858754.1975    -13011.927
0.7000      1985.720997     0.000016327   -859314.1884     -9807.854
0.7500      1556.120500     0.000024490   -859743.7891     -7513.353
0.8000      1225.511021     0.000019048   -860074.3986     -5763.717
0.8500       973.341316     0.000016327   -860326.5683     -4419.503
0.9000       779.257398     0.000013606   -860520.6522     -3402.369
0.9500       628.836964     0.000019048   -860671.0727     -2620.375
1.0000       513.540636     0.000013606   -860786.3690     -2028.395
1.1000       352.792462     0.000024490   -860947.1171     -1259.796
1.2000       249.956284     0.000019048   -861049.9533      -829.004
1.3000       181.098796     0.000016327   -861118.8106      -574.222
1.4000       132.061359     0.000008163   -861167.8483      -413.894
1.5000        96.697326     0.000008163   -861203.2122      -302.070
1.6000        70.912419     0.000019048   -861228.9972      -219.643
1.7000        52.199654     0.000024490   -861247.7099      -159.390
1.8000        38.732804     0.000019048   -861261.1768      -116.708
1.9000        28.974937     0.000008163   -861270.9346       -86.162
2.0000        21.776701     0.000021769   -861278.1328       -63.939
2.1000        16.426410     0.000021769   -861283.4831       -47.441
2.2000        12.457682     0.000021769   -861287.4519       -35.106
2.3000         9.532582     0.000005442   -861290.3769       -25.775
2.4000         7.397219     0.000013606   -861292.5124       -18.764
2.5000         5.851517     0.000024490   -861294.0580       -13.605
2.6000         4.742035     0.000021769   -861295.1674        -9.769
2.7000         3.946466     0.000024490   -861295.9631        -7.027
2.8000         3.371081     0.000027211   -861296.5383        -5.068
2.9000         2.943770     0.000008163   -861296.9658        -3.726
3.0000         2.611399     0.000019048   -861297.2981        -2.828
3.1000         2.337902     0.000005442   -861297.5715        -2.197
3.2000         2.109098     0.000016327   -861297.8004        -1.803
3.3000         1.942257     0.000010885   -861297.9672        -1.522
3.4000         1.802682     0.000019048   -861298.1068        -1.287
3.5000         1.677188     0.000016327   -861298.2322        -1.129
3.6000         1.571894     0.000008163   -861298.3375        -0.977
3.7000         1.477816     0.000010885   -861298.4317        -0.823
3.8000         1.395754     0.000008163   -861298.5139        -0.674
3.9000         1.327211     0.000013606   -861298.5824        -0.566
4.0000         1.273787     0.000005442   -861298.6358        -0.455
5.0000         1.264546     0.000005442   -861298.6450         0.038
6.0000         1.480324     0.000024490   -861298.4292         0.060
7.0000         1.591162     0.000013606   -861298.3185         0.035
8.0000         1.633062     0.000021769   -861298.2766         0.015
9.0000         1.647421     0.000019048   -861298.2622         0.004
10.0000         1.652007     0.000010885   -861298.2575         0.002
100.0000         1.653288     0.000019048   -861298.2562
1000.0000         1.653223     0.000016327   -861298.2562
