0.0020         0.000000     0.000027211  27499168.7306
0.0040  13683901.465670     0.000027211  13075822.3254
0.0060   8889148.835243     0.000021769   8281069.6951
0.0080   6500368.564736     0.000021769   5892289.4246
0.0100   5072470.404940     0.000021769   4464391.2648
0.0120   4123965.555072     0.000005442   3515886.4155
0.0140   3449943.499771     0.000008163   2841864.3597
0.0160   2948084.645377     0.000027211   2340005.5050
0.0180   2560551.402362     0.000016327   1952472.2618
0.0200   2253070.004103     0.000010885   1644990.8638
0.0400    917276.611220     0.000024490    309197.4709
0.0600    510005.955508     0.000008163    -98073.1849
0.0800    323769.150460     0.000016327   -284309.9899
0.1000    222557.400978     0.000021769   -385521.7394
0.1200    160736.311239     0.000010885   -447342.8292
0.1400    120087.856908     0.000010885   -487991.2836
0.1600     92421.744979     0.000024490   -515657.3956
0.1800     72955.941444     0.000021769   -535123.1989
0.2000     58338.906754     0.000013606   -549740.2337
0.2400     38341.901446     0.000016327   -569737.2391
0.2800     26076.872905     0.000010885   -582002.2675
0.3200     18449.001015     0.000027211   -589630.1394
0.3600     13416.759634     0.000027211   -594662.3807
0.4000      9767.323053     0.000016327   -598311.8175
0.4500      6773.062244     0.000016327   -601306.0781    -47050.240
0.5000      4861.395399     0.000013606   -603217.7451    -30866.459
0.5500      3575.402364     0.000027211   -604503.7380    -21360.108
0.6000      2666.574381     0.000008163   -605412.5659    -15449.711
0.6500      2002.250061     0.000016327   -606076.8903    -11354.711
0.7000      1515.155137     0.000019048   -606563.9854     -8332.012
0.7500      1156.986503     0.000021769   -606922.1541     -6116.204
0.8000       892.240736     0.000024490   -607186.8997     -4519.347
0.8500       696.621746     0.000010885   -607382.5186     -3362.756
0.9000       549.965620     0.000019048   -607529.1747     -2547.723
0.9500       437.863526     0.000008163   -607641.2770     -1968.603
1.0000       350.563095     0.000021769   -607728.5774     -1546.543
1.1000       226.834178     0.000024490   -607852.3062      -971.860
1.2000       149.342160     0.000024490   -607929.7983      -610.574
1.3000       100.706685     0.000010885   -607978.4338      -400.195
1.4000        67.659702     0.000016327   -608011.4807      -272.736
1.5000        44.979785     0.000013606   -608034.1605      -184.527
1.6000        29.683418     0.000019048   -608049.4569      -124.690
1.7000        19.345409     0.000013606   -608059.7950       -84.590
1.8000        12.345136     0.000021769   -608066.7952       -57.388
1.9000         7.625841     0.000021769   -608071.5147       -38.733
2.0000         4.635181     0.000010885   -608074.5052       -26.051
2.1000         2.664992     0.000024490   -608076.4754       -17.190
2.2000         1.407994     0.000019048   -608077.7325       -11.117
2.3000         0.641990     0.000010885   -608078.4985        -6.931
2.4000         0.206257     0.000021769   -608078.9342        -4.137
2.5000        -0.023576     0.000021769   -608079.1641        -2.387
2.6000        -0.129355     0.000024490   -608079.2697        -1.256
2.7000        -0.175886     0.000019048   -608079.3162        -0.663
2.8000        -0.194733     0.000021769   -608079.3353        -0.290
2.9000        -0.177386     0.000008163   -608079.3179        -0.112
3.0000        -0.123959     0.000008163   -608079.2645        -0.034
3.1000        -0.088067     0.000024490   -608079.2286         0.018
3.2000        -0.058787     0.000021769   -608079.1992         0.032
3.3000        -0.034096     0.000027211   -608079.1745         0.095
3.4000        -0.009075     0.000024490   -608079.1494         0.129
3.5000         0.019140     0.000008163   -608079.1214         0.168
3.6000         0.049361     0.000008163   -608079.0912         0.207
3.7000         0.086015     0.000016327   -608079.0544         0.235
3.8000         0.125513     0.000016327   -608079.0150         0.285
3.9000         0.167217     0.000016327   -608078.9731         0.290
4.0000         0.214064     0.000013606   -608078.9263         0.304
5.0000         0.675977     0.000013606   -608078.4645         0.246
6.0000         0.959621     0.000010885   -608078.1807         0.119
7.0000         1.087125     0.000008163   -608078.0533         0.070
8.0000         1.141997     0.000016327   -608077.9984         0.039
9.0000         1.167851     0.000013606   -608077.9725         0.013
10.0000         1.182365     0.000024490   -608077.9581         0.021
100.0000         1.248911     0.000010885   -608077.8914         0.000
1000.0000         1.253536     0.000024490   -608077.8868
