0.0020   5183016.011933     0.000024490   5100958.0884
0.0040   2539749.649111     0.000008163   2457691.7249
0.0060   1660324.311620     0.000019048   1578266.3871
0.0080   1221726.065283     0.000021769   1139668.1409
0.0100    959136.283027     0.000008163    877078.3586
0.0120    784451.689000     0.000013606    702393.7647
0.0140    659996.526280     0.000013606    577938.6020
0.0160    567014.298695     0.000016327    484956.3742
0.0180    494917.252086     0.000027211    412859.3277
0.0200    437396.730091     0.000024490    355338.8057
0.0400    183670.801840     0.000010885    101612.8775
0.0600    104874.688044     0.000016327     22816.7637
0.0800     68231.882747     0.000016327    -13826.0416
0.1000     47643.746144     0.000016327    -34414.1782
0.1200     34944.614412     0.000013606    -47113.3099
0.1400     26587.594197     0.000021769    -55470.3301
0.1600     20739.453818     0.000021769    -61318.4705
0.1800     16442.872933     0.000016327    -65615.0514
0.2000     13200.706306     0.000008163    -68857.2180
0.2400      8808.763122     0.000013606    -73249.1612
0.2800      6137.092444     0.000013606    -75920.8319
0.3200      4442.727932     0.000024490    -77615.1964    -33927.225
0.3600      3326.813731     0.000019048    -78731.1106    -22844.014
0.4000      2532.190488     0.000013606    -79525.7339    -18271.977
0.4500      1756.978864     0.000027211    -80300.9455    -12557.539
0.5000      1243.901734     0.000024490    -80814.0226     -8269.678
0.5500       904.148173     0.000019048    -81153.7762     -5518.955
0.6000       674.945442     0.000021769    -81382.9789     -3770.245
0.6500       516.056979     0.000010885    -81541.8674     -2656.980
0.7000       402.191592     0.000013606    -81655.7328     -1940.668
0.7500       317.580880     0.000019048    -81740.3435     -1469.391
0.8000       252.705590     0.000021769    -81805.2188     -1149.038
0.8500       201.484662     0.000024490    -81856.4397      -919.735
0.9000       160.155245     0.000016327    -81897.7691      -741.443
0.9500       126.820540     0.000021769    -81931.1038      -595.292
1.0000       100.409673     0.000019048    -81957.5147      -473.438
1.1000        62.848836     0.000016327    -81995.0755      -296.298
1.2000        39.418045     0.000005442    -82018.5063      -187.049
1.3000        24.569591     0.000024490    -82033.3547      -120.081
1.4000        14.889077     0.000024490    -82043.0353       -78.127
1.5000         8.493297     0.000021769    -82049.4310       -51.589
1.6000         4.228017     0.000019048    -82053.6963       -34.147
1.7000         1.509005     0.000019048    -82056.4153       -22.455
1.8000        -0.050151     0.000016327    -82057.9745       -14.780
1.9000        -1.038232     0.000008163    -82058.9626        -9.448
2.0000        -1.632891     0.000013606    -82059.5572        -5.655
2.1000        -1.955582     0.000027211    -82059.8799        -3.005
2.2000        -2.062455     0.000019048    -82059.9868        -1.180
2.3000        -1.859235     0.000005442    -82059.7836        -0.080
2.4000        -1.609731     0.000013606    -82059.5341         0.631
2.5000        -1.339522     0.000021769    -82059.2639         1.070
2.6000        -1.064363     0.000016327    -82058.9887         1.356
2.7000        -0.793460     0.000013606    -82058.7178         1.475
2.8000        -0.531678     0.000024490    -82058.4560         1.553
2.9000        -0.258146     0.000016327    -82058.1825         1.546
3.0000         0.027456     0.000021769    -82057.8969         1.472
3.1000         0.290680     0.000010885    -82057.6336         1.391
3.2000         0.531599     0.000005442    -82057.3927         1.295
3.3000         0.751241     0.000005442    -82057.1731         1.184
3.4000         0.951014     0.000024490    -82056.9733         1.082
3.5000         1.131346     0.000010885    -82056.7930         0.980
3.6000         1.293020     0.000019048    -82056.6313         0.879
3.7000         1.437423     0.000010885    -82056.4869         0.782
3.8000         1.566027     0.000005442    -82056.3583         0.695
3.9000         1.679789     0.000021769    -82056.2445         0.614
4.0000         1.779696     0.000016327    -82056.1446         0.541
5.0000         2.273575     0.000016327    -82055.6508         0.130
6.0000         2.373182     0.000002721    -82055.5512         0.027
7.0000         2.390363     0.000016327    -82055.5340         0.007
8.0000         2.392791     0.000010885    -82055.5315         0.002
9.0000         2.392698     0.000021769    -82055.5317         0.001
10.0000         2.392246     0.000010885    -82055.5321         0.000
100.0000         2.388401     0.000016327    -82055.5359
1000.0000         2.388078     0.000019048    -82055.5362
