0.0020   4789591.327362     0.000008163   4512227.4459
0.0040   2337996.326009     0.000016327   2060632.4444
0.0060   1523007.079916     0.000008163   1245643.1983
0.0080   1117371.000833     0.000019048    840007.1193
0.0100    875012.632937     0.000021769    597648.7514
0.0120    714209.458231     0.000019048    436845.5766
0.0140    599956.639396     0.000024490    322592.7578
0.0160    514750.865930     0.000021769    237386.9843
0.0180    448878.518216     0.000024490    171514.6366
0.0200    396413.734642     0.000019048    119049.8530
0.0400    166431.431131     0.000016327   -110932.4505
0.0600     94781.931035     0.000016327   -182581.9506
0.0800     61365.731705     0.000021769   -215998.1499
0.1000     42936.822325     0.000016327   -234427.0593
0.1200     31592.199699     0.000027211   -245771.6819
0.1400     23949.847744     0.000019048   -253414.0339
0.1600     18524.847957     0.000013606   -258839.0337
0.1800     14589.455765     0.000016327   -262774.4259
0.2000     11691.103783     0.000027211   -265672.7779
0.2400      7862.147320     0.000016327   -269501.7343
0.2800      5539.869764     0.000016327   -271824.0119    -46319.795
0.3200      3998.868438     0.000008163   -273365.0132    -31878.995
0.3600      2928.663148     0.000010885   -274435.2186    -22243.273
0.4000      2179.527438     0.000010885   -275184.3543    -15615.468
0.4500      1548.219290     0.000021769   -275815.6623    -10097.804
0.5000      1134.184093     0.000013606   -276229.6975     -6752.884
0.5500       849.575212     0.000027211   -276514.3064     -4787.693
0.6000       642.355447     0.000008163   -276721.5261     -3570.367
0.6500       486.763337     0.000019048   -276877.1184     -2688.057
0.7000       370.341056     0.000021769   -276993.5405     -1998.974
0.7500       284.238501     0.000005442   -277079.6430     -1472.440
0.8000       220.927613     0.000024490   -277142.9542     -1082.336
0.8500       174.317117     0.000019048   -277189.5646      -798.949
0.9000       139.772481     0.000021769   -277224.1091      -594.788
0.9500       114.045581     0.000027211   -277249.8362      -448.176
1.0000        94.597490     0.000019048   -277269.2841      -342.756
1.1000        68.207448     0.000019048   -277295.6743      -214.228
1.2000        50.891692     0.000024490   -277312.9900      -147.835
1.3000        38.553021     0.000021769   -277325.3287      -109.667
1.4000        29.276795     0.000027211   -277334.6048       -81.060
1.5000        22.471720     0.000010885   -277341.4099       -58.178
1.6000        17.646234     0.000021769   -277346.2355       -40.924
1.7000        14.287398     0.000019048   -277349.5942       -28.478
1.8000        11.962296     0.000016327   -277351.9194       -19.874
1.9000        10.344899     0.000021769   -277353.5366       -13.860
2.0000         9.203433     0.000005442   -277354.6781        -9.961
2.1000         8.379502     0.000010885   -277355.5021        -7.237
2.2000         7.765569     0.000016327   -277356.1160        -5.506
2.3000         7.292883     0.000021769   -277356.5886        -4.268
2.4000         6.917093     0.000024490   -277356.9644        -3.432
2.5000         6.612249     0.000021769   -277357.2695        -2.830
2.6000         6.361701     0.000021769   -277357.5198        -2.333
2.7000         6.155215     0.000024490   -277357.7264        -1.958
2.8000         5.986959     0.000021769   -277357.8948        -1.642
2.9000         5.851185     0.000016327   -277358.0306        -1.355
3.0000         5.743569     0.000013606   -277358.1381        -1.100
3.1000         5.660656     0.000010885   -277358.2211        -0.903
3.2000         5.599564     0.000008163   -277358.2820        -0.713
3.3000         5.556379     0.000008163   -277358.3253        -0.547
3.4000         5.528107     0.000008163   -277358.3536        -0.407
3.5000         5.512403     0.000024490   -277358.3694        -0.296
3.6000         5.507385     0.000010885   -277358.3743        -0.208
3.7000         5.510855     0.000021769   -277358.3707        -0.118
3.8000         5.520566     0.000010885   -277358.3612        -0.063
3.9000         5.534915     0.000008163   -277358.3468        -0.015
4.0000         5.552842     0.000008163   -277358.3288         0.027
5.0000         5.773211     0.000024490   -277358.1084         0.091
6.0000         5.899956     0.000027211   -277357.9816         0.054
7.0000         5.947083     0.000021769   -277357.9345         0.021
8.0000         5.962224     0.000019048   -277357.9196         0.009
9.0000         5.966512     0.000008163   -277357.9152         0.003
10.0000         5.967440     0.000005442   -277357.9141         0.002
100.0000         5.964224     0.000008163   -277357.9174
1000.0000         5.963905     0.000002721   -277357.9176
