0.0020   8459204.473241     0.000016327   8303883.4411
0.0040   4136985.242562     0.000013606   3981664.2100
0.0060   2699095.928623     0.000021769   2543774.8966
0.0080   1982259.766328     0.000021769   1826938.7344
0.0100   1553392.867238     0.000010885   1398071.8352
0.0120   1268185.145724     0.000024490   1112864.1136
0.0140   1065205.776644     0.000010885    909884.7447
0.0160    913528.714251     0.000024490    758207.6822
0.0180    796065.757504     0.000019048    640744.7255
0.0200    702431.467984     0.000024490    547110.4360
0.0400    292306.080397     0.000027211    136985.0484
0.0600    165915.122261     0.000024490     10594.0903
0.0800    106961.481230     0.000008163    -48359.5507
0.1000     74344.527528     0.000002721    -80976.5045
0.1200     54261.869290     0.000010885   -101059.1627
0.1400     40849.255919     0.000021769   -114471.7760
0.1600     31460.514823     0.000010885   -123860.5172
0.1800     24755.660966     0.000008163   -130565.3710
0.2000     19874.287836     0.000019048   -135446.7441
0.2400     13505.818601     0.000016327   -141815.2134
0.2800      9413.118477     0.000016327   -145907.9135
0.3200      6715.336916     0.000010885   -148605.6951
0.3600      4925.647870     0.000019048   -150395.3841    -36903.837
0.4000      3682.613700     0.000021769   -151638.4183    -25912.529
0.4500      2632.160264     0.000021769   -152688.8717    -16826.772
0.5000      1939.439375     0.000013606   -153381.5926    -11367.775
0.5500      1447.709003     0.000010885   -153873.3230     -8781.160
0.6000      1059.544603     0.000019048   -154261.4874     -6616.604
0.6500       779.690546     0.000019048   -154541.3414     -4685.884
0.7000       581.245046     0.000027211   -154739.7869     -3329.911
0.7500       439.149250     0.000008163   -154881.8827     -2401.984
0.8000       335.654978     0.000008163   -154985.3770     -1765.964
0.8500       258.809454     0.000019048   -155062.2225     -1324.702
0.9000       200.630806     0.000024490   -155120.4012     -1012.503
0.9500       155.845842     0.000016327   -155165.1861      -785.514
1.0000       120.957491     0.000016327   -155200.0745      -615.235
1.1000        72.136567     0.000019048   -155248.8954      -380.751
1.2000        42.117785     0.000016327   -155278.9142      -234.776
1.3000        23.759666     0.000016327   -155297.2723      -144.285
1.4000        12.569891     0.000013606   -155308.4621       -89.121
1.5000         5.761809     0.000024490   -155315.2702       -55.780
1.6000         1.542187     0.000021769   -155319.4898       -34.871
1.7000        -1.078695     0.000019048   -155322.1107       -21.254
1.8000        -2.651702     0.000024490   -155323.6837       -12.359
1.9000        -3.487549     0.000021769   -155324.5195        -6.571
2.0000        -3.849841     0.000024490   -155324.8818        -2.852
2.1000        -3.857806     0.000002721   -155324.8898        -0.668
2.2000        -3.601183     0.000021769   -155324.6332         0.572
2.3000        -3.296984     0.000024490   -155324.3289         1.329
2.4000        -2.972363     0.000016327   -155324.0043         1.784
2.5000        -2.644243     0.000010885   -155323.6762         2.006
2.6000        -2.319162     0.000016327   -155323.3511         2.090
2.7000        -1.926496     0.000008163   -155322.9585         1.959
2.8000        -1.589121     0.000021769   -155322.6211         1.826
2.9000        -1.293684     0.000008163   -155322.3257         1.713
3.0000        -1.030408     0.000010885   -155322.0624         1.588
3.1000        -0.786970     0.000024490   -155321.8189         1.455
3.2000        -0.544318     0.000002721   -155321.5763         1.308
3.3000        -0.330518     0.000010885   -155321.3625         1.171
3.4000        -0.141442     0.000016327   -155321.1734         1.033
3.5000         0.025660     0.000010885   -155321.0063         0.915
3.6000         0.172643     0.000021769   -155320.8593         0.809
3.7000         0.301570     0.000019048   -155320.7304         0.706
3.8000         0.414666     0.000005442   -155320.6173         0.614
3.9000         0.513659     0.000019048   -155320.5183         0.535
4.0000         0.599707     0.000005442   -155320.4323         0.464
5.0000         1.008141     0.000016327   -155320.0238         0.094
6.0000         1.083844     0.000008163   -155319.9481         0.018
7.0000         1.096595     0.000010885   -155319.9354         0.003
8.0000         1.099125     0.000010885   -155319.9328         0.000
9.0000         1.099961     0.000016327   -155319.9320        -0.000
10.0000         1.100402     0.000019048   -155319.9316        -0.000
100.0000         1.102883     0.000010885   -155319.9291
1000.0000         1.103085     0.000019048   -155319.9289
