0.0020  18396925.064263     0.000013606  18039015.0044
0.0040   8977020.044368     0.000019048   8619109.9859
0.0060   5843633.689825     0.000021769   5485723.6305
0.0080   4281096.738484     0.000021769   3923186.6779
0.0100   3346729.711474     0.000019048   2988819.6508
0.0120   2725428.640376     0.000013606   2367518.5809
0.0140   2282897.117996     0.000024490   1924987.0585
0.0160   1952784.107351     0.000027211   1594874.0480
0.0180   1697677.273854     0.000005442   1339767.2146
0.0200   1494572.317586     0.000013606   1136662.2582
0.0400    611272.888296     0.000021769    253362.8289
0.0600    341029.437263     0.000021769    -16880.6221
0.0800    217603.256657     0.000021769   -140306.8027
0.1000    149589.536532     0.000021769   -208320.5228
0.1200    108584.455545     0.000021769   -249325.6038
0.1400     82013.659666     0.000019048   -275896.3998
0.1600     63335.372734     0.000013606   -294574.6865
0.1800     49771.060424     0.000016327   -308138.9990
0.2000     39861.894636     0.000016327   -318048.1646
0.2400     27037.596830     0.000021769   -330872.4626
0.2800     19168.210035     0.000019048   -338741.8492
0.3200     13651.389844     0.000024490   -344258.6694
0.3600     10040.926935     0.000021769   -347869.1324
0.4000      7626.670329     0.000016327   -350283.3890    -49678.042
0.4500      5603.735248     0.000013606   -352306.3242    -32976.862
0.5000      4202.662812     0.000024490   -353707.3965    -23848.077
0.5500      3176.746820     0.000013606   -354733.3126    -17453.798
0.6000      2430.126561     0.000010885   -355479.9329    -12694.959
0.6500      1883.561190     0.000024490   -356026.4980     -9378.151
0.7000      1476.021193     0.000021769   -356434.0382     -7061.566
0.7500      1166.103627     0.000019048   -356743.9556     -5419.528
0.8000       926.475398     0.000016327   -356983.5841     -4246.308
0.8500       736.778825     0.000019048   -357173.2804     -3387.510
0.9000       585.129500     0.000027211   -357324.9298     -2699.932
0.9500       464.685018     0.000016327   -357445.3743     -2133.616
1.0000       369.667544     0.000010885   -357540.3918     -1680.715
1.1000       235.559801     0.000027211   -357674.4996     -1050.621
1.2000       151.049580     0.000016327   -357759.0098      -668.191
1.3000        96.937229     0.000008163   -357813.1221      -431.006
1.4000        61.894312     0.000027211   -357848.1650      -280.397
1.5000        39.040209     0.000013606   -357871.0193      -183.151
1.6000        24.090235     0.000016327   -357885.9692      -119.772
1.7000        14.302644     0.000010885   -357895.7566       -78.263
1.8000         7.900946     0.000013606   -357902.1584       -50.989
1.9000         3.727006     0.000010885   -357906.3323       -33.034
2.0000         1.028585     0.000021769   -357909.0309       -21.176
2.1000        -0.687202     0.000016327   -357910.7465       -13.309
2.2000        -1.741508     0.000019048   -357911.8010        -8.089
2.3000        -2.350654     0.000008163   -357912.4100        -4.622
2.4000        -2.659977     0.000019048   -357912.7194        -2.309
2.5000        -2.771015     0.000016327   -357912.8304        -0.813
2.6000        -2.752060     0.000027211   -357912.8113         0.182
2.7000        -2.651685     0.000021769   -357912.7109         0.802
2.8000        -2.502325     0.000019048   -357912.5618         1.185
2.9000        -2.326359     0.000019048   -357912.3858         1.393
3.0000        -2.065881     0.000008163   -357912.1253         1.429
3.1000        -1.811737     0.000013606   -357911.8712         1.407
3.2000        -1.578100     0.000019048   -357911.6374         1.357
3.3000        -1.364265     0.000019048   -357911.4236         1.293
3.4000        -1.156422     0.000013606   -357911.2157         1.214
3.5000        -0.953174     0.000008163   -357911.0127         1.113
3.6000        -0.773745     0.000005442   -357910.8331         1.028
3.7000        -0.596379     0.000013606   -357910.6557         0.942
3.8000        -0.432435     0.000013606   -357910.4918         0.859
3.9000        -0.284585     0.000005442   -357910.3441         0.779
4.0000        -0.151350     0.000005442   -357910.2107         0.709
5.0000         0.621413     0.000024490   -357909.4379         0.230
6.0000         0.853899     0.000019048   -357909.2056         0.069
7.0000         0.915002     0.000005442   -357909.1443         0.018
8.0000         0.932624     0.000010885   -357909.1266         0.007
9.0000         0.939359     0.000005442   -357909.1201         0.002
10.0000         0.943199     0.000016327   -357909.1163         0.003
100.0000         0.962266     0.000013606   -357909.0970
1000.0000         0.963681     0.000008163   -357909.0956
