0.0020  17950827.360761     0.000024490  17580077.5724
0.0040   8754807.873663     0.000024490   8384058.0860
0.0060   5699911.090915     0.000021769   5329161.3044
0.0080   4174963.878179     0.000013606   3804214.0898
0.0100   3262503.114060     0.000016327   2891753.3277
0.0120   2656511.718365     0.000021769   2285761.9308
0.0140   2225295.450197     0.000021769   1854545.6625
0.0160   1903272.232988     0.000013606   1532522.4454
0.0180   1654270.692825     0.000024490   1283520.9053
0.0200   1456451.346108     0.000013606   1085701.5586
0.0400    596614.605762     0.000013606    225864.8181
0.0600    332996.575758     0.000021769    -37753.2119
0.0800    212468.404103     0.000016327   -158281.3836
0.1000    146095.077839     0.000016327   -224654.7098
0.1200    105956.602512     0.000021769   -264793.1852
0.1400     79728.623057     0.000019048   -291021.1645
0.1600     61286.800662     0.000021769   -309462.9869
0.1800     47917.077841     0.000024490   -322832.7098
0.2000     38081.089244     0.000005442   -332668.6983
0.2400     25103.252506     0.000010885   -345646.5353
0.2800     17446.380996     0.000024490   -353303.4066
0.3200     12269.589735     0.000010885   -358480.1981
0.3600      8866.220069     0.000021769   -361883.5676
0.4000      6598.347574     0.000010885   -364151.4402    -46723.519
0.4500      4697.970035     0.000016327   -366051.8177    -30604.640
0.5000      3434.867493     0.000027211   -367314.9201    -20754.809
0.5500      2551.449245     0.000024490   -368198.3383    -15090.637
0.6000      1903.563550     0.000024490   -368846.2240    -11007.027
0.6500      1437.350389     0.000005442   -369312.4374     -7903.754
0.7000      1098.765574     0.000021769   -369651.0220     -5708.168
0.7500       854.155154     0.000027211   -369895.6326     -4174.943
0.8000       671.766555     0.000016327   -370078.0210     -3176.727
0.8500       529.835677     0.000010885   -370219.9519     -2515.913
0.9000       417.409846     0.000016327   -370332.3779     -1997.753
0.9500       328.390950     0.000021769   -370421.3967     -1574.986
1.0000       258.439580     0.000016327   -370491.3480     -1238.129
1.1000       159.953320     0.000013606   -370589.8345      -761.961
1.2000        99.858931     0.000008163   -370649.9287      -464.136
1.3000        63.219477     0.000013606   -370686.5683      -286.500
1.4000        40.446197     0.000016327   -370709.3415      -179.871
1.5000        26.175045     0.000024490   -370723.6125      -114.103
1.6000        17.144094     0.000002721   -370732.6437       -72.295
1.7000        11.469971     0.000019048   -370738.3178       -45.288
1.8000         8.585002     0.000027211   -370741.2028       -29.049
1.9000         6.963037     0.000008163   -370742.8246       -18.541
2.0000         6.132126     0.000013606   -370743.6556       -11.753
2.1000         5.692017     0.000016327   -370744.0956        -7.172
2.2000         5.842964     0.000013606   -370743.9446        -4.676
2.3000         6.196808     0.000013606   -370743.5908        -3.485
2.4000         6.500049     0.000021769   -370743.2877        -2.885
2.5000         6.685454     0.000021769   -370743.1021        -2.481
2.6000         6.776351     0.000005442   -370743.0112        -2.178
2.7000         6.802411     0.000016327   -370742.9854        -1.869
2.8000         6.791360     0.000008163   -370742.9963        -1.533
2.9000         6.766476     0.000024490   -370743.0213        -1.234
3.0000         6.742421     0.000002721   -370743.0452        -0.904
3.1000         6.727860     0.000005442   -370743.0599        -0.638
3.2000         6.727854     0.000024490   -370743.0599        -0.395
3.3000         6.742116     0.000002721   -370743.0455        -0.182
3.4000         6.769431     0.000010885   -370743.0183        -0.017
3.5000         6.808735     0.000019048   -370742.9788         0.106
3.6000         6.857117     0.000008163   -370742.9307         0.217
3.7000         6.911842     0.000024490   -370742.8757         0.295
3.8000         6.970860     0.000024490   -370742.8169         0.339
3.9000         7.033011     0.000021769   -370742.7546         0.365
4.0000         7.096373     0.000016327   -370742.6912         0.384
5.0000         7.602004     0.000019048   -370742.1856         0.230
6.0000         7.812629     0.000021769   -370741.9750         0.094
7.0000         7.880545     0.000019048   -370741.9073         0.034
8.0000         7.903572     0.000027211   -370741.8841         0.015
9.0000         7.913063     0.000002721   -370741.8746         0.010
10.0000         7.918160     0.000021769   -370741.8694         0.006
100.0000         7.941107     0.000024490   -370741.8466         0.000
1000.0000         7.942672     0.000024490   -370741.8449
