0.0020  26520479.556681     0.000010885  25885823.0866
0.0040  12901266.633920     0.000024490  12266610.1631
0.0060   8374036.641003     0.000019048   7739380.1712
0.0080   6120061.122309     0.000024490   5485404.6530
0.0100   4773724.836821     0.000021769   4139068.3669
0.0120   3881015.880553     0.000013606   3246359.4102
0.0140   3246996.329011     0.000005442   2612339.8588
0.0160   2774593.497842     0.000013606   2139937.0278
0.0180   2410175.989812     0.000013606   1775519.5197
0.0200   2121159.071510     0.000005442   1486502.6013
0.0400    864909.936800     0.000016327    230253.4666
0.0600    481509.233713     0.000010885   -153147.2364
0.0800    305951.407298     0.000016327   -328705.0630
0.1000    210254.391916     0.000019048   -424402.0781
0.1200    151870.194446     0.000008163   -482786.2758
0.1400    113018.600409     0.000019048   -521637.8697
0.1600     86459.320257     0.000019048   -548197.1500
0.1800     67886.420774     0.000016327   -566770.0494
0.2000     54480.580847     0.000010885   -580175.8893
0.2400     35896.557541     0.000021769   -598759.9127
0.2800     24297.796664     0.000016327   -610358.6734
0.3200     17138.528552     0.000013606   -617517.9416
0.3600     12529.564171     0.000019048   -622126.9061
0.4000      9207.549823     0.000005442   -625448.9204
0.4500      6425.110034     0.000016327   -628231.3602    -43728.194
0.5000      4656.553975     0.000002721   -629999.9161    -28388.406
0.5500      3480.394973     0.000008163   -631176.0751    -19442.415
0.6000      2653.722297     0.000019048   -632002.7478    -14042.585
0.6500      2045.970524     0.000024490   -632610.4996    -10485.349
0.7000      1588.641694     0.000013606   -633067.8285     -7940.672
0.7500      1241.348560     0.000010885   -633415.1216     -6060.402
0.8000       975.318812     0.000024490   -633681.1513     -4656.859
0.8500       770.089108     0.000021769   -633886.3811     -3603.955
0.9000       610.672331     0.000019048   -634045.7979     -2807.945
0.9500       486.114327     0.000016327   -634170.3559     -2200.000
1.0000       388.366086     0.000019048   -634268.1042     -1730.312
1.1000       250.800561     0.000016327   -634405.6697     -1076.718
1.2000       164.529270     0.000016327   -634491.9410      -682.424
1.3000       108.340750     0.000002721   -634548.1293      -451.034
1.4000        70.874952     0.000013606   -634585.5953      -299.081
1.5000        46.169655     0.000019048   -634610.3005      -197.491
1.6000        29.801028     0.000024490   -634626.6693      -130.585
1.7000        19.115510     0.000010885   -634637.3546       -86.043
1.8000        12.079506     0.000019048   -634644.3907       -56.620
1.9000         7.456475     0.000019048   -634649.0136       -37.111
2.0000         4.434228     0.000010885   -634652.0360       -24.226
2.1000         2.472357     0.000021769   -634653.9979       -15.651
2.2000         1.213449     0.000027211   -634655.2567        -9.943
2.3000         0.419660     0.000010885   -634656.0505        -6.238
2.4000        -0.066785     0.000008163   -634656.5370        -3.719
2.5000        -0.351114     0.000008163   -634656.8214        -2.113
2.6000        -0.503245     0.000027211   -634656.9735        -1.058
2.7000        -0.569823     0.000010885   -634657.0399        -0.371
2.8000        -0.582220     0.000027211   -634657.0524         0.054
2.9000        -0.561175     0.000024490   -634657.0315         0.302
3.0000        -0.520527     0.000024490   -634656.9906         0.460
3.1000        -0.469427     0.000024490   -634656.9395         0.530
3.2000        -0.413760     0.000027211   -634656.8840         0.541
3.3000        -0.357348     0.000027211   -634656.8274         0.550
3.4000        -0.302672     0.000027211   -634656.7730         0.526
3.5000        -0.251061     0.000024490   -634656.7213         0.484
3.6000        -0.203234     0.000024490   -634656.6734         0.445
3.7000        -0.159647     0.000024490   -634656.6298         0.407
3.8000        -0.120372     0.000021769   -634656.5906         0.367
3.9000        -0.085218     0.000021769   -634656.5553         0.323
4.0000        -0.053957     0.000021769   -634656.5242         0.286
5.0000         0.124079     0.000024490   -634656.3460         0.064
6.0000         0.165614     0.000008163   -634656.3046         0.011
7.0000         0.171892     0.000024490   -634656.2984         0.002
8.0000         0.172376     0.000013606   -634656.2978        -0.000
9.0000         0.171952     0.000016327   -634656.2981        -0.001
10.0000         0.171473     0.000016327   -634656.2987        -0.001
100.0000         0.167987     0.000010885   -634656.3022
1000.0000         0.167728     0.000005442   -634656.3025
