0.0020  14694937.540956     0.000013606  14224562.0417
0.0040   7156852.643264     0.000027211   6686477.1439
0.0060   4655405.379073     0.000019048   4185029.8788
0.0080   3409896.122195     0.000016327   2939520.6231
0.0100   2666073.604619     0.000016327   2195698.1053
0.0120   2171705.010827     0.000010885   1701329.5114
0.0140   1819889.176197     0.000010885   1349513.6767
0.0160   1557453.232202     0.000024490   1087077.7327
0.0180   1354439.514392     0.000021769    884064.0151
0.0200   1193167.573505     0.000019048    722792.0742
0.0400    491543.840630     0.000013606     21168.3413
0.0600    275365.706077     0.000024490   -195009.7933
0.0800    176342.504601     0.000010885   -294032.9947
0.1000    121646.018824     0.000021769   -348729.4806
0.1200     88466.494463     0.000019048   -381909.0048
0.1400     66655.226508     0.000008163   -403720.2729
0.1600     51249.179253     0.000016327   -419126.3201
0.1800     39989.891238     0.000019048   -430385.6080
0.2000     31648.646107     0.000024490   -438726.8533
0.2400     20700.471847     0.000005442   -449675.0276
0.2800     14269.432216     0.000013606   -456106.0672
0.3200     10179.478321     0.000019048   -460196.0211
0.3600      7302.635374     0.000013606   -463072.8640
0.4000      5350.669856     0.000010885   -465024.8294    -40000.053
0.4500      3741.989633     0.000024490   -466633.5097    -25648.778
0.5000      2688.907500     0.000019048   -467686.5918    -17190.696
0.5500      1968.081201     0.000016327   -468407.4182    -12088.912
0.6000      1446.045796     0.000016327   -468929.4536     -9026.894
0.6500      1056.249077     0.000019048   -469319.2503     -6590.438
0.7000       776.638333     0.000013606   -469598.8610     -4692.501
0.7500       577.683912     0.000024490   -469797.8155     -3346.582
0.8000       434.984995     0.000016327   -469940.5145     -2415.116
0.8500       331.151930     0.000016327   -470044.3475     -1773.019
0.9000       254.219229     0.000008163   -470121.2801     -1326.800
0.9500       196.142298     0.000027211   -470179.3571     -1010.956
1.0000       151.599321     0.000013606   -470223.9000      -780.877
1.1000        90.156522     0.000019048   -470285.3427      -474.973
1.2000        52.831421     0.000021769   -470322.6681      -289.688
1.3000        30.146929     0.000024490   -470345.3523      -176.530
1.4000        16.382074     0.000010885   -470359.1172      -108.412
1.5000         8.025854     0.000024490   -470367.4735       -67.587
1.6000         2.865904     0.000019048   -470372.6334       -42.378
1.7000        -0.350069     0.000002721   -470375.8495       -26.157
1.8000        -2.311167     0.000024490   -470377.8106       -15.559
1.9000        -3.445711     0.000016327   -470378.9450        -8.590
2.0000        -3.969326     0.000013606   -470379.4686        -4.126
2.1000        -4.118679     0.000002721   -470379.6180        -1.318
2.2000        -3.893096     0.000027211   -470379.3924         0.238
2.3000        -3.592685     0.000019048   -470379.0920         1.159
2.4000        -3.261242     0.000005442   -470378.7606         1.760
2.5000        -2.920215     0.000027211   -470378.4196         2.032
2.6000        -2.583121     0.000013606   -470378.0824         2.187
2.7000        -2.202684     0.000002721   -470377.7020         2.118
2.8000        -1.830840     0.000019048   -470377.3303         1.949
2.9000        -1.507705     0.000021769   -470377.0071         1.846
3.0000        -1.222148     0.000005442   -470376.7216         1.708
3.1000        -0.965142     0.000008163   -470376.4645         1.570
3.2000        -0.715513     0.000019048   -470376.2149         1.419
3.3000        -0.482088     0.000005442   -470375.9815         1.275
3.4000        -0.275869     0.000010885   -470375.7752         1.118
3.5000        -0.094464     0.000002721   -470375.5940         0.990
3.6000         0.064597     0.000008163   -470375.4348         0.875
3.7000         0.203919     0.000021769   -470375.2955         0.761
3.8000         0.325873     0.000024490   -470375.1735         0.658
3.9000         0.432169     0.000013606   -470375.0672         0.573
4.0000         0.524271     0.000013606   -470374.9752         0.496
5.0000         0.955855     0.000008163   -470374.5436         0.097
6.0000         1.032751     0.000024490   -470374.4666         0.017
7.0000         1.044945     0.000024490   -470374.4544         0.002
8.0000         1.047095     0.000005442   -470374.4522        -0.000
9.0000         1.047658     0.000016327   -470374.4516        -0.001
10.0000         1.047895     0.000010885   -470374.4514        -0.001
100.0000         1.049163     0.000005442   -470374.4503
1000.0000         1.049255     0.000027211   -470374.4500
