0.0020  23301972.876660     0.000019048  22758646.7119
0.0040  11342010.232385     0.000027211  10798684.0697
0.0060   7370089.026868     0.000008163   6826762.8619
0.0080   5390875.775482     0.000010885   4847549.6121
0.0100   4207655.150067     0.000013606   3664328.9862
0.0120   3422601.228998     0.000010885   2879275.0659
0.0140   2864486.808719     0.000024490   2321160.6448
0.0160   2448126.991582     0.000024490   1904800.8278
0.0180   2126875.090826     0.000019048   1583548.9270
0.0200   1871949.790345     0.000016327   1328623.6265
0.0400    764659.582990     0.000027211    221333.4191
0.0600    426557.570319     0.000008163   -116768.5935
0.0800    271677.114385     0.000027211   -271649.0495
0.1000    186790.704290     0.000024490   -356535.4595
0.1200    135203.657082     0.000021769   -408122.5067
0.1400    100998.084718     0.000016327   -442328.0791
0.1600     77157.585316     0.000024490   -466168.5785
0.1800     60314.531286     0.000010885   -483011.6326
0.2000     48169.521252     0.000021769   -495156.6425
0.2400     31867.519849     0.000021769   -511458.6440
0.2800     21807.931271     0.000019048   -521518.2326
0.3200     15302.643458     0.000016327   -528023.5203
0.3600     11051.457157     0.000008163   -532274.7067
0.4000      8230.383485     0.000019048   -535095.7804
0.4500      5715.327148     0.000019048   -537610.8367    -41302.241
0.5000      4039.698373     0.000024490   -539286.4655    -26809.128
0.5500      2943.381795     0.000016327   -540382.7821    -17802.588
0.6000      2201.993131     0.000016327   -541124.1708    -12318.544
0.6500      1677.451824     0.000024490   -541648.7120     -8926.033
0.7000      1290.370115     0.000019048   -542035.7936     -6694.257
0.7500       997.243616     0.000016327   -542328.9202     -5105.452
0.8000       772.846093     0.000008163   -542553.3179     -3919.949
0.8500       600.202638     0.000019048   -542725.9611     -3021.350
0.9000       466.935484     0.000024490   -542859.2284     -2337.352
0.9500       363.681029     0.000019048   -542962.4829     -1815.404
1.0000       283.344226     0.000021769   -543042.8196     -1415.646
1.1000       171.374509     0.000019048   -543154.7893      -869.747
1.2000       102.218083     0.000027211   -543223.9457      -537.951
1.3000        59.322381     0.000005442   -543266.8415      -331.949
1.4000        32.833262     0.000019048   -543293.3307      -203.347
1.5000        16.737966     0.000024490   -543309.4260      -123.483
1.6000         7.194484     0.000024490   -543318.9693       -74.727
1.7000         1.567896     0.000019048   -543324.5961       -45.020
1.8000        -1.701387     0.000010885   -543327.8653       -26.662
1.9000        -3.507437     0.000016327   -543329.6713       -15.207
2.0000        -4.409487     0.000005442   -543330.5733        -7.972
2.1000        -4.759181     0.000019048   -543330.9230        -3.376
2.2000        -4.771695     0.000016327   -543330.9355        -0.374
2.3000        -4.407596     0.000019048   -543330.5714         1.111
2.4000        -3.946031     0.000016327   -543330.1099         1.962
2.5000        -3.498583     0.000016327   -543329.6626         2.458
2.6000        -3.070354     0.000005442   -543329.2343         2.704
2.7000        -2.664573     0.000010885   -543328.8285         2.796
2.8000        -2.212129     0.000019048   -543328.3760         2.685
2.9000        -1.694484     0.000024490   -543327.8585         2.385
3.0000        -1.264446     0.000005442   -543327.4282         2.158
3.1000        -0.900980     0.000024490   -543327.0650         1.940
3.2000        -0.576182     0.000021769   -543326.7401         1.742
3.3000        -0.270674     0.000013606   -543326.4345         1.538
3.4000        -0.008038     0.000019048   -543326.1719         1.369
3.5000         0.219563     0.000013606   -543325.9444         1.198
3.6000         0.417660     0.000016327   -543325.7463         1.061
3.7000         0.590275     0.000013606   -543325.5735         0.940
3.8000         0.740795     0.000013606   -543325.4230         0.830
3.9000         0.872558     0.000005442   -543325.2913         0.721
4.0000         0.988002     0.000005442   -543325.1760         0.632
5.0000         1.560018     0.000010885   -543324.6040         0.145
6.0000         1.676100     0.000005442   -543324.4878         0.029
7.0000         1.695011     0.000013606   -543324.4687         0.004
8.0000         1.697735     0.000005442   -543324.4660         0.000
9.0000         1.697937     0.000024490   -543324.4660        -0.000
10.0000         1.697814     0.000021769   -543324.4660        -0.001
100.0000         1.696530     0.000021769   -543324.4674
1000.0000         1.696402     0.000010885   -543324.4674
