0.0020   3292215.142254     0.000021769   3109687.5071
0.0040   1608525.414731     0.000008163   1425997.7782
0.0060   1049519.243562     0.000016327    866991.6070
0.0080    770817.338241     0.000010885    588289.7019
0.0100    604290.116651     0.000027211    421762.4802
0.0120    493733.438899     0.000019048    311205.8025
0.0140    415165.085435     0.000021769    232637.4490
0.0160    356526.256132     0.000021769    173998.6197
0.0180    311174.967092     0.000024490    128647.3307
0.0200    275112.129214     0.000021769     92584.4928
0.0400    116491.746432     0.000024490    -66035.8900
0.0600     67020.050930     0.000019048   -115507.5855
0.0800     43753.232492     0.000008163   -138774.4039
0.1000     30645.159037     0.000021769   -151882.4774
0.1200     22580.213060     0.000008163   -159947.4233
0.1400     17263.208624     0.000019048   -165264.4278
0.1600     13539.706259     0.000019048   -168987.9301
0.1800     10801.472383     0.000021769   -171726.1640
0.2000      8730.927765     0.000019048   -173796.7086
0.2400      5921.838054     0.000024490   -176605.7983
0.2800      4221.999251     0.000021769   -178305.6371    -33197.856
0.3200      3147.330680     0.000024490   -179380.3057    -21677.203
0.3600      2418.195632     0.000021769   -180109.4408    -15430.171
0.4000      1880.198509     0.000024490   -180647.4379    -11708.869
0.4500      1382.501026     0.000008163   -181145.1354     -8377.746
0.5000      1026.163662     0.000013606   -181501.4727     -6004.342
0.5500       769.742370     0.000010885   -181757.8940     -4327.753
0.6000       584.635785     0.000016327   -181943.0006     -3140.493
0.6500       449.544453     0.000019048   -182078.0920     -2305.446
0.7000       349.706412     0.000016327   -182177.9300     -1716.298
0.7500       274.727174     0.000021769   -182252.9092     -1302.146
0.8000       217.361175     0.000016327   -182310.2752     -1015.502
0.8500       171.956877     0.000016327   -182355.6795      -819.298
0.9000       134.681536     0.000024490   -182392.9549      -670.622
0.9500       104.531111     0.000024490   -182423.1053      -538.252
1.0000        80.420992     0.000016327   -182447.2154      -428.430
1.1000        46.270013     0.000013606   -182481.3664      -265.236
1.2000        25.324514     0.000008163   -182502.3119      -161.191
1.3000        12.646989     0.000002721   -182514.9894       -97.052
1.4000         5.032329     0.000005442   -182522.6041       -57.994
1.5000         0.512538     0.000010885   -182527.1239       -34.092
1.6000        -2.104856     0.000024490   -182529.7413       -19.320
1.7000        -3.546823     0.000019048   -182531.1832       -10.157
1.8000        -4.257530     0.000016327   -182531.8939        -4.446
1.9000        -4.514733     0.000019048   -182532.1511        -0.917
2.0000        -4.445841     0.000027211   -182532.0822         1.161
2.1000        -4.060207     0.000027211   -182531.6966         2.076
2.2000        -3.657288     0.000010885   -182531.2937         2.509
2.3000        -3.262864     0.000013606   -182530.8993         2.700
2.4000        -2.889951     0.000021769   -182530.5263         2.703
2.5000        -2.544497     0.000019048   -182530.1809         2.619
2.6000        -2.229269     0.000021769   -182529.8657         2.475
2.7000        -1.848448     0.000008163   -182529.4849         2.109
2.8000        -1.503269     0.000021769   -182529.1397         1.745
2.9000        -1.227982     0.000013606   -182528.8644         1.467
3.0000        -1.005818     0.000010885   -182528.6422         1.239
3.1000        -0.823537     0.000010885   -182528.4599         1.048
3.2000        -0.672834     0.000024490   -182528.3092         0.902
3.3000        -0.527006     0.000016327   -182528.1634         0.748
3.4000        -0.400334     0.000019048   -182528.0367         0.607
3.5000        -0.300019     0.000013606   -182527.9364         0.494
3.6000        -0.219754     0.000019048   -182527.8561         0.403
3.7000        -0.155467     0.000027211   -182527.7919         0.336
3.8000        -0.103839     0.000010885   -182527.7402         0.283
3.9000        -0.062099     0.000013606   -182527.6985         0.242
4.0000        -0.028093     0.000021769   -182527.6645         0.203
5.0000         0.126332     0.000005442   -182527.5101         0.047
6.0000         0.178501     0.000019048   -182527.4579         0.043
7.0000         0.207256     0.000016327   -182527.4291         0.018
8.0000         0.226889     0.000021769   -182527.4095         0.013
9.0000         0.241237     0.000002721   -182527.3952         0.010
10.0000         0.252222     0.000027211   -182527.3842         0.008
100.0000         0.328795     0.000019048   -182527.3076         0.000
1000.0000         0.335462     0.000008163   -182527.3009
