0.0020   6309716.269985     0.000019048   5874891.7968
0.0040   3076232.269286     0.000010885   2641407.7969
0.0060   2001413.148691     0.000013606   1566588.6761
0.0080   1466791.317866     0.000019048   1031966.8453
0.0100   1147461.330126     0.000021769    712636.8577
0.0120    935650.033012     0.000019048    500825.5605
0.0140    785125.075629     0.000024490    350300.6032
0.0160    673042.130345     0.000021769    238217.6579
0.0180    586251.821039     0.000019048    151427.3486
0.0200    517302.458764     0.000016327     82477.9863
0.0400    215458.573219     0.000010885   -219365.8993
0.0600    121739.780682     0.000016327   -313084.6917
0.0800     78624.312013     0.000013606   -356200.1604
0.1000     54904.711701     0.000016327   -379919.7609
0.1200     40002.072099     0.000021769   -394822.4003
0.1400     29974.748056     0.000019048   -404849.7244
0.1600     23066.304940     0.000019048   -411758.1674
0.1800     18196.461557     0.000013606   -416628.0109
0.2000     14663.974834     0.000024490   -420160.4977
0.2400      9900.222959     0.000013606   -424924.2496
0.2800      6835.101005     0.000024490   -427989.3714
0.3200      4864.649716     0.000021769   -429959.8229    -39750.395
0.3600      3550.726491     0.000016327   -431273.7461    -26873.351
0.4000      2653.789969     0.000021769   -432170.6824    -18582.263
0.4500      1893.699188     0.000010885   -432930.7732    -12408.784
0.5000      1371.772936     0.000010885   -433452.6994     -8740.502
0.5500      1002.536124     0.000019048   -433821.9363     -6157.199
0.6000       743.367275     0.000027211   -434081.1053     -4316.213
0.6500       561.196459     0.000016327   -434263.2760     -3046.165
0.7000       431.938709     0.000013606   -434392.5337     -2191.128
0.7500       337.798792     0.000016327   -434486.6737     -1610.907
0.8000       267.572944     0.000016327   -434556.8995     -1213.834
0.8500       213.818341     0.000016327   -434610.6540      -939.044
0.9000       171.580606     0.000019048   -434652.8918      -744.171
0.9500       137.769790     0.000010885   -434686.7028      -598.610
1.0000       110.736575     0.000013606   -434713.7359      -482.638
1.1000        71.406496     0.000002721   -434753.0659      -318.156
1.2000        45.407776     0.000005442   -434779.0648      -205.181
1.3000        29.273870     0.000021769   -434795.1987      -129.160
1.4000        19.239086     0.000013606   -434805.2334       -82.476
1.5000        12.898311     0.000027211   -434811.5742       -54.225
1.6000         8.638056     0.000008163   -434815.8345       -36.569
1.7000         5.811032     0.000021769   -434818.6615       -25.642
1.8000         3.727910     0.000019048   -434820.7445       -18.351
1.9000         2.290862     0.000013606   -434822.1815       -12.934
2.0000         1.457595     0.000016327   -434823.0150        -9.106
2.1000         0.905873     0.000016327   -434823.5666        -6.156
2.2000         0.558824     0.000013606   -434823.9135        -4.071
2.3000         0.359351     0.000021769   -434824.1133        -2.496
2.4000         0.266963     0.000016327   -434824.2055        -1.339
2.5000         0.250258     0.000013606   -434824.2221        -0.598
2.6000         0.285488     0.000027211   -434824.1870         0.015
2.7000         0.355865     0.000027211   -434824.1165         0.428
2.8000         0.448498     0.000021769   -434824.0240         0.637
2.9000         0.554057     0.000013606   -434823.9184         0.808
3.0000         0.665297     0.000019048   -434823.8071         0.917
3.1000         0.778104     0.000016327   -434823.6945         0.943
3.2000         0.889176     0.000021769   -434823.5832         0.947
3.3000         0.995918     0.000019048   -434823.4765         0.917
3.4000         1.096685     0.000021769   -434823.3758         0.890
3.5000         1.190705     0.000019048   -434823.2817         0.837
3.6000         1.277869     0.000019048   -434823.1946         0.773
3.7000         1.358004     0.000021769   -434823.1146         0.720
3.8000         1.430797     0.000016327   -434823.0417         0.655
3.9000         1.496502     0.000021769   -434822.9761         0.593
4.0000         1.559904     0.000024490   -434822.9127         0.537
5.0000         1.965223     0.000027211   -434822.5072         0.141
6.0000         2.042855     0.000019048   -434822.4297         0.024
7.0000         2.053443     0.000024490   -434822.4191         0.007
8.0000         2.052961     0.000013606   -434822.4196         0.002
9.0000         2.051160     0.000013606   -434822.4213         0.001
10.0000         2.049500     0.000010885   -434822.4229         0.000
100.0000         2.038139     0.000016327   -434822.4343
1000.0000         2.037208     0.000021769   -434822.4354
