0.0020  24241426.840546     0.000019048  23656788.4456
0.0040  11798802.438531     0.000013606  11214164.0451
0.0060   7664013.417803     0.000024490   7079375.0239
0.0080   5604250.722345     0.000021769   5019612.3276
0.0100   4373279.534369     0.000008163   3788641.1385
0.0120   3556770.676470     0.000008163   2972132.2812
0.0140   2976456.093973     0.000024490   2391817.6993
0.0160   2543793.295428     0.000016327   1959154.9007
0.0180   2209870.447334     0.000021769   1625232.0525
0.0200   1944945.422045     0.000016327   1360307.0274
0.0400    794185.917973     0.000021769    209547.5233
0.0600    443111.043821     0.000010885   -141527.3509
0.0800    282115.997619     0.000024490   -302522.3971
0.1000    193885.443004     0.000021769   -390752.9518
0.1200    140250.134603     0.000013606   -444388.2602
0.1400    104657.336725     0.000013606   -479981.0581
0.1600     79987.721505     0.000021769   -504650.6733
0.1800     62630.154421     0.000016327   -522008.2402
0.2000     50156.339203     0.000010885   -534482.0554
0.2400     33135.207000     0.000019048   -551503.1877
0.2800     22647.715851     0.000010885   -561990.6787
0.3200     15862.003401     0.000024490   -568776.3914
0.3600     11529.334276     0.000013606   -573109.0603
0.4000      8562.576267     0.000016327   -576075.8184
0.4500      5921.399512     0.000010885   -578716.9952    -42219.409
0.5000      4212.679449     0.000027211   -580425.7152    -27353.015
0.5500      3090.338229     0.000021769   -581548.0565    -18302.985
0.6000      2323.500061     0.000002721   -582314.8946    -12815.199
0.6500      1774.554623     0.000021769   -582863.8402     -9381.017
0.7000      1366.361512     0.000021769   -583272.0332     -7068.632
0.7500      1056.600773     0.000021769   -583581.7938     -5394.520
0.8000       819.772059     0.000016327   -583818.6228     -4138.056
0.8500       637.779600     0.000027211   -584000.6150     -3185.589
0.9000       497.433141     0.000016327   -584140.9616     -2461.669
0.9500       388.782246     0.000021769   -584249.6124     -1910.319
1.0000       304.306865     0.000027211   -584334.0877     -1488.805
1.1000       186.719900     0.000019048   -584451.6747      -913.269
1.2000       114.441711     0.000019048   -584523.9530      -566.724
1.3000        69.224379     0.000010885   -584569.1702      -356.461
1.4000        40.354685     0.000019048   -584598.0402      -225.891
1.5000        22.208290     0.000010885   -584616.1863      -142.175
1.6000        10.810505     0.000019048   -584627.5841       -89.698
1.7000         4.019208     0.000019048   -584634.3755       -57.374
1.8000        -0.094965     0.000019048   -584638.4896       -36.979
1.9000        -2.716677     0.000024490   -584641.1114       -23.374
2.0000        -4.346207     0.000008163   -584642.7409       -14.272
2.1000        -5.309855     0.000010885   -584643.7047        -8.201
2.2000        -5.828420     0.000013606   -584644.2231        -4.122
2.3000        -6.054051     0.000010885   -584644.4486        -1.517
2.4000        -6.031387     0.000019048   -584644.4261         0.061
2.5000        -5.880241     0.000013606   -584644.2750         0.978
2.6000        -5.693182     0.000005442   -584644.0878         1.521
2.7000        -5.487578     0.000008163   -584643.8824         1.819
2.8000        -5.276551     0.000010885   -584643.6712         1.965
2.9000        -5.068261     0.000008163   -584643.4630         1.952
3.0000        -4.851223     0.000013606   -584643.2459         1.893
3.1000        -4.602555     0.000024490   -584642.9972         1.713
3.2000        -4.393302     0.000008163   -584642.7879         1.537
3.3000        -4.197831     0.000019048   -584642.5926         1.399
3.4000        -3.989904     0.000019048   -584642.3847         1.245
3.5000        -3.790049     0.000010885   -584642.1847         1.074
3.6000        -3.616963     0.000010885   -584642.0116         0.935
3.7000        -3.466805     0.000019048   -584641.8614         0.820
3.8000        -3.336542     0.000019048   -584641.7313         0.713
3.9000        -3.223258     0.000013606   -584641.6178         0.612
4.0000        -3.124589     0.000002721   -584641.5193         0.530
5.0000        -2.649165     0.000024490   -584641.0440         0.108
6.0000        -2.559387     0.000010885   -584640.9542         0.018
7.0000        -2.545773     0.000005442   -584640.9406         0.002
8.0000        -2.543890     0.000008163   -584640.9386        -0.000
9.0000        -2.543645     0.000013606   -584640.9384        -0.001
10.0000        -2.543615     0.000021769   -584640.9384        -0.001
100.0000        -2.543612     0.000024490   -584640.9384
1000.0000        -2.543612     0.000013606   -584640.9384
