0.0020  20695511.483915     0.000021769  20114803.5422
0.0040  10072527.133535     0.000024490   9491819.1924
0.0060   6547160.896444     0.000016327   5966452.9552
0.0080   4793135.008224     0.000008163   4212427.0660
0.0100   3745574.933116     0.000019048   3164866.9909
0.0120   3049580.223403     0.000019048   2468872.2812
0.0140   2554649.675296     0.000013606   1973941.7330
0.0160   2185347.133126     0.000021769   1604639.1908
0.0180   1899627.438241     0.000024490   1318919.4960
0.0200   1672577.387934     0.000027211   1091869.4457
0.0400    684064.864959     0.000027211    103356.9226
0.0600    381244.060659     0.000002721   -199463.8817
0.0800    242950.293445     0.000019048   -337757.6490
0.1000    167396.008846     0.000013606   -413311.9335
0.1200    121311.558154     0.000024490   -459396.3843
0.1400     90560.022706     0.000019048   -490147.9198
0.1600     69070.334493     0.000013606   -511637.6079
0.1800     53825.038347     0.000010885   -526882.9041
0.2000     42834.706064     0.000019048   -537873.2362
0.2400     28696.084754     0.000021769   -552011.8577
0.2800     19609.900781     0.000019048   -561098.0416
0.3200     13909.018073     0.000024490   -566798.9243
0.3600     10117.071041     0.000024490   -570590.8712
0.4000      7530.652742     0.000021769   -573177.2896
0.4500      5289.614447     0.000002721   -575418.3280    -37336.085
0.5000      3744.798306     0.000021769   -576963.1439    -25083.244
0.5500      2714.833783     0.000019048   -577993.1086    -16710.539
0.6000      2022.085672     0.000024490   -578685.8566    -11393.873
0.6500      1542.123431     0.000010885   -579165.8188     -8048.656
0.7000      1196.537154     0.000013606   -579511.4052     -5919.474
0.7500       937.753235     0.000024490   -579770.1891     -4508.334
0.8000       738.493570     0.000024490   -579969.4486     -3492.480
0.8500       583.897714     0.000024490   -580124.0447     -2710.196
0.9000       464.005677     0.000016327   -580243.9365     -2101.924
0.9500       370.937908     0.000005442   -580337.0044     -1634.861
1.0000       298.428215     0.000021769   -580409.5141     -1278.664
1.1000       196.567933     0.000013606   -580511.3745      -799.384
1.2000       132.036387     0.000027211   -580575.9060      -514.047
1.3000        90.105909     0.000019048   -580617.8363      -338.192
1.4000        62.280766     0.000021769   -580645.6616      -226.135
1.5000        43.509324     0.000013606   -580664.4331      -153.108
1.6000        30.714575     0.000019048   -580677.2277      -104.810
1.7000        21.964209     0.000010885   -580685.9780       -72.513
1.8000        15.876369     0.000024490   -580692.0660       -50.672
1.9000        11.597649     0.000013606   -580696.3448       -35.799
2.0000         8.561780     0.000019048   -580699.3805       -25.490
2.1000         6.386572     0.000008163   -580701.5557       -18.307
2.2000         4.810039     0.000010885   -580703.1324       -13.321
2.3000         3.653222     0.000010885   -580704.2891        -9.729
2.4000         2.794518     0.000027211   -580705.1479        -7.255
2.5000         2.146710     0.000016327   -580705.7955        -5.373
2.6000         1.652888     0.000013606   -580706.2894        -4.084
2.7000         1.268859     0.000027211   -580706.6734        -3.055
2.8000         0.967545     0.000024490   -580706.9749        -2.353
2.9000         0.725478     0.000024490   -580707.2168        -1.772
3.0000         0.530176     0.000024490   -580707.4122        -1.344
3.1000         0.368418     0.000024490   -580707.5738        -1.037
3.2000         0.234497     0.000024490   -580707.7080        -0.784
3.3000         0.120925     0.000024490   -580707.8214        -0.570
3.4000         0.024243     0.000024490   -580707.9180        -0.443
3.5000        -0.036115     0.000024490   -580707.9784        -0.312
3.6000        -0.061046     0.000008163   -580708.0035        -0.196
3.7000        -0.075261     0.000008163   -580708.0176        -0.109
3.8000        -0.082350     0.000027211   -580708.0247        -0.049
3.9000        -0.084227     0.000024490   -580708.0266         0.002
4.0000        -0.080886     0.000024490   -580708.0233         0.034
5.0000         0.016398     0.000021769   -580707.9259         0.090
6.0000         0.086796     0.000016327   -580707.8554         0.042
7.0000         0.115716     0.000010885   -580707.8266         0.022
8.0000         0.125825     0.000019048   -580707.8165         0.011
9.0000         0.128881     0.000005442   -580707.8135         0.000
10.0000         0.129747     0.000008163   -580707.8124         0.004
100.0000         0.130062     0.000008163   -580707.8122
1000.0000         0.130068     0.000008163   -580707.8122
