0.0020   5678663.369598     0.000019048   5159328.5764
0.0040   2768513.939242     0.000019048   2249179.1452
0.0060   1801842.355565     0.000008163   1282507.5613
0.0080   1320904.221216     0.000016327    801569.4270
0.0100   1033562.245847     0.000021769    514227.4517
0.0120    842872.197297     0.000013606    323537.4031
0.0140    707436.976014     0.000010885    188102.1819
0.0160    606325.164959     0.000021769     86990.3709
0.0180    528087.562870     0.000021769      8752.7688
0.0200    465843.146205     0.000010885    -53491.6479
0.0400    193612.643649     0.000021769   -325722.1506
0.0600    109618.490666     0.000016327   -409716.3035
0.0800     71096.318603     0.000010885   -448238.4754
0.1000     49608.654311     0.000010885   -469726.1398
0.1200     36103.192825     0.000010885   -483231.6014
0.1400     27095.125963     0.000027211   -492239.6682
0.1600     20922.436801     0.000010885   -498412.3573
0.1800     16579.693217     0.000016327   -502755.1010
0.2000     13414.726401     0.000019048   -505920.0677
0.2400      9054.735812     0.000021769   -510280.0583
0.2800      6261.220315     0.000021769   -513073.5737
0.3200      4475.577282     0.000016327   -514859.2168    -35635.724
0.3600      3307.876102     0.000016327   -516026.9179    -23764.664
0.4000      2511.578656     0.000005442   -516823.2153    -16668.786
0.4500      1821.243273     0.000016327   -517513.5508    -11401.108
0.5000      1340.294518     0.000008163   -517994.4997     -8033.833
0.5500       999.301576     0.000008163   -518335.4925     -5713.498
0.6000       755.007456     0.000019048   -518579.7866     -4145.381
0.6500       576.809948     0.000013606   -518757.9842     -3039.262
0.7000       445.782458     0.000005442   -518889.0117     -2238.015
0.7500       348.929247     0.000021769   -518985.8650     -1670.473
0.8000       276.240998     0.000013606   -519058.5531     -1263.387
0.8500       221.036417     0.000013606   -519113.7577      -966.576
0.9000       178.503775     0.000019048   -519156.2902      -753.169
0.9500       145.023970     0.000027211   -519189.7700      -601.346
1.0000       117.925039     0.000024490   -519216.8690      -491.885
1.1000        76.902875     0.000010885   -519257.8913      -332.848
1.2000        48.958033     0.000008163   -519285.8361      -219.025
1.3000        31.137162     0.000021769   -519303.6571      -139.204
1.4000        19.958977     0.000021769   -519314.8352       -87.872
1.5000        12.894694     0.000021769   -519321.8993       -55.665
1.6000         8.406256     0.000019048   -519326.3878       -35.626
1.7000         5.529856     0.000016327   -519329.2644       -22.946
1.8000         3.667868     0.000019048   -519331.1262       -14.944
1.9000         2.451219     0.000019048   -519332.3428        -9.823
2.0000         1.647677     0.000016327   -519333.1463        -6.517
2.1000         1.113403     0.000013606   -519333.6808        -4.354
2.2000         0.760251     0.000024490   -519334.0340        -2.930
2.3000         0.547052     0.000021769   -519334.2470        -2.020
2.4000         0.401042     0.000008163   -519334.3932        -1.417
2.5000         0.298591     0.000010885   -519334.4955        -0.998
2.6000         0.226249     0.000008163   -519334.5679        -0.712
2.7000         0.174602     0.000019048   -519334.6196        -0.504
2.8000         0.137554     0.000010885   -519334.6566        -0.358
2.9000         0.111335     0.000016327   -519334.6827        -0.250
3.0000         0.093134     0.000021769   -519334.7009        -0.170
3.1000         0.080693     0.000019048   -519334.7134        -0.110
3.2000         0.072581     0.000024490   -519334.7216        -0.057
3.3000         0.067716     0.000016327   -519334.7265        -0.038
3.4000         0.065201     0.000010885   -519334.7289        -0.017
3.5000         0.064355     0.000016327   -519334.7298        -0.002
3.6000         0.064635     0.000008163   -519334.7295         0.008
3.7000         0.065718     0.000008163   -519334.7284         0.017
3.8000         0.067294     0.000010885   -519334.7268         0.019
3.9000         0.069207     0.000013606   -519334.7249         0.021
4.0000         0.071253     0.000016327   -519334.7230         0.021
5.0000         0.087022     0.000010885   -519334.7072         0.011
6.0000         0.092127     0.000002721   -519334.7020         0.002
7.0000         0.093321     0.000002721   -519334.7009         0.000
8.0000         0.093583     0.000002721   -519334.7006         0.000
9.0000         0.093637     0.000002721   -519334.7004        -0.000
10.0000         0.093645     0.000002721   -519334.7004        -0.000
100.0000         0.093651     0.000002721   -519334.7004
1000.0000         0.093653     0.000002721   -519334.7004
