0.0020  21376135.666458     0.000024490  20648176.9152
0.0040  10396886.245948     0.000021769   9668927.4939
0.0060   6753839.998169     0.000010885   6025881.2454
0.0080   4943658.304376     0.000008163   4215699.5520
0.0100   3863830.351844     0.000021769   3135871.5994
0.0120   3147295.354546     0.000024490   2419336.6029
0.0140   2638245.750990     0.000027211   1910286.9993
0.0160   2258661.829032     0.000027211   1530703.0773
0.0180   1965392.391857     0.000013606   1237433.6401
0.0200   1732413.736409     0.000016327   1004454.9846
0.0400    712723.219621     0.000016327    -15235.5320
0.0600    396742.300077     0.000019048   -331216.4517
0.0800    251592.131341     0.000008163   -476366.6204
0.1000    172443.286600     0.000016327   -555515.4650
0.1200    124002.441422     0.000024490   -603956.3103
0.1400     92026.853323     0.000019048   -635931.8984
0.1600     70105.638610     0.000021769   -657853.1131
0.1800     54690.942207     0.000019048   -673267.8094
0.2000     43603.561685     0.000021769   -684355.1899
0.2400     28990.003271     0.000010885   -698968.7484
0.2800     19871.645947     0.000005442   -708087.1057
0.3200     14088.077650     0.000016327   -713870.6741
0.3600     10273.218448     0.000019048   -717685.5333
0.4000      7658.296350     0.000013606   -720300.4554
0.4500      5385.487196     0.000019048   -722573.2644    -36839.500
0.5000      3880.711134     0.000013606   -724078.0404    -24249.290
0.5500      2879.468153     0.000021769   -725079.2835    -16422.542
0.6000      2186.873342     0.000010885   -725771.8783    -11647.242
0.6500      1684.443174     0.000013606   -726274.3084     -8657.528
0.7000      1305.086765     0.000013606   -726653.6649     -6615.526
0.7500      1014.776803     0.000024490   -726943.9749     -5052.405
0.8000       793.907077     0.000010885   -727164.8446     -3831.246
0.8500       626.885798     0.000016327   -727331.8660     -2905.487
0.9000       499.867810     0.000013606   -727458.8839     -2218.111
0.9500       402.433806     0.000013606   -727556.3178     -1711.663
1.0000       326.814828     0.000010885   -727631.9369     -1337.831
1.1000       219.944059     0.000019048   -727738.8075      -851.634
1.2000       150.380539     0.000010885   -727808.3710      -569.381
1.3000       103.150576     0.000024490   -727855.6010      -392.828
1.4000        70.211323     0.000021769   -727888.5404      -275.004
1.5000        47.174702     0.000019048   -727911.5770      -194.239
1.6000        30.691529     0.000021769   -727928.0600      -138.152
1.7000        18.751253     0.000010885   -727940.0004       -99.243
1.8000        10.267379     0.000010885   -727948.4844       -70.828
1.9000         4.295120     0.000027211   -727954.4564       -50.004
2.0000         0.102467     0.000016327   -727958.6492       -34.706
2.1000        -2.778156     0.000016327   -727961.5298       -23.448
2.2000        -4.693628     0.000010885   -727963.4452       -15.285
2.3000        -5.906854     0.000016327   -727964.6585        -9.288
2.4000        -6.610048     0.000019048   -727965.3617        -5.005
2.5000        -6.899545     0.000013606   -727965.6512        -2.024
2.6000        -6.940686     0.000016327   -727965.6923         0.011
2.7000        -6.822705     0.000027211   -727965.5745         1.407
2.8000        -6.541867     0.000008163   -727965.2934         2.226
2.9000        -5.893880     0.000008163   -727964.6455         2.356
3.0000        -5.322552     0.000016327   -727964.0743         2.401
3.1000        -4.818891     0.000010885   -727963.5706         2.327
3.2000        -4.374950     0.000019048   -727963.1265         2.243
3.3000        -3.984274     0.000008163   -727962.7358         2.147
3.4000        -3.604857     0.000008163   -727962.3565         1.981
3.5000        -3.257887     0.000008163   -727962.0095         1.821
3.6000        -2.951582     0.000019048   -727961.7031         1.665
3.7000        -2.681166     0.000016327   -727961.4329         1.512
3.8000        -2.425539     0.000005442   -727961.1771         1.345
3.9000        -2.162256     0.000024490   -727960.9140         1.173
4.0000        -1.934094     0.000010885   -727960.6857         1.025
5.0000        -0.827063     0.000013606   -727959.5787         0.246
6.0000        -0.557703     0.000021769   -727959.3093         0.091
7.0000        -0.468232     0.000021769   -727959.2198         0.029
8.0000        -0.423632     0.000021769   -727959.1752         0.017
9.0000        -0.395197     0.000016327   -727959.1469         0.011
10.0000        -0.374706     0.000010885   -727959.1265         0.009
100.0000        -0.247477     0.000013606   -727958.9991         0.000
1000.0000        -0.237507     0.000019048   -727958.9891
