0.0020   6676670.210095     0.000013606   6328827.7878
0.0040   3255992.515069     0.000019048   2908150.0932
0.0060   2119043.829080     0.000021769   1771201.4080
0.0080   1553363.779165     0.000013606   1205521.3581
0.0100   1215362.977698     0.000010885    867520.5566
0.0120    991222.748531     0.000008163    643380.3275
0.0140    831898.841026     0.000027211    484056.4199
0.0160    713064.899904     0.000024490    365222.4788
0.0180    621034.196912     0.000016327    273191.7759
0.0200    547781.277781     0.000019048    199938.8567
0.0400    228240.121641     0.000019048   -119602.2995
0.0600    129265.794640     0.000005442   -218576.6265
0.0800     83312.952224     0.000021769   -264529.4689
0.1000     58011.064016     0.000016327   -289831.3571
0.1200     42312.893249     0.000024490   -305529.5279
0.1400     31758.797155     0.000021769   -316083.6240
0.1600     24417.534148     0.000016327   -323424.8870
0.1800     19197.760762     0.000016327   -328644.6605
0.2000     15402.496076     0.000013606   -332439.9250
0.2400     10380.050615     0.000016327   -337462.3705
0.2800      7143.881744     0.000024490   -340698.5394
0.3200      5043.773810     0.000016327   -342798.6474    -42012.718
0.3600      3665.668655     0.000019048   -344176.7525    -27974.559
0.4000      2735.621900     0.000019048   -345106.7991    -19180.439
0.4500      1955.885981     0.000021769   -345886.5351    -12638.414
0.5000      1425.486196     0.000019048   -346416.9351     -8909.976
0.5500      1047.300274     0.000016327   -346795.1209     -6389.809
0.6000       777.288441     0.000008163   -347065.1325     -4547.220
0.6500       585.352182     0.000019048   -347257.0689     -3228.561
0.7000       448.448560     0.000019048   -347393.9725     -2307.282
0.7500       349.569642     0.000024490   -347492.8516     -1673.621
0.8000       276.663561     0.000005442   -347565.7575     -1241.934
0.8500       222.271853     0.000024490   -347620.1492      -945.578
0.9000       179.939171     0.000021769   -347662.4820      -748.675
0.9500       146.141434     0.000021769   -347696.2797      -609.645
1.0000       118.756315     0.000010885   -347723.6649      -499.176
1.1000        78.205841     0.000019048   -347764.2154      -327.427
1.2000        51.758924     0.000019048   -347790.6621      -212.460
1.3000        34.611965     0.000008163   -347807.8091      -137.875
1.4000        23.474387     0.000019048   -347818.9467       -89.937
1.5000        16.191828     0.000013606   -347826.2293       -59.472
1.6000        11.419630     0.000013606   -347831.0014       -40.398
1.7000         8.154918     0.000016327   -347834.2662       -28.397
1.8000         5.847133     0.000019048   -347836.5740       -20.620
1.9000         4.172887     0.000013606   -347838.2483       -15.568
2.0000         2.931805     0.000016327   -347839.4894       -11.987
2.1000         2.003213     0.000002721   -347840.4179        -9.484
2.2000         1.282868     0.000013606   -347841.1382        -7.444
2.3000         0.755228     0.000016327   -347841.6658        -5.940
2.4000         0.417050     0.000010885   -347842.0040        -4.640
2.5000         0.132460     0.000008163   -347842.2887        -3.578
2.6000        -0.093490     0.000010885   -347842.5145        -2.663
2.7000        -0.265499     0.000002721   -347842.6865        -1.892
2.8000        -0.388756     0.000005442   -347842.8098        -1.315
2.9000        -0.468782     0.000019048   -347842.8900        -0.840
3.0000        -0.514377     0.000016327   -347842.9355        -0.442
3.1000        -0.532312     0.000008163   -347842.9534        -0.158
3.2000        -0.526913     0.000027211   -347842.9480         0.030
3.3000        -0.503569     0.000005442   -347842.9246         0.194
3.4000        -0.468085     0.000016327   -347842.8892         0.310
3.5000        -0.423624     0.000008163   -347842.8449         0.384
3.6000        -0.372701     0.000013606   -347842.7937         0.409
3.7000        -0.317222     0.000010885   -347842.7385         0.432
3.8000        -0.260157     0.000024490   -347842.6813         0.441
3.9000        -0.203364     0.000008163   -347842.6244         0.440
4.0000        -0.148264     0.000021769   -347842.5695         0.431
5.0000         0.239017     0.000013606   -347842.1820         0.168
6.0000         0.373792     0.000008163   -347842.0473         0.086
7.0000         0.413088     0.000024490   -347842.0081         0.030
8.0000         0.425975     0.000013606   -347841.9950         0.016
9.0000         0.431352     0.000010885   -347841.9899         0.011
10.0000         0.434376     0.000021769   -347841.9866         0.007
100.0000         0.448357     0.000021769   -347841.9727         0.000
1000.0000         0.449276     0.000002721   -347841.9719
