0.0020         0.000000     0.000016327  29990986.8215
0.0040  14997260.253059     0.000027211  14150418.0925
0.0060   9735037.053641     0.000008163   8888194.8957
0.0080   7117451.750904     0.000024490   6270609.5911
0.0100   5552664.852435     0.000005442   4705822.6942
0.0120   4514074.578385     0.000013606   3667232.4203
0.0140   3775801.611550     0.000024490   2928959.4531
0.0160   3225482.675259     0.000010885   2378640.5160
0.0180   2800814.196379     0.000010885   1953972.0373
0.0200   2463979.234615     0.000005442   1617137.0753
0.0400    997298.495807     0.000027211    150456.3366
0.0600    552450.236332     0.000005442   -294391.9228
0.0800    350988.218784     0.000024490   -495853.9405
0.1000    240864.630555     0.000024490   -605977.5287
0.1200    172690.488657     0.000008163   -674151.6707
0.1400    127954.919809     0.000019048   -718887.2394
0.1600     97932.269780     0.000010885   -748909.8894
0.1800     76836.332139     0.000010885   -770005.8270
0.2000     60927.806559     0.000010885   -785914.3528
0.2400     39844.746232     0.000019048   -806997.4129
0.2800     27234.747397     0.000013606   -819607.4119
0.3200     19352.596419     0.000021769   -827489.5628
0.3600     13922.939268     0.000021769   -832919.2200
0.4000     10293.416888     0.000021769   -836548.7424
0.4500      7341.793256     0.000016327   -839500.3661    -46879.351
0.5000      5407.209330     0.000021769   -841434.9499    -31898.748
0.5500      4049.880412     0.000016327   -842792.2788    -23050.668
0.6000      3057.937699     0.000027211   -843784.2216    -16985.141
0.6500      2326.404777     0.000019048   -844515.7545    -12452.093
0.7000      1790.458025     0.000010885   -845051.7012     -9192.635
0.7500      1392.109653     0.000019048   -845450.0496     -6910.832
0.8000      1088.861714     0.000010885   -845753.2975     -5361.496
0.8500       850.300192     0.000008163   -845991.8590     -4213.691
0.9000       664.614747     0.000016327   -846177.5444     -3278.298
0.9500       520.592218     0.000005442   -846321.5670     -2541.711
1.0000       408.960256     0.000021769   -846433.1990     -1963.570
1.1000       255.716471     0.000024490   -846586.4427     -1173.794
1.2000       163.269035     0.000008163   -846678.8901      -712.024
1.3000       106.613735     0.000019048   -846735.5456      -441.091
1.4000        71.575196     0.000005442   -846770.5841      -282.712
1.5000        48.838679     0.000027211   -846793.3206      -187.219
1.6000        33.600049     0.000002721   -846808.5592      -127.583
1.7000        23.124813     0.000019048   -846819.0345       -88.462
1.8000        15.714788     0.000008163   -846826.4445       -62.009
1.9000        10.499016     0.000010885   -846831.6601       -43.676
2.0000         6.836866     0.000016327   -846835.3225       -30.805
2.1000         4.254842     0.000027211   -846837.9043       -21.699
2.2000         2.445553     0.000027211   -846839.7136       -15.252
2.3000         1.189582     0.000019048   -846840.9697       -10.649
2.4000         0.329663     0.000024490   -846841.8295        -7.323
2.5000        -0.236573     0.000016327   -846842.3958        -4.958
2.6000        -0.583731     0.000005442   -846842.7430        -3.344
2.7000        -0.805547     0.000019048   -846842.9648        -2.216
2.8000        -0.941909     0.000013606   -846843.1011        -1.369
2.9000        -1.020348     0.000010885   -846843.1795        -0.805
3.0000        -1.060755     0.000002721   -846843.2200        -0.381
3.1000        -1.076785     0.000010885   -846843.2361        -0.095
3.2000        -1.077310     0.000021769   -846843.2366         0.085
3.3000        -1.068994     0.000027211   -846843.2282         0.227
3.4000        -1.055584     0.000010885   -846843.2149         0.327
3.5000        -1.039715     0.000002721   -846843.1991         0.360
3.6000        -1.022942     0.000013606   -846843.1822         0.388
3.7000        -1.005785     0.000010885   -846843.1651         0.408
3.8000        -0.989031     0.000027211   -846843.1482         0.403
3.9000        -0.972756     0.000024490   -846843.1319         0.388
4.0000        -0.956576     0.000027211   -846843.1158         0.375
5.0000        -0.815596     0.000016327   -846842.9749         0.189
6.0000        -0.739320     0.000008163   -846842.8987         0.064
7.0000        -0.714881     0.000008163   -846842.8742         0.015
8.0000        -0.708060     0.000010885   -846842.8674         0.002
9.0000        -0.706198     0.000019048   -846842.8655        -0.000
10.0000        -0.705709     0.000019048   -846842.8649        -0.001
100.0000        -0.705586     0.000013606   -846842.8649
1000.0000        -0.705583     0.000013606   -846842.8649
