0.0020  22315830.648402     0.000013606  21854313.9067
0.0040  10878071.151334     0.000008163  10416554.4112
0.0060   7072789.543575     0.000019048   6611272.8019
0.0080   5175859.755769     0.000024490   4714343.0149
0.0100   4041699.220399     0.000016327   3580182.4788
0.0120   3287860.729286     0.000019048   2826343.9890
0.0140   2751959.363436     0.000016327   2290442.6226
0.0160   2352197.571599     0.000027211   1890680.8306
0.0180   2043309.114245     0.000019048   1581792.3734
0.0200   1798081.281623     0.000021769   1336564.5407
0.0400    732638.118695     0.000010885    271121.3779
0.0600    407959.559889     0.000027211    -53557.1809
0.0800    259570.031512     0.000016327   -201946.7093
0.1000    178243.133919     0.000027211   -283273.6068
0.1200    129021.642680     0.000027211   -332495.0980
0.1400     96462.086885     0.000024490   -365054.6539
0.1600     73743.675140     0.000016327   -387773.0656
0.1800     57525.805207     0.000010885   -403990.9357
0.2000     45779.256956     0.000024490   -415737.4839
0.2400     30417.648550     0.000013606   -431099.0922
0.2800     20654.669796     0.000019048   -440862.0711
0.3200     14573.702517     0.000008163   -446943.0383
0.3600     10526.570795     0.000019048   -450990.1701
0.4000      7819.094546     0.000021769   -453697.6464
0.4500      5563.487501     0.000013606   -455953.2534    -38039.935
0.5000      3961.135024     0.000021769   -457555.6057    -25910.724
0.5500      2901.964448     0.000021769   -458614.7764    -17165.997
0.6000      2186.367901     0.000019048   -459330.3730    -11883.240
0.6500      1679.150272     0.000013606   -459837.5907     -8676.045
0.7000      1297.454728     0.000024490   -460219.2860     -6679.803
0.7500      1004.016285     0.000016327   -460512.7244     -5151.133
0.8000       778.659324     0.000019048   -460738.0816     -3924.213
0.8500       608.186246     0.000016327   -460908.5547     -2972.060
0.9000       479.169845     0.000016327   -461037.5710     -2254.023
0.9500       380.937209     0.000021769   -461135.8036     -1719.962
1.0000       305.525500     0.000024490   -461211.2154     -1323.375
1.1000       201.544516     0.000019048   -461315.1964      -806.825
1.2000       137.059826     0.000010885   -461379.6811      -512.053
1.3000        95.687402     0.000002721   -461421.0534      -339.939
1.4000        68.034025     0.000021769   -461448.7069      -233.761
1.5000        48.782272     0.000005442   -461467.9585      -161.821
1.6000        35.392551     0.000013606   -461481.3484      -111.754
1.7000        26.127612     0.000019048   -461490.6133       -77.201
1.8000        19.715799     0.000019048   -461497.0251       -53.687
1.9000        15.249631     0.000008163   -461501.4913       -37.794
2.0000        12.102051     0.000010885   -461504.6389       -27.012
2.1000         9.849851     0.000016327   -461506.8909       -19.616
2.2000         8.209784     0.000027211   -461508.5312       -14.448
2.3000         6.995492     0.000024490   -461509.7454       -10.787
2.4000         6.082427     0.000016327   -461510.6583        -8.080
2.5000         5.387639     0.000010885   -461511.3533        -6.135
2.6000         4.855427     0.000024490   -461511.8855        -4.588
2.7000         4.446329     0.000021769   -461512.2945        -3.465
2.8000         4.153811     0.000008163   -461512.5870        -2.553
2.9000         3.972554     0.000027211   -461512.7683        -1.929
3.0000         3.833158     0.000016327   -461512.9076        -1.400
3.1000         3.727550     0.000005442   -461513.0132        -0.994
3.2000         3.650460     0.000008163   -461513.0905        -0.692
3.3000         3.596625     0.000013606   -461513.1443        -0.426
3.4000         3.561245     0.000008163   -461513.1797        -0.230
3.5000         3.541272     0.000016327   -461513.1996        -0.094
3.6000         3.533715     0.000008163   -461513.2072         0.019
3.7000         3.535808     0.000016327   -461513.2050         0.111
3.8000         3.545454     0.000016327   -461513.1955         0.171
3.9000         3.561000     0.000024490   -461513.1800         0.202
4.0000         3.581188     0.000024490   -461513.1596         0.228
5.0000         3.829038     0.000021769   -461512.9117         0.171
6.0000         3.961043     0.000010885   -461512.7797         0.073
7.0000         4.000453     0.000016327   -461512.7405         0.027
8.0000         4.007852     0.000027211   -461512.7329         0.011
9.0000         4.006726     0.000010885   -461512.7340         0.006
10.0000         4.004013     0.000002721   -461512.7367         0.003
100.0000         3.980771     0.000013606   -461512.7601
1000.0000         3.978902     0.000013606   -461512.7620
