0.0020  16205919.336746     0.000021769  15526240.6310
0.0040   7902292.527417     0.000013606   7222613.8206
0.0060   5144222.361862     0.000021769   4464543.6568
0.0080   3770523.326761     0.000019048   3090844.6195
0.0100   2949827.396145     0.000013606   2270148.6897
0.0120   2404379.018090     0.000013606   1724700.3117
0.0140   2016101.586078     0.000013606   1336422.8799
0.0160   1726702.381842     0.000019048   1047023.6754
0.0180   1502796.213681     0.000010885    823117.5073
0.0200   1324572.175253     0.000024490    644893.4688
0.0400    546248.280685     0.000013606   -133430.4257
0.0600    306245.237342     0.000016327   -373433.4689
0.0800    196074.961667     0.000024490   -483603.7447
0.1000    135110.356185     0.000008163   -544568.3501
0.1200     97648.953398     0.000019048   -582029.7530
0.1400     72891.313467     0.000024490   -606787.3929
0.1600     55675.142010     0.000016327   -624003.5642
0.1800     43394.331093     0.000024490   -636284.3753
0.2000     34475.163832     0.000021769   -645203.5424
0.2400     22909.762315     0.000010885   -656768.9441
0.2800     15909.635287     0.000021769   -663769.0711
0.3200     11227.503983     0.000021769   -668451.2024
0.3600      8178.776055     0.000010885   -671499.9302
0.4000      6136.152263     0.000021769   -673542.5542    -42223.193
0.4500      4407.850509     0.000024490   -675270.8558    -28419.114
0.5000      3205.346223     0.000019048   -676473.3600    -20170.192
0.5500      2355.122000     0.000021769   -677323.5845    -14186.459
0.6000      1756.797024     0.000010885   -677921.9094    -10006.149
0.6500      1332.449864     0.000016327   -678346.2565     -7150.449
0.7000      1027.012151     0.000024490   -678651.6941     -5190.828
0.7500       803.429615     0.000019048   -678875.2768     -3836.638
0.8000       635.950415     0.000027211   -679042.7558     -2921.458
0.8500       505.096523     0.000010885   -679173.6097     -2339.743
0.9000       399.060921     0.000016327   -679279.6455     -1886.769
0.9500       314.901129     0.000010885   -679363.8051     -1482.164
1.0000       249.164914     0.000024490   -679429.5413     -1154.412
1.1000       157.817539     0.000019048   -679520.8889      -710.010
1.2000       100.694576     0.000027211   -679578.0119      -452.594
1.3000        63.757972     0.000024490   -679614.9484      -297.032
1.4000        39.323654     0.000013606   -679639.3826      -197.925
1.5000        23.029396     0.000019048   -679655.6770      -131.822
1.6000        12.220026     0.000019048   -679666.4862       -86.675
1.7000         5.162845     0.000019048   -679673.5435       -55.615
1.8000         0.737369     0.000016327   -679677.9689       -34.581
1.9000        -1.621777     0.000005442   -679680.3281       -21.044
2.0000        -2.783867     0.000010885   -679681.4903       -12.324
2.1000        -3.351366     0.000027211   -679682.0576        -6.680
2.2000        -3.564260     0.000016327   -679682.2707        -2.990
2.3000        -3.403901     0.000024490   -679682.1102        -0.982
2.4000        -2.971044     0.000005442   -679681.6775         0.067
2.5000        -2.432187     0.000005442   -679681.1384         0.397
2.6000        -1.967207     0.000010885   -679680.6737         0.615
2.7000        -1.569363     0.000013606   -679680.2756         0.701
2.8000        -1.223337     0.000008163   -679679.9297         0.818
2.9000        -0.920926     0.000021769   -679679.6274         0.908
3.0000        -0.651465     0.000010885   -679679.3577         0.913
3.1000        -0.396919     0.000016327   -679679.1033         0.960
3.2000        -0.141842     0.000013606   -679678.8481         0.980
3.3000         0.090462     0.000013606   -679678.6159         0.962
3.4000         0.305282     0.000005442   -679678.4010         0.926
3.5000         0.503343     0.000019048   -679678.2029         0.902
3.6000         0.685363     0.000010885   -679678.0211         0.882
3.7000         0.853619     0.000021769   -679677.8527         0.827
3.8000         1.009537     0.000010885   -679677.6967         0.765
3.9000         1.153192     0.000010885   -679677.5531         0.714
4.0000         1.284672     0.000024490   -679677.4216         0.667
5.0000         2.076085     0.000013606   -679676.6303         0.232
6.0000         2.322735     0.000019048   -679676.3835         0.074
7.0000         2.393963     0.000021769   -679676.3125         0.018
8.0000         2.418160     0.000016327   -679676.2883         0.004
9.0000         2.428987     0.000005442   -679676.2774         0.002
10.0000         2.435469     0.000024490   -679676.2709         0.001
100.0000         2.470863     0.000016327   -679676.2355
1000.0000         2.473551     0.000021769   -679676.2328
