0.0020         0.000000     0.000005442  45888314.9306
0.0040  22830790.126815     0.000024490  21766216.2475
0.0060  14813638.651730     0.000027211  13749064.7719
0.0080  10815812.701600     0.000016327   9751238.8212
0.0100   8423891.664276     0.000013606   7359317.7842
0.0120   6839999.140984     0.000010885   5775425.2599
0.0140   5715742.623782     0.000024490   4651168.7441
0.0160   4878288.923730     0.000019048   3813715.0440
0.0180   4232387.681725     0.000024490   3167813.8027
0.0200   3719182.643519     0.000021769   2654608.7635
0.0400   1495687.894771     0.000016327    431114.0147
0.0600    826037.048866     0.000019048   -238536.8313
0.0800    522933.549928     0.000016327   -541640.3301
0.1000    359621.302300     0.000010885   -704952.5780
0.1200    261450.532999     0.000024490   -803123.3471
0.1400    196054.493298     0.000016327   -868519.3868
0.1600    149641.582735     0.000019048   -914932.2973
0.1800    116248.928422     0.000021769   -948324.9518
0.2000     92058.965896     0.000016327   -972514.9142
0.2400     60020.653407     0.000005442  -1004553.2268
0.2800     40521.678813     0.000024490  -1024052.2013
0.3200     28007.252921     0.000021769  -1036566.6273
0.3600     20023.522857     0.000013606  -1044550.3573
0.4000     14638.855184     0.000010885  -1049935.0251
0.4500      9951.611715     0.000024490  -1054622.2683
0.5000      7022.437317     0.000016327  -1057551.4429    -46486.854
0.5500      5121.663800     0.000019048  -1059452.2163    -30891.944
0.6000      3831.217011     0.000027211  -1060742.6631    -21467.180
0.6500      2918.581291     0.000024490  -1061655.2988    -15454.101
0.7000      2253.698879     0.000027211  -1062320.1812    -11404.969
0.7500      1758.654240     0.000024490  -1062815.2259     -8568.192
0.8000      1384.117315     0.000016327  -1063189.7628     -6527.224
0.8500      1097.088574     0.000013606  -1063476.7916     -5030.244
0.9000       874.640103     0.000024490  -1063699.2401     -3918.636
0.9500       700.110410     0.000010885  -1063873.7696     -3098.374
1.0000       560.540888     0.000010885  -1064013.3393     -2483.918
1.1000       359.375693     0.000027211  -1064214.5045     -1589.341
1.2000       231.679597     0.000021769  -1064342.2005     -1008.461
1.3000       150.477787     0.000024490  -1064423.4023      -643.571
1.4000        98.333076     0.000027211  -1064475.5472      -416.171
1.5000        64.379728     0.000027211  -1064509.5005      -272.914
1.6000        41.980803     0.000013606  -1064531.8993      -181.093
1.7000        27.050982     0.000019048  -1064546.8291      -121.226
1.8000        17.032296     0.000019048  -1064556.8478       -81.588
1.9000        10.282283     0.000013606  -1064563.5978       -55.051
2.0000         5.732636     0.000013606  -1064568.1476       -37.098
2.1000         2.779350     0.000005442  -1064571.1008       -24.954
2.2000         0.837504     0.000005442  -1064573.0426       -16.615
2.3000        -0.434180     0.000008163  -1064574.3142       -10.894
2.4000        -1.238812     0.000019048  -1064575.1189        -6.916
2.5000        -1.718125     0.000021769  -1064575.5983        -4.176
2.6000        -1.970753     0.000010885  -1064575.8509        -2.329
2.7000        -2.067778     0.000021769  -1064575.9480        -1.061
2.8000        -2.060009     0.000016327  -1064575.9401        -0.266
2.9000        -1.984277     0.000021769  -1064575.8645         0.274
3.0000        -1.867339     0.000016327  -1064575.7475         0.585
3.1000        -1.728087     0.000016327  -1064575.6081         0.749
3.2000        -1.579442     0.000019048  -1064575.4596         0.834
3.3000        -1.430296     0.000019048  -1064575.3104         0.837
3.4000        -1.285758     0.000019048  -1064575.1659         0.823
3.5000        -1.149567     0.000016327  -1064575.0296         0.782
3.6000        -1.023344     0.000013606  -1064574.9034         0.721
3.7000        -0.879061     0.000016327  -1064574.7591         0.638
3.8000        -0.749119     0.000013606  -1064574.6293         0.553
3.9000        -0.637707     0.000010885  -1064574.5178         0.478
4.0000        -0.542609     0.000010885  -1064574.4228         0.407
5.0000        -0.119619     0.000021769  -1064573.9997         0.079
6.0000        -0.034814     0.000021769  -1064573.9150         0.013
7.0000        -0.007929     0.000019048  -1064573.8881         0.006
8.0000         0.005951     0.000016327  -1064573.8742         0.003
9.0000         0.015149     0.000013606  -1064573.8650         0.002
10.0000         0.021894     0.000013606  -1064573.8582         0.001
100.0000         0.064918     0.000010885  -1064573.8152
1000.0000         0.068390     0.000016327  -1064573.8116
