0.0020  12968721.420104     0.000008163  12739203.3539
0.0040   6335012.869078     0.000021769   6105494.8022
0.0060   4126952.774175     0.000013606   3897434.7079
0.0080   3025618.761202     0.000016327   2796100.6938
0.0100   2367075.271663     0.000016327   2137557.2048
0.0120   1930321.145051     0.000016327   1700803.0781
0.0140   1619188.228624     0.000016327   1389670.1616
0.0160   1386516.882029     0.000024490   1156998.8150
0.0180   1206827.717043     0.000019048    977309.6500
0.0200   1064030.664870     0.000024490    834512.5980
0.0400    439028.807815     0.000021769    209510.7408
0.0600    246317.198836     0.000027211     16799.1319
0.0800    158014.095499     0.000016327    -71503.9715
0.1000    109271.917080     0.000021769   -120246.1499
0.1200     79014.769480     0.000008163   -150503.2975
0.1400     59201.927626     0.000019048   -170316.1393
0.1600     45820.048480     0.000016327   -183698.0185
0.1800     36441.345433     0.000016327   -193076.7215
0.2000     29343.839894     0.000005442   -200174.2271
0.2400     19692.679113     0.000016327   -209825.3879
0.2800     13594.565263     0.000010885   -215923.5017
0.3200      9809.109795     0.000021769   -219708.9572
0.3600      7355.147689     0.000016327   -222162.9193    -51022.139
0.4000      5499.327636     0.000013606   -224018.7394    -40312.803
0.4500      3875.481824     0.000019048   -225642.5852    -25758.060
0.5000      2829.092735     0.000019048   -226688.9742    -16842.439
0.5500      2131.790483     0.000024490   -227386.2765    -11504.326
0.6000      1643.676723     0.000008163   -227874.3902     -8284.087
0.6500      1283.564360     0.000021769   -228234.5026     -6268.456
0.7000      1005.973337     0.000013606   -228512.0936     -4902.570
0.7500       787.659953     0.000008163   -228730.4070     -3859.654
0.8000       616.166786     0.000019048   -228901.9002     -3022.664
0.8500       482.152859     0.000019048   -229035.9141     -2359.512
0.9000       377.580014     0.000016327   -229140.4870     -1842.466
0.9500       295.856058     0.000027211   -229222.2109     -1442.212
1.0000       231.838550     0.000019048   -229286.2284     -1132.743
1.1000       141.751795     0.000005442   -229376.3152      -705.518
1.2000        85.371934     0.000010885   -229432.6950      -442.593
1.3000        49.918283     0.000024490   -229468.1487      -277.059
1.4000        27.689389     0.000013606   -229490.3776      -171.900
1.5000        13.883907     0.000016327   -229504.1831      -105.299
1.6000         5.523728     0.000010885   -229512.5433       -63.460
1.7000         0.661583     0.000024490   -229517.4054       -37.540
1.8000        -2.082883     0.000021769   -229520.1499       -21.544
1.9000        -3.537220     0.000013606   -229521.6042       -11.581
2.0000        -4.190171     0.000013606   -229522.2571        -5.353
2.1000        -4.352653     0.000016327   -229522.4196        -1.520
2.2000        -4.222795     0.000021769   -229522.2898         0.853
2.3000        -3.676251     0.000016327   -229521.7432         1.825
2.4000        -3.131357     0.000010885   -229521.1983         2.364
2.5000        -2.624090     0.000019048   -229520.6911         2.668
2.6000        -2.142111     0.000013606   -229520.2091         2.771
2.7000        -1.686127     0.000027211   -229519.7531         2.783
2.8000        -1.129102     0.000008163   -229519.1961         2.527
2.9000        -0.627302     0.000008163   -229518.6943         2.234
3.0000        -0.210124     0.000005442   -229518.2771         2.019
3.1000         0.142416     0.000024490   -229517.9246         1.822
3.2000         0.476961     0.000002721   -229517.5900         1.622
3.3000         0.768572     0.000019048   -229517.2984         1.461
3.4000         1.020291     0.000005442   -229517.0467         1.301
3.5000         1.239778     0.000013606   -229516.8272         1.155
3.6000         1.431779     0.000024490   -229516.6352         1.035
3.7000         1.599695     0.000010885   -229516.4673         0.932
3.8000         1.747236     0.000010885   -229516.3197         0.820
3.9000         1.877385     0.000013606   -229516.1896         0.724
4.0000         1.991980     0.000005442   -229516.0750         0.643
5.0000         2.578813     0.000024490   -229515.4882         0.162
6.0000         2.708611     0.000005442   -229515.3584         0.033
7.0000         2.731972     0.000024490   -229515.3350         0.008
8.0000         2.735812     0.000013606   -229515.3312         0.002
9.0000         2.736280     0.000013606   -229515.3307         0.000
10.0000         2.736217     0.000016327   -229515.3308         0.000
100.0000         2.734778     0.000010885   -229515.3322
1000.0000         2.734634     0.000016327   -229515.3323
