0.0020         0.000000     0.000016327  33619775.0795
0.0040  16751274.775266     0.000027211  15967602.4781
0.0060  10886836.773520     0.000019048  10103164.4778
0.0080   7962751.065071     0.000016327   7179078.7680
0.0100   6212345.370267     0.000002721   5428673.0748
0.0120   5049378.493036     0.000016327   4265706.1957
0.0140   4222821.858020     0.000010885   3439149.5604
0.0160   3606966.566022     0.000021769   2823294.2691
0.0180   3131536.625494     0.000016327   2347864.3289
0.0200   2754200.077761     0.000024490   1970527.7812
0.0400   1113468.107149     0.000024490    329795.8108
0.0600    614567.740096     0.000021769   -169104.5563
0.0800    389358.493536     0.000013606   -394313.8030
0.1000    267191.364024     0.000019048   -516480.9324
0.1200    192218.591927     0.000013606   -591453.7046
0.1400    143808.220767     0.000010885   -639864.0758
0.1600    110999.583788     0.000019048   -672672.7128
0.1800     86878.239884     0.000008163   -696794.0567
0.2000     68730.115459     0.000027211   -714942.1810
0.2400     44663.286049     0.000024490   -739009.0104
0.2800     30471.074406     0.000024490   -753201.2220
0.3200     21273.215508     0.000019048   -762399.0810
0.3600     15104.166801     0.000024490   -768568.1298
0.4000     11075.452202     0.000024490   -772596.8441
0.4500      7789.089490     0.000019048   -775883.2069
0.5000      5604.104512     0.000021769   -778068.1919    -35889.650
0.5500      4096.031672     0.000024490   -779576.2649    -25135.092
0.6000      3037.976948     0.000024490   -780634.3196    -17698.693
0.6500      2291.441608     0.000010885   -781380.8547    -12474.738
0.7000      1763.566596     0.000016327   -781908.7300     -8924.029
0.7500      1377.177443     0.000016327   -782295.1190     -6784.304
0.8000      1079.358420     0.000024490   -782592.9379     -5235.879
0.8500       849.293482     0.000019048   -782823.0030     -4039.619
0.9000       671.636161     0.000024490   -783000.6602     -3114.189
0.9500       534.428291     0.000019048   -783137.8682     -2401.982
1.0000       428.268175     0.000019048   -783244.0283     -1857.515
1.1000       281.653184     0.000005442   -783390.6433     -1128.680
1.2000       191.979294     0.000019048   -783480.3171      -712.240
1.3000       134.543466     0.000008163   -783537.7530      -468.197
1.4000        96.132042     0.000016327   -783576.1643      -318.283
1.5000        69.782191     0.000008163   -783602.5142      -222.932
1.6000        51.111731     0.000005442   -783621.1848      -158.921
1.7000        37.674439     0.000005442   -783634.6220      -113.645
1.8000        28.011444     0.000016327   -783644.2851       -81.409
1.9000        21.071237     0.000010885   -783651.2253       -58.553
2.0000        16.079029     0.000021769   -783656.2175       -42.408
2.1000        12.466942     0.000013606   -783659.8296       -31.060
2.2000         9.826296     0.000008163   -783662.4702       -23.168
2.3000         7.868330     0.000024490   -783664.4280       -17.398
2.4000         6.394352     0.000008163   -783665.9021       -13.301
2.5000         5.270401     0.000024490   -783667.0262       -10.183
2.6000         4.485676     0.000016327   -783667.8107        -7.882
2.7000         3.897461     0.000008163   -783668.3990        -6.134
2.8000         3.436345     0.000005442   -783668.8602        -4.706
2.9000         3.078586     0.000024490   -783669.2178        -3.588
3.0000         2.805424     0.000010885   -783669.4910        -2.709
3.1000         2.601064     0.000010885   -783669.6953        -1.982
3.2000         2.452574     0.000013606   -783669.8439        -1.432
3.3000         2.349369     0.000016327   -783669.9470        -1.002
3.4000         2.282750     0.000008163   -783670.0137        -0.632
3.5000         2.245052     0.000010885   -783670.0515        -0.372
3.6000         2.230300     0.000019048   -783670.0662        -0.186
3.7000         2.233718     0.000005442   -783670.0627        -0.014
3.8000         2.250614     0.000019048   -783670.0458         0.101
3.9000         2.277561     0.000005442   -783670.0189         0.167
4.0000         2.312112     0.000019048   -783669.9843         0.223
5.0000         2.709175     0.000002721   -783669.5873         0.207
6.0000         2.905007     0.000005442   -783669.3914         0.075
7.0000         2.969487     0.000013606   -783669.3269         0.039
8.0000         2.990162     0.000013606   -783669.3062         0.019
9.0000         2.997719     0.000016327   -783669.2989         0.013
10.0000         3.001254     0.000016327   -783669.2953         0.008
100.0000         3.013597     0.000021769   -783669.2828         0.000
1000.0000         3.014302     0.000010885   -783669.2823
