0.0020  19448619.195225     0.000013606  19064591.4906
0.0040   9486665.424492     0.000024490   9102637.7197
0.0060   6172781.280352     0.000010885   5788753.5759
0.0080   4520489.752373     0.000016327   4136462.0485
0.0100   3532528.517761     0.000008163   3148500.8138
0.0120   2875673.240490     0.000010885   2491645.5369
0.0140   2408167.203585     0.000013606   2024139.5000
0.0160   2059337.450776     0.000019048   1675309.7471
0.0180   1789822.227120     0.000027211   1405794.5235
0.0200   1575398.816992     0.000024490   1191371.1133
0.0400    643512.282548     0.000002721    259484.5789
0.0600    358721.261372     0.000027211    -25306.4423
0.0800    228677.622406     0.000013606   -155350.0813
0.1000    157111.717928     0.000013606   -226915.9858
0.1200    113917.658854     0.000016327   -270110.0448
0.1400     85567.329665     0.000024490   -298460.3740
0.1600     65715.089588     0.000005442   -318312.6140
0.1800     51423.259435     0.000013606   -332604.4443
0.2000     40912.156427     0.000016327   -343115.5473
0.2400     27149.481418     0.000013606   -356878.2224
0.2800     18803.153688     0.000010885   -365224.5499
0.3200     13221.564249     0.000021769   -370806.1395
0.3600      9624.550676     0.000008163   -374403.1530
0.4000      7201.901597     0.000013606   -376825.8021    -50224.447
0.4500      5172.596989     0.000019048   -378855.1066    -32431.992
0.5000      3829.279383     0.000024490   -380198.4244    -22427.782
0.5500      2861.797959     0.000008163   -381165.9057    -16709.112
0.6000      2147.510542     0.000013606   -381880.1931    -11949.081
0.6500      1641.204217     0.000021769   -382386.4995     -8504.664
0.7000      1277.083632     0.000016327   -382750.6201     -6228.421
0.7500      1005.977399     0.000008163   -383021.7262     -4777.936
0.8000       790.199116     0.000013606   -383237.5047     -3848.681
0.8500       619.128999     0.000010885   -383408.5748     -3028.949
0.9000       485.284491     0.000021769   -383542.4192     -2357.872
0.9500       381.401667     0.000021769   -383646.3020     -1823.921
1.0000       301.090290     0.000024490   -383726.6134     -1407.441
1.1000       191.195707     0.000013606   -383836.5080      -842.523
1.2000       124.712062     0.000016327   -383902.9917      -516.342
1.3000        83.415530     0.000019048   -383944.2880      -325.931
1.4000        57.103245     0.000008163   -383970.6003      -211.440
1.5000        39.900078     0.000021769   -383987.8037      -141.062
1.6000        28.236115     0.000021769   -383999.4676       -96.295
1.7000        20.167272     0.000002721   -384007.5363       -67.580
1.8000        14.420592     0.000013606   -384013.2831       -48.020
1.9000        10.400209     0.000010885   -384017.3035       -33.982
2.0000         7.536117     0.000027211   -384020.1675       -24.227
2.1000         5.481240     0.000016327   -384022.2225       -17.408
2.2000         3.994162     0.000027211   -384023.7096       -12.618
2.3000         2.909679     0.000024490   -384024.7940        -9.231
2.4000         2.114701     0.000027211   -384025.5889        -6.750
2.5000         1.531300     0.000013606   -384026.1723        -4.954
2.6000         1.105580     0.000019048   -384026.5981        -3.583
2.7000         0.811136     0.000019048   -384026.8926        -2.574
2.8000         0.626959     0.000010885   -384027.0768        -1.787
2.9000         0.511999     0.000024490   -384027.1916        -1.215
3.0000         0.449423     0.000010885   -384027.2542        -0.761
3.1000         0.425709     0.000010885   -384027.2779        -0.421
3.2000         0.431464     0.000021769   -384027.2722        -0.174
3.3000         0.458705     0.000019048   -384027.2449         0.024
3.4000         0.500948     0.000019048   -384027.2028         0.164
3.5000         0.554065     0.000021769   -384027.1497         0.253
3.6000         0.614012     0.000019048   -384027.0896         0.320
3.7000         0.677681     0.000010885   -384027.0259         0.367
3.8000         0.742781     0.000024490   -384026.9609         0.386
3.9000         0.807901     0.000005442   -384026.8958         0.389
4.0000         0.871723     0.000024490   -384026.8319         0.383
5.0000         1.321638     0.000019048   -384026.3821         0.185
6.0000         1.488730     0.000016327   -384026.2150         0.078
7.0000         1.544268     0.000019048   -384026.1595         0.029
8.0000         1.565586     0.000024490   -384026.1380         0.014
9.0000         1.575964     0.000021769   -384026.1276         0.009
10.0000         1.582261     0.000016327   -384026.1214         0.006
100.0000         1.614811     0.000024490   -384026.0887         0.000
1000.0000         1.617132     0.000027211   -384026.0866
