0.0020  23456766.285259     0.000024490  22870934.4559
0.0040  11417451.530900     0.000002721  10831619.7012
0.0060   7415735.342546     0.000024490   6829903.5141
0.0080   5422145.187599     0.000008163   4836313.3573
0.0100   4230904.294815     0.000021769   3645072.4663
0.0120   3440969.396972     0.000013606   2855137.5671
0.0140   2880012.248968     0.000027211   2294180.4191
0.0160   2462100.429220     0.000013606   1876268.5996
0.0180   2139278.692237     0.000010885   1553446.8625
0.0200   1883143.914650     0.000019048   1297312.0849
0.0400    770172.428257     0.000019048    184340.5985
0.0600    429942.087404     0.000024490   -155889.7423
0.0800    274226.440142     0.000021769   -311605.3896
0.1000    188813.326713     0.000016327   -397018.5031
0.1200    136718.938672     0.000013606   -449112.8910
0.1400    102118.346552     0.000008163   -483713.4831
0.1600     77999.563175     0.000013606   -507832.2667
0.1800     61015.511196     0.000010885   -524816.3185
0.2000     48826.905653     0.000024490   -537004.9241
0.2400     32351.097154     0.000024490   -553480.7326
0.2800     22135.694528     0.000024490   -563696.1353
0.3200     15533.436848     0.000021769   -570298.3928
0.3600     11276.180144     0.000027211   -574555.6497
0.4000      8387.155072     0.000021769   -577444.6746
0.4500      5814.125185     0.000021769   -580017.7045    -41487.345
0.5000      4131.735113     0.000019048   -581700.0945    -26947.310
0.5500      3026.570973     0.000010885   -582805.2587    -17996.209
0.6000      2274.880994     0.000010885   -583556.9487    -12511.396
0.6500      1741.143432     0.000008163   -584090.6864     -9084.072
0.7000      1346.595766     0.000024490   -584485.2340     -6824.344
0.7500      1047.226850     0.000013606   -584784.6028     -5221.719
0.8000       817.195433     0.000016327   -585014.6344     -4028.254
0.8500       639.409919     0.000024490   -585192.4198     -3121.760
0.9000       501.362385     0.000010885   -585330.4673     -2428.220
0.9500       393.870018     0.000013606   -585437.9596     -1895.603
1.0000       309.808304     0.000019048   -585522.0213     -1485.047
1.1000       191.928379     0.000021769   -585639.9014      -919.321
1.2000       118.647461     0.000010885   -585713.1822      -572.482
1.3000        73.026611     0.000024490   -585758.8032      -357.098
1.4000        44.757203     0.000005442   -585787.0726      -224.613
1.5000        27.245835     0.000010885   -585804.5839      -142.890
1.6000        16.140744     0.000021769   -585815.6889       -91.826
1.7000         9.020014     0.000019048   -585822.8096       -59.573
1.8000         4.439558     0.000021769   -585827.3901       -38.731
1.9000         1.596498     0.000019048   -585830.2331       -25.044
2.0000        -0.197628     0.000010885   -585832.0274       -15.804
2.1000        -1.291646     0.000024490   -585833.1213        -9.648
2.2000        -1.916534     0.000013606   -585833.7464        -5.406
2.3000        -2.229383     0.000024490   -585834.0590        -2.610
2.4000        -2.337170     0.000010885   -585834.1668        -0.784
2.5000        -2.313050     0.000005442   -585834.1429         0.405
2.6000        -2.208820     0.000019048   -585834.0386         1.122
2.7000        -2.056844     0.000024490   -585833.8865         1.524
2.8000        -1.881905     0.000024490   -585833.7116         1.744
2.9000        -1.671041     0.000013606   -585833.5007         1.764
3.0000        -1.452822     0.000021769   -585833.2824         1.740
3.1000        -1.250734     0.000010885   -585833.0805         1.665
3.2000        -1.046648     0.000024490   -585832.8764         1.531
3.3000        -0.845502     0.000005442   -585832.6753         1.409
3.4000        -0.640349     0.000013606   -585832.4702         1.276
3.5000        -0.446272     0.000021769   -585832.2759         1.104
3.6000        -0.275238     0.000013606   -585832.1050         0.980
3.7000        -0.124696     0.000013606   -585831.9545         0.863
3.8000         0.008857     0.000013606   -585831.8209         0.755
3.9000         0.131382     0.000008163   -585831.6985         0.643
4.0000         0.237787     0.000005442   -585831.5921         0.558
5.0000         0.743192     0.000010885   -585831.0865         0.111
6.0000         0.835284     0.000013606   -585830.9945         0.017
7.0000         0.848552     0.000010885   -585830.9812         0.002
8.0000         0.849970     0.000013606   -585830.9798        -0.001
9.0000         0.849877     0.000002721   -585830.9798        -0.001
10.0000         0.849643     0.000010885   -585830.9801        -0.001
100.0000         0.847937     0.000005442   -585830.9817
1000.0000         0.847787     0.000019048   -585830.9820
