0.0020   9477052.047583     0.000013606   9301268.9157
0.0040   4633777.378644     0.000027211   4457994.2466
0.0060   3022686.537051     0.000027211   2846903.4041
0.0080   2219274.039025     0.000019048   2043490.9068
0.0100   1738426.907255     0.000024490   1562643.7750
0.0120   1418617.006472     0.000010885   1242833.8741
0.0140   1191138.601883     0.000013606   1015355.4696
0.0160   1021096.261780     0.000013606    845313.1295
0.0180    889441.751380     0.000008163    713658.6192
0.0200    784480.195117     0.000010885    608697.0628
0.0400    325692.443096     0.000016327    149909.3109
0.0600    184304.225707     0.000027211      8521.0935
0.0800    118548.182111     0.000019048    -57234.9501
0.1000     82295.346731     0.000010885    -93487.7855
0.1200     59920.357265     0.000024490   -115862.7750
0.1400     44973.200954     0.000013606   -130809.9313
0.1600     34641.622946     0.000013606   -141141.5093
0.1800     27331.770255     0.000010885   -148451.3620
0.2000     22028.541637     0.000024490   -153754.5906
0.2400     14934.250711     0.000019048   -160848.8815
0.2800     10347.370982     0.000019048   -165435.7613
0.3200      7410.209489     0.000019048   -168372.9228
0.3600      5426.414820     0.000016327   -170356.7174    -40720.924
0.4000      4071.264980     0.000016327   -171711.8672    -27931.485
0.4500      2942.371558     0.000021769   -172840.7607    -18164.411
0.5000      2156.025617     0.000024490   -173627.1066    -13931.082
0.5500      1559.899167     0.000010885   -174223.2331     -9938.907
0.6000      1144.400228     0.000016327   -174638.7320     -6863.089
0.6500       856.075631     0.000024490   -174927.0566     -4797.835
0.7000       652.403674     0.000019048   -175130.7286     -3430.283
0.7500       504.908250     0.000021769   -175278.2240     -2519.373
0.8000       395.160540     0.000013606   -175387.9717     -1901.201
0.8500       311.419627     0.000019048   -175471.7126     -1467.600
0.9000       246.349884     0.000013606   -175536.7824     -1150.387
0.9500       195.186212     0.000016327   -175587.9460      -908.652
1.0000       154.698650     0.000008163   -175628.4336      -719.109
1.1000        97.166156     0.000013606   -175685.9661      -451.087
1.2000        60.818896     0.000027211   -175722.3134      -287.917
1.3000        37.520360     0.000008163   -175745.6119      -183.573
1.4000        22.795142     0.000010885   -175760.3371      -116.894
1.5000        13.538850     0.000021769   -175769.5934       -76.012
1.6000         7.473604     0.000019048   -175775.6587       -49.095
1.7000         3.548785     0.000024490   -175779.5835       -31.333
1.8000         1.113452     0.000016327   -175782.0188       -19.694
1.9000        -0.327574     0.000021769   -175783.4598       -12.073
2.0000        -1.103452     0.000008163   -175784.2357        -7.170
2.1000        -1.493076     0.000021769   -175784.6253        -3.972
2.2000        -1.645206     0.000027211   -175784.7774        -1.919
2.3000        -1.653204     0.000010885   -175784.7854        -0.644
2.4000        -1.577551     0.000010885   -175784.7098         0.167
2.5000        -1.456653     0.000021769   -175784.5889         0.619
2.6000        -1.314759     0.000027211   -175784.4470         0.887
2.7000        -1.166988     0.000016327   -175784.2992         0.998
2.8000        -1.022498     0.000010885   -175784.1547         1.029
2.9000        -0.886376     0.000005442   -175784.0186         1.012
3.0000        -0.761380     0.000024490   -175783.8936         0.953
3.1000        -0.648614     0.000024490   -175783.7808         0.879
3.2000        -0.548081     0.000024490   -175783.6803         0.801
3.3000        -0.459592     0.000021769   -175783.5918         0.721
3.4000        -0.382268     0.000021769   -175783.5145         0.637
3.5000        -0.314961     0.000024490   -175783.4472         0.565
3.6000        -0.256851     0.000010885   -175783.3891         0.497
3.7000        -0.207046     0.000016327   -175783.3393         0.431
3.8000        -0.164441     0.000013606   -175783.2967         0.373
3.9000        -0.128008     0.000016327   -175783.2602         0.323
4.0000        -0.097030     0.000016327   -175783.2293         0.279
5.0000         0.038496     0.000027211   -175783.0938         0.054
6.0000         0.061514     0.000027211   -175783.0707         0.009
7.0000         0.065386     0.000024490   -175783.0668         0.002
8.0000         0.066075     0.000024490   -175783.0662         0.000
9.0000         0.066197     0.000024490   -175783.0661        -0.000
10.0000         0.066216     0.000021769   -175783.0660        -0.000
100.0000         0.066224     0.000021769   -175783.0660
1000.0000         0.066224     0.000021769   -175783.0660
