0.0020    830048.413243     0.000024490    587307.7853
0.0040    405603.790797     0.000027211    162863.1627
0.0060    264471.425209     0.000024490     21730.7972
0.0080    194236.144918     0.000019048    -48504.4831
0.0100    152357.827022     0.000013606    -90382.8010
0.0120    124562.761661     0.000016327   -118177.8664
0.0140    104798.669543     0.000010885   -137941.9585
0.0160     90046.401037     0.000019048   -152694.2270
0.0180     78633.486488     0.000021769   -164107.1416
0.0200     69524.160531     0.000027211   -173216.4675
0.0400     29399.844585     0.000021769   -213340.7835
0.0600     16945.101201     0.000010885   -225795.5268
0.0800     11154.563248     0.000013606   -231586.0648
0.1000      7883.964955     0.000016327   -234856.6631
0.1200      5849.574820     0.000019048   -236891.0532
0.1400      4502.440350     0.000019048   -238238.1877
0.1600      3559.099261     0.000024490   -239181.5288    -39989.653
0.1800      2866.949095     0.000024490   -239873.6789    -29931.667
0.2000      2340.022380     0.000024490   -240400.6057    -23117.385
0.2400      1603.716187     0.000016327   -241136.9119    -14487.752
0.2800      1134.989373     0.000019048   -241605.6387     -9362.368
0.3200       828.339414     0.000010885   -241912.2886     -6211.718
0.3600       622.097781     0.000016327   -242118.5303     -4248.129
0.4000       478.778553     0.000019048   -242261.8495     -3010.765
0.4500       354.012218     0.000016327   -242386.6158     -2061.825
0.5000       266.602972     0.000016327   -242474.0251     -1478.490
0.5500       203.095811     0.000021769   -242537.5322     -1089.541
0.6000       156.210847     0.000027211   -242584.4172      -812.610
0.6500       121.253366     0.000008163   -242619.3747      -608.452
0.7000        95.146260     0.000010885   -242645.4818      -456.523
0.7500        75.548338     0.000008163   -242665.0797      -343.277
0.8000        60.793217     0.000008163   -242679.8348      -259.316
0.8500        49.616149     0.000016327   -242691.0119      -197.236
0.9000        41.066884     0.000008163   -242699.5612      -151.769
0.9500        34.451524     0.000027211   -242706.1765      -118.567
1.0000        29.232367     0.000016327   -242711.3957       -94.358
1.1000        21.611979     0.000021769   -242719.0161       -63.820
1.2000        16.340900     0.000019048   -242724.2872       -46.211
1.3000        12.458776     0.000021769   -242728.1693       -34.685
1.4000         9.536296     0.000016327   -242731.0917       -26.014
1.5000         7.345594     0.000016327   -242733.2824       -19.339
1.6000         5.729164     0.000013606   -242734.8989       -14.068
1.7000         4.557433     0.000027211   -242736.0706       -10.097
1.8000         3.721822     0.000013606   -242736.9062        -7.127
1.9000         3.133621     0.000008163   -242737.4944        -4.972
2.0000         2.722658     0.000010885   -242737.9054        -3.440
2.1000         2.435972     0.000013606   -242738.1921        -2.385
2.2000         2.235013     0.000016327   -242738.3930        -1.656
2.3000         2.091702     0.000019048   -242738.5363        -1.173
2.4000         1.986829     0.000016327   -242738.6412        -0.848
2.5000         1.907622     0.000010885   -242738.7204        -0.639
2.6000         1.845842     0.000019048   -242738.7822        -0.496
2.7000         1.795549     0.000016327   -242738.8325        -0.399
2.8000         1.753554     0.000010885   -242738.8745        -0.327
2.9000         1.717907     0.000008163   -242738.9101        -0.279
3.0000         1.687409     0.000013606   -242738.9406        -0.242
3.1000         1.661133     0.000005442   -242738.9669        -0.208
3.2000         1.638330     0.000013606   -242738.9897        -0.177
3.3000         1.618645     0.000016327   -242739.0094        -0.152
3.4000         1.601908     0.000021769   -242739.0261        -0.132
3.5000         1.587804     0.000010885   -242739.0402        -0.105
3.6000         1.575785     0.000024490   -242739.0522        -0.095
3.7000         1.565828     0.000019048   -242739.0622        -0.079
3.8000         1.557569     0.000019048   -242739.0705        -0.065
3.9000         1.550767     0.000010885   -242739.0773        -0.053
4.0000         1.545254     0.000013606   -242739.0828        -0.042
5.0000         1.528499     0.000008163   -242739.0995         0.000
6.0000         1.530358     0.000027211   -242739.0977         0.003
7.0000         1.531697     0.000010885   -242739.0964         0.001
8.0000         1.532086     0.000010885   -242739.0959         0.000
9.0000         1.532162     0.000010885   -242739.0959
10.0000         1.532181     0.000010885   -242739.0959         0.000
100.0000         1.532189     0.000010885   -242739.0959
1000.0000         1.532192     0.000010885   -242739.0958
