0.0020    891953.387582     0.000016327    876168.5195
0.0040    438410.138833     0.000016327    422625.2708
0.0060    287350.095375     0.000005442    271565.2274
0.0080    211896.990836     0.000016327    196112.1229
0.0100    166726.126199     0.000013606    150941.2582
0.0120    136724.546971     0.000019048    120939.6790
0.0140    115388.473241     0.000016327     99603.6052
0.0160     99424.857026     0.000013606     83639.9890
0.0180     87011.179066     0.000010885     71226.3111
0.0200     77130.423687     0.000008163     61345.5557
0.0400     33724.481973     0.000010885     17939.6140
0.0600     19894.817327     0.000016327      4109.9493
0.0800     13259.295111     0.000021769     -2525.5729
0.1000      9482.527426     0.000019048     -6302.3406
0.1200      7118.066121     0.000019048     -8666.8019
0.1400      5536.448429     0.000016327    -10248.4196
0.1600      4418.218160     0.000019048    -11366.6498    -47585.138
0.1800      3590.296601     0.000008163    -12194.5714    -35996.039
0.2000      2953.849018     0.000019048    -12831.0190    -28095.496
0.2400      2050.412618     0.000019048    -13734.4554    -17990.000
0.2800      1462.442333     0.000021769    -14322.4257    -11881.860
0.3200      1070.378360     0.000016327    -14714.4896     -8006.020
0.3600       803.920264     0.000024490    -14980.9477     -5497.616
0.4000       619.235276     0.000010885    -15165.6327     -3853.633
0.4500       461.832727     0.000024490    -15323.0353     -2556.495
0.5000       355.154645     0.000024490    -15429.7133     -1780.599
0.5500       278.751772     0.000019048    -15506.1162     -1338.488
0.6000       217.973941     0.000013606    -15566.8940     -1112.739
0.6500       167.816002     0.000019048    -15617.0520      -895.672
0.7000       127.999443     0.000024490    -15656.8685      -701.119
0.7500        97.157960     0.000019048    -15687.7100      -537.434
0.8000        73.640419     0.000005442    -15711.2276      -407.436
0.8500        55.828775     0.000010885    -15729.0392      -307.321
0.9000        42.392231     0.000016327    -15742.4758      -231.161
0.9500        32.270675     0.000019048    -15752.5973      -173.540
1.0000        24.662298     0.000027211    -15760.2057      -130.075
1.1000        14.680208     0.000024490    -15770.1878       -72.661
1.2000         9.096484     0.000013606    -15775.7715       -40.359
1.3000         5.985359     0.000010885    -15778.8826       -22.387
1.4000         4.254646     0.000016327    -15780.6133       -12.417
1.5000         3.296623     0.000013606    -15781.5714        -6.830
1.6000         2.778741     0.000008163    -15782.0893        -3.581
1.7000         2.521394     0.000008163    -15782.3466        -1.613
1.8000         2.658107     0.000021769    -15782.2099        -1.215
1.9000         2.823242     0.000021769    -15782.0447        -1.232
2.0000         2.892378     0.000013606    -15781.9756        -1.092
2.1000         2.911173     0.000019048    -15781.9568        -0.858
2.2000         2.909638     0.000021769    -15781.9584        -0.605
2.3000         2.903799     0.000013606    -15781.9642        -0.385
2.4000         2.900593     0.000008163    -15781.9674        -0.207
2.5000         2.902188     0.000005442    -15781.9658        -0.075
2.6000         2.908316     0.000002721    -15781.9597         0.012
2.7000         2.917802     0.000002721    -15781.9502         0.068
2.8000         2.929331     0.000024490    -15781.9387         0.100
2.9000         2.941723     0.000019048    -15781.9263         0.114
3.0000         2.954137     0.000027211    -15781.9139         0.115
3.1000         2.965993     0.000019048    -15781.9020         0.111
3.2000         2.976897     0.000013606    -15781.8911         0.102
3.3000         2.986674     0.000019048    -15781.8813         0.091
3.4000         2.995294     0.000013606    -15781.8727         0.080
3.5000         3.002780     0.000019048    -15781.8652         0.070
3.6000         3.009210     0.000013606    -15781.8588         0.059
3.7000         3.014650     0.000019048    -15781.8533         0.051
3.8000         3.019254     0.000024490    -15781.8487         0.042
3.9000         3.023102     0.000019048    -15781.8449         0.035
4.0000         3.026313     0.000019048    -15781.8417         0.029
5.0000         3.039094     0.000019048    -15781.8289         0.004
6.0000         3.040705     0.000008163    -15781.8273         0.001
7.0000         3.040887     0.000021769    -15781.8271         0.000
8.0000         3.040912     0.000027211    -15781.8271         0.000
9.0000         3.040917     0.000005442    -15781.8271
10.0000         3.040917     0.000005442    -15781.8271
100.0000         3.040917     0.000005442    -15781.8271
1000.0000         3.040917     0.000005442    -15781.8271
