0.0020  20655119.274421     0.000021769  20163441.8063
0.0040  10059981.477467     0.000016327   9568304.0101
0.0060   6540424.409176     0.000010885   6048746.9406
0.0080   4786048.971628     0.000024490   4294371.5047
0.0100   3736968.791031     0.000013606   3245291.3248
0.0120   3040836.208114     0.000016327   2549158.7407
0.0140   2546073.439330     0.000016327   2054395.9718
0.0160   2176951.116709     0.000016327   1685273.6492
0.0180   1891695.145700     0.000013606   1400017.6783
0.0200   1665289.262632     0.000019048   1173611.7952
0.0400    682061.088028     0.000013606    190383.6206
0.0600    381398.882155     0.000008163   -110278.5853
0.0800    243821.730744     0.000021769   -247855.7367
0.1000    167931.368664     0.000013606   -323746.0987
0.1200    121719.119488     0.000019048   -369958.3480
0.1400     91263.182055     0.000019048   -400414.2853
0.1600     69922.456330     0.000016327   -421755.0112
0.1800     54548.030755     0.000016327   -437129.4366
0.2000     43398.019981     0.000021769   -448279.4476
0.2400     28986.789246     0.000013606   -462690.6783
0.2800     19810.976616     0.000013606   -471866.4908
0.3200     14003.313049     0.000010885   -477674.1543
0.3600     10137.401073     0.000016327   -481540.0665
0.4000      7492.489464     0.000021769   -484184.9780
0.4500      5285.809183     0.000016327   -486391.6584    -36692.886
0.5000      3723.322689     0.000024490   -487954.1449    -25771.224
0.5500      2663.925101     0.000010885   -489013.5422    -17183.057
0.6000      1953.906907     0.000013606   -489723.5605    -11629.269
0.6500      1467.169919     0.000019048   -490210.2975     -8103.443
0.7000      1122.255983     0.000013606   -490555.2115     -5854.324
0.7500       868.920926     0.000024490   -490808.5466     -4373.557
0.8000       677.631664     0.000024490   -490999.8359     -3344.292
0.8500       530.354851     0.000019048   -491147.1127     -2589.240
0.9000       415.777203     0.000016327   -491261.6904     -2018.425
0.9500       326.166682     0.000013606   -491351.3007     -1579.095
1.0000       256.083947     0.000008163   -491421.3834     -1237.701
1.1000       157.746060     0.000016327   -491519.7213      -767.896
1.2000        96.435168     0.000005442   -491581.0324      -483.849
1.3000        57.436400     0.000013606   -491620.0310      -310.928
1.4000        32.172385     0.000024490   -491645.2951      -198.751
1.5000        16.413672     0.000016327   -491661.0538      -124.228
1.6000         6.912048     0.000021769   -491670.5555       -76.552
1.7000         1.163638     0.000024490   -491676.3039       -45.506
1.8000        -2.154759     0.000016327   -491679.6223       -25.618
1.9000        -3.944197     0.000021769   -491681.4117       -13.170
2.0000        -4.687100     0.000019048   -491682.1546        -5.722
2.1000        -4.759981     0.000021769   -491682.2275        -1.630
2.2000        -4.438636     0.000019048   -491681.9061         0.453
2.3000        -4.039690     0.000021769   -491681.5072         1.608
2.4000        -3.467260     0.000027211   -491680.9347         2.015
2.5000        -2.828679     0.000013606   -491680.2960         2.159
2.6000        -2.290470     0.000013606   -491679.7578         2.201
2.7000        -1.820818     0.000016327   -491679.2884         2.306
2.8000        -1.399983     0.000019048   -491678.8674         2.363
2.9000        -0.851464     0.000019048   -491678.3189         2.212
3.0000        -0.353081     0.000010885   -491677.8206         2.086
3.1000         0.117428     0.000013606   -491677.3501         1.912
3.2000         0.538369     0.000024490   -491676.9292         1.761
3.3000         0.904880     0.000019048   -491676.5626         1.624
3.4000         1.226396     0.000016327   -491676.2410         1.490
3.5000         1.510975     0.000024490   -491675.9564         1.354
3.6000         1.763726     0.000019048   -491675.7039         1.251
3.7000         1.988402     0.000019048   -491675.4791         1.157
3.8000         2.188830     0.000021769   -491675.2785         1.053
3.9000         2.368445     0.000021769   -491675.0989         0.955
4.0000         2.529291     0.000024490   -491674.9381         0.869
5.0000         3.420989     0.000008163   -491674.0464         0.274
6.0000         3.656929     0.000008163   -491673.8105         0.070
7.0000         3.707648     0.000008163   -491673.7599         0.015
8.0000         3.718086     0.000016327   -491673.7493         0.003
9.0000         3.720328     0.000008163   -491673.7471         0.000
10.0000         3.720826     0.000002721   -491673.7465         0.000
100.0000         3.721079     0.000008163   -491673.7463
1000.0000         3.721088     0.000008163   -491673.7463
