0.0020  18240665.776384     0.000019048  17580873.8785
0.0040   8877119.662981     0.000021769   8217327.7647
0.0060   5767401.667470     0.000027211   5107609.7699
0.0080   4221870.293820     0.000021769   3562078.3942
0.0100   3299267.913210     0.000021769   2639476.0144
0.0120   2686443.840216     0.000019048   2026651.9415
0.0140   2250458.889720     0.000016327   1590666.9909
0.0160   1925208.413802     0.000019048   1265416.5151
0.0180   1673784.664985     0.000027211   1013992.7662
0.0200   1474091.733277     0.000024490    814299.8345
0.0400    603395.309704     0.000008163    -56396.5890
0.0600    337882.136921     0.000024490   -321909.7619
0.0800    216183.289819     0.000024490   -443608.6088
0.1000    149125.455436     0.000013606   -510666.4432
0.1200    107948.477467     0.000013606   -551843.4213
0.1400     80567.497992     0.000019048   -579224.4006
0.1600     61494.180553     0.000021769   -598297.7182
0.1800     47934.333208     0.000021769   -611857.5655
0.2000     38121.154792     0.000016327   -621670.7440
0.2400     25411.923531     0.000013606   -634379.9751
0.2800     17507.170495     0.000010885   -642284.7281
0.3200     12406.890605     0.000019048   -647385.0082
0.3600      9061.605849     0.000027211   -650730.2929
0.4000      6781.373010     0.000016327   -653010.5257    -47341.604
0.4500      4828.463735     0.000005442   -654963.4350    -32223.392
0.5000      3476.096881     0.000024490   -656315.8017    -22354.537
0.5500      2546.357895     0.000010885   -657245.5408    -15273.812
0.6000      1908.830585     0.000019048   -657883.0682    -10566.712
0.6500      1462.872578     0.000019048   -658329.0262     -7503.657
0.7000      1141.195215     0.000019048   -658650.7036     -5490.194
0.7500       900.681713     0.000016327   -658891.2169     -4251.989
0.8000       707.736537     0.000016327   -659084.1621     -3476.905
0.8500       552.999035     0.000027211   -659238.8997     -2721.115
0.9000       433.213397     0.000013606   -659358.6853     -2086.256
0.9500       341.558945     0.000016327   -659450.3398     -1593.333
1.0000       271.450701     0.000021769   -659520.4481     -1220.611
1.1000       175.869778     0.000024490   -659616.0289      -732.079
1.2000       117.623621     0.000027211   -659674.2752      -455.717
1.3000        80.730016     0.000027211   -659711.1687      -294.414
1.4000        56.461268     0.000016327   -659735.4374      -196.250
1.5000        40.017814     0.000016327   -659751.8810      -133.832
1.6000        28.789428     0.000010885   -659763.1092       -92.552
1.7000        20.961257     0.000008163   -659770.9374       -64.600
1.8000        15.451567     0.000013606   -659776.4472       -45.558
1.9000        11.537923     0.000016327   -659780.3607       -32.432
2.0000         8.730366     0.000021769   -659783.1684       -23.417
2.1000         6.692001     0.000021769   -659785.2068       -17.102
2.2000         5.187689     0.000021769   -659786.7110       -12.731
2.3000         4.057200     0.000021769   -659787.8414        -9.648
2.4000         3.192202     0.000013606   -659788.7065        -7.418
2.5000         2.515030     0.000010885   -659789.3837        -5.813
2.6000         1.977003     0.000024490   -659789.9217        -4.589
2.7000         1.540900     0.000013606   -659790.3579        -3.666
2.8000         1.210858     0.000008163   -659790.6877        -2.973
2.9000         0.943868     0.000021769   -659790.9549        -2.374
3.0000         0.730411     0.000019048   -659791.1683        -1.916
3.1000         0.557757     0.000021769   -659791.3411        -1.542
3.2000         0.421110     0.000019048   -659791.4777        -1.214
3.3000         0.312082     0.000021769   -659791.5865        -0.954
3.4000         0.226611     0.000021769   -659791.6720        -0.759
3.5000         0.161032     0.000021769   -659791.7375        -0.585
3.6000         0.109553     0.000010885   -659791.7892        -0.440
3.7000         0.071819     0.000021769   -659791.8268        -0.326
3.8000         0.043699     0.000021769   -659791.8551        -0.245
3.9000         0.023081     0.000021769   -659791.8755        -0.169
4.0000         0.009823     0.000010885   -659791.8888        -0.114
5.0000         0.012471     0.000021769   -659791.8861         0.044
6.0000         0.052670     0.000019048   -659791.8461         0.032
7.0000         0.074869     0.000005442   -659791.8238         0.014
8.0000         0.084505     0.000021769   -659791.8143         0.005
9.0000         0.087844     0.000013606   -659791.8107         0.002
10.0000         0.088864     0.000016327   -659791.8099         0.001
100.0000         0.089373     0.000016327   -659791.8094
1000.0000         0.089403     0.000016327   -659791.8094
