0.0020         0.000000     0.000021769  42007571.1868
0.0040  20905458.112958     0.000019048  19942882.7504
0.0060  13570464.837126     0.000021769  12607889.4753
0.0080   9914065.628510     0.000010885   8951490.2682
0.0100   7726624.688848     0.000024490   6764049.3262
0.0120   6276145.310120     0.000024490   5313569.9500
0.0140   5246427.449227     0.000021769   4283852.0879
0.0160   4478628.547974     0.000024490   3516053.1859
0.0180   3886227.110225     0.000027211   2923651.7479
0.0200   3415989.219931     0.000024490   2453413.8586
0.0400   1373947.946443     0.000016327    411372.5852
0.0600    758954.056568     0.000019048   -203621.3047
0.0800    480698.056698     0.000005442   -481877.3047
0.1000    329472.689552     0.000019048   -633102.6716
0.1200    238949.538541     0.000013606   -723625.8227
0.1400    179590.611331     0.000019048   -782984.7499
0.1600    137492.123240     0.000027211   -825083.2381
0.1800    106905.293879     0.000019048   -855670.0674
0.2000     84486.796475     0.000008163   -878088.5648
0.2400     55283.850117     0.000010885   -907291.5112
0.2800     37190.540595     0.000027211   -925384.8206
0.3200     25892.805680     0.000008163   -936682.5555
0.3600     18390.881487     0.000010885   -944184.4797
0.4000     13412.281873     0.000016327   -949163.0794
0.4500      9219.530769     0.000010885   -953355.8306
0.5000      6383.024886     0.000010885   -956192.3365    -44902.845
0.5500      4559.823250     0.000010885   -958015.5381    -29333.289
0.6000      3347.212169     0.000013606   -959228.1492    -19935.049
0.6500      2507.405538     0.000021769   -960067.9558    -14082.345
0.7000      1905.883384     0.000019048   -960669.4778    -10222.828
0.7500      1465.415012     0.000019048   -961109.9462     -7550.104
0.8000      1138.033169     0.000021769   -961437.3282     -5649.166
0.8500       891.659076     0.000021769   -961683.7023     -4277.851
0.9000       704.053203     0.000027211   -961871.3080     -3277.386
0.9500       559.584979     0.000019048   -962015.7763     -2538.794
1.0000       447.175170     0.000021769   -962128.1861     -1986.926
1.1000       288.964807     0.000016327   -962286.3964     -1247.851
1.2000       188.435687     0.000019048   -962386.9256      -800.063
1.3000       123.550141     0.000010885   -962451.8112      -518.027
1.4000        82.076090     0.000019048   -962493.2852      -340.036
1.5000        54.786995     0.000021769   -962520.5744      -229.006
1.6000        36.020718     0.000016327   -962539.3405      -156.318
1.7000        22.936186     0.000021769   -962552.4251      -107.881
1.8000        13.759799     0.000016327   -962561.6016       -74.699
1.9000         7.396087     0.000024490   -962567.9652       -51.316
2.0000         3.029807     0.000013606   -962572.3316       -34.641
2.1000         0.166999     0.000008163   -962575.1942       -22.790
2.2000        -1.629954     0.000027211   -962576.9912       -14.340
2.3000        -2.671713     0.000027211   -962578.0329        -8.425
2.4000        -3.091887     0.000024490   -962578.4533        -4.437
2.5000        -2.989936     0.000027211   -962578.3513        -2.011
2.6000        -2.746125     0.000013606   -962578.1075        -0.453
2.7000        -2.423746     0.000024490   -962577.7850         0.621
2.8000        -2.064893     0.000010885   -962577.4261         1.240
2.9000        -1.694524     0.000019048   -962577.0557         1.645
3.0000        -1.330107     0.000024490   -962576.6914         1.852
3.1000        -0.979384     0.000021769   -962576.3406         1.948
3.2000        -0.605884     0.000016327   -962575.9673         1.934
3.3000        -0.222442     0.000010885   -962575.5839         1.819
3.4000         0.127717     0.000013606   -962575.2337         1.701
3.5000         0.444259     0.000008163   -962574.9169         1.569
3.6000         0.729415     0.000010885   -962574.6320         1.399
3.7000         0.985164     0.000019048   -962574.3762         1.267
3.8000         1.212181     0.000021769   -962574.1490         1.127
3.9000         1.412522     0.000013606   -962573.9487         0.995
4.0000         1.589020     0.000021769   -962573.7724         0.862
5.0000         2.451714     0.000019048   -962572.9095         0.189
6.0000         2.619276     0.000010885   -962572.7419         0.034
7.0000         2.649533     0.000008163   -962572.7117         0.006
8.0000         2.656240     0.000021769   -962572.7052         0.000
9.0000         2.658581     0.000002721   -962572.7027        -0.000
10.0000         2.659865     0.000002721   -962572.7014        -0.001
100.0000         2.666815     0.000005442   -962572.6946
1000.0000         2.667345     0.000021769   -962572.6940
