0.0020   4852206.473044     0.000016327   4708656.1787
0.0040   2371142.119010     0.000024490   2227591.8253
0.0060   1546706.671371     0.000021769   1403156.3776
0.0080   1136254.655825     0.000010885    992704.3621
0.0100    890785.903415     0.000008163    747235.6097
0.0120    728054.544228     0.000021769    584504.2506
0.0140    612408.523238     0.000021769    468858.2297
0.0160    525994.308624     0.000019048    382444.0149
0.0180    458967.024380     0.000027211    315416.7307
0.0200    405523.436908     0.000005442    261973.1433
0.0400    170643.393818     0.000010885     27093.1002
0.0600     97942.802041     0.000010885    -45607.4916
0.0800     63784.476626     0.000024490    -79765.8170
0.1000     44587.355024     0.000024490    -98962.9386
0.1200     32798.597705     0.000013606   -110751.6959
0.1400     25008.209548     0.000021769   -118542.0841
0.1600     19514.385072     0.000019048   -124035.9086
0.1800     15469.977788     0.000016327   -128080.3158
0.2000     12434.431338     0.000010885   -131115.8623
0.2400      8360.832746     0.000021769   -135189.4609
0.2800      5902.986992     0.000024490   -137647.3066    -48023.091
0.3200      4341.273045     0.000024490   -139209.0206    -31662.007
0.3600      3267.669770     0.000021769   -140282.6239    -22923.958
0.4000      2471.776318     0.000013606   -141078.5173    -17031.905
0.4500      1769.850045     0.000010885   -141780.4436    -11388.968
0.5000      1298.360949     0.000016327   -142251.9327     -7734.589
0.5500       974.189651     0.000013606   -142576.1040     -5393.708
0.6000       745.697420     0.000024490   -142804.5962     -3848.408
0.6500       580.768232     0.000016327   -142969.5254     -2818.365
0.7000       458.045064     0.000024490   -143092.2486     -2135.707
0.7500       363.491294     0.000024490   -143186.8023     -1689.220
0.8000       287.049019     0.000016327   -143263.2446     -1403.530
0.8500       223.649179     0.000019048   -143326.6444     -1130.016
0.9000       173.667630     0.000024490   -143376.6260      -880.148
0.9500       134.970644     0.000005442   -143415.3230      -678.849
1.0000       105.177031     0.000013606   -143445.1166      -522.748
1.1000        64.447995     0.000016327   -143485.8456      -313.466
1.2000        39.713549     0.000021769   -143510.5801      -192.892
1.3000        24.256070     0.000024490   -143526.0376      -121.906
1.4000        14.374175     0.000010885   -143535.9195       -78.395
1.5000         7.992564     0.000016327   -143542.3011       -50.678
1.6000         3.885412     0.000019048   -143546.4082       -32.428
1.7000         1.289540     0.000021769   -143549.0041       -20.213
1.8000        -0.293565     0.000024490   -143550.5872       -12.009
1.9000        -1.200344     0.000021769   -143551.4940        -6.563
2.0000        -1.657150     0.000019048   -143551.9508        -2.929
2.1000        -1.819259     0.000019048   -143552.1129        -0.638
2.2000        -1.792447     0.000019048   -143552.0861         0.866
2.3000        -1.648801     0.000019048   -143551.9424         1.746
2.4000        -1.428634     0.000016327   -143551.7223         2.235
2.5000        -1.131814     0.000019048   -143551.4254         2.431
2.6000        -0.835735     0.000027211   -143551.1294         2.419
2.7000        -0.551863     0.000019048   -143550.8455         2.355
2.8000        -0.286275     0.000010885   -143550.5799         2.223
2.9000        -0.041764     0.000013606   -143550.3354         2.044
3.0000         0.184754     0.000008163   -143550.1089         1.863
3.1000         0.409292     0.000019048   -143549.8843         1.658
3.2000         0.601505     0.000013606   -143549.6921         1.465
3.3000         0.766216     0.000021769   -143549.5274         1.292
3.4000         0.906953     0.000021769   -143549.3867         1.145
3.5000         1.088129     0.000013606   -143549.2055         0.984
3.6000         1.258984     0.000016327   -143549.0346         0.832
3.7000         1.404886     0.000005442   -143548.8887         0.703
3.8000         1.528943     0.000019048   -143548.7647         0.594
3.9000         1.633895     0.000010885   -143548.6597         0.504
4.0000         1.722446     0.000013606   -143548.5712         0.424
5.0000         2.103852     0.000005442   -143548.1898         0.071
6.0000         2.169252     0.000010885   -143548.1244         0.020
7.0000         2.185227     0.000013606   -143548.1084         0.005
8.0000         2.192651     0.000002721   -143548.1010         0.003
9.0000         2.197524     0.000024490   -143548.0961         0.002
10.0000         2.201092     0.000010885   -143548.0925         0.001
100.0000         2.224055     0.000005442   -143548.0696
1000.0000         2.225914     0.000013606   -143548.0677
