0.0020   2178975.414493     0.000019048   1905342.0524
0.0040   1063868.375775     0.000016327    790235.0136
0.0060    693337.302584     0.000010885    419703.9405
0.0080    508849.877131     0.000024490    235216.5150
0.0100    398799.213425     0.000019048    125165.8512
0.0120    325793.954953     0.000019048     52160.5928
0.0140    273860.371936     0.000010885       227.0098
0.0160    235079.737264     0.000024490    -38553.6249
0.0180    205041.004609     0.000016327    -68592.3576
0.0200    181138.082765     0.000027211    -92495.2794
0.0400     76367.525577     0.000021769   -197265.8366
0.0600     43715.785551     0.000013606   -229917.5766
0.0800     28486.224898     0.000013606   -245147.1373
0.1000     19979.753430     0.000010885   -253653.6087
0.1200     14758.881215     0.000019048   -258874.4809
0.1400     11290.470293     0.000008163   -262342.8919
0.1600      8835.777676     0.000005442   -264797.5845
0.1800      7020.606123     0.000010885   -266612.7560
0.2000      5645.855493     0.000016327   -267987.5067
0.2400      3780.329290     0.000010885   -269853.0329    -35708.079
0.2800      2646.502349     0.000021769   -270986.8598    -22262.873
0.3200      1922.556261     0.000021769   -271710.8059    -14607.735
0.3600      1435.730016     0.000019048   -272197.6320    -10113.825
0.4000      1090.416979     0.000021769   -272542.9452     -7347.951
0.4500       783.223042     0.000013606   -272850.1390     -5089.487
0.5000       570.013648     0.000010885   -273063.3485     -3547.573
0.5500       421.331547     0.000021769   -273212.0307     -2478.796
0.6000       317.281057     0.000013606   -273316.0811     -1747.130
0.6500       243.450882     0.000016327   -273389.9113     -1253.119
0.7000       189.908686     0.000016327   -273443.4536      -920.714
0.7500       150.236667     0.000021769   -273483.1256      -695.434
0.8000       119.831902     0.000013606   -273513.5303      -540.755
0.8500        95.933091     0.000005442   -273537.4289      -428.421
0.9000        76.900319     0.000008163   -273556.4620      -341.520
0.9500        61.837269     0.000024490   -273571.5248      -271.843
1.0000        49.881463     0.000016327   -273583.4807      -214.987
1.1000        33.053236     0.000027211   -273600.3090      -132.316
1.2000        22.755680     0.000019048   -273610.6064       -80.212
1.3000        16.488944     0.000013606   -273616.8732       -48.560
1.4000        12.634137     0.000013606   -273620.7279       -30.277
1.5000        10.464510     0.000024490   -273622.8978       -20.511
1.6000         9.148928     0.000019048   -273624.2132       -14.962
1.7000         8.357393     0.000010885   -273625.0047       -11.766
1.8000         7.724657     0.000013606   -273625.6374        -9.551
1.9000         7.184715     0.000002721   -273626.1775        -7.739
2.0000         6.723288     0.000002721   -273626.6388        -6.319
2.1000         6.334388     0.000010885   -273627.0279        -4.944
2.2000         6.013607     0.000008163   -273627.3485        -3.843
2.3000         5.758633     0.000008163   -273627.6034        -2.883
2.4000         5.613401     0.000010885   -273627.7487        -2.133
2.5000         5.527677     0.000016327   -273627.8345        -1.568
2.6000         5.459172     0.000016327   -273627.9030        -1.073
2.7000         5.409560     0.000010885   -273627.9525        -0.651
2.8000         5.378085     0.000005442   -273627.9841        -0.320
2.9000         5.364634     0.000024490   -273627.9974        -0.092
3.0000         5.367135     0.000010885   -273627.9950         0.092
3.1000         5.380795     0.000024490   -273627.9814         0.231
3.2000         5.402657     0.000021769   -273627.9596         0.322
3.3000         5.430815     0.000010885   -273627.9313         0.382
3.4000         5.464598     0.000008163   -273627.8976         0.404
3.5000         5.501804     0.000013606   -273627.8603         0.421
3.6000         5.540474     0.000008163   -273627.8217         0.426
3.7000         5.579166     0.000019048   -273627.7830         0.422
3.8000         5.617167     0.000010885   -273627.7449         0.406
3.9000         5.654147     0.000019048   -273627.7079         0.383
4.0000         5.690205     0.000013606   -273627.6720         0.345
5.0000         5.934811     0.000013606   -273627.4274         0.128
6.0000         6.018347     0.000021769   -273627.3438         0.078
7.0000         6.040214     0.000013606   -273627.3221         0.025
8.0000         6.045395     0.000008163   -273627.3169         0.015
9.0000         6.046380     0.000027211   -273627.3158         0.010
10.0000         6.046348     0.000021769   -273627.3158         0.007
100.0000         6.042881     0.000024490   -273627.3193         0.000
1000.0000         6.042478     0.000016327   -273627.3196
