0.0020  12635323.546656     0.000013606  12081127.7259
0.0040   6158048.845087     0.000008163   5603853.0244
0.0060   4006747.393719     0.000027211   3452551.5729
0.0080   2936136.193240     0.000005442   2381940.3729
0.0100   2296542.149402     0.000027211   1742346.3289
0.0120   1871914.163174     0.000019048   1317718.3429
0.0140   1569735.339943     0.000010885   1015539.5196
0.0160   1343962.572516     0.000021769    789766.7520
0.0180   1169476.707309     0.000024490    615280.8867
0.0200   1030648.544395     0.000019048    476452.7240
0.0400    424090.861054     0.000019048   -130104.9594
0.0600    238088.521086     0.000019048   -316107.2993
0.0800    152843.018934     0.000024490   -401352.8015
0.1000    105748.282530     0.000019048   -448447.5379
0.1200     76835.119468     0.000016327   -477360.7011
0.1400     57876.625219     0.000010885   -496319.1952
0.1600     44628.283309     0.000005442   -509567.5371
0.1800     34923.826549     0.000016327   -519271.9939
0.2000     27725.841665     0.000019048   -526469.9788
0.2400     18261.637362     0.000016327   -535934.1831
0.2800     12660.202701     0.000016327   -541535.6177
0.3200      9099.095648     0.000027211   -545096.7249
0.3600      6629.223654     0.000027211   -547566.5969
0.4000      4898.716522     0.000021769   -549297.1040    -35666.825
0.4500      3469.093808     0.000019048   -550726.7265    -22691.223
0.5000      2543.449530     0.000024490   -551652.3709    -15035.036
0.5500      1915.419139     0.000021769   -552280.4012    -10554.433
0.6000      1456.960314     0.000010885   -552738.8602     -7954.562
0.6500      1112.103270     0.000016327   -553083.7173     -5919.876
0.7000       856.956333     0.000021769   -553338.8641     -4370.352
0.7500       668.257683     0.000016327   -553527.5629     -3247.176
0.8000       527.203273     0.000016327   -553668.6172     -2443.921
0.8500       420.265026     0.000021769   -553775.5553     -1867.087
0.9000       337.981805     0.000021769   -553857.8388     -1447.499
0.9500       273.755136     0.000008163   -553922.0653     -1137.963
1.0000       222.949955     0.000024490   -553972.8706      -906.280
1.1000       149.649255     0.000010885   -554046.1713      -594.992
1.2000       100.776281     0.000021769   -554095.0443      -401.717
1.3000        67.526614     0.000010885   -554128.2939      -271.715
1.4000        44.928518     0.000021769   -554150.8919      -182.515
1.5000        29.644761     0.000016327   -554166.1757      -122.326
1.6000        19.504748     0.000016327   -554176.3158       -82.920
1.7000        12.769976     0.000010885   -554183.0506       -57.326
1.8000         8.144052     0.000013606   -554187.6765       -40.190
1.9000         4.924653     0.000005442   -554190.8959       -28.386
2.0000         2.674034     0.000016327   -554193.1466       -19.991
2.1000         1.110821     0.000008163   -554194.7096       -13.890
2.2000         0.040635     0.000016327   -554195.7798        -9.580
2.3000        -0.673485     0.000013606   -554196.4938        -6.308
2.4000        -1.123316     0.000019048   -554196.9439        -4.050
2.5000        -1.280024     0.000013606   -554197.1004        -2.386
2.6000        -1.319366     0.000016327   -554197.1398        -1.235
2.7000        -1.278927     0.000013606   -554197.0993        -0.466
2.8000        -1.186869     0.000010885   -554197.0073         0.131
2.9000        -1.062706     0.000016327   -554196.8832         0.497
3.0000        -0.917525     0.000013606   -554196.7379         0.726
3.1000        -0.746082     0.000013606   -554196.5665         0.891
3.2000        -0.553099     0.000016327   -554196.3736         0.978
3.3000        -0.363596     0.000013606   -554196.1842         0.956
3.4000        -0.180395     0.000019048   -554196.0008         0.967
3.5000        -0.006438     0.000021769   -554195.8269         0.946
3.6000         0.157086     0.000021769   -554195.6633         0.903
3.7000         0.310085     0.000016327   -554195.5104         0.831
3.8000         0.452150     0.000016327   -554195.3684         0.772
3.9000         0.582569     0.000016327   -554195.2378         0.710
4.0000         0.701197     0.000016327   -554195.1194         0.653
5.0000         1.368292     0.000013606   -554194.4522         0.193
6.0000         1.532279     0.000019048   -554194.2881         0.040
7.0000         1.564731     0.000010885   -554194.2557         0.011
8.0000         1.570225     0.000013606   -554194.2503         0.002
9.0000         1.570623     0.000024490   -554194.2497         0.001
10.0000         1.570141     0.000019048   -554194.2503
100.0000         1.565159     0.000027211   -554194.2554
1000.0000         1.564742     0.000019048   -554194.2557
