0.0020  17618436.882304     0.000021769  16914764.8396
0.0040   8580757.008861     0.000024490   7877084.9672
0.0060   5579463.175473     0.000019048   4875791.1336
0.0080   4086026.823990     0.000016327   3382354.7836
0.0100   3194994.150302     0.000010885   2491322.1088
0.0120   2603825.782413     0.000013606   1900153.7407
0.0140   2183441.857024     0.000013606   1479769.8154
0.0160   1869834.683476     0.000024490   1166162.6418
0.0180   1627548.171328     0.000016327    923876.1297
0.0200   1435113.108058     0.000013606    731441.0665
0.0400    592805.611623     0.000021769   -110866.4300
0.0600    332432.007674     0.000008163   -371240.0339
0.0800    212296.310851     0.000013606   -491375.7309
0.1000    145949.673729     0.000016327   -557722.3677
0.1200    105265.694251     0.000019048   -598406.3474
0.1400     78377.001586     0.000021769   -625295.0399
0.1600     59748.891361     0.000016327   -643923.1502
0.1800     46544.729047     0.000016327   -657127.3125
0.2000     37001.108560     0.000021769   -666670.9330
0.2400     24655.074288     0.000027211   -679016.9673
0.2800     16989.452249     0.000027211   -686682.5893
0.3200     12036.297082     0.000010885   -691635.7444
0.3600      8809.062200     0.000013606   -694862.9793
0.4000      6603.696700     0.000010885   -697068.3448    -45833.488
0.4500      4708.763688     0.000019048   -698963.2779    -31365.218
0.5000      3393.071976     0.000010885   -700278.9695    -21731.455
0.5500      2484.702139     0.000005442   -701187.3396    -14996.408
0.6000      1855.370992     0.000024490   -701816.6706    -10475.168
0.6500      1412.101150     0.000008163   -702259.9404     -7468.091
0.7000      1092.926569     0.000013606   -702579.1151     -5474.166
0.7500       854.128816     0.000021769   -702817.9128     -4229.487
0.8000       665.624224     0.000013606   -703006.4173     -3352.518
0.8500       517.462100     0.000008163   -703154.5795     -2600.846
0.9000       403.315940     0.000005442   -703268.7256     -1987.684
0.9500       316.171999     0.000019048   -703355.8696     -1514.730
1.0000       249.557922     0.000021769   -703422.4836     -1160.991
1.1000       158.289374     0.000005442   -703513.7523      -705.063
1.2000       101.682053     0.000019048   -703570.3596      -449.246
1.3000        65.046916     0.000019048   -703606.9946      -296.063
1.4000        40.717332     0.000019048   -703631.3243      -198.085
1.5000        24.434963     0.000016327   -703647.6068      -132.812
1.6000        13.512913     0.000019048   -703658.5286       -88.630
1.7000         6.221053     0.000024490   -703665.8204       -58.697
1.8000         1.392943     0.000021769   -703670.6486       -38.218
1.9000        -1.765361     0.000019048   -703673.8070       -24.400
2.0000        -3.787366     0.000019048   -703675.8291       -15.142
2.1000        -5.033401     0.000019048   -703677.0751        -8.950
2.2000        -5.746524     0.000002721   -703677.7880        -4.827
2.3000        -5.977949     0.000013606   -703678.0196        -2.377
2.4000        -5.942218     0.000010885   -703677.9839        -0.846
2.5000        -5.811516     0.000010885   -703677.8530         0.086
2.6000        -5.619080     0.000019048   -703677.6607         0.715
2.7000        -5.392621     0.000021769   -703677.4343         1.125
2.8000        -5.105639     0.000010885   -703677.1472         1.289
2.9000        -4.785968     0.000021769   -703676.8274         1.341
3.0000        -4.494727     0.000019048   -703676.5363         1.335
3.1000        -4.209812     0.000008163   -703676.2514         1.301
3.2000        -3.942199     0.000016327   -703675.9839         1.279
3.3000        -3.685473     0.000019048   -703675.7270         1.217
3.4000        -3.451006     0.000008163   -703675.4927         1.130
3.5000        -3.237658     0.000013606   -703675.2791         1.057
3.6000        -3.043946     0.000021769   -703675.0856         0.988
3.7000        -2.867823     0.000027211   -703674.9093         0.908
3.8000        -2.707479     0.000002721   -703674.7490         0.819
3.9000        -2.562152     0.000013606   -703674.6037         0.743
4.0000        -2.431355     0.000024490   -703674.4728         0.672
5.0000        -1.704299     0.000013606   -703673.7460         0.192
6.0000        -1.508510     0.000002721   -703673.5501         0.055
7.0000        -1.457271     0.000024490   -703673.4990         0.012
8.0000        -1.440272     0.000024490   -703673.4818         0.004
9.0000        -1.432329     0.000013606   -703673.4739         0.001
10.0000        -1.427284     0.000016327   -703673.4687         0.000
100.0000        -1.398013     0.000005442   -703673.4396
1000.0000        -1.395746     0.000005442   -703673.4375
