0.0020   7753455.383875     0.000021769   7579189.9837
0.0040   3784872.694657     0.000024490   3610607.2931
0.0060   2468636.887742     0.000010885   2294371.4869
0.0080   1812683.839498     0.000010885   1638418.4387
0.0100   1420331.000278     0.000024490   1246065.5997
0.0120   1159614.050036     0.000027211    985348.6493
0.0140    973921.755830     0.000016327    799656.3551
0.0160    835303.504363     0.000013606    661038.1036
0.0180    728022.994465     0.000013606    553757.5936
0.0200    642564.934131     0.000021769    468299.5334
0.0400    268233.431673     0.000005442     93968.0309
0.0600    152675.598338     0.000019048    -21589.8024
0.0800     98559.034265     0.000024490    -75706.3665
0.1000     68500.638698     0.000019048   -105764.7620
0.1200     50050.624622     0.000027211   -124214.7761
0.1400     37748.109601     0.000024490   -136517.2911
0.1600     29114.886645     0.000021769   -145150.5141
0.1800     22937.090141     0.000019048   -151328.3106
0.2000     18433.713604     0.000016327   -155831.6871
0.2400     12548.318586     0.000021769   -161717.0822
0.2800      8847.779924     0.000016327   -165417.6208
0.3200      6329.492459     0.000021769   -167935.9083    -50579.562
0.3600      4667.179342     0.000013606   -169598.2214    -33940.840
0.4000      3532.520219     0.000010885   -170732.8805    -23576.915
0.4500      2574.419573     0.000013606   -171690.9812    -15456.259
0.5000      1933.335557     0.000019048   -172332.0652    -10662.022
0.5500      1466.621829     0.000021769   -172798.7789     -8291.435
0.6000      1102.250657     0.000019048   -173163.1501     -6290.884
0.6500       832.517956     0.000013606   -173432.8828     -4587.815
0.7000       635.875058     0.000013606   -173629.5257     -3348.491
0.7500       491.628164     0.000021769   -173773.7726     -2471.056
0.8000       384.449689     0.000024490   -173880.9511     -1850.274
0.8500       303.618710     0.000013606   -173961.7820     -1406.897
0.9000       241.740575     0.000010885   -174023.6602     -1085.582
0.9500       193.714431     0.000008163   -174071.6863      -848.541
1.0000       156.000569     0.000021769   -174109.4002      -669.937
1.1000       102.347543     0.000021769   -174163.0532      -425.509
1.2000        68.092173     0.000024490   -174197.3086      -275.579
1.3000        45.825833     0.000016327   -174219.5749      -180.598
1.4000        31.142836     0.000027211   -174234.2579      -119.172
1.5000        21.358336     0.000008163   -174244.0424       -79.617
1.6000        14.890405     0.000019048   -174250.5103       -54.341
1.7000        10.490230     0.000008163   -174254.9105       -37.545
1.8000         7.440034     0.000008163   -174257.9607       -26.034
1.9000         5.328457     0.000019048   -174260.0723       -18.072
2.0000         3.871022     0.000024490   -174261.5297       -12.503
2.1000         2.871216     0.000010885   -174262.5295        -8.572
2.2000         2.191870     0.000024490   -174263.2089        -5.769
2.3000         1.738501     0.000021769   -174263.6622        -3.789
2.4000         1.442988     0.000019048   -174263.9577        -2.381
2.5000         1.258981     0.000024490   -174264.1417        -1.414
2.6000         1.152155     0.000016327   -174264.2486        -0.701
2.7000         1.099283     0.000008163   -174264.3014        -0.258
2.8000         1.083476     0.000024490   -174264.3173         0.078
2.9000         1.092110     0.000019048   -174264.3086         0.297
3.0000         1.117618     0.000016327   -174264.2831         0.407
3.1000         1.153502     0.000021769   -174264.2472         0.496
3.2000         1.195013     0.000016327   -174264.2057         0.543
3.3000         1.239604     0.000016327   -174264.1611         0.535
3.4000         1.285330     0.000016327   -174264.1154         0.530
3.5000         1.330131     0.000013606   -174264.0706         0.513
3.6000         1.372951     0.000013606   -174264.0278         0.482
3.7000         1.413406     0.000013606   -174263.9873         0.443
3.8000         1.451344     0.000016327   -174263.9494         0.406
3.9000         1.486265     0.000021769   -174263.9145         0.371
4.0000         1.517955     0.000024490   -174263.8828         0.335
5.0000         1.695090     0.000008163   -174263.7057         0.089
6.0000         1.740474     0.000005442   -174263.6603         0.019
7.0000         1.750558     0.000021769   -174263.6502         0.004
8.0000         1.752727     0.000013606   -174263.6480         0.000
9.0000         1.753181     0.000016327   -174263.6476        -0.000
10.0000         1.753271     0.000005442   -174263.6475        -0.000
100.0000         1.753293     0.000021769   -174263.6474
1000.0000         1.753293     0.000021769   -174263.6474
