0.0020    255223.812021     0.000016327    240834.9421
0.0040    125644.159047     0.000024490    111255.2891
0.0060     82485.948549     0.000019048     68097.0786
0.0080     60929.619970     0.000013606     46540.7500
0.0100     48002.081788     0.000024490     33613.2118
0.0120     39406.619915     0.000019048     25017.7500
0.0140     33289.091338     0.000010885     18900.2214
0.0160     28717.490248     0.000010885     14328.6203
0.0180     25169.745612     0.000013606     10780.8757
0.0200     22343.081149     0.000021769      7954.2112
0.0400      9847.410665     0.000016327     -4541.4593
0.0600      5869.644283     0.000016327     -8519.2257
0.0800      3955.752975     0.000024490    -10433.1170
0.1000      2851.537970     0.000019048    -11537.3320    -43001.195
0.1200      2152.073839     0.000010885    -12236.7961    -28262.574
0.1400      1682.110711     0.000010885    -12706.7592    -19489.337
0.1600      1351.315471     0.000013606    -13037.5545    -13985.216
0.1800      1109.532146     0.000024490    -13279.3378    -10387.124
0.2000       927.101263     0.000021769    -13461.7687     -7954.012
0.2400       672.553185     0.000019048    -13716.3168     -5057.268
0.2800       504.515954     0.000027211    -13884.3540     -3490.406
0.3200       385.389674     0.000013606    -14003.4803     -2536.331
0.3600       297.643972     0.000013606    -14091.2260     -1888.433
0.4000       231.939294     0.000016327    -14156.9307     -1420.954
0.4500       171.946049     0.000016327    -14216.9239     -1003.074
0.5000       129.493371     0.000019048    -14259.3766      -711.836
0.5500        99.277625     0.000008163    -14289.5923      -507.771
0.6000        77.676603     0.000024490    -14311.1933      -364.434
0.6500        62.099478     0.000021769    -14326.7705      -263.696
0.7000        51.007337     0.000021769    -14337.8626      -194.005
0.7500        42.889966     0.000027211    -14345.9800      -146.982
0.8000        36.504240     0.000010885    -14352.3657      -115.181
0.8500        31.180298     0.000010885    -14357.6897       -94.165
0.9000        26.458976     0.000016327    -14362.4110       -80.659
0.9500        22.464534     0.000016327    -14366.4054       -69.584
1.0000        19.233962     0.000019048    -14369.6360       -59.582
1.1000        14.052757     0.000016327    -14374.8172       -44.606
1.2000        10.163255     0.000019048    -14378.7067       -33.508
1.3000         7.255130     0.000024490    -14381.6148       -24.891
1.4000         5.111982     0.000024490    -14383.7580       -18.199
1.5000         3.555664     0.000021769    -14385.3143       -13.117
1.6000         2.441643     0.000021769    -14386.4283        -9.323
1.7000         1.654088     0.000016327    -14387.2159        -6.544
1.8000         1.103994     0.000021769    -14387.7660        -4.545
1.9000         0.724269     0.000021769    -14388.1457        -3.117
2.0000         0.465010     0.000013606    -14388.4049        -2.118
2.1000         0.290305     0.000008163    -14388.5796        -1.414
2.2000         0.174319     0.000021769    -14388.6956        -0.932
2.3000         0.098611     0.000021769    -14388.7713        -0.602
2.4000         0.050270     0.000013606    -14388.8197        -0.378
2.5000         0.020275     0.000021769    -14388.8497        -0.229
2.6000         0.002430     0.000024490    -14388.8675        -0.133
2.7000        -0.007551     0.000016327    -14388.8775        -0.071
2.8000        -0.012539     0.000010885    -14388.8825        -0.031
2.9000        -0.014463     0.000010885    -14388.8844        -0.008
3.0000        -0.014558     0.000008163    -14388.8845         0.006
3.1000        -0.013660     0.000010885    -14388.8836         0.012
3.2000        -0.012291     0.000008163    -14388.8822         0.016
3.3000        -0.010743     0.000008163    -14388.8807         0.016
3.4000        -0.009197     0.000005442    -14388.8791         0.015
3.5000        -0.007802     0.000008163    -14388.8778         0.014
3.6000        -0.006553     0.000005442    -14388.8765         0.012
3.7000        -0.005469     0.000005442    -14388.8754         0.011
3.8000        -0.004558     0.000002721    -14388.8745         0.009
3.9000        -0.003801     0.000002721    -14388.8737         0.008
4.0000        -0.003176     0.000002721    -14388.8731         0.006
5.0000        -0.000931     0.000021769    -14388.8709         0.001
6.0000        -0.000732     0.000021769    -14388.8707         0.000
7.0000        -0.000716     0.000021769    -14388.8707         0.000
8.0000        -0.000716     0.000021769    -14388.8707         0.000
9.0000        -0.000716     0.000021769    -14388.8707
10.0000        -0.000716     0.000021769    -14388.8707
100.0000        -0.000716     0.000021769    -14388.8707
1000.0000        -0.000716     0.000021769    -14388.8707
