0.0020  19122921.287109     0.000016327  18748532.5683
0.0040   9328403.341329     0.000013606   8954014.6231
0.0060   6070497.488253     0.000024490   5696108.7699
0.0080   4446028.089383     0.000024490   4071639.3712
0.0100   3474755.748307     0.000019048   3100367.0298
0.0120   2828973.450661     0.000010885   2454584.7326
0.0140   2369085.525948     0.000016327   1994696.8079
0.0160   2026127.426754     0.000002721   1651738.7088
0.0180   1761146.329912     0.000010885   1386757.6119
0.0200   1550222.489738     0.000016327   1175833.7716
0.0400    633392.134678     0.000024490    259003.4166
0.0600    353153.415492     0.000016327    -21235.3026
0.0800    225182.308606     0.000019048   -149206.4094
0.1000    154698.733869     0.000016327   -219689.9842
0.1200    112168.964916     0.000019048   -262219.7531
0.1400     84308.717600     0.000013606   -290080.0004
0.1600     64788.475495     0.000016327   -309600.2425
0.1800     50719.497522     0.000021769   -323669.2205
0.2000     40375.619764     0.000016327   -334013.0983
0.2400     26799.106466     0.000021769   -347589.6115
0.2800     18630.233054     0.000021769   -355758.4851
0.3200     13107.550348     0.000019048   -361281.1677
0.3600      9547.948909     0.000008163   -364840.7691
0.4000      7162.444774     0.000021769   -367226.2733    -49403.430
0.4500      5158.811459     0.000013606   -369229.9066    -32122.521
0.5000      3830.376614     0.000019048   -370558.3414    -22107.428
0.5500      2875.861015     0.000016327   -371512.8570    -16576.385
0.6000      2161.540942     0.000010885   -372227.1771    -12016.761
0.6500      1651.651953     0.000013606   -372737.0661     -8570.522
0.7000      1284.484454     0.000021769   -373104.2336     -6271.365
0.7500      1012.211990     0.000024490   -373376.5062     -4763.150
0.8000       798.278800     0.000024490   -373590.4392     -3828.163
0.8500       626.540632     0.000013606   -373762.1774     -3040.013
0.9000       491.803563     0.000016327   -373896.9146     -2378.010
0.9500       386.779145     0.000016327   -374001.9389     -1847.131
1.0000       305.352854     0.000013606   -374083.3652     -1428.701
1.1000       193.606457     0.000010885   -374195.1115      -857.177
1.2000       125.951906     0.000021769   -374262.7661      -525.008
1.3000        83.962213     0.000016327   -374304.7557      -330.594
1.4000        57.198861     0.000019048   -374331.5192      -213.710
1.5000        39.723762     0.000010885   -374348.9944      -141.799
1.6000        28.094041     0.000027211   -374360.6240       -96.920
1.7000        19.890839     0.000021769   -374368.8272       -67.737
1.8000        14.076523     0.000013606   -374374.6414       -48.456
1.9000        10.017881     0.000016327   -374378.7003       -34.379
2.0000         7.116575     0.000016327   -374381.6015       -24.571
2.1000         5.025792     0.000013606   -374383.6922       -17.724
2.2000         3.506450     0.000013606   -374385.2117       -12.895
2.3000         2.392606     0.000021769   -374386.3254        -9.474
2.4000         1.572168     0.000024490   -374387.1459        -6.963
2.5000         0.966671     0.000027211   -374387.7513        -5.141
2.6000         0.522211     0.000010885   -374388.1960        -3.738
2.7000         0.199479     0.000008163   -374388.5187        -2.703
2.8000        -0.030104     0.000021769   -374388.7481        -1.882
2.9000        -0.156961     0.000019048   -374388.8749        -1.289
3.0000        -0.225618     0.000024490   -374388.9437        -0.812
3.1000        -0.253692     0.000016327   -374388.9717        -0.461
3.2000        -0.250840     0.000019048   -374388.9688        -0.201
3.3000        -0.225321     0.000024490   -374388.9434         0.004
3.4000        -0.183867     0.000016327   -374388.9018         0.154
3.5000        -0.130846     0.000010885   -374388.8488         0.250
3.6000        -0.070442     0.000016327   -374388.7886         0.322
3.7000        -0.005943     0.000013606   -374388.7239         0.371
3.8000         0.060341     0.000016327   -374388.6577         0.394
3.9000         0.126781     0.000016327   -374388.5913         0.398
4.0000         0.192047     0.000013606   -374388.5260         0.396
5.0000         0.654274     0.000027211   -374388.0637         0.193
6.0000         0.825980     0.000024490   -374387.8920         0.081
7.0000         0.882773     0.000016327   -374387.8354         0.030
8.0000         0.904414     0.000027211   -374387.8136         0.016
9.0000         0.914744     0.000010885   -374387.8033         0.010
10.0000         0.920975     0.000010885   -374387.7970         0.007
100.0000         0.952674     0.000019048   -374387.7655         0.000
1000.0000         0.954919     0.000024490   -374387.7630
