0.0020         0.000000     0.000005442  27519861.4462
0.0040  13746397.130305     0.000008163  13010155.1750
0.0060   8927176.589370     0.000005442   8190934.6344
0.0080   6530225.300024     0.000019048   5793983.3449
0.0100   5097623.582841     0.000024490   4361381.6273
0.0120   4146274.534970     0.000010885   3410032.5775
0.0140   3469778.376915     0.000021769   2733536.4208
0.0160   2965012.418399     0.000016327   2228770.4622
0.0180   2575165.805301     0.000013606   1838923.8490
0.0200   2265823.229846     0.000010885   1529581.2736
0.0400    920116.312736     0.000027211    183874.3564
0.0600    510877.489041     0.000000000   -225364.4673
0.0800    325023.545635     0.000019048   -411218.4106
0.1000    223473.458107     0.000016327   -512768.4983
0.1200    160947.803295     0.000024490   -575294.1531
0.1400    119448.121500     0.000016327   -616793.8349
0.1600     91405.704081     0.000024490   -644836.2522
0.1800     71988.672987     0.000013606   -664253.2835
0.2000     57520.406047     0.000024490   -678721.5503
0.2400     37909.167345     0.000019048   -698332.7890
0.2800     25968.811972     0.000019048   -710273.1444
0.3200     18523.104087     0.000019048   -717718.8523
0.3600     13445.078591     0.000024490   -722796.8778
0.4000      9899.127607     0.000008163   -726342.8286
0.4500      7010.434544     0.000010885   -729231.5218    -45475.500
0.5000      5159.676251     0.000013606   -731082.2802    -29996.458
0.5500      3902.041475     0.000027211   -732339.9150    -21071.393
0.6000      2997.521572     0.000016327   -733244.4348    -15495.729
0.6500      2325.479540     0.000021769   -733916.4769    -11614.275
0.7000      1819.339378     0.000024490   -734422.6170     -8789.529
0.7500      1434.455810     0.000019048   -734807.5004     -6712.859
0.8000      1138.928294     0.000021769   -735103.0281     -5178.033
0.8500       909.635988     0.000016327   -735332.3203     -4043.057
0.9000       728.586018     0.000013606   -735513.3703     -3237.148
0.9500       582.140480     0.000016327   -735659.8158     -2611.457
1.0000       465.069871     0.000024490   -735776.8865     -2086.392
1.1000       297.807510     0.000010885   -735944.1487     -1311.066
1.2000       192.934735     0.000024490   -736049.0217      -822.374
1.3000       126.814240     0.000008163   -736115.1421      -522.849
1.4000        84.407614     0.000019048   -736157.5486      -338.665
1.5000        56.706236     0.000019048   -736185.2501      -223.333
1.6000        38.312103     0.000021769   -736203.6442      -149.434
1.7000        25.941990     0.000021769   -736216.0142      -101.090
1.8000        17.552942     0.000013606   -736224.4035       -68.759
1.9000        11.839964     0.000010885   -736230.1163       -46.813
2.0000         7.946805     0.000021769   -736234.0094       -31.962
2.1000         5.298690     0.000019048   -736236.6576       -21.711
2.2000         3.503829     0.000024490   -736238.4525       -14.663
2.3000         2.292947     0.000021769   -736239.6634        -9.897
2.4000         1.480420     0.000016327   -736240.4759        -6.606
2.5000         0.938486     0.000027211   -736241.0180        -4.402
2.6000         0.580163     0.000016327   -736241.3761        -2.890
2.7000         0.345628     0.000013606   -736241.6106        -1.895
2.8000         0.194820     0.000013606   -736241.7614        -1.190
2.9000         0.100233     0.000010885   -736241.8561        -0.756
3.0000         0.043429     0.000010885   -736241.9130        -0.431
3.1000         0.011897     0.000008163   -736241.9445        -0.227
3.2000        -0.002849     0.000008163   -736241.9592        -0.096
3.3000        -0.006596     0.000027211   -736241.9630        -0.005
3.4000        -0.003369     0.000021769   -736241.9598         0.056
3.5000         0.004210     0.000019048   -736241.9521         0.080
3.6000         0.014302     0.000016327   -736241.9421         0.103
3.7000         0.025543     0.000027211   -736241.9309         0.111
3.8000         0.037154     0.000024490   -736241.9192         0.113
3.9000         0.048673     0.000021769   -736241.9078         0.106
4.0000         0.059705     0.000019048   -736241.8966         0.103
5.0000         0.128296     0.000008163   -736241.8281         0.033
6.0000         0.148027     0.000021769   -736241.8082         0.007
7.0000         0.152550     0.000008163   -736241.8038         0.001
8.0000         0.153470     0.000005442   -736241.8028        -0.001
9.0000         0.153646     0.000008163   -736241.8028        -0.001
10.0000         0.153679     0.000008163   -736241.8028        -0.001
100.0000         0.153687     0.000008163   -736241.8028
1000.0000         0.153687     0.000008163   -736241.8028
