0.0020  16565417.060437     0.000019048  16093099.1697
0.0040   8068766.693509     0.000021769   7596448.8034
0.0060   5247108.528974     0.000005442   4774790.6386
0.0080   3842285.053209     0.000024490   3369967.1629
0.0100   3002878.832994     0.000019048   2530560.9429
0.0120   2445296.716349     0.000019048   1972978.8265
0.0140   2048863.671308     0.000019048   1576545.7812
0.0160   1753304.783143     0.000021769   1280986.8933
0.0180   1524769.421254     0.000013606   1052451.5312
0.0200   1343183.062305     0.000010885    870865.1724
0.0400    552851.423380     0.000005442     80533.5334
0.0600    308930.288582     0.000019048   -163387.6014
0.0800    197299.259414     0.000024490   -275018.6307
0.1000    135991.680965     0.000016327   -336326.2090
0.1200     98810.576306     0.000021769   -373507.3138
0.1400     74301.559441     0.000021769   -398016.3306
0.1600     57052.727210     0.000024490   -415265.1626
0.1800     44467.748936     0.000016327   -427850.1410
0.2000     35203.623962     0.000013606   -437114.2660
0.2400     23125.963376     0.000019048   -449191.9265
0.2800     16050.468066     0.000013606   -456267.4220
0.3200     11298.586705     0.000019048   -461019.3032
0.3600      8126.265516     0.000019048   -464191.6244
0.4000      5995.642791     0.000013606   -466322.2473    -44000.057
0.4500      4209.320882     0.000021769   -468108.5690    -28718.138
0.5000      3023.794717     0.000024490   -469294.0953    -19490.066
0.5500      2192.299752     0.000016327   -470125.5904    -14260.835
0.6000      1582.828790     0.000019048   -470735.0611    -10196.948
0.6500      1154.848833     0.000021769   -471163.0412     -7091.059
0.7000       856.914178     0.000021769   -471460.9757     -4953.030
0.7500       647.299099     0.000021769   -471670.5908     -3516.452
0.8000       496.904870     0.000010885   -471820.9852     -2554.782
0.8500       386.296708     0.000021769   -471931.5933     -1905.167
0.9000       302.868236     0.000019048   -472015.0218     -1454.784
0.9500       238.832292     0.000016327   -472079.0576     -1130.683
1.0000       188.911827     0.000016327   -472128.9782      -887.682
1.1000       118.674065     0.000010885   -472199.2160      -553.899
1.2000        74.754810     0.000010885   -472243.1352      -350.302
1.3000        46.991313     0.000013606   -472270.8987      -227.355
1.4000        28.737746     0.000016327   -472289.1521      -148.220
1.5000        16.721855     0.000010885   -472301.1681       -97.142
1.6000         8.799409     0.000013606   -472309.0905       -63.839
1.7000         3.597572     0.000021769   -472314.2925       -41.671
1.8000         0.234067     0.000010885   -472317.6558       -26.655
1.9000        -1.878180     0.000027211   -472319.7682       -16.393
2.0000        -3.118821     0.000008163   -472321.0088        -9.503
2.1000        -3.611167     0.000024490   -472321.5010        -5.102
2.2000        -3.799666     0.000021769   -472321.6896        -2.175
2.3000        -3.788871     0.000019048   -472321.6790        -0.167
2.4000        -3.647247     0.000021769   -472321.5372         1.176
2.5000        -3.198240     0.000016327   -472321.0882         1.810
2.6000        -2.678127     0.000021769   -472320.5682         2.104
2.7000        -2.190185     0.000005442   -472320.0801         2.240
2.8000        -1.740765     0.000024490   -472319.6308         2.220
2.9000        -1.331802     0.000027211   -472319.2218         2.177
3.0000        -0.963079     0.000016327   -472318.8531         2.074
3.1000        -0.630828     0.000024490   -472318.5208         1.924
3.2000        -0.333046     0.000016327   -472318.2231         1.801
3.3000        -0.028194     0.000027211   -472317.9181         1.652
3.4000         0.267719     0.000016327   -472317.6223         1.462
3.5000         0.529969     0.000024490   -472317.3600         1.303
3.6000         0.761563     0.000024490   -472317.1284         1.157
3.7000         0.965452     0.000016327   -472316.9246         1.023
3.8000         1.144432     0.000024490   -472316.7456         0.887
3.9000         1.301050     0.000013606   -472316.5888         0.777
4.0000         1.437529     0.000008163   -472316.4525         0.676
5.0000         2.091130     0.000008163   -472315.7989         0.148
6.0000         2.216640     0.000008163   -472315.6734         0.032
7.0000         2.237838     0.000008163   -472315.6522         0.006
8.0000         2.241242     0.000016327   -472315.6487         0.001
9.0000         2.241648     0.000013606   -472315.6484         0.000
10.0000         2.241566     0.000005442   -472315.6484
100.0000         2.240189     0.000019048   -472315.6498
1000.0000         2.240080     0.000027211   -472315.6500
