0.0020   1199425.980927     0.000019048   1133506.6868
0.0040    587842.660366     0.000019048    521923.3665
0.0060    384272.729573     0.000021769    318353.4354
0.0080    282764.560953     0.000021769    216845.2669
0.0100    222156.427855     0.000005442    156237.1338
0.0120    181899.242010     0.000013606    115979.9480
0.0140    153240.384898     0.000027211     87321.0909
0.0160    131833.488114     0.000024490     65914.1941
0.0180    115249.111347     0.000024490     49329.8173
0.0200    102039.122657     0.000016327     36119.8286
0.0400     43807.370843     0.000024490    -22111.9232
0.0600     25330.997735     0.000024490    -40588.2963
0.0800     16717.611405     0.000013606    -49201.6826
0.1000     11864.335296     0.000016327    -54054.9587
0.1200      8807.232198     0.000016327    -57112.0618
0.1400      6730.371594     0.000021769    -59188.9224
0.1600      5257.818681     0.000016327    -60661.4753
0.1800      4185.112925     0.000016327    -61734.1811    -45930.303
0.2000      3387.756102     0.000010885    -62531.5379    -34449.297
0.2400      2322.574460     0.000024490    -63596.7196    -20308.996
0.2800      1676.714928     0.000016327    -64242.5791    -12738.740
0.3200      1257.819571     0.000010885    -64661.4745     -8633.567
0.3600       960.193126     0.000013606    -64959.1009     -6453.765
0.4000       733.426596     0.000016327    -65185.8674     -4927.870
0.4500       526.847071     0.000024490    -65392.4470     -3411.941
0.5000       384.422483     0.000019048    -65534.8715     -2353.854
0.5500       285.684267     0.000024490    -65633.6098     -1643.335
0.6000       216.232988     0.000013606    -65703.0611     -1166.653
0.6500       166.458577     0.000013606    -65752.8355      -844.753
0.7000       129.980115     0.000021769    -65789.3139      -626.135
0.7500       102.489968     0.000019048    -65816.8041      -477.436
0.8000        81.184868     0.000016327    -65838.1092      -374.933
0.8500        64.383243     0.000008163    -65854.9108      -301.079
0.9000        50.764086     0.000021769    -65868.5300      -245.999
0.9500        39.580067     0.000021769    -65879.7140      -202.759
1.0000        30.353346     0.000024490    -65888.9407      -167.305
1.1000        16.526507     0.000021769    -65902.7675      -112.290
1.2000         7.378237     0.000013606    -65911.9158       -73.086
1.3000         1.525895     0.000016327    -65917.7681       -45.779
1.4000        -2.063856     0.000021769    -65921.3579       -27.303
1.5000        -4.134029     0.000010885    -65923.4281       -14.989
1.6000        -5.197725     0.000013606    -65924.4918        -6.930
1.7000        -5.557987     0.000013606    -65924.8520        -1.973
1.8000        -5.475591     0.000016327    -65924.7696         0.818
1.9000        -5.209461     0.000013606    -65924.5035         2.401
2.0000        -4.853082     0.000013606    -65924.1471         3.161
2.1000        -4.469047     0.000019048    -65923.7631         3.451
2.2000        -4.092123     0.000019048    -65923.3861         3.456
2.3000        -3.739167     0.000013606    -65923.0332         3.334
2.4000        -3.414712     0.000016327    -65922.7087         3.155
2.5000        -3.115346     0.000021769    -65922.4094         2.979
2.6000        -2.778928     0.000027211    -65922.0730         2.768
2.7000        -2.307660     0.000019048    -65921.6017         2.413
2.8000        -1.903402     0.000013606    -65921.1974         2.104
2.9000        -1.555267     0.000010885    -65920.8493         1.834
3.0000        -1.254451     0.000010885    -65920.5485         1.599
3.1000        -0.994070     0.000016327    -65920.2881         1.389
3.2000        -0.768349     0.000024490    -65920.0624         1.205
3.3000        -0.572563     0.000019048    -65919.8666         1.043
3.4000        -0.403131     0.000019048    -65919.6972         0.901
3.5000        -0.213999     0.000021769    -65919.5080         0.729
3.6000        -0.061484     0.000024490    -65919.3555         0.590
3.7000         0.061405     0.000019048    -65919.2326         0.478
3.8000         0.160738     0.000010885    -65919.1333         0.390
3.9000         0.241278     0.000008163    -65919.0528         0.321
4.0000         0.306596     0.000008163    -65918.9875         0.265
5.0000         0.565208     0.000019048    -65918.7288         0.050
6.0000         0.614074     0.000002721    -65918.6800         0.006
7.0000         0.631928     0.000016327    -65918.6621         0.005
8.0000         0.642186     0.000024490    -65918.6519         0.003
9.0000         0.649313     0.000010885    -65918.6447         0.002
10.0000         0.654674     0.000010885    -65918.6394         0.002
100.0000         0.690378     0.000002721    -65918.6037
1000.0000         0.693363     0.000002721    -65918.6007
