0.0020   5466996.493417     0.000016327   5366449.6409
0.0040   2677128.035272     0.000013606   2576581.1829
0.0060   1748234.682859     0.000013606   1647687.8304
0.0080   1285137.636468     0.000027211   1184590.7839
0.0100   1008318.012514     0.000013606    907771.1602
0.0120    824362.605116     0.000008163    723815.7528
0.0140    693295.073515     0.000019048    592748.2212
0.0160    595265.722800     0.000021769    494718.8705
0.0180    519382.415484     0.000013606    418835.5631
0.0200    458976.540948     0.000024490    358429.6885
0.0400    192777.823313     0.000008163     92230.9709
0.0600    110266.896564     0.000021769      9720.0441
0.0800     71727.000581     0.000013606    -28819.8519
0.1000     50099.258554     0.000027211    -50447.5939
0.1200     36762.313691     0.000021769    -63784.5387
0.1400     27959.893793     0.000027211    -72586.9587
0.1600     21789.091113     0.000024490    -78757.7613
0.1800     17264.855373     0.000010885    -83281.9971
0.2000     13869.266061     0.000019048    -86677.5864
0.2400      9299.324868     0.000016327    -91247.5276
0.2800      6533.297733     0.000008163    -94013.5547
0.3200      4785.397382     0.000008163    -95761.4551    -34924.038
0.3600      3620.499757     0.000027211    -96926.3527    -25356.357
0.4000      2698.240263     0.000021769    -97848.6122    -19609.470
0.4500      1904.178612     0.000021769    -98642.6738    -12672.491
0.5000      1387.602736     0.000016327    -99159.2497     -8334.545
0.5500      1043.563535     0.000005442    -99503.2889     -5654.660
0.6000       806.174628     0.000024490    -99740.6778     -4001.164
0.6500       634.568688     0.000021769    -99912.2838     -2955.220
0.7000       505.455553     0.000019048   -100041.3969     -2253.774
0.7500       405.571914     0.000021769   -100141.2805     -1766.809
0.8000       326.546298     0.000008163   -100220.3061     -1410.991
0.8500       263.350620     0.000019048   -100283.5018     -1130.275
0.9000       213.076085     0.000027211   -100333.7764      -901.339
0.9500       173.331939     0.000008163   -100373.5205      -713.571
1.0000       141.805298     0.000024490   -100405.0471      -557.103
1.1000        97.758845     0.000021769   -100449.0936      -356.303
1.2000        67.029625     0.000027211   -100479.8228      -249.052
1.3000        46.221296     0.000013606   -100500.6311      -169.317
1.4000        32.038461     0.000019048   -100514.8140      -116.711
1.5000        22.269613     0.000019048   -100524.5828       -80.919
1.6000        15.581528     0.000016327   -100531.2709       -56.121
1.7000        11.023492     0.000021769   -100535.8290       -38.859
1.8000         7.883533     0.000027211   -100538.9689       -26.753
1.9000         5.734010     0.000021769   -100541.1184       -18.325
2.0000         4.325159     0.000019048   -100542.5273       -12.589
2.1000         3.375500     0.000016327   -100543.4770        -8.638
2.2000         2.720476     0.000021769   -100544.1320        -6.015
2.3000         2.256505     0.000019048   -100544.5959        -4.245
2.4000         1.910210     0.000024490   -100544.9422        -3.177
2.5000         1.632431     0.000019048   -100545.2200        -2.453
2.6000         1.394170     0.000010885   -100545.4583        -2.000
2.7000         1.181244     0.000008163   -100545.6712        -1.678
2.8000         0.988808     0.000008163   -100545.8636        -1.430
2.9000         0.816404     0.000005442   -100546.0361        -1.221
3.0000         0.666867     0.000008163   -100546.1856        -1.029
3.1000         0.539942     0.000010885   -100546.3125        -0.851
3.2000         0.436220     0.000005442   -100546.4162        -0.684
3.3000         0.355177     0.000019048   -100546.4973        -0.545
3.4000         0.294969     0.000010885   -100546.5575        -0.406
3.5000         0.253020     0.000013606   -100546.5994        -0.284
3.6000         0.226363     0.000019048   -100546.6261        -0.182
3.7000         0.213620     0.000019048   -100546.6388        -0.112
3.8000         0.212271     0.000021769   -100546.6402        -0.041
3.9000         0.219495     0.000021769   -100546.6330         0.017
4.0000         0.233566     0.000024490   -100546.6189         0.067
5.0000         0.495334     0.000010885   -100546.3571         0.154
6.0000         0.680922     0.000021769   -100546.1715         0.087
7.0000         0.758841     0.000008163   -100546.0936         0.033
8.0000         0.788366     0.000008163   -100546.0641         0.012
9.0000         0.800355     0.000008163   -100546.0521         0.005
10.0000         0.806252     0.000008163   -100546.0462         0.002
100.0000         0.828905     0.000013606   -100546.0235
1000.0000         0.830475     0.000016327   -100546.0220
