0.0020   7873734.717589     0.000019048   7736524.7297
0.0040   3853621.668528     0.000027211   3716411.6797
0.0060   2515324.817335     0.000008163   2378114.8297
0.0080   1847878.291614     0.000013606   1710668.3041
0.0100   1448505.333421     0.000024490   1311295.3459
0.0120   1182971.636083     0.000016327   1045761.6484
0.0140    993993.024105     0.000008163    856783.0366
0.0160    852754.137101     0.000021769    715544.1496
0.0180    743297.839117     0.000021769    606087.8516
0.0200    656088.057073     0.000019048    518878.0695
0.0400    273465.263656     0.000019048    136255.2761
0.0600    155396.655112     0.000010885     18186.6675
0.0800    100296.321401     0.000024490    -36913.6662
0.1000     69764.864387     0.000013606    -67445.1232
0.1200     50997.943612     0.000010885    -86212.0440
0.1400     38473.430431     0.000019048    -98736.5572
0.1600     29659.349228     0.000002721   -107550.6383
0.1800     23311.779379     0.000021769   -113898.2082
0.2000     18667.298440     0.000016327   -118542.6891
0.2400     12608.983368     0.000016327   -124601.0042
0.2800      8915.186211     0.000010885   -128294.8014
0.3200      6343.779789     0.000019048   -130866.2078
0.3600      4650.299647     0.000019048   -132559.6879    -34547.794
0.4000      3487.526279     0.000019048   -133722.4613    -24398.441
0.4500      2484.278537     0.000013606   -134725.7090    -16273.734
0.5000      1814.687696     0.000024490   -135395.2999    -10940.707
0.5500      1358.424045     0.000024490   -135851.5635     -7611.817
0.6000      1026.817157     0.000024490   -136183.1704     -5966.477
0.6500       759.039997     0.000024490   -136450.9476     -4620.329
0.7000       562.137427     0.000008163   -136647.8502     -3313.406
0.7500       421.163119     0.000002721   -136788.8245     -2376.061
0.8000       319.469640     0.000002721   -136890.5180     -1725.492
0.8500       245.004819     0.000019048   -136964.9828     -1274.921
0.9000       189.472676     0.000016327   -137020.5149      -960.333
0.9500       147.277754     0.000021769   -137062.7098      -736.876
1.0000       114.713145     0.000013606   -137095.2744      -574.372
1.1000        69.136130     0.000021769   -137140.8515      -358.930
1.2000        40.478715     0.000013606   -137169.5089      -226.161
1.3000        22.459473     0.000013606   -137187.5281      -141.204
1.4000        11.220418     0.000010885   -137198.7672       -87.249
1.5000         4.246972     0.000021769   -137205.7406       -53.535
1.6000        -0.072622     0.000024490   -137210.0602       -32.643
1.7000        -2.728356     0.000019048   -137212.7159       -19.639
1.8000        -4.249223     0.000019048   -137214.2368       -11.421
1.9000        -5.114265     0.000016327   -137215.1019        -6.148
2.0000        -5.555332     0.000013606   -137215.5429        -2.752
2.1000        -5.624982     0.000016327   -137215.6126        -0.687
2.2000        -5.319934     0.000016327   -137215.3075         0.352
2.3000        -4.948711     0.000008163   -137214.9363         0.978
2.4000        -4.547925     0.000016327   -137214.5355         1.364
2.5000        -4.158524     0.000024490   -137214.1461         1.562
2.6000        -3.754024     0.000019048   -137213.7416         1.609
2.7000        -3.346515     0.000013606   -137213.3341         1.544
2.8000        -3.002516     0.000024490   -137212.9901         1.490
2.9000        -2.706075     0.000010885   -137212.6936         1.449
3.0000        -2.445186     0.000016327   -137212.4328         1.390
3.1000        -2.210665     0.000005442   -137212.1982         1.333
3.2000        -1.997300     0.000027211   -137211.9849         1.278
3.3000        -1.779707     0.000008163   -137211.7673         1.193
3.4000        -1.573518     0.000019048   -137211.5611         1.092
3.5000        -1.387041     0.000019048   -137211.3746         1.004
3.6000        -1.219245     0.000016327   -137211.2068         0.918
3.7000        -1.068540     0.000024490   -137211.0561         0.829
3.8000        -0.933163     0.000027211   -137210.9207         0.739
3.9000        -0.811784     0.000013606   -137210.7994         0.663
4.0000        -0.703869     0.000005442   -137210.6915         0.590
5.0000        -0.137336     0.000016327   -137210.1249         0.154
6.0000        -0.006661     0.000005442   -137209.9943         0.037
7.0000         0.021029     0.000010885   -137209.9665         0.008
8.0000         0.028308     0.000008163   -137209.9593         0.002
9.0000         0.031258     0.000016327   -137209.9563         0.001
10.0000         0.033010     0.000016327   -137209.9546         0.001
100.0000         0.042926     0.000016327   -137209.9446
1000.0000         0.043691     0.000008163   -137209.9439
