0.0020   3127123.715970     0.000021769   3041802.8865
0.0040   1530561.044699     0.000002721   1445240.2154
0.0060    999393.413617     0.000016327    914072.5843
0.0080    734809.455875     0.000021769    649488.6265
0.0100    576874.702861     0.000019048    491553.8735
0.0120    471779.191459     0.000019048    386458.3622
0.0140    397145.410558     0.000016327    311824.5812
0.0160    341474.418691     0.000019048    256153.5894
0.0180    298365.731265     0.000021769    213044.9020
0.0200    263964.236788     0.000008163    178643.4075
0.0400    111968.731023     0.000024490     26647.9017
0.0600     64391.063699     0.000008163    -20929.7656
0.0800     42207.477762     0.000010885    -43113.3515
0.1000     29648.430601     0.000005442    -55672.3987
0.1200     21783.964059     0.000021769    -63536.8652
0.1400     16597.831509     0.000016327    -68722.9978
0.1600     13047.791839     0.000019048    -72273.0374
0.1800     10501.774898     0.000021769    -74819.0544
0.2000      8575.895467     0.000010885    -76744.9338
0.2400      5883.675641     0.000019048    -79437.1536
0.2800      4149.565019     0.000024490    -81171.2642    -34878.536
0.3200      3002.832287     0.000008163    -82317.9970    -23296.026
0.3600      2229.626677     0.000013606    -83091.2026    -15869.323
0.4000      1698.270917     0.000024490    -83622.5584    -11009.993
0.4500      1249.948593     0.000027211    -84070.8807     -7255.735
0.5000       944.721010     0.000013606    -84376.1083     -5168.046
0.5500       719.386979     0.000027211    -84601.4423     -3942.130
0.6000       547.335807     0.000027211    -84773.4935     -2988.584
0.6500       418.256487     0.000013606    -84902.5728     -2199.948
0.7000       323.704402     0.000024490    -84997.1249     -1605.032
0.7500       254.568996     0.000016327    -85066.2603     -1177.993
0.8000       203.520300     0.000010885    -85117.3090      -875.218
0.8500       165.268672     0.000008163    -85155.5606      -660.696
0.9000       136.073715     0.000013606    -85184.7556      -508.491
0.9500       113.283831     0.000010885    -85207.5454      -400.515
1.0000        95.035126     0.000005442    -85225.7941      -323.531
1.1000        67.792203     0.000013606    -85253.0371      -224.703
1.2000        48.619633     0.000024490    -85272.2097      -161.924
1.3000        34.769652     0.000021769    -85286.0596      -115.999
1.4000        24.975985     0.000019048    -85295.8533       -81.530
1.5000        18.131878     0.000013606    -85302.6974       -56.687
1.6000        13.384015     0.000021769    -85307.4453       -39.288
1.7000        10.086230     0.000010885    -85310.7430       -27.392
1.8000         7.770867     0.000021769    -85313.0584       -19.424
1.9000         6.112618     0.000010885    -85314.7167       -14.067
2.0000         4.891940     0.000021769    -85315.9373       -10.504
2.1000         3.964921     0.000019048    -85316.8643        -8.050
2.2000         3.239647     0.000024490    -85317.5896        -6.348
2.3000         2.658466     0.000024490    -85318.1708        -5.080
2.4000         2.184414     0.000013606    -85318.6449        -4.105
2.5000         1.792442     0.000019048    -85319.0368        -3.365
2.6000         1.465638     0.000008163    -85319.3636        -2.737
2.7000         1.190569     0.000008163    -85319.6387        -2.228
2.8000         0.958138     0.000008163    -85319.8712        -1.820
2.9000         0.760145     0.000010885    -85320.0691        -1.471
3.0000         0.590729     0.000010885    -85320.2386        -1.180
3.1000         0.444909     0.000008163    -85320.3844        -0.950
3.2000         0.319503     0.000008163    -85320.5098        -0.757
3.3000         0.210600     0.000027211    -85320.6187        -0.591
3.4000         0.115608     0.000027211    -85320.7137        -0.461
3.5000         0.032727     0.000024490    -85320.7966        -0.353
3.6000        -0.018204     0.000013606    -85320.8475        -0.260
3.7000        -0.038948     0.000021769    -85320.8682        -0.172
3.8000        -0.052102     0.000019048    -85320.8814        -0.098
3.9000        -0.059307     0.000019048    -85320.8886        -0.046
4.0000        -0.061601     0.000016327    -85320.8909        -0.001
5.0000         0.013023     0.000016327    -85320.8163         0.088
6.0000         0.082214     0.000024490    -85320.7471         0.047
7.0000         0.112745     0.000008163    -85320.7165         0.018
8.0000         0.123880     0.000016327    -85320.7054         0.006
9.0000         0.127491     0.000002721    -85320.7018         0.002
10.0000         0.128609     0.000008163    -85320.7007         0.000
100.0000         0.129083     0.000005442    -85320.7002
1000.0000         0.129091     0.000005442    -85320.7002
