0.0020  22743753.217472     0.000002721  22035575.8428
0.0040  11064427.757952     0.000010885  10356250.3821
0.0060   7186295.695304     0.000016327   6478118.3201
0.0080   5258741.639566     0.000021769   4550564.2647
0.0100   4107299.075839     0.000019048   3399121.7002
0.0120   3342451.379966     0.000019048   2634274.0051
0.0140   2798889.676084     0.000013606   2090712.3011
0.0160   2393490.232547     0.000019048   1685312.8576
0.0180   2080258.449167     0.000019048   1372081.0741
0.0200   1831371.025582     0.000027211   1123193.6507
0.0400    747168.856357     0.000021769     38991.4814
0.0600    416288.162073     0.000019048   -291889.2129
0.0800    264834.099084     0.000010885   -443343.2759
0.1000    182096.243170     0.000016327   -526081.1317
0.1200    131302.210511     0.000024490   -576875.1643
0.1400     97541.280502     0.000016327   -610636.0944
0.1600     74306.305716     0.000016327   -633871.0692
0.1800     57995.135289     0.000010885   -650182.2396
0.2000     46342.392274     0.000024490   -661834.9828
0.2400     30796.510101     0.000008163   -677380.8650
0.2800     21219.170424     0.000016327   -686958.2045
0.3200     15117.494385     0.000008163   -693059.8806
0.3600     11075.633062     0.000016327   -697101.7419
0.4000      8239.202317     0.000019048   -699938.1727
0.4500      5781.974031     0.000005442   -702395.4009    -39496.730
0.5000      4172.616380     0.000027211   -704004.7585    -25895.067
0.5500      3103.726522     0.000019048   -705073.6485    -17525.573
0.6000      2364.715592     0.000013606   -705812.6594    -12438.102
0.6500      1828.102852     0.000019048   -706349.2720     -9245.757
0.7000      1424.032857     0.000016327   -706753.3422     -7024.202
0.7500      1117.095151     0.000024490   -707060.2799     -5322.141
0.8000       884.996553     0.000019048   -707292.3784     -4020.266
0.8500       709.295070     0.000024490   -707468.0800     -3054.829
0.9000       575.063754     0.000027211   -707602.3113     -2349.805
0.9500       471.099506     0.000021769   -707706.2755     -1834.617
1.0000       389.343484     0.000013606   -707788.0316     -1454.139
1.1000       271.430878     0.000019048   -707905.9440      -951.406
1.2000       192.863047     0.000010885   -707984.5120      -649.398
1.3000       138.757817     0.000013606   -708038.6172      -454.571
1.4000       100.566378     0.000019048   -708076.8087      -323.253
1.5000        73.371401     0.000021769   -708104.0035      -231.957
1.6000        53.719503     0.000024490   -708123.6556      -167.696
1.7000        39.422809     0.000008163   -708137.9521      -121.711
1.8000        28.996469     0.000016327   -708148.3785       -88.702
1.9000        21.357046     0.000024490   -708156.0178       -64.835
2.0000        15.736388     0.000016327   -708161.6386       -47.481
2.1000        11.690190     0.000016327   -708165.6846       -34.914
2.2000         8.707002     0.000024490   -708168.6678       -25.713
2.3000         6.516925     0.000013606   -708170.8581       -18.761
2.4000         4.924234     0.000024490   -708172.4508       -13.669
2.5000         3.776525     0.000021769   -708173.5985        -9.792
2.6000         2.960652     0.000019048   -708174.4143        -7.027
2.7000         2.383969     0.000016327   -708174.9909        -4.949
2.8000         1.992821     0.000008163   -708175.3822        -3.528
2.9000         1.719673     0.000013606   -708175.6552        -2.510
3.0000         1.523400     0.000013606   -708175.8516        -1.800
3.1000         1.372382     0.000021769   -708176.0027        -1.380
3.2000         1.250350     0.000021769   -708176.1246        -1.070
3.3000         1.143970     0.000024490   -708176.2310        -0.839
3.4000         1.048978     0.000016327   -708176.3259        -0.741
3.5000         0.963449     0.000016327   -708176.4114        -0.609
3.6000         0.884746     0.000016327   -708176.4903        -0.508
3.7000         0.815923     0.000013606   -708176.5591        -0.423
3.8000         0.755527     0.000010885   -708176.6195        -0.354
3.9000         0.703480     0.000010885   -708176.6715        -0.280
4.0000         0.661558     0.000024490   -708176.7134        -0.218
5.0000         0.598362     0.000024490   -708176.7765         0.099
6.0000         0.749862     0.000021769   -708176.6250         0.091
7.0000         0.847352     0.000027211   -708176.5276         0.051
8.0000         0.890327     0.000016327   -708176.4846         0.024
9.0000         0.906597     0.000019048   -708176.4682         0.002
10.0000         0.912355     0.000021769   -708176.4625         0.006
100.0000         0.915702     0.000005442   -708176.4593
1000.0000         0.915726     0.000008163   -708176.4593
