0.0020  16590104.325270     0.000010885  16270291.8565
0.0040   8097722.455080     0.000010885   7777909.9868
0.0060   5275020.638163     0.000021769   4955208.1697
0.0080   3865615.659192     0.000024490   3545803.1902
0.0100   3022364.363733     0.000010885   2702551.8959
0.0120   2462262.489078     0.000010885   2142450.0211
0.0140   2063155.837884     0.000013606   1743343.3699
0.0160   1765295.009377     0.000024490   1445482.5416
0.0180   1534939.834175     0.000008163   1215127.3662
0.0200   1351749.138777     0.000008163   1031936.6709
0.0400    554351.498916     0.000019048    234539.0311
0.0600    309873.033807     0.000010885     -9939.4340
0.0800    197998.918789     0.000024490   -121813.5491
0.1000    136203.046499     0.000005442   -183609.4213
0.1200     98640.810055     0.000024490   -221171.6578
0.1400     74486.556566     0.000013606   -245325.9113
0.1600     57699.562709     0.000024490   -262112.9051
0.1800     45364.862971     0.000005442   -274447.6050
0.2000     36211.681855     0.000024490   -283600.7861
0.2400     24069.342891     0.000027211   -295743.1248
0.2800     16817.998884     0.000019048   -302994.4691
0.3200     12096.237112     0.000013606   -307716.2308
0.3600      8780.411435     0.000005442   -311032.0564
0.4000      6578.367840     0.000021769   -313234.1000    -44971.582
0.4500      4765.548979     0.000019048   -315046.9188    -29147.798
0.5000      3549.092381     0.000005442   -316263.3754    -20206.830
0.5500      2687.660557     0.000019048   -317124.8074    -14776.453
0.6000      2042.112049     0.000013606   -317770.3559    -11217.404
0.6500      1554.139173     0.000010885   -318258.3286     -8360.630
0.7000      1191.306525     0.000024490   -318621.1613     -6160.409
0.7500       925.723031     0.000019048   -318886.7448     -4540.150
0.8000       728.665695     0.000013606   -319083.8021     -3410.084
0.8500       579.123267     0.000013606   -319233.3445     -2619.011
0.9000       463.144834     0.000016327   -319349.3230     -2062.896
0.9500       370.684559     0.000024490   -319441.7832     -1651.806
1.0000       296.329735     0.000021769   -319516.1381     -1327.083
1.1000       189.520421     0.000010885   -319622.9474      -839.309
1.2000       123.670845     0.000021769   -319688.7971      -528.267
1.3000        81.451249     0.000027211   -319731.0167      -346.269
1.4000        52.641836     0.000024490   -319759.8259      -233.674
1.5000        33.603484     0.000010885   -319778.8644      -153.900
1.6000        20.987867     0.000013606   -319791.4799      -101.841
1.7000        12.614708     0.000021769   -319799.8531       -67.308
1.8000         7.089181     0.000010885   -319805.3786       -44.042
1.9000         3.531881     0.000021769   -319808.9360       -28.308
2.0000         1.518907     0.000027211   -319810.9488       -17.924
2.1000         0.358322     0.000027211   -319812.1096       -10.966
2.2000        -0.261447     0.000016327   -319812.7292        -6.352
2.3000        -0.530668     0.000019048   -319812.9986        -3.403
2.4000        -0.588000     0.000013606   -319813.0558        -1.602
2.5000        -0.534255     0.000013606   -319813.0022        -0.550
2.6000        -0.431741     0.000024490   -319812.8996        -0.011
2.7000        -0.321533     0.000016327   -319812.7894         0.262
2.8000        -0.220162     0.000027211   -319812.6879         0.395
2.9000        -0.107534     0.000027211   -319812.5755         0.393
3.0000         0.038978     0.000016327   -319812.4288         0.401
3.1000         0.159110     0.000013606   -319812.3088         0.372
3.2000         0.264949     0.000024490   -319812.2030         0.360
3.3000         0.358407     0.000016327   -319812.1094         0.372
3.4000         0.443861     0.000024490   -319812.0239         0.372
3.5000         0.525711     0.000013606   -319811.9420         0.368
3.6000         0.602697     0.000021769   -319811.8650         0.385
3.7000         0.677542     0.000016327   -319811.7902         0.390
3.8000         0.749424     0.000008163   -319811.7183         0.390
3.9000         0.818992     0.000013606   -319811.6490         0.382
4.0000         0.887870     0.000013606   -319811.5798         0.380
5.0000         1.416946     0.000021769   -319811.0508         0.244
6.0000         1.692429     0.000019048   -319810.7755         0.124
7.0000         1.812342     0.000024490   -319810.6555         0.047
8.0000         1.863894     0.000019048   -319810.6040         0.021
9.0000         1.888591     0.000013606   -319810.5793         0.011
10.0000         1.902757     0.000016327   -319810.5651         0.007
100.0000         1.970179     0.000010885   -319810.4976         0.000
1000.0000         1.974886     0.000019048   -319810.4930
