0.0020   2071855.787580     0.000019048   1962267.3513
0.0040   1014075.308943     0.000005442    904486.8726
0.0060    662181.289196     0.000021769    552592.8528
0.0080    486841.761475     0.000019048    377253.3252
0.0100    382033.755882     0.000013606    272445.3194
0.0120    312422.233657     0.000021769    202833.7973
0.0140    262902.729232     0.000021769    153314.2929
0.0160    225940.694498     0.000016327    116352.2581
0.0180    197352.827686     0.000024490     87764.3913
0.0200    174590.767307     0.000021769     65002.3309
0.0400     74341.677575     0.000016327    -35246.7588
0.0600     42924.611972     0.000019048    -66663.8244
0.0800     28180.775772     0.000021769    -81407.6606
0.1000     19840.947019     0.000013606    -89747.4894
0.1200     14611.280712     0.000024490    -94977.1557
0.1400     11143.278236     0.000021769    -98445.1581
0.1600      8751.546612     0.000002721   -100836.8898
0.1800      7046.857172     0.000008163   -102541.5792
0.2000      5788.256426     0.000019048   -103800.1800
0.2400      4017.353009     0.000005442   -105571.0834    -35637.368
0.2800      2845.769652     0.000013606   -106742.6667    -23799.871
0.3200      2058.498357     0.000027211   -107529.9380    -16094.709
0.3600      1522.820024     0.000013606   -108065.6164    -11039.408
0.4000      1152.388348     0.000021769   -108436.0480     -7712.498
0.4500       837.770628     0.000016327   -108750.6658     -5101.190
0.5000       624.888511     0.000010885   -108963.5479     -3550.575
0.5500       472.779839     0.000019048   -109115.6565     -2608.751
0.6000       358.892569     0.000027211   -109229.5438     -1983.340
0.6500       271.876644     0.000016327   -109316.5597     -1519.791
0.7000       205.638963     0.000016327   -109382.7974     -1173.435
0.7500       154.194872     0.000008163   -109434.2415      -898.780
0.8000       114.691389     0.000016327   -109473.7450      -682.780
0.8500        85.060957     0.000013606   -109503.3754      -514.049
0.9000        62.734325     0.000005442   -109525.7020      -387.319
0.9500        45.890915     0.000008163   -109542.5455      -292.503
1.0000        33.137263     0.000005442   -109555.2991      -221.900
1.1000        16.038342     0.000027211   -109572.3980      -129.568
1.2000         5.992276     0.000016327   -109582.4441       -76.579
1.3000         0.087558     0.000013606   -109588.3488       -44.409
1.4000        -3.235947     0.000021769   -109591.6723       -23.775
1.5000        -4.885042     0.000013606   -109593.3214       -10.316
1.6000        -5.452089     0.000019048   -109593.8885        -1.710
1.7000        -5.330473     0.000010885   -109593.7669         3.639
1.8000        -4.797219     0.000016327   -109593.2336         6.694
1.9000        -3.914882     0.000016327   -109592.3513         8.045
2.0000        -2.955250     0.000013606   -109591.3916         8.469
2.1000        -1.823270     0.000019048   -109590.2597         8.046
2.2000        -0.483617     0.000019048   -109588.9200         6.860
2.3000         0.588231     0.000024490   -109587.8481         5.859
2.4000         1.452876     0.000021769   -109586.9835         5.058
2.5000         2.223914     0.000021769   -109586.2125         4.331
2.6000         2.908289     0.000013606   -109585.5281         3.666
2.7000         3.516311     0.000021769   -109584.9201         3.088
2.8000         4.019447     0.000021769   -109584.4169         2.615
2.9000         4.438603     0.000027211   -109583.9978         2.214
3.0000         4.790746     0.000005442   -109583.6456         1.872
3.1000         5.087407     0.000008163   -109583.3490         1.583
3.2000         5.337151     0.000008163   -109583.0992         1.343
3.3000         5.547560     0.000021769   -109582.8888         1.140
3.4000         5.725161     0.000021769   -109582.7112         0.963
3.5000         5.875376     0.000021769   -109582.5610         0.809
3.6000         6.001996     0.000013606   -109582.4344         0.681
3.7000         6.108365     0.000024490   -109582.3280         0.583
3.8000         6.197575     0.000024490   -109582.2388         0.498
3.9000         6.272338     0.000010885   -109582.1640         0.423
4.0000         6.335229     0.000019048   -109582.1011         0.353
5.0000         6.614696     0.000005442   -109581.8217         0.074
6.0000         6.680605     0.000016327   -109581.7558         0.042
7.0000         6.706768     0.000019048   -109581.7296         0.016
8.0000         6.722265     0.000010885   -109581.7141         0.011
9.0000         6.733041     0.000008163   -109581.7033         0.008
10.0000         6.741074     0.000005442   -109581.6953         0.006
100.0000         6.794416     0.000013606   -109581.6419         0.000
1000.0000         6.798863     0.000021769   -109581.6375
