0.0020         0.000000     0.000008163  29295102.3629
0.0040  14622608.817148     0.000019048  13863919.2280
0.0060   9497613.318276     0.000016327   8738923.7299
0.0080   6948125.895957     0.000019048   6189436.3070
0.0100   5423612.184042     0.000002721   4664922.5945
0.0120   4410752.011299     0.000013606   3652062.4235
0.0140   3689959.557397     0.000005442   2931269.9701
0.0160   3152285.798219     0.000021769   2393596.2095
0.0180   2737218.572322     0.000024490   1978528.9836
0.0200   2407815.293221     0.000013606   1649125.7045
0.0400    976231.245946     0.000016327    217541.6573
0.0600    541491.103488     0.000027211   -217198.4852
0.0800    343515.578259     0.000024490   -415174.0105
0.1000    235742.741170     0.000013606   -522946.8475
0.1200    169471.774121     0.000013606   -589217.8146
0.1400    125957.518294     0.000024490   -632732.0704
0.1600     96636.840079     0.000005442   -662052.7485
0.1800     76075.661012     0.000024490   -682613.9277
0.2000     60460.911739     0.000016327   -698228.6768
0.2400     39626.109742     0.000019048   -719063.4789
0.2800     27096.888927     0.000013606   -731592.6998
0.3200     19373.128661     0.000016327   -739316.4600
0.3600     14012.162516     0.000016327   -744677.4261
0.4000     10369.486751     0.000019048   -748320.1020
0.4500      7420.000939     0.000013606   -751269.5876    -46564.144
0.5000      5509.949166     0.000019048   -753179.6396    -31299.364
0.5500      4183.321243     0.000024490   -754506.2675    -22469.215
0.6000      3212.883564     0.000016327   -755476.7051    -16680.821
0.6500      2488.196834     0.000005442   -756201.3919    -12507.904
0.7000      1943.977153     0.000021769   -756745.6114     -9428.204
0.7500      1533.345658     0.000016327   -757156.2431     -7170.954
0.8000      1217.940642     0.000010885   -757471.6479     -5584.169
0.8500       967.956037     0.000016327   -757721.6328     -4441.022
0.9000       769.731967     0.000019048   -757919.8566     -3520.106
0.9500       612.788355     0.000019048   -758076.8002     -2774.159
1.0000       489.294996     0.000024490   -758200.2937     -2174.828
1.1000       316.544727     0.000019048   -758373.0439     -1336.229
1.2000       209.794663     0.000016327   -758479.7939      -836.139
1.3000       142.250672     0.000019048   -758547.3381      -538.847
1.4000        98.153021     0.000021769   -758591.4358      -357.448
1.5000        68.564152     0.000021769   -758621.0246      -242.838
1.6000        48.277278     0.000024490   -758641.3113      -168.080
1.7000        34.142141     0.000021769   -758655.4465      -117.850
1.8000        24.186033     0.000021769   -758665.4026       -83.297
1.9000        17.126668     0.000019048   -758672.4621       -59.215
2.0000        12.104347     0.000019048   -758677.4842       -42.255
2.1000         8.526617     0.000024490   -758681.0619       -30.055
2.2000         5.980123     0.000021769   -758683.6087       -21.365
2.3000         4.171589     0.000021769   -758685.4171       -15.174
2.4000         2.892941     0.000024490   -758686.6958       -10.668
2.5000         1.995006     0.000024490   -758687.5938        -7.516
2.6000         1.371043     0.000027211   -758688.2177        -5.154
2.7000         0.943993     0.000024490   -758688.6447        -3.524
2.8000         0.741489     0.000019048   -758688.8471        -2.467
2.9000         0.634515     0.000008163   -758688.9541        -1.827
3.0000         0.556797     0.000008163   -758689.0319        -1.328
3.1000         0.499974     0.000005442   -758689.0888        -0.953
3.2000         0.458814     0.000005442   -758689.1299        -0.696
3.3000         0.429679     0.000005442   -758689.1590        -0.488
3.4000         0.409953     0.000024490   -758689.1788        -0.325
3.5000         0.397627     0.000021769   -758689.1911        -0.214
3.6000         0.391088     0.000019048   -758689.1976        -0.127
3.7000         0.388943     0.000016327   -758689.1998        -0.061
3.8000         0.390173     0.000024490   -758689.1984        -0.012
3.9000         0.393871     0.000021769   -758689.1949         0.018
4.0000         0.399262     0.000019048   -758689.1894         0.040
5.0000         0.465451     0.000005442   -758689.1233         0.045
6.0000         0.494224     0.000016327   -758689.0945         0.012
7.0000         0.501449     0.000008163   -758689.0871         0.002
8.0000         0.502970     0.000002721   -758689.0858        -0.001
9.0000         0.503267     0.000002721   -758689.0855        -0.001
10.0000         0.503324     0.000002721   -758689.0852        -0.001
100.0000         0.503337     0.000002721   -758689.0852
1000.0000         0.503337     0.000002721   -758689.0852
