0.0020   6068326.803896     0.000010885   5860823.5867
0.0040   2962262.793164     0.000008163   2754759.5764
0.0060   1930786.486587     0.000013606   1723283.2687
0.0080   1417128.953051     0.000010885   1209625.7352
0.0100   1109985.916131     0.000016327    902482.6983
0.0120    906351.886538     0.000016327    698848.6686
0.0140    761549.064542     0.000010885    554045.8466
0.0160    653307.043771     0.000027211    445803.8258
0.0180    569464.969946     0.000019048    361961.7522
0.0200    502711.022885     0.000010885    295207.8051
0.0400    210608.568570     0.000019048      3105.3507
0.0600    120193.387771     0.000019048    -87309.8301
0.0800     77861.002445     0.000019048   -129642.2154
0.1000     54366.389416     0.000016327   -153136.8284
0.1200     39886.355841     0.000019048   -167616.8620
0.1400     30208.063469     0.000024490   -177295.1544
0.1600     23398.791584     0.000024490   -184104.4262
0.1800     18471.468398     0.000005442   -189031.7494
0.2000     14846.559770     0.000024490   -192656.6580
0.2400     10073.274901     0.000016327   -197429.9429
0.2800      7209.397368     0.000019048   -200293.8204
0.3200      5295.332078     0.000016327   -202207.8857    -39885.417
0.3600      3945.901970     0.000013606   -203557.3159    -28019.311
0.4000      3008.217289     0.000016327   -204495.0005    -19498.595
0.4500      2215.565672     0.000016327   -205287.6521    -12748.541
0.5000      1689.527395     0.000013606   -205813.6904     -8697.448
0.5500      1310.237969     0.000024490   -206192.9799     -6713.555
0.6000      1009.642584     0.000019048   -206493.5753     -5298.359
0.6500       778.615960     0.000010885   -206724.6019     -3983.748
0.7000       606.536942     0.000019048   -206896.6809     -2953.075
0.7500       478.923824     0.000005442   -207024.2940     -2195.478
0.8000       383.520893     0.000010885   -207119.6969     -1651.911
0.8500       311.044398     0.000024490   -207192.1734     -1265.714
0.9000       254.815164     0.000010885   -207248.4027      -990.326
0.9500       210.187694     0.000010885   -207293.0301      -791.026
1.0000       173.992360     0.000027211   -207329.2255      -643.822
1.1000       119.279943     0.000019048   -207383.9379      -445.212
1.2000        81.699920     0.000008163   -207421.5179      -314.399
1.3000        55.162893     0.000027211   -207448.0549      -221.214
1.4000        36.640512     0.000024490   -207466.5773      -153.156
1.5000        23.914733     0.000013606   -207479.3031      -104.417
1.6000        15.290255     0.000021769   -207487.9276       -70.268
1.7000         9.520737     0.000010885   -207493.6971       -46.658
1.8000         5.716173     0.000019048   -207497.5016       -30.533
1.9000         3.251686     0.000021769   -207499.9661       -19.512
2.0000         1.699104     0.000016327   -207501.5187       -12.067
2.1000         0.906654     0.000024490   -207502.3112        -7.435
2.2000         0.757293     0.000019048   -207502.4605        -5.090
2.3000         0.681855     0.000013606   -207502.5360        -3.616
2.4000         0.633057     0.000008163   -207502.5848        -2.626
2.5000         0.594623     0.000013606   -207502.6232        -1.885
2.6000         0.563202     0.000024490   -207502.6546        -1.362
2.7000         0.539466     0.000019048   -207502.6784        -0.943
2.8000         0.524143     0.000016327   -207502.6937        -0.612
2.9000         0.517403     0.000010885   -207502.7004        -0.373
3.0000         0.518418     0.000008163   -207502.6994        -0.189
3.1000         0.525877     0.000005442   -207502.6919        -0.051
3.2000         0.538236     0.000019048   -207502.6796         0.037
3.3000         0.554038     0.000008163   -207502.6638         0.100
3.4000         0.571891     0.000027211   -207502.6459         0.138
3.5000         0.590561     0.000021769   -207502.6273         0.158
3.6000         0.609201     0.000016327   -207502.6086         0.164
3.7000         0.627239     0.000016327   -207502.5906         0.162
3.8000         0.644173     0.000013606   -207502.5737         0.153
3.9000         0.659653     0.000024490   -207502.5582         0.141
4.0000         0.673550     0.000019048   -207502.5443         0.127
5.0000         0.741603     0.000021769   -207502.4762         0.024
6.0000         0.752923     0.000008163   -207502.4649         0.003
7.0000         0.754496     0.000013606   -207502.4633         0.000
8.0000         0.754705     0.000013606   -207502.4631        -0.000
9.0000         0.754733     0.000013606   -207502.4631        -0.000
10.0000         0.754735     0.000013606   -207502.4631        -0.000
100.0000         0.754735     0.000013606   -207502.4631
1000.0000         0.754735     0.000013606   -207502.4631
