0.0020   5019163.695650     0.000016327   4709374.0535
0.0040   2449282.972003     0.000016327   2139493.3304
0.0060   1594990.179152     0.000019048   1285200.5377
0.0080   1169863.713573     0.000021769    860074.0721
0.0100    915868.703281     0.000016327    606079.0617
0.0120    747384.397825     0.000016327    437594.7564
0.0140    627644.026708     0.000010885    317854.3852
0.0160    538366.912276     0.000024490    228577.2708
0.0180    469332.955959     0.000005442    159543.3145
0.0200    414373.739859     0.000016327    104584.0984
0.0400    173557.379667     0.000013606   -136232.2618
0.0600     98599.177455     0.000016327   -211190.4640
0.0800     63767.720186     0.000013606   -246021.9213
0.1000     44586.530361     0.000016327   -265203.1111
0.1200     32726.508452     0.000008163   -277063.1331
0.1400     24719.139422     0.000024490   -285070.5021
0.1600     19067.474680     0.000027211   -290722.1668
0.1800     14996.906901     0.000024490   -294792.7344
0.2000     12012.995131     0.000013606   -297776.6463
0.2400      8074.583576     0.000010885   -301715.0578
0.2800      5665.077952     0.000021769   -304124.5635    -48407.298
0.3200      4051.704773     0.000013606   -305737.9367    -33301.983
0.3600      2939.102185     0.000019048   -306850.5391    -22925.880
0.4000      2175.729334     0.000024490   -307613.9121    -15741.753
0.4500      1542.890964     0.000021769   -308246.7504    -10085.490
0.5000      1128.218775     0.000008163   -308661.4227     -6814.278
0.5500       839.234362     0.000010885   -308950.4072     -4901.625
0.6000       627.405732     0.000021769   -309162.2357     -3636.828
0.6500       470.369530     0.000010885   -309319.2718     -2682.651
0.7000       355.157611     0.000010885   -309434.4838     -1957.240
0.7500       271.280279     0.000021769   -309518.3613     -1422.816
0.8000       210.229792     0.000005442   -309579.4117     -1037.665
0.8500       165.532171     0.000008163   -309624.1094      -763.105
0.9000       132.659068     0.000008163   -309656.9824      -567.873
0.9500       108.139973     0.000008163   -309681.5015      -428.570
1.0000        89.502856     0.000010885   -309700.1386      -328.893
1.1000        63.716784     0.000021769   -309725.9246      -208.441
1.2000        46.851452     0.000002721   -309742.7900      -148.986
1.3000        34.515449     0.000016327   -309755.1260      -110.202
1.4000        25.368687     0.000013606   -309764.2728       -79.031
1.5000        18.890211     0.000013606   -309770.7513       -55.085
1.6000        14.362224     0.000008163   -309775.2793       -37.899
1.7000        11.281018     0.000016327   -309778.3604       -25.931
1.8000         9.184780     0.000016327   -309780.4565       -17.924
1.9000         7.739786     0.000016327   -309781.9017       -12.448
2.0000         6.725740     0.000005442   -309782.9156        -8.932
2.1000         5.994654     0.000027211   -309783.6468        -6.526
2.2000         5.449613     0.000019048   -309784.1918        -5.018
2.3000         5.029216     0.000013606   -309784.6123        -3.934
2.4000         4.695781     0.000021769   -309784.9456        -3.175
2.5000         4.425974     0.000024490   -309785.2155        -2.635
2.6000         4.206025     0.000024490   -309785.4354        -2.177
2.7000         4.026552     0.000019048   -309785.6150        -1.822
2.8000         3.881989     0.000016327   -309785.7595        -1.545
2.9000         3.767821     0.000024490   -309785.8735        -1.242
3.0000         3.678964     0.000024490   -309785.9625        -0.996
3.1000         3.612386     0.000016327   -309786.0292        -0.811
3.2000         3.565180     0.000016327   -309786.0762        -0.632
3.3000         3.533846     0.000019048   -309786.1075        -0.488
3.4000         3.515623     0.000019048   -309786.1258        -0.344
3.5000         3.508297     0.000024490   -309786.1331        -0.243
3.6000         3.510093     0.000021769   -309786.1315        -0.164
3.7000         3.519361     0.000019048   -309786.1222        -0.082
3.8000         3.533457     0.000005442   -309786.1081        -0.035
3.9000         3.551433     0.000005442   -309786.0901         0.010
4.0000         3.572220     0.000016327   -309786.0692         0.046
5.0000         3.798224     0.000016327   -309785.8433         0.087
6.0000         3.920710     0.000013606   -309785.7208         0.051
7.0000         3.965068     0.000008163   -309785.6765         0.020
8.0000         3.978962     0.000019048   -309785.6626         0.008
9.0000         3.982774     0.000010885   -309785.6588         0.003
10.0000         3.983533     0.000010885   -309785.6580         0.002
100.0000         3.980244     0.000010885   -309785.6613
1000.0000         3.979931     0.000010885   -309785.6615
