0.0020   3668676.497404     0.000024490   3615968.9612
0.0040   1800104.706868     0.000027211   1747397.1702
0.0060   1178382.982999     0.000019048   1125675.4465
0.0080    868214.049557     0.000024490    815506.5130
0.0100    682443.899155     0.000019048    629736.3626
0.0120    558790.512384     0.000013606    506082.9758
0.0140    470685.412627     0.000016327    417977.8762
0.0160    404779.178729     0.000027211    352071.6422
0.0180    353737.706789     0.000024490    301030.1704
0.0200    313002.336739     0.000024490    260294.8002
0.0400    132565.350256     0.000019048     79857.8137
0.0600     75873.415851     0.000021769     23165.8793
0.0800     49579.494427     0.000010885     -3128.0421
0.1000     34785.929265     0.000013606    -17921.6073
0.1200     25523.996455     0.000013606    -27183.5401
0.1400     19388.395029     0.000024490    -33319.1415
0.1600     15175.185940     0.000016327    -37532.3506
0.1800     12165.003025     0.000027211    -40542.5335
0.2000      9894.569927     0.000008163    -42812.9666
0.2400      6736.935140     0.000016327    -45970.6014
0.2800      4698.459927     0.000019048    -48009.0766    -41111.483
0.3200      3350.966294     0.000024490    -49356.5702    -27248.907
0.3600      2453.202146     0.000024490    -50254.3344    -18317.477
0.4000      1844.606498     0.000019048    -50862.9300    -12553.051
0.4500      1338.545326     0.000016327    -51368.9912     -8118.300
0.5000      1000.170270     0.000019048    -51707.3662     -5741.279
0.5500       737.856938     0.000016327    -51969.6796     -4681.513
0.6000       535.129496     0.000019048    -52172.4070     -3432.322
0.6500       390.439507     0.000024490    -52317.0970     -2420.900
0.7000       288.474197     0.000019048    -52419.0623     -1710.610
0.7500       215.749567     0.000008163    -52491.7870     -1223.357
0.8000       163.258915     0.000016327    -52544.2776      -889.288
0.8500       124.904814     0.000024490    -52582.6317      -657.626
0.9000        96.289571     0.000013606    -52611.2469      -495.413
0.9500        74.545932     0.000008163    -52632.9906      -380.037
1.0000        57.738601     0.000013606    -52649.7979      -296.195
1.1000        34.154180     0.000010885    -52673.3823      -185.208
1.2000        19.858980     0.000019048    -52687.6775      -118.247
1.3000        10.837306     0.000008163    -52696.6992       -73.203
1.4000         5.397315     0.000016327    -52702.1392       -43.407
1.5000         2.282587     0.000019048    -52705.2539       -24.517
1.6000         0.602553     0.000021769    -52706.9340       -13.032
1.7000        -0.192069     0.000024490    -52707.7286        -6.365
1.8000        -0.459456     0.000027211    -52707.9960        -2.807
1.9000        -0.321952     0.000013606    -52707.8585        -1.436
2.0000        -0.153116     0.000013606    -52707.6896        -0.970
2.1000        -0.034161     0.000016327    -52707.5707        -0.766
2.2000         0.038012     0.000024490    -52707.4985        -0.637
2.3000         0.084970     0.000024490    -52707.4516        -0.400
2.4000         0.184001     0.000024490    -52707.3525        -0.142
2.5000         0.295981     0.000021769    -52707.2405         0.142
2.6000         0.404930     0.000010885    -52707.1316         0.354
2.7000         0.512780     0.000019048    -52707.0237         0.512
2.8000         0.620746     0.000010885    -52706.9158         0.659
2.9000         0.727913     0.000027211    -52706.8086         0.744
3.0000         0.834609     0.000021769    -52706.7019         0.809
3.1000         0.940137     0.000008163    -52706.5964         0.856
3.2000         1.043361     0.000013606    -52706.4932         0.876
3.3000         1.143932     0.000027211    -52706.3926         0.876
3.4000         1.263300     0.000016327    -52706.2732         0.863
3.5000         1.377261     0.000013606    -52706.1593         0.835
3.6000         1.482526     0.000016327    -52706.0540         0.805
3.7000         1.608025     0.000021769    -52705.9285         0.756
3.8000         1.734092     0.000005442    -52705.8024         0.706
3.9000         1.849371     0.000002721    -52705.6871         0.654
4.0000         1.954143     0.000027211    -52705.5824         0.599
5.0000         2.556486     0.000021769    -52704.9800         0.203
6.0000         2.715512     0.000021769    -52704.8210         0.054
7.0000         2.752370     0.000016327    -52704.7842         0.018
8.0000         2.762193     0.000000000    -52704.7743         0.007
9.0000         2.765821     0.000019048    -52704.7707         0.004
10.0000         2.767821     0.000019048    -52704.7687         0.003
100.0000         2.777451     0.000010885    -52704.7591
1000.0000         2.778142     0.000002721    -52704.7584
