0.0020   1412927.451943     0.000008163   1379643.2484
0.0040    693076.375553     0.000008163    659792.1718
0.0060    453550.148153     0.000024490    420265.9446
0.0080    334070.197183     0.000021769    300785.9935
0.0100    262622.255887     0.000019048    229338.0522
0.0120    215227.195771     0.000016327    181942.9921
0.0140    181452.856809     0.000013606    148168.6531
0.0160    156191.486514     0.000019048    122907.2829
0.0180    136674.257400     0.000021769    103390.0537
0.0200    121154.130168     0.000016327     87869.9265
0.0400     52403.931958     0.000019048     19119.7283
0.0600     30433.112958     0.000024490     -2851.0907
0.0800     20070.469084     0.000013606    -13213.7346
0.1000     14257.655937     0.000016327    -19026.5477
0.1200     10620.064423     0.000005442    -22664.1392
0.1400      8155.718677     0.000021769    -25128.4850
0.1600      6393.927205     0.000013606    -26890.2764
0.1800      5091.925638     0.000008163    -28192.2780
0.2000      4110.130087     0.000010885    -29174.0736    -42691.168
0.2400      2779.584644     0.000010885    -30504.6190    -25548.102
0.2800      1967.045473     0.000013606    -31317.1582    -15987.520
0.3200      1447.449638     0.000019048    -31836.7540    -10507.855
0.3600      1096.275726     0.000019048    -32187.9279     -7372.563
0.4000       840.786546     0.000016327    -32443.4171     -5565.979
0.4500       601.866609     0.000027211    -32682.3370     -4117.197
0.5000       425.473396     0.000010885    -32858.7303     -2946.448
0.5500       301.038683     0.000019048    -32983.1650     -2053.192
0.6000       215.047565     0.000013606    -33069.1561     -1426.294
0.6500       155.064094     0.000024490    -33129.1396      -999.196
0.7000       112.815264     0.000019048    -33171.3884      -707.577
0.7500        82.761488     0.000019048    -33201.4422      -507.842
0.8000        61.062280     0.000016327    -33223.1414      -370.243
0.8500        45.109890     0.000013606    -33239.0938      -275.040
0.9000        33.159385     0.000019048    -33251.0443      -208.478
0.9500        24.053402     0.000013606    -33260.1502      -160.818
1.0000        17.225309     0.000010885    -33266.9784      -125.861
1.1000         7.814411     0.000027211    -33276.3892       -77.816
1.2000         2.152849     0.000013606    -33282.0508       -46.571
1.3000        -1.083702     0.000013606    -33285.2873       -25.810
1.4000        -2.732563     0.000027211    -33286.9362       -12.300
1.5000        -3.369155     0.000010885    -33287.5728        -3.821
1.6000        -3.383073     0.000016327    -33287.5867         1.297
1.7000        -3.035442     0.000016327    -33287.2391         4.153
1.8000        -2.494874     0.000027211    -33286.6985         5.639
1.9000        -1.848802     0.000024490    -33286.0525         6.184
2.0000        -1.148677     0.000016327    -33285.3523         6.216
2.1000        -0.269036     0.000008163    -33284.4727         5.545
2.2000         0.579464     0.000013606    -33283.6242         4.739
2.3000         1.268193     0.000024490    -33282.9355         4.084
2.4000         1.837156     0.000024490    -33282.3665         3.533
2.5000         2.312370     0.000027211    -33281.8913         3.072
2.6000         2.722179     0.000016327    -33281.4815         2.669
2.7000         3.124750     0.000021769    -33281.0789         2.255
2.8000         3.464106     0.000019048    -33280.7395         1.909
2.9000         3.749885     0.000027211    -33280.4538         1.611
3.0000         3.990576     0.000021769    -33280.2131         1.357
3.1000         4.193314     0.000027211    -33280.0104         1.141
3.2000         4.363383     0.000010885    -33279.8403         0.960
3.3000         4.505772     0.000002721    -33279.6979         0.810
3.4000         4.624789     0.000008163    -33279.5789         0.683
3.5000         4.724633     0.000013606    -33279.4790         0.573
3.6000         4.808428     0.000008163    -33279.3952         0.484
3.7000         4.878590     0.000021769    -33279.3251         0.412
3.8000         4.937339     0.000019048    -33279.2663         0.352
3.9000         4.986611     0.000002721    -33279.2170         0.302
4.0000         5.028184     0.000021769    -33279.1755         0.258
5.0000         5.228833     0.000027211    -33278.9748         0.071
6.0000         5.296249     0.000013606    -33278.9074         0.045
7.0000         5.332419     0.000016327    -33278.8712         0.023
8.0000         5.356479     0.000013606    -33278.8472         0.016
9.0000         5.373946     0.000016327    -33278.8297         0.012
10.0000         5.387211     0.000010885    -33278.8165         0.010
100.0000         5.477951     0.000019048    -33278.7257         0.000
1000.0000         5.485695     0.000005442    -33278.7179
