0.0020    581622.516938     0.000008163     34920.2157
0.0040    282121.679720     0.000005442   -264580.6215
0.0060    183648.713052     0.000013606   -363053.5883
0.0080    134760.281191     0.000010885   -411942.0202
0.0100    105646.399069     0.000019048   -441055.9023
0.0120     86422.719115     0.000016327   -460279.5821
0.0140     72539.726137     0.000021769   -474162.5751
0.0160     62157.851867     0.000024490   -484544.4495
0.0180     54147.916042     0.000024490   -492554.3851
0.0200     47790.279825     0.000024490   -498912.0214
0.0400     20017.037032     0.000008163   -526685.2642
0.0600     11366.886696     0.000024490   -535335.4146
0.0800      7359.474772     0.000024490   -539342.8265
0.1000      5143.050556     0.000016327   -541559.2508
0.1200      3776.073202     0.000027211   -542926.2280
0.1400      2863.591122     0.000021769   -543838.7102    -38042.798
0.1600      2222.061764     0.000024490   -544480.2396    -27071.707
0.1800      1757.489856     0.000024490   -544944.8113    -19788.307
0.2000      1414.810972     0.000013606   -545287.4904    -14729.261
0.2400       962.098966     0.000021769   -545740.2023     -8608.812
0.2800       688.808625     0.000008163   -546013.4926     -5446.491
0.3200       510.181892     0.000010885   -546192.1194     -3691.272
0.3600       385.976547     0.000008163   -546316.3247     -2622.804
0.4000       296.407990     0.000010885   -546405.8932     -1913.768
0.4500       216.910748     0.000013606   -546485.3905     -1316.955
0.5000       161.734448     0.000021769   -546540.5667      -922.015
0.5500       122.718117     0.000013606   -546579.5833      -658.039
0.6000        94.575762     0.000024490   -546607.7256      -479.505
0.6500        73.814036     0.000021769   -546628.4873      -357.483
0.7000        58.152280     0.000016327   -546644.1491      -272.563
0.7500        46.073680     0.000013606   -546656.2277      -211.875
0.8000        36.576878     0.000019048   -546665.7245      -167.713
0.8500        28.997732     0.000005442   -546673.3037      -134.478
0.9000        22.868596     0.000005442   -546679.4328      -108.705
0.9500        17.907259     0.000024490   -546684.3939       -88.497
1.0000        13.906811     0.000019048   -546688.3946       -72.174
1.1000         7.971002     0.000013606   -546694.3302       -47.947
1.2000         4.032620     0.000019048   -546698.2688       -31.723
1.3000         1.432870     0.000013606   -546700.8683       -20.671
1.4000        -0.240135     0.000024490   -546702.5415       -13.236
1.5000        -1.288261     0.000019048   -546703.5894        -7.910
1.6000        -1.903132     0.000019048   -546704.2044        -4.542
1.7000        -2.218823     0.000016327   -546704.5200        -2.022
1.8000        -2.337723     0.000021769   -546704.6389        -0.353
1.9000        -2.315728     0.000019048   -546704.6169         0.661
2.0000        -2.203318     0.000021769   -546704.5045         1.463
2.1000        -2.035905     0.000005442   -546704.3372         1.968
2.2000        -1.830532     0.000010885   -546704.1317         2.158
2.3000        -1.603334     0.000010885   -546703.9045         2.346
2.4000        -1.368752     0.000008163   -546703.6700         2.383
2.5000        -1.134138     0.000008163   -546703.4354         2.382
2.6000        -0.902050     0.000021769   -546703.2033         2.311
2.7000        -0.676192     0.000021769   -546702.9774         2.199
2.8000        -0.348219     0.000013606   -546702.6495         1.980
2.9000         0.065375     0.000013606   -546702.2359         1.633
3.0000         0.402661     0.000008163   -546701.8985         1.336
3.1000         0.678424     0.000010885   -546701.6228         1.074
3.2000         0.903614     0.000010885   -546701.3975         0.875
3.3000         1.086654     0.000005442   -546701.2147         0.728
3.4000         1.235084     0.000016327   -546701.0661         0.605
3.5000         1.355247     0.000005442   -546700.9461         0.495
3.6000         1.452547     0.000019048   -546700.8487         0.415
3.7000         1.531729     0.000008163   -546700.7695         0.334
3.8000         1.596623     0.000027211   -546700.7047         0.267
3.9000         1.649737     0.000010885   -546700.6514         0.219
4.0000         1.693017     0.000010885   -546700.6081         0.179
5.0000         1.859461     0.000005442   -546700.4419         0.017
6.0000         1.885978     0.000008163   -546700.4152         0.028
7.0000         1.892817     0.000021769   -546700.4084         0.006
8.0000         1.896055     0.000005442   -546700.4051         0.003
9.0000         1.898117     0.000013606   -546700.4032         0.003
10.0000         1.899647     0.000021769   -546700.4016         0.002
100.0000         1.909709     0.000024490   -546700.3915
1000.0000         1.910556     0.000010885   -546700.3907
