0.0020   7335984.191860     0.000013606   7114244.8469
0.0040   3581039.548332     0.000010885   3359300.2032
0.0060   2333313.163888     0.000021769   2111573.8188
0.0080   1712550.616312     0.000013606   1490811.2712
0.0100   1341789.704131     0.000024490   1120050.3590
0.0120   1095918.969516     0.000019048    874179.6244
0.0140    920918.989034     0.000010885    699179.6438
0.0160    790014.256732     0.000008163    568274.9115
0.0180    688568.020139     0.000019048    466828.6750
0.0200    607815.363503     0.000016327    386076.0184
0.0400    254005.353110     0.000019048     32266.0079
0.0600    144523.280841     0.000021769    -77216.0643
0.0800     93355.254262     0.000008163   -128384.0909
0.1000     65151.449148     0.000013606   -156587.8960
0.1200     47734.077878     0.000021769   -174005.2673
0.1400     36057.813457     0.000005442   -185681.5317
0.1600     27903.654728     0.000016327   -193835.6904
0.1800     22072.812053     0.000021769   -199666.5331
0.2000     17804.421864     0.000016327   -203934.9233
0.2400     12155.504387     0.000021769   -209583.8408
0.2800      8560.073575     0.000016327   -213179.2716
0.3200      6124.408094     0.000027211   -215614.9371    -49225.500
0.3600      4500.683471     0.000016327   -217238.6617    -33135.970
0.4000      3397.699586     0.000024490   -218341.6456    -22786.710
0.4500      2477.551602     0.000005442   -219261.7936    -14747.003
0.5000      1860.331480     0.000027211   -219879.0137    -10392.980
0.5500      1407.878537     0.000016327   -220331.4667     -7827.278
0.6000      1070.739080     0.000019048   -220668.6061     -5745.710
0.6500       826.279778     0.000024490   -220913.0654     -4171.537
0.7000       648.156427     0.000010885   -221091.1887     -3041.553
0.7500       516.832972     0.000019048   -221222.5122     -2253.012
0.8000       418.140532     0.000019048   -221321.2046     -1704.631
0.8500       342.889549     0.000013606   -221396.4556     -1325.438
0.9000       284.430779     0.000021769   -221454.9144     -1054.806
0.9500       237.267098     0.000027211   -221502.0781      -859.208
1.0000       198.432000     0.000021769   -221540.9132      -711.321
1.1000       139.410817     0.000021769   -221599.9344      -499.992
1.2000        97.724485     0.000021769   -221641.6207      -337.597
1.3000        69.614767     0.000019048   -221669.7304      -221.877
1.4000        51.119669     0.000016327   -221688.2255      -152.757
1.5000        37.831835     0.000008163   -221701.5133      -110.960
1.6000        27.891882     0.000008163   -221711.4533       -81.915
1.7000        20.516827     0.000010885   -221718.8284       -60.542
1.8000        15.207244     0.000024490   -221724.1379       -44.613
1.9000        11.374227     0.000021769   -221727.9710       -33.008
2.0000         8.542248     0.000021769   -221730.8029       -24.468
2.1000         6.462470     0.000016327   -221732.8827       -18.081
2.2000         4.949497     0.000019048   -221734.3957       -13.392
2.3000         3.856233     0.000021769   -221735.4889        -9.833
2.4000         3.063791     0.000027211   -221736.2814        -7.254
2.5000         2.481600     0.000019048   -221736.8636        -5.297
2.6000         2.049007     0.000016327   -221737.2962        -3.935
2.7000         1.717360     0.000024490   -221737.6278        -2.960
2.8000         1.455369     0.000016327   -221737.8898        -2.243
2.9000         1.236576     0.000019048   -221738.1086        -1.799
3.0000         1.047614     0.000016327   -221738.2976        -1.466
3.1000         0.875671     0.000016327   -221738.4695        -1.214
3.2000         0.717828     0.000021769   -221738.6273        -1.060
3.3000         0.569722     0.000013606   -221738.7755        -0.932
3.4000         0.431205     0.000013606   -221738.9140        -0.821
3.5000         0.302539     0.000010885   -221739.0426        -0.733
3.6000         0.181805     0.000016327   -221739.1634        -0.642
3.7000         0.121126     0.000016327   -221739.2241        -0.565
3.8000         0.077340     0.000019048   -221739.2678        -0.460
3.9000         0.041859     0.000024490   -221739.3033        -0.389
4.0000         0.015064     0.000010885   -221739.3301        -0.329
5.0000        -0.006068     0.000019048   -221739.3512         0.011
6.0000         0.105167     0.000021769   -221739.2400         0.060
7.0000         0.183927     0.000019048   -221739.1613         0.040
8.0000         0.222573     0.000016327   -221739.1226         0.020
9.0000         0.238366     0.000027211   -221739.1068         0.007
10.0000         0.244402     0.000024490   -221739.1008         0.005
100.0000         0.249890     0.000008163   -221739.0953
1000.0000         0.250051     0.000008163   -221739.0951
