0.0020         0.000000     0.000024490  32181562.6496
0.0040  16008168.187728     0.000013606  15316140.5173
0.0060  10401615.052187     0.000027211   9709587.3823
0.0080   7605985.432307     0.000024490   6913957.7612
0.0100   5933791.552206     0.000016327   5241763.8815
0.0120   4821725.299539     0.000024490   4129697.6275
0.0140   4034234.829488     0.000019048   3342207.1580
0.0160   3445877.293749     0.000021769   2753849.6218
0.0180   2990729.170799     0.000016327   2298701.4998
0.0200   2630331.628695     0.000021769   1938303.9576
0.0400   1063521.532241     0.000013606    371493.8613
0.0600    589886.716830     0.000024490   -102140.9542
0.0800    373651.038039     0.000021769   -318376.6331
0.1000    256554.175731     0.000008163   -435473.4953
0.1200    185088.059422     0.000008163   -506939.6115
0.1400    138924.816775     0.000019048   -553102.8542
0.1600    107516.194155     0.000021769   -584511.4769
0.1800     84526.861326     0.000024490   -607500.8098
0.2000     66942.816852     0.000013606   -625084.8542
0.2400     43502.819955     0.000027211   -648524.8511
0.2800     29569.891810     0.000013606   -662457.7792
0.3200     20670.651153     0.000024490   -671357.0198
0.3600     14566.327377     0.000021769   -677461.3438
0.4000     10528.696585     0.000016327   -681498.9745
0.4500      7264.384002     0.000008163   -684763.2871
0.5000      5164.446123     0.000005442   -686863.2248    -34367.693
0.5500      3708.604951     0.000019048   -688319.0660    -24441.785
0.6000      2675.091164     0.000008163   -689352.5799    -17239.630
0.6500      1951.270792     0.000024490   -690076.4003    -12018.948
0.7000      1444.241656     0.000013606   -690583.4294     -8478.368
0.7500      1084.992776     0.000008163   -690942.6784     -6014.998
0.8000       828.755784     0.000013606   -691198.9153     -4346.852
0.8500       641.149639     0.000019048   -691386.5215     -3229.376
0.9000       500.192551     0.000016327   -691527.4785     -2449.591
0.9500       392.780920     0.000016327   -691634.8900     -1874.647
1.0000       310.403534     0.000019048   -691717.2676     -1440.335
1.1000       197.989932     0.000010885   -691829.6812      -860.092
1.2000       130.306447     0.000027211   -691897.3646      -527.285
1.3000        88.160885     0.000021769   -691939.5102      -336.052
1.4000        60.834349     0.000016327   -691966.8367      -222.906
1.5000        42.683671     0.000010885   -691984.9875      -153.413
1.6000        30.087970     0.000013606   -691997.5831      -107.618
1.7000        21.236446     0.000019048   -692006.4347       -76.082
1.8000        14.972330     0.000027211   -692012.6987       -53.839
1.9000        10.543630     0.000008163   -692017.1274       -38.091
2.0000         7.423301     0.000008163   -692020.2477       -27.008
2.1000         5.225930     0.000010885   -692022.4451       -19.291
2.2000         3.659707     0.000019048   -692024.0113       -13.913
2.3000         2.531117     0.000019048   -692025.1398       -10.209
2.4000         1.703028     0.000013606   -692025.9681        -7.708
2.5000         1.094538     0.000010885   -692026.5766        -5.941
2.6000         0.626197     0.000021769   -692027.0449        -4.758
2.7000         0.258389     0.000019048   -692027.4128        -3.863
2.8000        -0.043571     0.000027211   -692027.7145        -3.233
2.9000        -0.296629     0.000021769   -692027.9676        -2.675
3.0000        -0.509620     0.000027211   -692028.1807        -2.290
3.1000        -0.689044     0.000019048   -692028.3600        -1.903
3.2000        -0.839594     0.000021769   -692028.5107        -1.587
3.3000        -0.964413     0.000013606   -692028.6354        -1.321
3.4000        -1.067011     0.000013606   -692028.7380        -1.082
3.5000        -1.150413     0.000008163   -692028.8215        -0.875
3.6000        -1.216728     0.000013606   -692028.8879        -0.710
3.7000        -1.268187     0.000008163   -692028.9393        -0.555
3.8000        -1.307382     0.000019048   -692028.9785        -0.426
3.9000        -1.335573     0.000021769   -692029.0065        -0.318
4.0000        -1.353876     0.000013606   -692029.0250        -0.243
5.0000        -1.199353     0.000008163   -692028.8705         0.061
6.0000        -1.065062     0.000019048   -692028.7361         0.042
7.0000        -1.013728     0.000024490   -692028.6849         0.018
8.0000        -0.996952     0.000021769   -692028.6680         0.006
9.0000        -0.991855     0.000021769   -692028.6629         0.001
10.0000        -0.990408     0.000013606   -692028.6615         0.000
100.0000        -0.989828     0.000005442   -692028.6609
1000.0000        -0.989828     0.000008163   -692028.6609
