0.0020         0.000000     0.000013606  28422096.4787
0.0040  14221374.398335     0.000013606  13406755.3423
0.0060   9235262.951294     0.000021769   8420643.8950
0.0080   6757189.408434     0.000008163   5942570.3537
0.0100   5277256.226840     0.000021769   4462637.1720
0.0120   4295791.111172     0.000021769   3481172.0566
0.0140   3598510.139081     0.000016327   2783891.0847
0.0160   3078718.278677     0.000027211   2264099.2236
0.0180   2677361.535066     0.000010885   1862742.4800
0.0200   2358683.988772     0.000024490   1544064.9337
0.0400    963051.938505     0.000027211    148432.8835
0.0600    532479.500889     0.000010885   -282139.5542
0.0800    336755.048890     0.000010885   -477864.0061
0.1000    230510.162647     0.000010885   -584108.8925
0.1200    165162.345805     0.000019048   -649456.7092
0.1400    122319.054678     0.000008163   -692300.0005
0.1600     93474.811351     0.000019048   -721144.2438
0.1800     73481.900155     0.000016327   -741137.1549
0.2000     58280.538955     0.000013606   -756338.5161
0.2400     38159.483529     0.000019048   -776459.5715
0.2800     25994.067010     0.000019048   -788624.9880
0.3200     18465.334680     0.000016327   -796153.7203
0.3600     13335.308960     0.000013606   -801283.7460
0.4000      9822.594383     0.000016327   -804796.4607
0.4500      6964.686111     0.000019048   -807654.3689    -45171.545
0.5000      5113.206580     0.000024490   -809505.8483    -30295.856
0.5500      3831.054665     0.000010885   -810788.0003    -21697.730
0.6000      2895.167876     0.000027211   -811723.8870    -16042.955
0.6500      2204.176021     0.000024490   -812414.8791    -11837.059
0.7000      1693.902821     0.000019048   -812925.1521     -8757.785
0.7500      1313.769325     0.000019048   -813305.2858     -6581.486
0.8000      1025.858369     0.000013606   -813593.1968     -5043.744
0.8500       803.386235     0.000024490   -813815.6687     -3939.604
0.9000       628.080057     0.000024490   -813990.9748     -3107.413
0.9500       489.478918     0.000024490   -814129.5761     -2443.057
1.0000       381.216975     0.000016327   -814237.8380     -1907.101
1.1000       231.664770     0.000024490   -814387.3902     -1152.307
1.2000       141.138801     0.000021769   -814477.9162      -697.817
1.3000        86.138479     0.000016327   -814532.9165      -428.758
1.4000        52.209003     0.000008163   -814566.8461      -267.798
1.5000        30.920799     0.000019048   -814588.1341      -169.136
1.6000        17.447202     0.000027211   -814601.6078      -107.244
1.7000         8.905912     0.000024490   -814610.1492       -68.037
1.8000         3.643908     0.000010885   -814615.4111       -43.222
1.9000         0.332616     0.000013606   -814618.7224       -27.394
2.0000        -1.786504     0.000019048   -814620.8417       -17.098
2.1000        -3.120211     0.000021769   -814622.1753       -10.397
2.2000        -3.928204     0.000021769   -814622.9832        -5.966
2.3000        -4.378316     0.000019048   -814623.4333        -3.068
2.4000        -4.581164     0.000008163   -814623.6363        -1.141
2.5000        -4.614258     0.000010885   -814623.6692         0.122
2.6000        -4.532474     0.000013606   -814623.5876         0.904
2.7000        -4.375326     0.000021769   -814623.4303         1.401
2.8000        -4.171828     0.000016327   -814623.2267         1.685
2.9000        -3.942569     0.000013606   -814622.9976         1.823
3.0000        -3.702029     0.000019048   -814622.7571         1.875
3.1000        -3.450745     0.000005442   -814622.5056         1.851
3.2000        -3.135332     0.000021769   -814622.1903         1.711
3.3000        -2.852037     0.000027211   -814621.9070         1.593
3.4000        -2.597407     0.000005442   -814621.6526         1.477
3.5000        -2.367938     0.000008163   -814621.4229         1.352
3.6000        -2.132056     0.000013606   -814621.1870         1.248
3.7000        -1.925770     0.000010885   -814620.9807         1.142
3.8000        -1.743706     0.000019048   -814620.7987         1.032
3.9000        -1.579227     0.000005442   -814620.6343         0.932
4.0000        -1.430555     0.000019048   -814620.4855         0.850
5.0000        -0.485786     0.000010885   -814619.5407         0.309
6.0000        -0.158770     0.000024490   -814619.2139         0.115
7.0000        -0.060300     0.000013606   -814619.1154         0.035
8.0000        -0.025168     0.000019048   -814619.0803         0.017
9.0000        -0.007965     0.000024490   -814619.0631         0.011
10.0000         0.002724     0.000016327   -814619.0522         0.010
100.0000         0.061462     0.000024490   -814618.9935         0.000
1000.0000         0.065759     0.000024490   -814618.9894
