0.0020  22486888.819959     0.000019048  21795538.0070
0.0040  10940337.903221     0.000008163  10248987.0890
0.0060   7106090.190640     0.000024490   6414739.3787
0.0080   5200325.063898     0.000019048   4508974.2500
0.0100   4061920.072129     0.000016327   3370569.2586
0.0120   3305758.378296     0.000021769   2614407.5654
0.0140   2768332.039199     0.000024490   2076981.2263
0.0160   2367481.001428     0.000021769   1676130.1883
0.0180   2057744.197978     0.000016327   1366393.3849
0.0200   1811629.069007     0.000016327   1120278.2560
0.0400    739335.441098     0.000024490     47984.6281
0.0600    411997.390391     0.000024490   -279353.4227
0.0800    262222.212074     0.000008163   -429128.6010
0.1000    180403.169464     0.000027211   -510947.6436
0.1200    130183.840244     0.000024490   -561166.9726
0.1400     96763.002092     0.000010885   -594587.8108
0.1600     73717.908269     0.000010885   -617632.9048
0.1800     57535.940184     0.000027211   -633814.8728
0.2000     45972.992406     0.000013606   -645377.8205
0.2400     30583.261860     0.000021769   -660767.5513
0.2800     21055.933943     0.000027211   -670294.8790
0.3200     15009.239008     0.000013606   -676341.5739
0.3600     10991.546725     0.000010885   -680359.2663
0.4000      8176.363713     0.000021769   -683174.4493
0.4500      5730.263831     0.000016327   -685620.5492    -39423.952
0.5000      4122.863341     0.000019048   -687227.9497    -25864.137
0.5500      3057.052591     0.000016327   -688293.7605    -17435.043
0.6000      2324.150617     0.000019048   -689026.6625    -12284.248
0.6500      1796.187945     0.000024490   -689554.6250     -9064.493
0.7000      1400.644983     0.000013606   -689950.1680     -6872.939
0.7500      1100.325228     0.000019048   -690250.4877     -5223.306
0.8000       872.654991     0.000024490   -690478.1581     -3959.140
0.8500       699.796981     0.000010885   -690651.0160     -3013.051
0.9000       567.621282     0.000021769   -690783.1918     -2317.489
0.9500       465.325114     0.000010885   -690885.4879     -1806.935
1.0000       385.039425     0.000002721   -690965.7735     -1428.751
1.1000       269.845262     0.000016327   -691080.9678      -929.689
1.2000       193.191929     0.000019048   -691157.6212      -631.150
1.3000       140.259320     0.000008163   -691210.5536      -440.258
1.4000       102.769214     0.000019048   -691248.0438      -312.262
1.5000        75.775223     0.000019048   -691275.0378      -226.517
1.6000        55.666247     0.000010885   -691295.1467      -167.328
1.7000        40.935012     0.000021769   -691309.8779      -123.158
1.8000        30.147506     0.000010885   -691320.6656       -90.785
1.9000        22.234339     0.000013606   -691328.5787       -67.192
2.0000        16.509712     0.000024490   -691334.3034       -49.586
2.1000        12.305010     0.000016327   -691338.5081       -36.514
2.2000         9.232658     0.000013606   -691341.5803       -27.008
2.3000         6.975247     0.000013606   -691343.8377       -19.915
2.4000         5.312437     0.000005442   -691345.5006       -14.781
2.5000         4.079437     0.000013606   -691346.7336       -10.953
2.6000         3.165812     0.000013606   -691347.6471        -8.241
2.7000         2.479598     0.000016327   -691348.3333        -6.119
2.8000         1.965294     0.000008163   -691348.8476        -4.682
2.9000         1.570963     0.000005442   -691349.2419        -3.580
3.0000         1.269850     0.000008163   -691349.5431        -2.750
3.1000         1.031282     0.000010885   -691349.7818        -2.222
3.2000         0.843888     0.000021769   -691349.9690        -1.778
3.3000         0.690587     0.000019048   -691350.1225        -1.434
3.4000         0.564661     0.000016327   -691350.2482        -1.206
3.5000         0.461249     0.000016327   -691350.3516        -1.029
3.6000         0.371942     0.000016327   -691350.4411        -0.869
3.7000         0.298871     0.000019048   -691350.5140        -0.743
3.8000         0.236443     0.000027211   -691350.5766        -0.642
3.9000         0.182972     0.000024490   -691350.6300        -0.553
4.0000         0.140726     0.000024490   -691350.6721        -0.471
5.0000         0.006259     0.000024490   -691350.8068        -0.054
6.0000         0.078344     0.000021769   -691350.7347         0.035
7.0000         0.147997     0.000019048   -691350.6651         0.038
8.0000         0.186259     0.000027211   -691350.6267         0.023
9.0000         0.203106     0.000021769   -691350.6098         0.006
10.0000         0.209985     0.000016327   -691350.6030         0.008
100.0000         0.216078     0.000005442   -691350.5968
1000.0000         0.216222     0.000005442   -691350.5968
