0.0020         0.000000     0.000019048  34406314.2223
0.0040  17106954.239713     0.000008163  16349329.3454
0.0060  11107317.070325     0.000016327  10349692.1744
0.0080   8116775.977372     0.000021769   7359151.0817
0.0100   6328454.826858     0.000024490   5570829.9327
0.0120   5140969.288111     0.000027211   4383344.3940
0.0140   4299397.077959     0.000019048   3541772.1838
0.0160   3671544.145998     0.000021769   2913919.2520
0.0180   3186698.679231     0.000010885   2429073.7846
0.0200   2802256.688220     0.000019048   2044631.7936
0.0400   1132540.533279     0.000010885    374915.6388
0.0600    627477.251757     0.000024490   -130147.6429
0.0800    397501.000615     0.000016327   -360123.8940
0.1000    272468.560850     0.000021769   -485156.3337
0.1200    196528.848721     0.000019048   -561096.0459
0.1400    147502.531427     0.000013606   -610122.3631
0.1600    114151.624717     0.000019048   -643473.2699
0.1800     89357.526523     0.000016327   -668267.3682
0.2000     70740.636721     0.000013606   -686884.2578
0.2400     46017.560806     0.000024490   -711607.3338
0.2800     31332.126901     0.000019048   -726292.7678
0.3200     21699.435386     0.000024490   -735925.4591
0.3600     15353.380545     0.000016327   -742271.5139
0.4000     11178.263087     0.000027211   -746446.6316
0.4500      7731.857260     0.000019048   -749893.0374
0.5000      5418.667717     0.000024490   -752206.2270    -37757.578
0.5500      3848.129269     0.000019048   -753776.7654    -25925.222
0.6000      2762.634260     0.000021769   -754862.2603    -18052.526
0.6500      2008.916851     0.000010885   -755615.9776    -12437.332
0.7000      1489.549667     0.000021769   -756135.3450     -8607.881
0.7500      1124.897186     0.000010885   -756499.9975     -6143.445
0.8000       860.632680     0.000021769   -756764.2618     -4548.010
0.8500       661.655902     0.000021769   -756963.2386     -3446.427
0.9000       509.332328     0.000013606   -757115.5623     -2632.140
0.9500       394.017757     0.000019048   -757230.8769     -2003.669
1.0000       306.419459     0.000021769   -757318.4752     -1528.054
1.1000       188.459432     0.000019048   -757436.4353      -895.890
1.2000       118.739367     0.000016327   -757506.1552      -537.648
1.3000        76.900668     0.000010885   -757547.9938      -337.056
1.4000        50.446690     0.000010885   -757574.4479      -218.829
1.5000        33.204926     0.000019048   -757591.6896      -144.300
1.6000        21.770447     0.000013606   -757603.1241       -95.534
1.7000        14.195110     0.000027211   -757610.6995       -63.034
1.8000         9.229686     0.000027211   -757615.6650       -41.274
1.9000         6.032026     0.000024490   -757618.8627       -26.797
2.0000         4.030927     0.000013606   -757620.8638       -17.346
2.1000         2.985664     0.000005442   -757621.9090       -11.761
2.2000         2.311940     0.000008163   -757622.5827        -8.046
2.3000         1.860013     0.000010885   -757623.0347        -5.574
2.4000         1.642825     0.000024490   -757623.2519        -4.181
2.5000         1.611059     0.000008163   -757623.2837        -3.331
2.6000         1.549482     0.000016327   -757623.3452        -2.697
2.7000         1.481203     0.000008163   -757623.4135        -2.042
2.8000         1.422478     0.000013606   -757623.4723        -1.525
2.9000         1.382807     0.000027211   -757623.5117        -1.049
3.0000         1.365400     0.000027211   -757623.5291        -0.681
3.1000         1.370997     0.000008163   -757623.5237        -0.352
3.2000         1.395643     0.000008163   -757623.4989        -0.110
3.3000         1.436958     0.000008163   -757623.4576         0.073
3.4000         1.491027     0.000024490   -757623.4037         0.220
3.5000         1.553626     0.000024490   -757623.3411         0.323
3.6000         1.622624     0.000002721   -757623.2720         0.376
3.7000         1.695441     0.000002721   -757623.1991         0.423
3.8000         1.769339     0.000002721   -757623.1253         0.446
3.9000         1.842416     0.000008163   -757623.0521         0.447
4.0000         1.914145     0.000019048   -757622.9806         0.436
5.0000         2.421621     0.000010885   -757622.4731         0.192
6.0000         2.601663     0.000024490   -757622.2929         0.057
7.0000         2.654425     0.000008163   -757622.2401         0.025
8.0000         2.671498     0.000021769   -757622.2230         0.011
9.0000         2.678709     0.000013606   -757622.2159         0.006
10.0000         2.682829     0.000005442   -757622.2118         0.005
100.0000         2.703131     0.000019048   -757622.1914         0.000
1000.0000         2.704541     0.000008163   -757622.1901
