0.0020  21205508.400396     0.000019048  20594466.9230
0.0040  10320426.446935     0.000021769   9709384.9676
0.0060   6706446.994666     0.000021769   6095405.5159
0.0080   4909118.830331     0.000021769   4298077.3513
0.0100   3835671.416148     0.000010885   3224629.9377
0.0120   3122474.389280     0.000010885   2511432.9106
0.0140   2615461.141760     0.000013606   2004419.6631
0.0160   2237259.638369     0.000021769   1626218.1595
0.0180   1944673.509700     0.000024490   1333632.0309
0.0200   1712219.674778     0.000010885   1101178.1959
0.0400    699869.368871     0.000021769     88827.8901
0.0600    390139.750990     0.000021769   -220901.7277
0.0800    248553.755482     0.000019048   -362487.7232
0.1000    171217.837816     0.000013606   -439823.6410
0.1200    123949.661515     0.000013606   -487091.8171
0.1400     92420.774014     0.000019048   -518620.7046
0.1600     70464.197768     0.000024490   -540577.2810
0.1800     54943.092194     0.000027211   -556098.3865
0.2000     43774.892205     0.000008163   -567266.5864
0.2400     29286.462810     0.000008163   -581755.0158
0.2800     20059.312104     0.000024490   -590982.1667
0.3200     14264.571352     0.000016327   -596776.9072
0.3600     10390.530844     0.000010885   -600650.9480
0.4000      7748.149604     0.000008163   -603293.3291
0.4500      5429.987725     0.000013606   -605611.4910    -38133.271
0.5000      3863.875971     0.000019048   -607177.6027    -25310.667
0.5500      2824.143074     0.000027211   -608217.3357    -16902.642
0.6000      2120.899079     0.000027211   -608920.5797    -11625.496
0.6500      1628.451931     0.000016327   -609413.0267     -8316.688
0.7000      1269.095966     0.000008163   -609772.3829     -6198.246
0.7500       997.065387     0.000019048   -610044.4133     -4750.173
0.8000       787.379616     0.000008163   -610254.0992     -3666.838
0.8500       625.621959     0.000013606   -610415.8568     -2827.701
0.9000       500.830938     0.000016327   -610540.6477     -2186.263
0.9500       404.000413     0.000010885   -610637.4783     -1702.922
1.0000       328.199483     0.000013606   -610713.2792     -1339.603
1.1000       220.322684     0.000024490   -610821.1561      -854.564
1.2000       150.329877     0.000019048   -610891.1490      -563.984
1.3000       103.584892     0.000010885   -610937.8938      -381.126
1.4000        71.918370     0.000024490   -610969.5602      -260.996
1.5000        50.144720     0.000016327   -610991.3340      -180.216
1.6000        35.079917     0.000024490   -611006.3987      -124.949
1.7000        24.622588     0.000024490   -611016.8561       -86.913
1.8000        17.345104     0.000024490   -611024.1335       -60.695
1.9000        12.262418     0.000019048   -611029.2163       -42.666
2.0000         8.699238     0.000010885   -611032.7794       -30.242
2.1000         6.189681     0.000013606   -611035.2891       -21.683
2.2000         4.406339     0.000019048   -611037.0725       -15.891
2.3000         3.115003     0.000021769   -611038.3637       -11.826
2.4000         2.154324     0.000019048   -611039.3245        -8.999
2.5000         1.420663     0.000016327   -611040.0581        -6.870
2.6000         0.854364     0.000013606   -611040.6244        -5.260
2.7000         0.414051     0.000008163   -611041.0647        -3.995
2.8000         0.075316     0.000008163   -611041.4035        -3.041
2.9000        -0.184112     0.000010885   -611041.6628        -2.244
3.0000        -0.355305     0.000027211   -611041.8340        -1.604
3.1000        -0.461464     0.000008163   -611041.9401        -1.174
3.2000        -0.528682     0.000021769   -611042.0073        -0.782
3.3000        -0.566588     0.000019048   -611042.0454        -0.471
3.4000        -0.580737     0.000005442   -611042.0595        -0.271
3.5000        -0.576297     0.000024490   -611042.0549        -0.106
3.6000        -0.558922     0.000027211   -611042.0375         0.033
3.7000        -0.530040     0.000021769   -611042.0087         0.129
3.8000        -0.494064     0.000016327   -611041.9727         0.195
3.9000        -0.453377     0.000027211   -611041.9322         0.239
4.0000        -0.408168     0.000024490   -611041.8868         0.273
5.0000         0.025756     0.000016327   -611041.4530         0.224
6.0000         0.262497     0.000027211   -611041.2163         0.091
7.0000         0.359582     0.000016327   -611041.1191         0.055
8.0000         0.399186     0.000027211   -611041.0797         0.032
9.0000         0.417904     0.000024490   -611041.0609         0.016
10.0000         0.428765     0.000024490   -611041.0500         0.017
100.0000         0.479582     0.000016327   -611040.9991         0.000
1000.0000         0.483068     0.000016327   -611040.9956
