0.0020  24863900.612847     0.000010885  24250443.3439
0.0040  12097251.666202     0.000016327  11483794.3992
0.0060   7854789.193126     0.000010885   7241331.9249
0.0080   5742181.704680     0.000016327   5128724.4363
0.0100   4480064.420080     0.000008163   3866607.1514
0.0120   3642884.412006     0.000013606   3029427.1436
0.0140   3048042.679253     0.000008163   2434585.4115
0.0160   2604825.440319     0.000016327   1991368.1728
0.0180   2262728.086193     0.000013606   1649270.8185
0.0200   1991538.599116     0.000027211   1378081.3314
0.0400    813889.098989     0.000013606    200431.8313
0.0600    454364.706356     0.000010885   -159092.5613
0.0800    289297.711816     0.000008163   -324159.5557
0.1000    198892.314232     0.000005442   -414564.9533
0.1200    143861.518017     0.000013606   -469595.7496
0.1400    107305.732900     0.000019048   -506151.5347
0.1600     82045.438195     0.000019048   -531411.8295
0.1800     64326.952720     0.000010885   -549130.3150
0.2000     51621.769780     0.000013606   -561835.4979
0.2400     34153.267636     0.000027211   -579303.9999
0.2800     23268.108626     0.000013606   -590189.1589
0.3200     16378.723272     0.000024490   -597078.5445
0.3600     11956.467850     0.000019048   -601500.7999
0.4000      8839.292384     0.000013606   -604617.9752
0.4500      6133.634022     0.000013606   -607323.6337    -42896.331
0.5000      4397.318434     0.000013606   -609059.9491    -27813.278
0.5500      3252.729854     0.000013606   -610204.5377    -18730.825
0.6000      2464.640848     0.000013606   -610992.6268    -13233.993
0.6500      1895.905335     0.000019048   -611561.3624     -9758.321
0.7000      1470.864413     0.000019048   -611986.4033     -7379.550
0.7500      1147.471592     0.000005442   -612309.7960     -5643.446
0.8000       899.442139     0.000013606   -612557.8255     -4340.170
0.8500       708.271111     0.000019048   -612748.9964     -3353.410
0.9000       560.476236     0.000024490   -612896.7913     -2606.720
0.9500       445.535052     0.000013606   -613011.7325     -2044.570
1.0000       355.031854     0.000021769   -613102.2357     -1612.391
1.1000       226.540763     0.000016327   -613230.7268     -1013.179
1.2000       145.131439     0.000008163   -613312.1362      -640.872
1.3000        93.047521     0.000010885   -613364.2202      -408.432
1.4000        59.148671     0.000013606   -613398.1191      -264.768
1.5000        37.678434     0.000019048   -613419.5891      -171.256
1.6000        23.825708     0.000013606   -613433.4419      -111.801
1.7000        14.803756     0.000019048   -613442.4639       -73.379
1.8000         8.986604     0.000024490   -613448.2811       -48.979
1.9000         5.104991     0.000019048   -613452.1626       -32.612
2.0000         2.511196     0.000021769   -613454.7563       -21.538
2.1000         0.791482     0.000021769   -613456.4761       -14.025
2.2000        -0.326708     0.000021769   -613457.5942        -8.848
2.3000        -1.031492     0.000027211   -613458.2993        -5.419
2.4000        -1.453162     0.000008163   -613458.7208        -3.065
2.5000        -1.682320     0.000008163   -613458.9499        -1.514
2.6000        -1.782265     0.000016327   -613459.0500        -0.493
2.7000        -1.796208     0.000016327   -613459.0639         0.163
2.8000        -1.701289     0.000010885   -613458.9689         0.554
2.9000        -1.569934     0.000008163   -613458.8375         0.763
3.0000        -1.422318     0.000024490   -613458.6900         0.888
3.1000        -1.268914     0.000008163   -613458.5365         0.911
3.2000        -1.116010     0.000027211   -613458.3836         0.896
3.3000        -0.968696     0.000016327   -613458.2364         0.856
3.4000        -0.829978     0.000021769   -613458.0976         0.796
3.5000        -0.701170     0.000013606   -613457.9689         0.715
3.6000        -0.583276     0.000016327   -613457.8508         0.649
3.7000        -0.476910     0.000019048   -613457.7444         0.578
3.8000        -0.381852     0.000016327   -613457.6495         0.510
3.9000        -0.297344     0.000024490   -613457.5651         0.439
4.0000        -0.222823     0.000024490   -613457.4905         0.382
5.0000         0.137973     0.000013606   -613457.1297         0.078
6.0000         0.205103     0.000010885   -613457.0625         0.014
7.0000         0.216061     0.000010885   -613457.0516         0.002
8.0000         0.217966     0.000013606   -613457.0497        -0.001
9.0000         0.218388     0.000013606   -613457.0492        -0.001
10.0000         0.218535     0.000016327   -613457.0492        -0.001
100.0000         0.219147     0.000019048   -613457.0486
1000.0000         0.219196     0.000013606   -613457.0484
