0.0020  17559817.820478     0.000016327  16991676.1660
0.0040   8547328.048551     0.000027211   7979186.3944
0.0060   5556456.032525     0.000010885   4988314.3785
0.0080   4068641.525764     0.000019048   3500499.8704
0.0100   3180989.806521     0.000024490   2612848.1516
0.0120   2591125.361064     0.000027211   2022983.7060
0.0140   2171363.917383     0.000013606   1603222.2624
0.0160   1858197.736597     0.000024490   1290056.0818
0.0180   1615718.077675     0.000013606   1047576.4227
0.0200   1423081.061750     0.000016327    854939.4068
0.0400    582732.829605     0.000016327     14591.1747
0.0600    325825.974516     0.000008163   -242315.6804
0.0800    208234.879587     0.000019048   -359906.7754
0.1000    143703.093699     0.000019048   -424438.5612
0.1200    104238.294138     0.000021769   -463903.3607
0.1400     78015.972588     0.000024490   -490125.6823
0.1600     59632.371524     0.000016327   -508509.2835
0.1800     46426.786794     0.000027211   -521714.8681
0.2000     36807.660996     0.000008163   -531333.9940
0.2400     24329.779821     0.000005442   -543811.8752
0.2800     16834.416009     0.000010885   -551307.2390
0.3200     11804.817064     0.000019048   -556336.8377
0.3600      8549.252917     0.000010885   -559592.4021
0.4000      6351.020464     0.000010885   -561790.6344    -45475.984
0.4500      4499.397365     0.000021769   -563642.2576    -29976.044
0.5000      3232.381907     0.000024490   -564909.2729    -21407.119
0.5500      2328.751251     0.000019048   -565812.9038    -14977.176
0.6000      1704.563680     0.000027211   -566437.0913    -10275.676
0.6500      1274.263394     0.000013606   -566867.3917     -7140.487
0.7000       971.716429     0.000016327   -567169.9386     -5089.604
0.7500       753.113298     0.000019048   -567388.5416     -3732.050
0.8000       590.854549     0.000016327   -567550.8004     -2806.070
0.8500       467.691439     0.000008163   -567673.9636     -2152.292
0.9000       372.673666     0.000024490   -567768.9814     -1691.996
0.9500       297.400297     0.000013606   -567844.2547     -1371.578
1.0000       236.107941     0.000008163   -567905.5470     -1097.592
1.1000       148.841917     0.000008163   -567992.8131      -679.578
1.2000        94.877096     0.000016327   -568046.7779      -421.188
1.3000        61.130436     0.000010885   -568080.5244      -265.638
1.4000        39.643578     0.000008163   -568102.0113      -170.116
1.5000        25.754062     0.000008163   -568115.9009      -110.392
1.6000        16.622674     0.000010885   -568125.0322       -72.820
1.7000        10.491803     0.000010885   -568131.1632       -48.872
1.8000         6.420883     0.000016327   -568135.2340       -33.009
1.9000         3.687716     0.000021769   -568137.9671       -22.316
2.0000         1.947016     0.000013606   -568139.7078       -15.389
2.1000         0.779008     0.000019048   -568140.8760       -10.567
2.2000        -0.018942     0.000010885   -568141.6739        -7.209
2.3000        -0.559074     0.000008163   -568142.2140        -4.891
2.4000        -0.918107     0.000002721   -568142.5729        -3.211
2.5000        -1.149877     0.000024490   -568142.8048        -2.056
2.6000        -1.290715     0.000016327   -568142.9457        -1.171
2.7000        -1.367637     0.000010885   -568143.0225        -0.577
2.8000        -1.398358     0.000019048   -568143.0532        -0.147
2.9000        -1.396448     0.000016327   -568143.0513         0.165
3.0000        -1.371460     0.000019048   -568143.0265         0.364
3.1000        -1.329554     0.000019048   -568142.9846         0.506
3.2000        -1.276242     0.000019048   -568142.9313         0.617
3.3000        -1.215416     0.000021769   -568142.8703         0.680
3.4000        -1.149018     0.000021769   -568142.8039         0.696
3.5000        -1.079449     0.000019048   -568142.7343         0.720
3.6000        -1.008843     0.000019048   -568142.6638         0.726
3.7000        -0.928156     0.000027211   -568142.5830         0.711
3.8000        -0.810774     0.000013606   -568142.4657         0.647
3.9000        -0.705183     0.000013606   -568142.3601         0.595
4.0000        -0.610349     0.000016327   -568142.2652         0.544
5.0000        -0.054817     0.000021769   -568141.7098         0.225
6.0000         0.193378     0.000019048   -568141.4616         0.055
7.0000         0.249006     0.000021769   -568141.4058         0.013
8.0000         0.260965     0.000008163   -568141.3939         0.003
9.0000         0.263551     0.000005442   -568141.3914         0.000
10.0000         0.264136     0.000024490   -568141.3909         0.000
100.0000         0.264326     0.000019048   -568141.3906
1000.0000         0.264329     0.000019048   -568141.3906
