0.0020  12874728.343229     0.000013606  12642763.1024
0.0040   6286935.559897     0.000016327   6054970.3202
0.0060   4097062.047563     0.000027211   3865096.8074
0.0080   3004458.373744     0.000021769   2772493.1343
0.0100   2350574.570285     0.000024490   2118609.3296
0.0120   1916561.261265     0.000016327   1684596.0204
0.0140   1607429.431805     0.000013606   1375464.1911
0.0160   1376424.963047     0.000010885   1144459.7221
0.0180   1197704.489312     0.000027211    965739.2485
0.0200   1055695.193629     0.000027211    823729.9528
0.0400    435627.627159     0.000016327    203662.3863
0.0600    244485.616702     0.000021769     12520.3759
0.0800    156737.390991     0.000005442    -75227.8498
0.1000    108305.210095     0.000021769   -123660.0307
0.1200     78270.006426     0.000024490   -153695.2344
0.1400     58605.993580     0.000013606   -173359.2472
0.1600     45322.148386     0.000024490   -186643.0924
0.1800     36014.779862     0.000016327   -195950.4609
0.2000     28964.204476     0.000019048   -203001.0363
0.2400     19444.772808     0.000016327   -212520.4680
0.2800     13476.287978     0.000016327   -218488.9528
0.3200      9714.914225     0.000016327   -222250.3266
0.3600      7268.610541     0.000019048   -224696.6303    -50801.847
0.4000      5444.103302     0.000019048   -226521.1375    -39741.163
0.4500      3836.991269     0.000016327   -228128.2495    -25517.853
0.5000      2800.290008     0.000019048   -229164.9508    -16689.156
0.5500      2108.922750     0.000013606   -229856.3180    -11411.160
0.6000      1625.039483     0.000013606   -230340.2013     -8198.094
0.6500      1269.462759     0.000016327   -230695.7780     -6176.805
0.7000       996.025011     0.000021769   -230969.2158     -4832.119
0.7500       780.749077     0.000024490   -231184.4917     -3797.753
0.8000       612.441831     0.000013606   -231352.7990     -2949.659
0.8500       482.195717     0.000013606   -231483.0451     -2279.574
0.9000       381.516923     0.000016327   -231583.7239     -1766.513
0.9500       303.311175     0.000010885   -231661.9296     -1377.506
1.0000       242.136928     0.000027211   -231723.1039     -1081.672
1.1000       155.813931     0.000021769   -231809.4269      -679.393
1.2000       101.141289     0.000013606   -231864.0995      -434.371
1.3000        65.978152     0.000005442   -231899.2627      -280.520
1.4000        43.151244     0.000021769   -231922.0896      -182.239
1.5000        28.219072     0.000016327   -231937.0217      -119.170
1.6000        18.378601     0.000013606   -231946.8622       -78.564
1.7000        11.923903     0.000024490   -231953.3169       -52.263
1.8000         7.603585     0.000019048   -231957.6372       -35.099
1.9000         4.682700     0.000021769   -231960.5581       -23.789
2.0000         2.692268     0.000024490   -231962.5485       -16.190
2.1000         1.329005     0.000010885   -231963.9118       -11.038
2.2000         0.395226     0.000013606   -231964.8456        -7.522
2.3000        -0.237433     0.000024490   -231965.4782        -5.041
2.4000        -0.646551     0.000016327   -231965.8873        -3.343
2.5000        -0.911165     0.000019048   -231966.1520        -2.060
2.6000        -1.071500     0.000021769   -231966.3123        -1.231
2.7000        -1.155744     0.000010885   -231966.3965        -0.530
2.8000        -1.156408     0.000013606   -231966.3972        -0.101
2.9000        -1.082505     0.000024490   -231966.3233         0.223
3.0000        -0.984688     0.000021769   -231966.2255         0.461
3.1000        -0.872049     0.000024490   -231966.1128         0.561
3.2000        -0.750093     0.000019048   -231965.9909         0.670
3.3000        -0.624161     0.000019048   -231965.8650         0.732
3.4000        -0.497862     0.000019048   -231965.7387         0.736
3.5000        -0.373267     0.000024490   -231965.6141         0.727
3.6000        -0.252641     0.000027211   -231965.4935         0.719
3.7000        -0.137611     0.000027211   -231965.3784         0.687
3.8000        -0.028945     0.000024490   -231965.2698         0.642
3.9000         0.073046     0.000024490   -231965.1678         0.605
4.0000         0.167902     0.000021769   -231965.0729         0.565
5.0000         0.745815     0.000013606   -231964.4950         0.193
6.0000         0.916137     0.000016327   -231964.3247         0.048
7.0000         0.958818     0.000016327   -231964.2820         0.014
8.0000         0.970968     0.000016327   -231964.2698         0.004
9.0000         0.975779     0.000016327   -231964.2650         0.002
10.0000         0.978492     0.000016327   -231964.2623         0.001
100.0000         0.992563     0.000024490   -231964.2482
1000.0000         0.993621     0.000024490   -231964.2472
