0.0020   8825015.243239     0.000021769   8154470.1419
0.0040   4300337.964298     0.000021769   3629792.8620
0.0060   2796776.200699     0.000021769   2126231.0985
0.0080   2049059.346283     0.000016327   1378514.2441
0.0100   1602393.183034     0.000027211    931848.0809
0.0120   1306290.998680     0.000013606    635745.8966
0.0140   1095869.615513     0.000013606    425324.5134
0.0160    938848.889799     0.000027211    268303.7877
0.0180    817322.879134     0.000021769    146777.7770
0.0200    720535.469908     0.000016327     49990.3678
0.0400    298051.352881     0.000019048   -372493.7492
0.0600    167219.334781     0.000013606   -503325.7673
0.0800    107386.240912     0.000021769   -563158.8613
0.1000     74309.565393     0.000021769   -596235.5368
0.1200     53993.517784     0.000016327   -616551.5844
0.1400     40753.147671     0.000010885   -629791.9544
0.1600     31654.862768     0.000010885   -638890.2395
0.1800     24929.177480     0.000013606   -645615.9246
0.2000     19900.191991     0.000019048   -650644.9100
0.2400     13168.315779     0.000010885   -657376.7863
0.2800      9123.149651     0.000013606   -661421.9524
0.3200      6574.625990     0.000021769   -663970.4762    -51214.775
0.3600      4870.776215     0.000005442   -665674.3260    -35347.028
0.4000      3672.711775     0.000013606   -666872.3904    -25205.751
0.4500      2640.353749     0.000024490   -667904.7483    -16585.105
0.5000      1961.932109     0.000013606   -668583.1700    -11022.069
0.5500      1503.885610     0.000019048   -669041.2165     -7639.547
0.6000      1172.968063     0.000024490   -669372.1340     -5814.104
0.6500       912.978660     0.000016327   -669632.1234     -4606.222
0.7000       710.402560     0.000024490   -669834.6997     -3520.383
0.7500       557.319831     0.000016327   -669987.7823     -2643.618
0.8000       442.552493     0.000016327   -670102.5496     -1985.864
0.8500       356.020710     0.000008163   -670189.0813     -1506.246
0.9000       289.881992     0.000024490   -670255.2203     -1160.801
0.9500       238.333055     0.000010885   -670306.7690      -913.298
1.0000       197.235553     0.000016327   -670347.8666      -734.752
1.1000       136.051222     0.000019048   -670409.0509      -501.275
1.2000        93.658537     0.000019048   -670451.4435      -353.618
1.3000        63.709603     0.000008163   -670481.3924      -251.636
1.4000        42.610355     0.000008163   -670502.4918      -179.428
1.5000        27.552703     0.000010885   -670517.5495      -127.077
1.6000        16.852208     0.000010885   -670528.2499       -89.181
1.7000         9.312619     0.000013606   -670535.7896       -62.320
1.8000         4.053978     0.000010885   -670541.0482       -42.973
1.9000         0.426751     0.000019048   -670544.6755       -29.445
2.0000        -2.005284     0.000016327   -670547.1074       -19.795
2.1000        -3.419373     0.000013606   -670548.5216       -13.238
2.2000        -4.159289     0.000019048   -670549.2614        -8.711
2.3000        -4.571811     0.000019048   -670549.6740        -5.587
2.4000        -4.761719     0.000010885   -670549.8639        -3.171
2.5000        -4.799418     0.000010885   -670549.9014        -1.511
2.6000        -4.727738     0.000024490   -670549.8299        -0.307
2.7000        -4.586769     0.000027211   -670549.6889         0.587
2.8000        -4.397623     0.000019048   -670549.4998         1.153
2.9000        -4.175042     0.000019048   -670549.2772         1.536
3.0000        -3.897262     0.000013606   -670548.9994         1.803
3.1000        -3.477978     0.000021769   -670548.5801         1.800
3.2000        -3.097288     0.000019048   -670548.1994         1.700
3.3000        -2.754928     0.000019048   -670547.8571         1.621
3.4000        -2.449864     0.000019048   -670547.5520         1.549
3.5000        -2.178441     0.000016327   -670547.2804         1.441
3.6000        -1.936374     0.000016327   -670547.0385         1.315
3.7000        -1.720060     0.000016327   -670546.8222         1.214
3.8000        -1.527574     0.000013606   -670546.6298         1.127
3.9000        -1.356575     0.000013606   -670546.4587         1.036
4.0000        -1.204387     0.000013606   -670546.3065         0.947
5.0000        -0.161940     0.000010885   -670545.2641         0.255
6.0000         0.109948     0.000024490   -670544.9922         0.082
7.0000         0.174779     0.000008163   -670544.9275         0.020
8.0000         0.193367     0.000024490   -670544.9087         0.007
9.0000         0.200899     0.000008163   -670544.9014         0.004
10.0000         0.205272     0.000008163   -670544.8970         0.002
100.0000         0.228595     0.000013606   -670544.8736
1000.0000         0.230339     0.000010885   -670544.8717
