0.0020   1695221.628114     0.000016327   1663372.0001
0.0040    831596.974798     0.000010885    799747.3470
0.0060    543993.942382     0.000019048    512144.3146
0.0080    400494.250572     0.000024490    368644.6227
0.0100    314698.232452     0.000024490    282848.6046
0.0120    257707.895642     0.000024490    225858.2678
0.0140    217102.721096     0.000021769    185253.0933
0.0160    186749.706488     0.000021769    154900.0787
0.0180    163286.252031     0.000024490    131436.6242
0.0200    144644.341261     0.000027211    112794.7134
0.0400     62382.011616     0.000021769     30532.3838
0.0600     36234.046842     0.000027211      4384.4190
0.0800     23901.675695     0.000016327     -7947.9521
0.1000     16978.019926     0.000019048    -14871.6079
0.1200     12638.200285     0.000010885    -19211.4276
0.1400      9696.003649     0.000021769    -22153.6242
0.1600      7591.705658     0.000005442    -24257.9222
0.1800      6041.372875     0.000019048    -25808.2550
0.2000      4879.219805     0.000013606    -26970.4080    -50392.978
0.2400      3316.274336     0.000005442    -28533.3535    -29859.848
0.2800      2369.547408     0.000005442    -29480.0804    -18581.163
0.3200      1764.854610     0.000016327    -30084.7732    -12285.358
0.3600      1347.353492     0.000024490    -30502.2743     -9029.178
0.4000      1019.451057     0.000021769    -30830.1768     -7221.259
0.4500       719.152937     0.000021769    -31130.4749     -4911.708
0.5000       516.266390     0.000027211    -31333.3614     -3326.588
0.5500       377.999722     0.000013606    -31471.6281     -2281.018
0.6000       282.431547     0.000010885    -31567.1963     -1585.498
0.6500       215.501870     0.000016327    -31634.1260     -1118.065
0.7000       167.856713     0.000016327    -31681.7711      -802.744
0.7500       133.280177     0.000005442    -31716.3477      -589.807
0.8000       107.459256     0.000010885    -31742.1686      -448.028
0.8500        87.838609     0.000024490    -31761.7892      -354.967
0.9000        72.142467     0.000008163    -31777.4854      -290.324
0.9500        59.200759     0.000013606    -31790.4271      -240.707
1.0000        48.442941     0.000016327    -31801.1849      -199.419
1.1000        32.253235     0.000024490    -31817.3746      -133.478
1.2000        21.587600     0.000019048    -31828.0402       -86.008
1.3000        14.818434     0.000027211    -31834.8094       -53.726
1.4000        10.641218     0.000016327    -31838.9866       -32.768
1.5000         8.330448     0.000019048    -31841.2974       -19.933
1.6000         6.972961     0.000016327    -31842.6549       -12.046
1.7000         6.183583     0.000019048    -31843.4443        -7.266
1.8000         5.727640     0.000024490    -31843.9002        -4.435
1.9000         5.461390     0.000016327    -31844.1665        -2.760
2.0000         5.299262     0.000019048    -31844.3286        -1.779
2.1000         5.193994     0.000024490    -31844.4338        -1.192
2.2000         5.120148     0.000019048    -31844.5077        -0.835
2.3000         5.065363     0.000016327    -31844.5625        -0.597
2.4000         5.023126     0.000021769    -31844.6047        -0.435
2.5000         4.989969     0.000024490    -31844.6379        -0.321
2.6000         4.964360     0.000024490    -31844.6635        -0.235
2.7000         4.944836     0.000021769    -31844.6830        -0.169
2.8000         4.930264     0.000016327    -31844.6976        -0.119
2.9000         4.919891     0.000021769    -31844.7080        -0.081
3.0000         4.912846     0.000021769    -31844.7150        -0.047
3.1000         4.908424     0.000021769    -31844.7194        -0.028
3.2000         4.906062     0.000024490    -31844.7218        -0.010
3.3000         4.905238     0.000024490    -31844.7226         0.002
3.4000         4.905551     0.000024490    -31844.7223         0.011
3.5000         4.906656     0.000027211    -31844.7212         0.016
3.6000         4.908307     0.000021769    -31844.7195         0.020
3.7000         4.910264     0.000021769    -31844.7176         0.022
3.8000         4.912441     0.000021769    -31844.7154         0.023
3.9000         4.914653     0.000021769    -31844.7132         0.023
4.0000         4.916841     0.000021769    -31844.7110         0.022
5.0000         4.931437     0.000019048    -31844.6964         0.008
6.0000         4.935451     0.000019048    -31844.6924         0.002
7.0000         4.936251     0.000019048    -31844.6916         0.000
8.0000         4.936392     0.000019048    -31844.6914
9.0000         4.936414     0.000019048    -31844.6914        -0.000
10.0000         4.936419     0.000019048    -31844.6914        -0.000
100.0000         4.936419     0.000019048    -31844.6914
1000.0000         4.936419     0.000019048    -31844.6914
