0.0020   5476540.403341     0.000021769   5217440.9316
0.0040   2672313.193532     0.000008163   2413213.7223
0.0060   1741075.792329     0.000019048   1481976.3211
0.0080   1277284.747063     0.000021769   1018185.2757
0.0100   1000163.984737     0.000010885    741064.5136
0.0120    816266.506629     0.000021769    557167.0354
0.0140    685595.200210     0.000016327    426495.7289
0.0160    588056.650956     0.000005442    328957.1796
0.0180    512565.664078     0.000019048    253466.1928
0.0200    452410.966657     0.000013606    193311.4954
0.0400    189172.434820     0.000008163    -69927.0365
0.0600    107796.948160     0.000005442   -151302.5231
0.0800     69801.386696     0.000027211   -189298.0846
0.1000     48771.959861     0.000019048   -210327.5114
0.1200     35817.347134     0.000024490   -223282.1242
0.1400     27145.473590     0.000010885   -231953.9977
0.1600     21019.206398     0.000008163   -238080.2649
0.1800     16577.803777     0.000013606   -242521.6675
0.2000     13306.172395     0.000024490   -245793.2989
0.2400      8990.959427     0.000019048   -250108.5119
0.2800      6362.318867     0.000010885   -252737.1524
0.3200      4594.016423     0.000021769   -254505.4549    -36649.839
0.3600      3361.074275     0.000021769   -255738.3970    -25552.295
0.4000      2507.660593     0.000016327   -256591.8107    -17644.405
0.4500      1794.527285     0.000021769   -257304.9440    -11401.310
0.5000      1324.907954     0.000013606   -257774.5633     -7701.136
0.5500       996.879705     0.000016327   -258102.5916     -5566.218
0.6000       754.736196     0.000016327   -258344.7351     -4181.729
0.6500       573.231954     0.000013606   -258526.2393     -3117.166
0.7000       438.982510     0.000016327   -258660.4888     -2291.420
0.7500       340.609754     0.000027211   -258758.8615     -1676.791
0.8000       268.563754     0.000013606   -258830.9075     -1231.301
0.8500       215.467877     0.000027211   -258884.0034      -912.543
0.9000       176.020795     0.000008163   -258923.4505      -686.498
0.9500       146.112570     0.000010885   -258953.3587      -526.778
1.0000       123.134770     0.000016327   -258976.3365      -418.377
1.1000        89.993899     0.000013606   -259009.4774      -295.526
1.2000        65.237978     0.000024490   -259034.2333      -218.013
1.3000        46.863053     0.000027211   -259052.6082      -156.931
1.4000        33.759416     0.000010885   -259065.7119      -109.257
1.5000        24.708595     0.000016327   -259074.7627       -75.078
1.6000        18.524620     0.000021769   -259080.9467       -51.620
1.7000        14.278685     0.000021769   -259085.1926       -36.080
1.8000        11.315981     0.000013606   -259088.1553       -25.814
1.9000         9.198516     0.000021769   -259090.2728       -19.031
2.0000         7.636652     0.000016327   -259091.8346       -14.493
2.1000         6.449123     0.000013606   -259093.0222       -11.311
2.2000         5.521927     0.000005442   -259093.9494        -8.936
2.3000         4.784063     0.000021769   -259094.6872        -7.235
2.4000         4.183758     0.000005442   -259095.2875        -5.718
2.5000         3.706081     0.000010885   -259095.7652        -4.561
2.6000         3.320495     0.000010885   -259096.1508        -3.573
2.7000         3.011572     0.000019048   -259096.4597        -2.732
2.8000         2.814415     0.000008163   -259096.6569        -2.130
2.9000         2.674505     0.000010885   -259096.7968        -1.593
3.0000         2.564897     0.000008163   -259096.9064        -1.157
3.1000         2.482123     0.000008163   -259096.9892        -0.815
3.2000         2.423194     0.000008163   -259097.0481        -0.546
3.3000         2.383890     0.000021769   -259097.0874        -0.319
3.4000         2.359614     0.000008163   -259097.1117        -0.139
3.5000         2.347924     0.000005442   -259097.1234        -0.008
3.6000         2.346833     0.000005442   -259097.1245         0.075
3.7000         2.354488     0.000013606   -259097.1168         0.156
3.8000         2.367917     0.000013606   -259097.1034         0.207
3.9000         2.385765     0.000024490   -259097.0855         0.249
4.0000         2.406723     0.000024490   -259097.0646         0.266
5.0000         2.649881     0.000005442   -259096.8214         0.202
6.0000         2.781410     0.000019048   -259096.6899         0.106
7.0000         2.822859     0.000010885   -259096.6484         0.038
8.0000         2.831944     0.000024490   -259096.6393         0.017
9.0000         2.830943     0.000002721   -259096.6404         0.009
10.0000         2.827844     0.000027211   -259096.6435         0.005
100.0000         2.801405     0.000013606   -259096.6699         0.000
1000.0000         2.799293     0.000002721   -259096.6720
