0.0020  14960266.739036     0.000019048  14678358.1498
0.0040   7297188.379370     0.000013606   7015279.7888
0.0060   4754651.343122     0.000019048   4472742.7525
0.0080   3484296.172449     0.000021769   3202387.5821
0.0100   2724268.307500     0.000024490   2442359.7182
0.0120   2219762.136301     0.000021769   1937853.5470
0.0140   1860449.350843     0.000019048   1578540.7616
0.0160   1592311.396286     0.000019048   1310402.8069
0.0180   1384822.590613     0.000024490   1102914.0014
0.0200   1219982.849358     0.000013606    938074.2600
0.0400    501947.020292     0.000016327    220038.4310
0.0600    280881.559333     0.000013606     -1027.0300
0.0800    179753.469340     0.000019048   -102155.1200
0.1000    123780.402128     0.000019048   -158128.1872
0.1200     89370.244060     0.000027211   -192538.3453
0.1400     67137.078442     0.000016327   -214771.5109
0.1600     52020.923788     0.000021769   -229887.6655
0.1800     41089.049636     0.000008163   -240819.5397
0.2000     32864.473953     0.000013606   -249044.1154
0.2400     21852.900639     0.000005442   -260055.6887
0.2800     15368.536830     0.000013606   -266540.0525
0.3200     11195.111284     0.000021769   -270713.4780
0.3600      8190.693966     0.000016327   -273717.8955
0.4000      6107.580915     0.000021769   -275801.0084    -42589.675
0.4500      4402.706913     0.000024490   -277505.8823    -27065.942
0.5000      3287.762842     0.000013606   -278620.8266    -18328.170
0.5500      2509.291878     0.000013606   -279399.2975    -13238.089
0.6000      1931.717222     0.000008163   -279976.8722    -10074.083
0.6500      1488.949817     0.000013606   -280419.6394     -7709.627
0.7000      1152.963643     0.000024490   -280755.6256     -5799.685
0.7500       900.830894     0.000019048   -281007.7585     -4352.088
0.8000       710.957923     0.000021769   -281197.6315     -3294.738
0.8500       566.376317     0.000013606   -281342.2130     -2526.655
0.9000       454.782821     0.000010885   -281453.8064     -1964.454
0.9500       367.473179     0.000010885   -281541.1160     -1547.702
1.0000       298.369768     0.000002721   -281610.2196     -1234.001
1.1000       198.330154     0.000019048   -281710.2591      -803.660
1.2000       132.927648     0.000024490   -281775.6617      -532.165
1.3000        90.115779     0.000019048   -281818.4736      -357.578
1.4000        61.001142     0.000016327   -281847.5882      -244.256
1.5000        40.574670     0.000021769   -281868.0147      -168.964
1.6000        25.979166     0.000013606   -281882.6101      -118.453
1.7000        15.525696     0.000021769   -281893.0636       -83.129
1.8000         8.750747     0.000013606   -281899.8387       -56.710
1.9000         4.181352     0.000010885   -281904.4080       -38.230
2.0000         1.150294     0.000019048   -281907.4391       -25.280
2.1000        -0.804826     0.000019048   -281909.3942       -16.200
2.2000        -2.007420     0.000016327   -281910.5967        -9.793
2.3000        -2.685659     0.000016327   -281911.2751        -5.282
2.4000        -3.000201     0.000021769   -281911.5894        -2.203
2.5000        -3.065603     0.000021769   -281911.6550        -0.040
2.6000        -2.845158     0.000005442   -281911.4346         1.204
2.7000        -2.367576     0.000010885   -281910.9570         1.780
2.8000        -1.911198     0.000024490   -281910.5004         2.102
2.9000        -1.429665     0.000010885   -281910.0190         2.192
3.0000        -0.983812     0.000021769   -281909.5730         2.216
3.1000        -0.580435     0.000010885   -281909.1698         2.143
3.2000        -0.216175     0.000021769   -281908.8054         2.046
3.3000         0.112108     0.000010885   -281908.4772         1.940
3.4000         0.418065     0.000024490   -281908.1714         1.796
3.5000         0.737042     0.000019048   -281907.8522         1.612
3.6000         1.021388     0.000008163   -281907.5678         1.442
3.7000         1.273194     0.000008163   -281907.3161         1.277
3.8000         1.495089     0.000008163   -281907.0943         1.123
3.9000         1.690059     0.000024490   -281906.8992         0.981
4.0000         1.860555     0.000024490   -281906.7289         0.856
5.0000         2.684214     0.000005442   -281905.9052         0.190
6.0000         2.857161     0.000010885   -281905.7321         0.040
7.0000         2.901883     0.000021769   -281905.6875         0.015
8.0000         2.920254     0.000024490   -281905.6690         0.007
9.0000         2.931059     0.000002721   -281905.6581         0.005
10.0000         2.938673     0.000002721   -281905.6508         0.003
100.0000         2.984810     0.000005442   -281905.6045
1000.0000         2.988429     0.000010885   -281905.6010
