0.0020         0.000000     0.000019048  34780734.6773
0.0040  17294515.202377     0.000010885  16520631.2765
0.0060  11227148.444378     0.000016327  10453264.5164
0.0080   8203322.240277     0.000024490   7429438.3135
0.0100   6395154.750838     0.000019048   5621270.8240
0.0120   5195034.236974     0.000027211   4421150.3103
0.0140   4344213.503992     0.000016327   3570329.5779
0.0160   3709738.951362     0.000021769   2935855.0250
0.0180   3220113.044367     0.000016327   2446229.1175
0.0200   2831671.369852     0.000027211   2057787.4429
0.0400   1144340.130277     0.000024490    370456.2034
0.0600    633437.296738     0.000024490   -140446.6301
0.0800    401309.778445     0.000013606   -372574.1485
0.1000    275066.827658     0.000016327   -498817.0991
0.1200    198295.445012     0.000021769   -575588.4819
0.1400    148734.608188     0.000019048   -625149.3185
0.1600    114947.925899     0.000005442   -658936.0009
0.1800     89853.537797     0.000021769   -684030.3892
0.2000     71063.178764     0.000019048   -702820.7482
0.2400     46162.759095     0.000010885   -727721.1677
0.2800     31438.484580     0.000013606   -742445.4424
0.3200     21761.614588     0.000019048   -752122.3122
0.3600     15415.608418     0.000008163   -758468.3184
0.4000     11246.222792     0.000010885   -762637.7040
0.4500      7785.448101     0.000013606   -766098.4787
0.5000      5468.510344     0.000027211   -768415.4164    -37781.850
0.5500      3894.848795     0.000013606   -769989.0781    -26011.626
0.6000      2802.829117     0.000016327   -771081.0978    -18129.922
0.6500      2048.959100     0.000021769   -771834.9678    -12405.759
0.7000      1529.677004     0.000016327   -772354.2499     -8633.885
0.7500      1163.598632     0.000021769   -772720.3281     -6237.143
0.8000       891.871077     0.000019048   -772992.0557     -4705.270
0.8500       685.629863     0.000021769   -773198.2971     -3577.181
0.9000       529.106101     0.000027211   -773354.8208     -2721.894
0.9500       409.957850     0.000019048   -773473.9689     -2070.311
1.0000       319.285571     0.000024490   -773564.6414     -1577.047
1.1000       197.482851     0.000019048   -773686.4440      -929.936
1.2000       124.899442     0.000021769   -773759.0274      -568.431
1.3000        79.876166     0.000013606   -773804.0508      -359.564
1.4000        51.259258     0.000019048   -773832.6677      -233.164
1.5000        32.634690     0.000008163   -773851.2922      -153.249
1.6000        20.356388     0.000010885   -773863.5705      -101.378
1.7000        12.269774     0.000013606   -773871.6572       -67.255
1.8000         6.953889     0.000005442   -773876.9730       -44.537
1.9000         3.472229     0.000010885   -773880.4547       -29.356
2.0000         1.189323     0.000019048   -773882.7374       -19.279
2.1000        -0.293382     0.000016327   -773884.2202       -12.696
2.2000        -1.135983     0.000010885   -773885.0629        -8.604
2.3000        -1.644738     0.000024490   -773885.5715        -5.920
2.4000        -1.982816     0.000019048   -773885.9097        -4.116
2.5000        -2.196877     0.000008163   -773886.1236        -2.718
2.6000        -2.273705     0.000016327   -773886.2006        -1.866
2.7000        -2.233862     0.000021769   -773886.1606        -1.277
2.8000        -2.194294     0.000021769   -773886.1212        -0.830
2.9000        -2.146770     0.000019048   -773886.0736        -0.438
3.0000        -2.088554     0.000005442   -773886.0153        -0.159
3.1000        -2.019088     0.000021769   -773885.9459         0.082
3.2000        -1.941402     0.000016327   -773885.8684         0.255
3.3000        -1.857044     0.000005442   -773885.7840         0.369
3.4000        -1.768463     0.000019048   -773885.6953         0.460
3.5000        -1.678736     0.000021769   -773885.6055         0.512
3.6000        -1.588920     0.000010885   -773885.5157         0.520
3.7000        -1.500219     0.000024490   -773885.4270         0.534
3.8000        -1.415039     0.000019048   -773885.3418         0.529
3.9000        -1.334031     0.000024490   -773885.2610         0.506
4.0000        -1.256976     0.000010885   -773885.1837         0.478
5.0000        -0.760442     0.000008163   -773884.6874         0.182
6.0000        -0.601132     0.000005442   -773884.5279         0.053
7.0000        -0.558141     0.000016327   -773884.4850         0.025
8.0000        -0.545466     0.000013606   -773884.4724         0.012
9.0000        -0.540522     0.000002721   -773884.4673         0.007
10.0000        -0.537795     0.000021769   -773884.4645         0.005
100.0000        -0.525251     0.000008163   -773884.4520         0.000
1000.0000        -0.524462     0.000010885   -773884.4512
