0.0020   5154341.606030     0.000016327   4454110.7341
0.0040   2510467.781963     0.000024490   1810236.9088
0.0060   1632872.454291     0.000021769    932641.5813
0.0080   1196481.081247     0.000021769    496250.2081
0.0100    935726.271556     0.000013606    235495.3985
0.0120    762572.054694     0.000019048     62341.1816
0.0140    639425.043501     0.000024490    -60805.8296
0.0160    547665.909868     0.000013606   -152564.9632
0.0180    476653.541107     0.000019048   -223577.3320
0.0200    420254.141501     0.000013606   -279976.7315
0.0400    174234.965322     0.000005442   -525995.9078
0.0600     98841.914383     0.000013606   -601388.9586
0.0800     63902.613729     0.000019048   -636328.2593
0.1000     44294.285272     0.000010885   -655936.5878
0.1200     32123.646445     0.000024490   -668107.2267
0.1400     24186.921241     0.000013606   -676043.9517
0.1600     18790.143291     0.000016327   -681440.7299
0.1800     14953.603853     0.000027211   -685277.2692
0.2000     12092.380264     0.000019048   -688138.4928
0.2400      8106.602839     0.000016327   -692124.2701
0.2800      5613.141411     0.000016327   -694617.7317    -49038.329
0.3200      4028.975453     0.000013606   -696201.8975    -31684.801
0.3600      2983.451621     0.000008163   -697247.4214    -21498.397
0.4000      2254.837665     0.000024490   -697976.0354    -15419.038
0.4500      1612.455072     0.000024490   -698618.4181    -10624.811
0.5000      1166.805150     0.000005442   -699064.0678     -7400.970
0.5500       855.690976     0.000016327   -699375.1822     -5180.150
0.6000       636.838418     0.000016327   -699594.0348     -3664.316
0.6500       480.878381     0.000013606   -699749.9947     -2634.163
0.7000       367.545509     0.000016327   -699863.3274     -1947.722
0.7500       282.511402     0.000019048   -699948.3617     -1503.348
0.8000       215.608389     0.000019048   -700015.2647     -1204.685
0.8500       162.241080     0.000021769   -700068.6320      -949.925
0.9000       120.387243     0.000021769   -700110.4858      -739.128
0.9500        88.120653     0.000013606   -700142.7523      -569.699
1.0000        63.354065     0.000010885   -700167.5190      -435.579
1.1000        30.134305     0.000027211   -700200.7387      -249.807
1.2000        11.232859     0.000016327   -700219.6403      -140.504
1.3000         0.669991     0.000013606   -700230.2032       -77.803
1.4000        -5.161088     0.000021769   -700236.0340       -42.887
1.5000        -8.295190     0.000016327   -700239.1683       -23.763
1.6000       -10.009541     0.000021769   -700240.8826       -12.937
1.7000       -10.901808     0.000010885   -700241.7748        -6.404
1.8000       -11.273763     0.000019048   -700242.1468        -1.869
1.9000       -11.287113     0.000021769   -700242.1601         1.149
2.0000       -11.046673     0.000019048   -700241.9196         3.401
2.1000       -10.632331     0.000024490   -700241.5054         4.801
2.2000       -10.103567     0.000019048   -700240.9767         5.693
2.3000        -9.406454     0.000027211   -700240.2796         5.884
2.4000        -8.525056     0.000019048   -700239.3982         5.364
2.5000        -7.759915     0.000019048   -700238.6330         4.944
2.6000        -7.092577     0.000010885   -700237.9655         4.521
2.7000        -6.472097     0.000016327   -700237.3451         4.070
2.8000        -5.891455     0.000010885   -700236.7644         3.693
2.9000        -5.382039     0.000021769   -700236.2550         3.325
3.0000        -4.931938     0.000008163   -700235.8049         2.954
3.1000        -4.531459     0.000013606   -700235.4046         2.630
3.2000        -4.176525     0.000019048   -700235.0495         2.359
3.3000        -3.862418     0.000010885   -700234.7355         2.113
3.4000        -3.579450     0.000016327   -700234.4525         1.862
3.5000        -3.295022     0.000016327   -700234.1682         1.609
3.6000        -3.047333     0.000021769   -700233.9203         1.410
3.7000        -2.831759     0.000024490   -700233.7048         1.244
3.8000        -2.644365     0.000024490   -700233.5175         1.104
3.9000        -2.481230     0.000013606   -700233.3543         0.970
4.0000        -2.338596     0.000013606   -700233.2117         0.844
5.0000        -1.552764     0.000008163   -700232.4258         0.219
6.0000        -1.299502     0.000002721   -700232.1725         0.168
7.0000        -1.180335     0.000010885   -700232.0533         0.068
8.0000        -1.106108     0.000027211   -700231.9793         0.046
9.0000        -1.053949     0.000024490   -700231.9270         0.035
10.0000        -1.014639     0.000005442   -700231.8876         0.027
100.0000        -0.753377     0.000024490   -700231.6263         0.000
1000.0000        -0.731513     0.000021769   -700231.6046
