0.0020   4545781.662987     0.000010885   4448143.7838
0.0040   2224730.944152     0.000013606   2127093.0657
0.0060   1451767.155277     0.000024490   1354129.2767
0.0080   1067360.593370     0.000016327    969722.7150
0.0100    837565.589424     0.000008163    739927.7110
0.0120    684916.588604     0.000019048    587278.7101
0.0140    576261.524755     0.000010885    478623.6462
0.0160    495025.810288     0.000024490    397387.9318
0.0180    432042.711993     0.000013606    334404.8335
0.0200    381900.226659     0.000016327    284262.3481
0.0400    161030.148405     0.000024490     63392.2699
0.0600     92369.509825     0.000019048     -5268.3687
0.0800     60503.669341     0.000019048    -37134.2091
0.1000     42320.078744     0.000027211    -55317.7997
0.1200     31059.373748     0.000013606    -66578.5047
0.1400     23685.184297     0.000013606    -73952.6942
0.1600     18553.535462     0.000019048    -79084.3430
0.1800     14788.977982     0.000019048    -82848.9005
0.2000     11934.526447     0.000024490    -85703.3520
0.2400      8032.305222     0.000005442    -89605.5733
0.2800      5640.022744     0.000021769    -91997.8557    -46991.381
0.3200      4117.003958     0.000021769    -93520.8745    -30520.343
0.3600      3109.895467     0.000013606    -94527.9830    -20644.901
0.4000      2405.704189     0.000016327    -95232.1743    -15246.823
0.4500      1737.360313     0.000019048    -95900.5182    -11425.556
0.5000      1263.098302     0.000016327    -96374.7802     -7733.116
0.5500       942.974879     0.000021769    -96694.9036     -5253.558
0.6000       723.246315     0.000019048    -96914.6322     -3655.662
0.6500       568.188708     0.000008163    -97069.6898     -2630.238
0.7000       454.411635     0.000019048    -97183.4668     -1965.730
0.7500       367.916844     0.000010885    -97269.9616     -1517.936
0.8000       300.270264     0.000013606    -97337.6082     -1207.244
0.8500       245.830315     0.000013606    -97392.0482      -981.878
0.9000       201.495353     0.000024490    -97436.3831      -807.040
0.9500       165.239725     0.000016327    -97472.6388      -664.269
1.0000       135.489854     0.000013606    -97502.3886      -543.383
1.1000        91.352616     0.000016327    -97546.5259      -355.468
1.2000        62.535633     0.000027211    -97575.3428      -230.828
1.3000        43.136234     0.000027211    -97594.7423      -157.072
1.4000        28.987549     0.000013606    -97608.8909      -114.161
1.5000        18.709636     0.000016327    -97619.1689       -84.223
1.6000        11.408843     0.000024490    -97626.4696       -60.869
1.7000         6.227181     0.000027211    -97631.6513       -43.525
1.8000         2.532573     0.000019048    -97635.3459       -30.875
1.9000        -0.070260     0.000016327    -97637.9487       -21.549
2.0000        -1.866773     0.000019048    -97639.7452       -14.675
2.1000        -3.072338     0.000027211    -97640.9508        -9.655
2.2000        -3.845479     0.000016327    -97641.7240        -6.009
2.3000        -4.308818     0.000013606    -97642.1873        -3.393
2.4000        -4.549623     0.000027211    -97642.4281        -1.548
2.5000        -4.636259     0.000010885    -97642.5147        -0.257
2.6000        -4.615224     0.000010885    -97642.4937         0.613
2.7000        -4.521892     0.000016327    -97642.4004         1.201
2.8000        -4.382159     0.000005442    -97642.2606         1.579
2.9000        -4.212452     0.000019048    -97642.0909         1.791
3.0000        -4.025763     0.000019048    -97641.9043         1.914
3.1000        -3.831718     0.000008163    -97641.7102         1.963
3.2000        -3.635832     0.000010885    -97641.5143         1.954
3.3000        -3.422388     0.000005442    -97641.3009         1.881
3.4000        -3.193208     0.000016327    -97641.0717         1.745
3.5000        -2.984121     0.000013606    -97640.8626         1.610
3.6000        -2.793848     0.000019048    -97640.6723         1.471
3.7000        -2.620501     0.000021769    -97640.4990         1.338
3.8000        -2.463592     0.000024490    -97640.3421         1.217
3.9000        -2.322294     0.000021769    -97640.2008         1.104
4.0000        -2.195045     0.000021769    -97640.0735         1.005
5.0000        -1.385977     0.000021769    -97639.2644         0.325
6.0000        -1.099501     0.000010885    -97638.9780         0.149
7.0000        -0.976212     0.000013606    -97638.8547         0.071
8.0000        -0.905486     0.000021769    -97638.7840         0.046
9.0000        -0.857594     0.000016327    -97638.7361         0.033
10.0000        -0.822698     0.000013606    -97638.7012         0.025
100.0000        -0.602485     0.000021769    -97638.4810         0.000
1000.0000        -0.584827     0.000005442    -97638.4633
