0.0020         0.000000     0.000024490  29601050.6733
0.0040  14719289.341131     0.000024490  14077157.0769
0.0060   9560171.600102     0.000024490   8918039.3344
0.0080   6989317.238458     0.000016327   6347184.9738
0.0100   5452554.591194     0.000024490   4810422.3262
0.0120   4431298.375772     0.000024490   3789166.1117
0.0140   3706652.530782     0.000024490   3064520.2660
0.0160   3166719.689625     0.000008163   2524587.4248
0.0180   2749614.194334     0.000010885   2107481.9296
0.0200   2418724.602614     0.000016327   1776592.3380
0.0400    981416.420295     0.000016327    339284.1555
0.0600    544496.564463     0.000021769    -97635.7003
0.0800    345278.101513     0.000019048   -296854.1631
0.1000    237200.935831     0.000016327   -404931.3289
0.1200    170893.018033     0.000016327   -471239.2467
0.1400    127788.986322     0.000010885   -514343.2784
0.1600     98532.079205     0.000013606   -543600.1855
0.1800     77877.174264     0.000021769   -564255.0906
0.2000     61995.768177     0.000019048   -580136.4967
0.2400     40444.100851     0.000027211   -601688.1639
0.2800     27498.900666     0.000010885   -614633.3641
0.3200     19442.401754     0.000019048   -622689.8630
0.3600     13891.141879     0.000010885   -628241.1228
0.4000     10058.582031     0.000021769   -632073.6828
0.4500      6940.586420     0.000021769   -635191.6783    -49141.247
0.5000      4939.484179     0.000010885   -637192.7806    -32392.901
0.5500      3588.422778     0.000019048   -638543.8420    -22460.800
0.6000      2634.612634     0.000019048   -639497.6520    -16107.576
0.6500      1948.750514     0.000016327   -640183.5142    -11567.828
0.7000      1457.143191     0.000008163   -640675.1215     -8320.264
0.7500      1101.674214     0.000021769   -641030.5905     -6017.593
0.8000       842.893098     0.000021769   -641289.3717     -4393.006
0.8500       653.682321     0.000016327   -641478.5823     -3259.562
0.9000       511.255654     0.000024490   -641621.0092     -2495.935
0.9500       400.209547     0.000016327   -641732.0551     -1954.420
1.0000       313.705082     0.000010885   -641818.5596     -1521.905
1.1000       194.345700     0.000024490   -641937.9191      -915.106
1.2000       122.005978     0.000021769   -642010.2587      -552.622
1.3000        77.955256     0.000019048   -642054.3096      -341.943
1.4000        51.426651     0.000019048   -642080.8380      -218.684
1.5000        34.331192     0.000024490   -642097.9335      -143.187
1.6000        23.027979     0.000021769   -642109.2369       -95.161
1.7000        15.654202     0.000010885   -642116.6106       -63.965
1.8000        10.712103     0.000013606   -642121.5528       -43.037
1.9000         7.405040     0.000024490   -642124.8598       -28.750
2.0000         5.225244     0.000013606   -642127.0394       -18.905
2.1000         4.050909     0.000027211   -642128.2138       -12.464
2.2000         3.405098     0.000021769   -642128.8596        -8.244
2.3000         3.330748     0.000027211   -642128.9341        -5.798
2.4000         3.289501     0.000013606   -642128.9752        -4.225
2.5000         3.250997     0.000008163   -642129.0139        -3.219
2.6000         3.216520     0.000024490   -642129.0481        -2.654
2.7000         3.207309     0.000016327   -642129.0574        -2.373
2.8000         3.148127     0.000021769   -642129.1167        -2.109
2.9000         3.058297     0.000019048   -642129.2065        -1.834
3.0000         2.957800     0.000013606   -642129.3069        -1.561
3.1000         2.861861     0.000005442   -642129.4030        -1.261
3.2000         2.779701     0.000005442   -642129.4852        -0.998
3.3000         2.716897     0.000016327   -642129.5477        -0.744
3.4000         2.674992     0.000010885   -642129.5897        -0.513
3.5000         2.652521     0.000016327   -642129.6122        -0.322
3.6000         2.648219     0.000010885   -642129.6166        -0.167
3.7000         2.659394     0.000005442   -642129.6054        -0.031
3.8000         2.682388     0.000010885   -642129.5823         0.079
3.9000         2.714767     0.000016327   -642129.5499         0.155
4.0000         2.754931     0.000005442   -642129.5099         0.209
5.0000         3.209497     0.000008163   -642129.0552         0.222
6.0000         3.444821     0.000024490   -642128.8198         0.082
7.0000         3.523838     0.000021769   -642128.7409         0.033
8.0000         3.548701     0.000016327   -642128.7162         0.013
9.0000         3.557324     0.000010885   -642128.7075         0.006
10.0000         3.561123     0.000002721   -642128.7037         0.004
100.0000         3.574903     0.000019048   -642128.6898
1000.0000         3.575822     0.000024490   -642128.6890
