0.0020  18127760.312908     0.000008163  17683550.8676
0.0040   8831818.409420     0.000024490   8387608.9637
0.0060   5745974.731545     0.000013606   5301765.2872
0.0080   4208111.429049     0.000016327   3763901.9849
0.0100   3288395.606513     0.000016327   2844186.1612
0.0120   2677691.342056     0.000019048   2233481.8969
0.0140   2243672.165347     0.000019048   1799462.7201
0.0160   1919732.807494     0.000027211   1475523.3622
0.0180   1669213.688546     0.000010885   1225004.2431
0.0200   1470037.107728     0.000010885   1025827.6624
0.0400    604271.331794     0.000021769    160061.8865
0.0600    338908.866049     0.000021769   -105300.5792
0.0800    216635.127142     0.000013606   -227574.3182
0.1000    148803.905943     0.000024490   -295405.5394
0.1200    107484.264210     0.000016327   -336725.1811
0.1400     80374.817695     0.000019048   -363834.6277
0.1600     61434.867813     0.000016327   -382774.5776
0.1800     47809.277365     0.000021769   -396400.1679
0.2000     37863.369809     0.000019048   -406346.0755
0.2400     24955.362604     0.000019048   -419254.0828
0.2800     17339.796693     0.000024490   -426869.6486
0.3200     12124.454445     0.000010885   -432084.9907
0.3600      8741.364856     0.000027211   -435468.0805
0.4000      6461.859258     0.000024490   -437747.5859    -47176.509
0.4500      4550.285544     0.000010885   -439659.1598    -30607.200
0.5000      3288.291826     0.000010885   -440921.1533    -20925.451
0.5500      2381.284377     0.000010885   -441828.1609    -15419.623
0.6000      1735.322786     0.000010885   -442474.1224    -10653.999
0.6500      1290.808396     0.000024490   -442918.6369     -7347.008
0.7000       981.716350     0.000010885   -443227.7290     -5168.128
0.7500       761.667687     0.000019048   -443447.7777     -3734.175
0.8000       600.688856     0.000010885   -443608.7565     -2779.718
0.8500       479.141836     0.000019048   -443730.3036     -2122.544
0.9000       385.742355     0.000010885   -443823.7029     -1654.994
0.9500       312.568511     0.000013606   -443896.8768     -1303.059
1.0000       254.641876     0.000024490   -443954.8033     -1029.282
1.1000       172.162130     0.000016327   -444037.2832      -645.298
1.2000       119.384305     0.000019048   -444090.0611      -417.374
1.3000        84.931409     0.000021769   -444124.5140      -281.145
1.4000        61.328065     0.000019048   -444148.1171      -196.249
1.5000        44.674190     0.000013606   -444164.7711      -140.274
1.6000        32.703951     0.000024490   -444176.7414      -101.095
1.7000        24.060156     0.000005442   -444185.3851       -72.855
1.8000        17.821728     0.000013606   -444191.6235       -52.432
1.9000        13.331018     0.000024490   -444196.1142       -37.733
2.0000        10.105532     0.000019048   -444199.3399       -27.177
2.1000         7.783765     0.000010885   -444201.6616       -19.632
2.2000         6.094436     0.000008163   -444203.3508       -14.357
2.3000         4.845590     0.000024490   -444204.5998       -10.588
2.4000         3.902370     0.000019048   -444205.5430        -8.050
2.5000         3.168122     0.000016327   -444206.2772        -6.207
2.6000         2.578791     0.000016327   -444206.8666        -4.982
2.7000         2.090711     0.000024490   -444207.3547        -4.030
2.8000         1.678083     0.000013606   -444207.7672        -3.373
2.9000         1.363656     0.000024490   -444208.0815        -2.816
3.0000         1.107618     0.000013606   -444208.3376        -2.349
3.1000         0.892044     0.000008163   -444208.5534        -1.999
3.2000         0.712432     0.000008163   -444208.7330        -1.660
3.3000         0.561834     0.000008163   -444208.8835        -1.373
3.4000         0.437001     0.000010885   -444209.0084        -1.148
3.5000         0.334880     0.000019048   -444209.1104        -0.937
3.6000         0.250644     0.000010885   -444209.1948        -0.763
3.7000         0.182910     0.000013606   -444209.2625        -0.594
3.8000         0.128925     0.000016327   -444209.3164        -0.487
3.9000         0.085991     0.000016327   -444209.3594        -0.383
4.0000         0.053498     0.000016327   -444209.3918        -0.296
5.0000        -0.013505     0.000027211   -444209.4587         0.035
6.0000         0.035617     0.000016327   -444209.4097         0.042
7.0000         0.069201     0.000013606   -444209.3760         0.028
8.0000         0.084804     0.000013606   -444209.3605         0.014
9.0000         0.090889     0.000005442   -444209.3545         0.002
10.0000         0.093068     0.000005442   -444209.3523         0.004
100.0000         0.094143     0.000005442   -444209.3512
1000.0000         0.094149     0.000005442   -444209.3512
