0.0020  18846636.114208     0.000019048  18182890.9967
0.0040   9171156.712004     0.000019048   8507411.5945
0.0060   5958044.710214     0.000019048   5294299.5931
0.0080   4361488.371736     0.000016327   3697743.2525
0.0100   3408468.387222     0.000019048   2744723.2706
0.0120   2775326.400537     0.000013606   2111581.2826
0.0140   2324803.037160     0.000016327   1661057.9194
0.0160   1988667.794767     0.000016327   1324922.6770
0.0180   1728808.860606     0.000019048   1065063.7428
0.0200   1522423.685662     0.000005442    858678.5677
0.0400    622519.517267     0.000016327    -41225.6006
0.0600    348246.180089     0.000021769   -315498.9379
0.0800    222557.339238     0.000019048   -441187.7788
0.1000    153391.997256     0.000019048   -510353.1206
0.1200    110921.463590     0.000024490   -552823.6544
0.1400     82703.510381     0.000000000   -581041.6076
0.1600     63102.293032     0.000024490   -600642.8248
0.1800     49198.777699     0.000027211   -614546.3401
0.2000     39142.769484     0.000024490   -624602.3485
0.2400     26097.611322     0.000005442   -637647.5065
0.2800     17899.875082     0.000005442   -645845.2429
0.3200     12674.892776     0.000021769   -651070.2250
0.3600      9233.320207     0.000013606   -654511.7977
0.4000      6896.000724     0.000010885   -656849.1170    -48498.896
0.4500      4890.920678     0.000024490   -658854.1972    -33116.245
0.5000      3508.577394     0.000016327   -660236.5405    -22646.705
0.5500      2572.670321     0.000027211   -661172.4476    -15293.321
0.6000      1936.274910     0.000024490   -661808.8429    -10536.760
0.6500      1490.880057     0.000019048   -662254.2377     -7499.983
0.7000      1167.853880     0.000021769   -662577.2639     -5592.190
0.7500       916.906511     0.000019048   -662828.2115     -4476.162
0.8000       717.064343     0.000013606   -663028.0536     -3523.571
0.8500       561.422181     0.000013606   -663183.6957     -2723.422
0.9000       441.594445     0.000024490   -663303.5236     -2088.350
0.9500       349.756546     0.000010885   -663395.3612     -1600.199
1.0000       279.268456     0.000021769   -663465.8493     -1231.005
1.1000       182.509326     0.000008163   -663562.6084      -746.059
1.2000       122.809297     0.000010885   -663622.3086      -470.360
1.3000        84.542507     0.000024490   -663660.5754      -307.801
1.4000        59.230757     0.000019048   -663685.8872      -207.325
1.5000        42.032624     0.000027211   -663703.0854      -142.408
1.6000        30.150510     0.000021769   -663714.9675       -99.184
1.7000        21.840204     0.000024490   -663723.2776       -69.779
1.8000        15.963941     0.000027211   -663729.1539       -49.661
1.9000        11.758616     0.000024490   -663733.3594       -35.803
2.0000         8.711154     0.000008163   -663736.4068       -26.141
2.1000         6.476261     0.000024490   -663738.6417       -19.288
2.2000         4.818765     0.000021769   -663740.2991       -14.374
2.3000         3.578541     0.000013606   -663741.5394       -10.864
2.4000         2.645688     0.000013606   -663742.4722        -8.224
2.5000         1.938747     0.000024490   -663743.1792        -6.285
2.6000         1.403490     0.000013606   -663743.7144        -4.822
2.7000         0.992397     0.000013606   -663744.1256        -3.692
2.8000         0.677161     0.000019048   -663744.4407        -2.913
2.9000         0.429924     0.000021769   -663744.6880        -2.212
3.0000         0.258919     0.000024490   -663744.8589        -1.737
3.1000         0.131570     0.000024490   -663744.9863        -1.360
3.2000         0.033054     0.000019048   -663745.0848        -1.007
3.3000        -0.043525     0.000008163   -663745.1615        -0.764
3.4000        -0.101060     0.000010885   -663745.2189        -0.576
3.5000        -0.141731     0.000016327   -663745.2595        -0.398
3.6000        -0.171160     0.000019048   -663745.2891        -0.262
3.7000        -0.188940     0.000016327   -663745.3068        -0.151
3.8000        -0.198260     0.000016327   -663745.3161        -0.082
3.9000        -0.200888     0.000027211   -663745.3188        -0.016
4.0000        -0.196736     0.000027211   -663745.3147         0.031
5.0000        -0.037944     0.000024490   -663745.1558         0.143
6.0000         0.109531     0.000024490   -663745.0083         0.096
7.0000         0.179451     0.000016327   -663744.9384         0.034
8.0000         0.207539     0.000008163   -663744.9104         0.015
9.0000         0.218391     0.000008163   -663744.8995         0.008
10.0000         0.223008     0.000010885   -663744.8949         0.007
100.0000         0.234298     0.000019048   -663744.8837         0.000
1000.0000         0.234894     0.000019048   -663744.8829
