0.0020    191028.669442     0.000019048    153459.3658
0.0040     93854.952915     0.000019048     56285.6493
0.0060     61496.182155     0.000021769     23926.8785
0.0080     45336.765404     0.000021769      7767.4618
0.0100     35665.098310     0.000024490     -1904.2053
0.0120     29239.897883     0.000008163     -8329.4057
0.0140     24667.689516     0.000024490    -12901.6141
0.0160     21255.444108     0.000013606    -16313.8595
0.0180     18614.862439     0.000027211    -18954.4412
0.0200     16511.696118     0.000019048    -21057.6075
0.0400      7212.044335     0.000024490    -30357.2593
0.0600      4241.617147     0.000024490    -33327.6865
0.0800      2825.554083     0.000016327    -34743.7495
0.1000      2025.759883     0.000019048    -35543.5437    -31153.329
0.1200      1524.411417     0.000019048    -36044.8922    -20289.590
0.1400      1186.663951     0.000021769    -36382.6397    -14053.686
0.1600       945.970682     0.000010885    -36623.3329    -10251.656
0.1800       766.698734     0.000013606    -36802.6049     -7789.926
0.2000       628.644002     0.000010885    -36940.6596     -6088.887
0.2400       432.710778     0.000019048    -37136.5929     -3907.910
0.2800       304.510539     0.000024490    -37264.7931     -2605.188
0.3200       218.104740     0.000013606    -37351.1989     -1777.458
0.3600       158.693044     0.000021769    -37410.6106     -1233.681
0.4000       117.177950     0.000021769    -37452.1257      -869.280
0.4500        81.753839     0.000019048    -37487.5498      -573.321
0.5000        58.109735     0.000021769    -37511.1939      -387.824
0.5500        41.906140     0.000024490    -37527.3975      -269.514
0.6000        30.505180     0.000002721    -37538.7985      -192.333
0.6500        22.262212     0.000010885    -37547.0414      -140.790
0.7000        16.206634     0.000016327    -37553.0970      -105.435
0.7500        11.646763     0.000019048    -37557.6569       -80.314
0.8000         8.154836     0.000021769    -37561.1488       -61.980
0.8500         5.454769     0.000019048    -37563.8489       -48.204
0.9000         3.353290     0.000016327    -37565.9503       -37.572
0.9500         1.714998     0.000013606    -37567.5886       -29.340
1.0000         0.440210     0.000016327    -37568.8634       -22.856
1.1000        -1.310406     0.000027211    -37570.6140       -13.571
1.2000        -2.324076     0.000019048    -37571.6277        -7.644
1.3000        -2.864712     0.000024490    -37572.1683        -3.780
1.4000        -3.096836     0.000019048    -37572.4005        -1.318
1.5000        -3.131825     0.000021769    -37572.4354         0.338
1.6000        -2.993191     0.000027211    -37572.2968         1.272
1.7000        -2.729825     0.000027211    -37572.0334         1.843
1.8000        -2.445344     0.000010885    -37571.7490         2.155
1.9000        -2.151379     0.000027211    -37571.4550         2.280
2.0000        -1.858332     0.000010885    -37571.1619         2.329
2.1000        -1.572751     0.000024490    -37570.8764         2.290
2.2000        -1.296675     0.000010885    -37570.6003         2.186
2.3000        -1.032047     0.000024490    -37570.3357         2.070
2.4000        -0.780826     0.000013606    -37570.0845         1.930
2.5000        -0.477057     0.000010885    -37569.7807         1.695
2.6000        -0.197740     0.000021769    -37569.5014         1.463
2.7000         0.045473     0.000010885    -37569.2582         1.255
2.8000         0.255001     0.000010885    -37569.0486         1.074
2.9000         0.434084     0.000019048    -37568.8696         0.912
3.0000         0.586272     0.000021769    -37568.7174         0.770
3.1000         0.715194     0.000016327    -37568.5884         0.646
3.2000         0.823928     0.000005442    -37568.4797         0.539
3.3000         0.914948     0.000002721    -37568.3887         0.452
3.4000         0.990636     0.000008163    -37568.3130         0.380
3.5000         1.053353     0.000010885    -37568.2503         0.319
3.6000         1.105199     0.000016327    -37568.1984         0.267
3.7000         1.148160     0.000010885    -37568.1555         0.223
3.8000         1.183919     0.000024490    -37568.1197         0.184
3.9000         1.213642     0.000021769    -37568.0900         0.153
4.0000         1.238236     0.000024490    -37568.0654         0.129
5.0000         1.339337     0.000010885    -37567.9643         0.021
6.0000         1.360069     0.000005442    -37567.9435         0.017
7.0000         1.367683     0.000010885    -37567.9360         0.006
8.0000         1.372088     0.000008163    -37567.9315         0.004
9.0000         1.375150     0.000021769    -37567.9285         0.003
10.0000         1.377444     0.000008163    -37567.9262         0.002
100.0000         1.392845     0.000019048    -37567.9108
1000.0000         1.394146     0.000010885    -37567.9095
