0.0020  17539008.560895     0.000016327  17035081.7550
0.0040   8541444.814115     0.000008163   8037518.0082
0.0060   5553058.683081     0.000019048   5049131.8758
0.0080   4065242.848995     0.000019048   3561316.0424
0.0100   3176257.714810     0.000016327   2672330.9078
0.0120   2585815.384866     0.000024490   2081888.5779
0.0140   2166096.295478     0.000016327   1662169.4886
0.0160   1853258.989640     0.000021769   1349332.1827
0.0180   1611429.457974     0.000021769   1107502.6512
0.0200   1419330.247932     0.000024490    915403.4411
0.0400    583426.438048     0.000027211     79499.6312
0.0600    325805.885069     0.000010885   -178120.9218
0.0800    207964.198843     0.000021769   -295962.6079
0.1000    143406.311683     0.000021769   -360520.4952
0.1200    104135.503389     0.000024490   -399791.3035
0.1400     78203.795845     0.000019048   -425723.0110
0.1600     59902.946018     0.000013606   -444023.8609
0.1800     46625.379611     0.000021769   -457301.4273
0.2000     36919.526141     0.000008163   -467007.2806
0.2400     24336.716822     0.000010885   -479590.0899
0.2800     16891.518495     0.000016327   -487035.2884
0.3200     11821.773892     0.000016327   -492105.0330
0.3600      8539.173468     0.000019048   -495387.6332
0.4000      6317.622557     0.000021769   -497609.1844    -46046.115
0.4500      4446.034405     0.000019048   -499480.7725    -30128.798
0.5000      3189.982407     0.000027211   -500736.8244    -21098.927
0.5500      2286.444956     0.000024490   -501640.3620    -15170.426
0.6000      1651.597267     0.000024490   -502275.2095    -10462.556
0.6500      1214.973383     0.000019048   -502711.8335     -7207.699
0.7000       912.124617     0.000013606   -503014.6822     -5049.085
0.7500       697.564988     0.000013606   -503229.2419     -3628.397
0.8000       541.268607     0.000019048   -503385.5382     -2684.837
0.8500       424.106592     0.000019048   -503502.7004     -2040.148
0.9000       334.198553     0.000016327   -503592.6082     -1580.119
0.9500       264.114650     0.000016327   -503662.6922     -1238.187
1.0000       208.887715     0.000008163   -503717.9191      -979.111
1.1000       129.834760     0.000024490   -503796.9720      -624.777
1.2000        79.004607     0.000019048   -503847.8021      -395.849
1.3000        47.138334     0.000021769   -503879.6686      -250.545
1.4000        27.104167     0.000010885   -503899.7027      -160.267
1.5000        14.458822     0.000013606   -503912.3481      -103.252
1.6000         6.369249     0.000027211   -503920.4375       -66.387
1.7000         1.248282     0.000016327   -503925.5587       -42.247
1.8000        -1.921329     0.000019048   -503928.7283       -26.206
1.9000        -3.801135     0.000024490   -503930.6080       -15.534
2.0000        -4.827179     0.000024490   -503931.6339        -8.485
2.1000        -5.290606     0.000024490   -503932.0976        -3.690
2.2000        -5.388256     0.000016327   -503932.1950        -0.630
2.3000        -5.253514     0.000021769   -503932.0603         1.338
2.4000        -4.977076     0.000024490   -503931.7838         2.529
2.5000        -4.621167     0.000013606   -503931.4279         3.201
2.6000        -3.995626     0.000021769   -503930.8026         3.190
2.7000        -3.434105     0.000021769   -503930.2409         3.067
2.8000        -2.947996     0.000021769   -503929.7549         2.869
2.9000        -2.526535     0.000021769   -503929.3334         2.692
3.0000        -2.160430     0.000019048   -503928.9672         2.492
3.1000        -1.801533     0.000016327   -503928.6083         2.243
3.2000        -1.427556     0.000008163   -503928.2344         1.981
3.3000        -1.070262     0.000021769   -503927.8771         1.746
3.4000        -0.761190     0.000024490   -503927.5680         1.492
3.5000        -0.494475     0.000024490   -503927.3013         1.294
3.6000        -0.265066     0.000024490   -503927.0719         1.114
3.7000        -0.068336     0.000013606   -503926.8752         0.953
3.8000         0.099953     0.000008163   -503926.7070         0.805
3.9000         0.243469     0.000013606   -503926.5633         0.689
4.0000         0.365376     0.000021769   -503926.4414         0.584
5.0000         0.895228     0.000005442   -503925.9116         0.104
6.0000         0.981646     0.000019048   -503925.8251         0.024
7.0000         0.997826     0.000008163   -503925.8090         0.004
8.0000         1.003162     0.000024490   -503925.8036         0.002
9.0000         1.006185     0.000016327   -503925.8006         0.001
10.0000         1.008294     0.000002721   -503925.7987         0.001
100.0000         1.021570     0.000010885   -503925.7853
1000.0000         1.022631     0.000008163   -503925.7843
