0.0020   5441985.914431     0.000024490   5313323.0392
0.0040   2660969.247291     0.000008163   2532306.3732
0.0060   1735807.103792     0.000021769   1607144.2300
0.0080   1275401.302479     0.000024490   1146738.4287
0.0100   1000133.427430     0.000024490    871470.5536
0.0120    817369.393908     0.000016327    688706.5201
0.0140    687333.450997     0.000010885    558670.5771
0.0160    590144.318316     0.000019048    461481.4444
0.0180    514837.117163     0.000027211    386174.2431
0.0200    454869.909806     0.000013606    326207.0359
0.0400    191331.730732     0.000024490     62668.8568
0.0600    109818.104585     0.000019048    -18844.7693
0.0800     71441.671284     0.000019048    -57221.2026
0.1000     49827.446229     0.000005442    -78835.4277
0.1200     36571.391155     0.000016327    -92091.4828
0.1400     27829.994124     0.000013606   -100832.8798
0.1600     21671.885992     0.000024490   -106990.9879
0.1800     17150.159040     0.000013606   -111512.7149
0.2000     13766.688681     0.000013606   -114896.1853
0.2400      9248.383404     0.000021769   -119414.4905
0.2800      6542.054360     0.000008163   -122120.8196
0.3200      4827.245919     0.000021769   -123835.6280    -34722.380
0.3600      3623.950809     0.000010885   -125038.9231    -26353.237
0.4000      2716.615482     0.000021769   -125946.2584    -19061.682
0.4500      1943.757345     0.000024490   -126719.1166    -12390.944
0.5000      1433.046254     0.000013606   -127229.8277     -8364.938
0.5500      1082.403601     0.000019048   -127580.4703     -5844.064
0.6000       834.380676     0.000021769   -127828.4933     -4197.859
0.6500       653.539856     0.000021769   -128009.3341     -3117.118
0.7000       516.615121     0.000019048   -128146.2588     -2411.596
0.7500       408.814291     0.000005442   -128254.0596     -1931.244
0.8000       321.916143     0.000013606   -128340.9578     -1564.249
0.8500       252.312790     0.000013606   -128410.5611     -1221.485
0.9000       198.556825     0.000016327   -128464.3171      -939.238
0.9500       157.431727     0.000024490   -128505.4422      -721.750
1.0000       126.026394     0.000013606   -128536.8475      -560.116
1.1000        81.918876     0.000021769   -128580.9550      -348.761
1.2000        54.095142     0.000021769   -128608.7788      -224.930
1.3000        35.955245     0.000027211   -128626.9187      -147.462
1.4000        23.965626     0.000013606   -128638.9083       -98.009
1.5000        15.966640     0.000010885   -128646.9073       -65.534
1.6000        10.619454     0.000008163   -128652.2545       -43.651
1.7000         7.066318     0.000021769   -128655.8076       -28.731
1.8000         4.738054     0.000016327   -128658.1359       -18.586
1.9000         3.347053     0.000021769   -128659.5269       -11.805
2.0000         2.580745     0.000019048   -128660.2932        -7.415
2.1000         2.143466     0.000024490   -128660.7305        -4.563
2.2000         1.914695     0.000016327   -128660.9592        -2.740
2.3000         1.811373     0.000021769   -128661.0625        -1.609
2.4000         1.778137     0.000008163   -128661.0958        -0.922
2.5000         1.780945     0.000019048   -128661.0930        -0.507
2.6000         1.799296     0.000016327   -128661.0746        -0.270
2.7000         1.822617     0.000013606   -128661.0513        -0.126
2.8000         1.845994     0.000013606   -128661.0279        -0.037
2.9000         1.867396     0.000010885   -128661.0065         0.011
3.0000         1.886294     0.000008163   -128660.9876         0.041
3.1000         1.903024     0.000010885   -128660.9709         0.060
3.2000         1.917892     0.000024490   -128660.9560         0.076
3.3000         1.931046     0.000024490   -128660.9429         0.075
3.4000         1.942785     0.000016327   -128660.9311         0.073
3.5000         1.953490     0.000013606   -128660.9204         0.077
3.6000         1.963193     0.000016327   -128660.9107         0.072
3.7000         1.971871     0.000027211   -128660.9020         0.069
3.8000         1.979683     0.000024490   -128660.8942         0.063
3.9000         1.986813     0.000024490   -128660.8871         0.060
4.0000         1.993281     0.000002721   -128660.8806         0.055
5.0000         2.028991     0.000019048   -128660.8449         0.018
6.0000         2.037946     0.000024490   -128660.8360         0.003
7.0000         2.039647     0.000024490   -128660.8343         0.000
8.0000         2.039924     0.000024490   -128660.8340        -0.000
9.0000         2.039962     0.000024490   -128660.8340        -0.000
10.0000         2.039973     0.000024490   -128660.8339        -0.000
100.0000         2.039973     0.000024490   -128660.8339
1000.0000         2.039973     0.000024490   -128660.8339
