0.0020  10765380.740753     0.000010885  10442674.4397
0.0040   5248879.967999     0.000021769   4926173.6673
0.0060   3417907.568674     0.000021769   3095201.2674
0.0080   2506802.688957     0.000008163   2184096.3887
0.0100   1962456.271309     0.000013606   1639749.9710
0.0120   1601083.694619     0.000008163   1278377.3944
0.0140   1343695.124320     0.000010885   1020988.8240
0.0160   1151431.653845     0.000008163    828725.3537
0.0180   1002704.911256     0.000024490    679998.6108
0.0200    884368.265166     0.000013606    561661.9648
0.0400    368720.271064     0.000016327     46013.9707
0.0600    208534.372040     0.000010885   -114171.9283
0.0800    133900.909974     0.000019048   -188805.3903
0.1000     92286.949380     0.000005442   -230419.3509
0.1200     66572.568532     0.000027211   -256133.7318
0.1400     49815.318200     0.000024490   -272890.9822
0.1600     38456.255787     0.000013606   -284250.0445
0.1800     30441.789409     0.000019048   -292264.5109
0.2000     24342.341910     0.000016327   -298363.9583
0.2400     16053.341151     0.000024490   -306652.9591
0.2800     10935.182329     0.000019048   -311771.1179
0.3200      7700.061669     0.000021769   -315006.2386
0.3600      5605.730115     0.000021769   -317100.5702    -42630.299
0.4000      4159.606574     0.000016327   -318546.6937    -30783.655
0.4500      2883.132194     0.000013606   -319823.1681    -20787.745
0.5000      2034.409085     0.000016327   -320671.8912    -13675.239
0.5500      1473.152809     0.000024490   -321233.1475     -9134.531
0.6000      1091.715047     0.000024490   -321614.5852     -6333.302
0.6500       821.545896     0.000021769   -321884.7543     -4584.282
0.7000       623.001295     0.000010885   -322083.2990     -3450.664
0.7500       472.033371     0.000016327   -322234.2670     -2641.253
0.8000       356.695678     0.000013606   -322349.6047     -2006.086
0.8500       269.608892     0.000021769   -322436.6915     -1506.349
0.9000       204.311852     0.000019048   -322501.9885     -1128.484
0.9500       155.344581     0.000016327   -322550.9557      -848.256
1.0000       118.474600     0.000021769   -322587.8258      -640.530
1.1000        69.391313     0.000016327   -322636.9089      -372.165
1.2000        40.602374     0.000013606   -322665.6980      -222.161
1.3000        23.390380     0.000019048   -322682.9100      -134.113
1.4000        13.120832     0.000016327   -322693.1796       -79.720
1.5000         7.149675     0.000021769   -322699.1506       -45.363
1.6000         4.157572     0.000016327   -322702.1428       -24.704
1.7000         2.974695     0.000021769   -322703.3256       -12.784
1.8000         2.503775     0.000024490   -322703.7967        -5.371
1.9000         2.493220     0.000008163   -322703.8070        -1.036
2.0000         2.901606     0.000005442   -322703.3988         0.973
2.1000         3.600011     0.000019048   -322702.7003         1.292
2.2000         4.161828     0.000010885   -322702.1384         1.184
2.3000         4.586862     0.000010885   -322701.7134         0.930
2.4000         4.890582     0.000024490   -322701.4097         0.659
2.5000         5.101573     0.000024490   -322701.1988         0.450
2.6000         5.248297     0.000016327   -322701.0521         0.387
2.7000         5.356384     0.000013606   -322700.9438         0.330
2.8000         5.443996     0.000027211   -322700.8562         0.370
2.9000         5.522735     0.000027211   -322700.7776         0.440
3.0000         5.600318     0.000024490   -322700.7000         0.481
3.1000         5.680093     0.000008163   -322700.6203         0.558
3.2000         5.761741     0.000021769   -322700.5386         0.602
3.3000         5.847166     0.000013606   -322700.4532         0.630
3.4000         5.934909     0.000010885   -322700.3653         0.652
3.5000         6.022954     0.000013606   -322700.2774         0.668
3.6000         6.110569     0.000021769   -322700.1898         0.662
3.7000         6.196729     0.000002721   -322700.1035         0.644
3.8000         6.280779     0.000021769   -322700.0195         0.614
3.9000         6.361965     0.000013606   -322699.9384         0.594
4.0000         6.439016     0.000002721   -322699.8614         0.564
5.0000         6.962730     0.000019048   -322699.3375         0.236
6.0000         7.203439     0.000010885   -322699.0970         0.094
7.0000         7.292012     0.000013606   -322699.0083         0.030
8.0000         7.326500     0.000010885   -322698.9737         0.013
9.0000         7.343602     0.000016327   -322698.9568         0.007
10.0000         7.354214     0.000021769   -322698.9462         0.005
100.0000         7.411617     0.000027211   -322698.8888         0.000
1000.0000         7.415922     0.000008163   -322698.8845
