0.0020  12320326.059013     0.000024490  11673662.7611
0.0040   6003118.758468     0.000016327   5356455.4611
0.0060   3904011.941261     0.000016327   3257348.6427
0.0080   2859589.870089     0.000010885   2212926.5724
0.0100   2235851.961833     0.000016327   1589188.6644
0.0120   1821702.999338     0.000019048   1175039.7017
0.0140   1527058.033385     0.000019048    880394.7358
0.0160   1307020.694787     0.000027211    660357.3971
0.0180   1136957.570671     0.000013606    490294.2730
0.0200   1001741.380845     0.000013606    355078.0832
0.0400    412526.127873     0.000013606   -234137.1697
0.0600    231808.070213     0.000024490   -414855.2273
0.0800    149141.183373     0.000010885   -497522.1142
0.1000    102942.079548     0.000027211   -543721.2180
0.1200     74740.934914     0.000008163   -571922.3626
0.1400     56292.999881     0.000019048   -590370.2978
0.1600     43374.752744     0.000010885   -603288.5448
0.1800     33961.871139     0.000019048   -612701.4265
0.2000     26994.809000     0.000024490   -619668.4887
0.2400     17852.062893     0.000024490   -628811.2347
0.2800     12420.494237     0.000019048   -634242.8033
0.3200      8929.366826     0.000013606   -637733.9307
0.3600      6502.179088     0.000021769   -640161.1186    -50218.062
0.4000      4836.264635     0.000016327   -641827.0329    -34188.565
0.4500      3469.244793     0.000021769   -643194.0529    -21676.964
0.5000      2582.047216     0.000021769   -644081.2503    -14539.755
0.5500      1961.347654     0.000013606   -644701.9499    -10662.979
0.6000      1498.486766     0.000010885   -645164.8108     -7926.922
0.6500      1158.509701     0.000013606   -645504.7878     -5769.653
0.7000       910.719837     0.000021769   -645752.5778     -4229.590
0.7500       727.464269     0.000010885   -645935.8335     -3167.769
0.8000       588.725440     0.000019048   -646074.5721     -2430.821
0.8500       481.417525     0.000013606   -646181.8800     -1904.774
0.9000       396.799488     0.000019048   -646266.4982     -1518.056
0.9500       328.876219     0.000005442   -646334.4214     -1226.762
1.0000       273.490144     0.000008163   -646389.8074     -1005.737
1.1000       189.509922     0.000010885   -646473.7878      -692.746
1.2000       132.188899     0.000016327   -646531.1086      -475.073
1.3000        93.888078     0.000027211   -646569.4095      -319.218
1.4000        67.569483     0.000016327   -646595.7281      -219.829
1.5000        48.920738     0.000027211   -646614.3768      -155.762
1.6000        35.495960     0.000019048   -646627.8016      -112.047
1.7000        25.746005     0.000027211   -646637.5517       -81.325
1.8000        18.770764     0.000021769   -646644.5268       -59.478
1.9000        13.654273     0.000016327   -646649.6434       -43.329
2.0000         9.919226     0.000021769   -646653.3784       -31.424
2.1000         7.217464     0.000019048   -646656.0802       -22.483
2.2000         5.289558     0.000019048   -646658.0081       -15.955
2.3000         3.949710     0.000019048   -646659.3480       -11.082
2.4000         3.044147     0.000008163   -646660.2533        -7.684
2.5000         2.433439     0.000013606   -646660.8642        -5.239
2.6000         2.027374     0.000019048   -646661.2702        -3.592
2.7000         1.760504     0.000016327   -646661.5372        -2.532
2.8000         1.555888     0.000019048   -646661.7418        -1.792
2.9000         1.382350     0.000024490   -646661.9151        -1.357
3.0000         1.224211     0.000008163   -646662.0735        -1.066
3.1000         1.074341     0.000024490   -646662.2232        -0.811
3.2000         0.932415     0.000021769   -646662.3652        -0.619
3.3000         0.801860     0.000019048   -646662.4958        -0.516
3.4000         0.686089     0.000010885   -646662.6115        -0.342
3.5000         0.599236     0.000013606   -646662.6983        -0.197
3.6000         0.530685     0.000019048   -646662.7669        -0.074
3.7000         0.478115     0.000013606   -646662.8194        -0.013
3.8000         0.440585     0.000021769   -646662.8569         0.084
3.9000         0.415621     0.000021769   -646662.8820         0.162
4.0000         0.401550     0.000024490   -646662.8961         0.234
5.0000         0.618286     0.000016327   -646662.6792         0.287
6.0000         0.906319     0.000021769   -646662.3913         0.124
7.0000         1.015780     0.000010885   -646662.2820         0.043
8.0000         1.052349     0.000016327   -646662.2452         0.014
9.0000         1.065291     0.000021769   -646662.2324         0.004
10.0000         1.070553     0.000024490   -646662.2270         0.001
100.0000         1.085914     0.000005442   -646662.2118
1000.0000         1.086959     0.000027211   -646662.2107
