0.0020   6180125.238367     0.000019048   5963867.9569
0.0040   3016477.249478     0.000021769   2800219.9686
0.0060   1966039.783181     0.000019048   1749782.5024
0.0080   1443155.237758     0.000024490   1226897.9571
0.0100   1130581.387846     0.000016327    914324.1071
0.0120    923418.014093     0.000021769    707160.7335
0.0140    776077.361427     0.000019048    559820.0807
0.0160    665904.555780     0.000010885    449647.2750
0.0180    580538.253405     0.000019048    364280.9727
0.0200    512547.724179     0.000019048    296290.4434
0.0400    214644.097153     0.000021769     -1613.1835
0.0600    122449.916192     0.000010885    -93807.3645
0.0800     79377.785810     0.000024490   -136879.4949
0.1000     55547.500723     0.000008163   -160709.7799
0.1200     40856.266492     0.000010885   -175401.0142
0.1400     31006.637671     0.000013606   -185250.6430
0.1600     24062.786817     0.000019048   -192194.4939
0.1800     19024.854640     0.000010885   -197232.4260
0.2000     15304.757343     0.000027211   -200952.5233
0.2400     10385.356146     0.000008163   -205871.9245
0.2800      7393.883672     0.000010885   -208863.3970
0.3200      5348.248240     0.000016327   -210909.0325    -42756.095
0.3600      3926.741754     0.000008163   -212330.5389    -29176.513
0.4000      2951.558452     0.000024490   -213305.7222    -20189.812
0.4500      2135.311828     0.000019048   -214121.9689    -13051.320
0.5000      1601.003551     0.000010885   -214656.2771     -8726.285
0.5500      1228.677121     0.000024490   -215028.6036     -6404.171
0.6000       946.535947     0.000010885   -215310.7447     -4940.962
0.6500       731.029011     0.000027211   -215526.2517     -3719.135
0.7000       570.961038     0.000013606   -215686.3196     -2747.491
0.7500       452.989298     0.000024490   -215804.2914     -2029.580
0.8000       365.499759     0.000019048   -215891.7809     -1519.471
0.8500       299.366538     0.000008163   -215957.9142     -1168.556
0.9000       247.477399     0.000027211   -216009.8033      -931.986
0.9500       205.091614     0.000013606   -216052.1891      -758.664
1.0000       169.906648     0.000019048   -216087.3740      -626.453
1.1000       116.966480     0.000019048   -216140.3142      -437.405
1.2000        79.986084     0.000021769   -216177.2946      -311.233
1.3000        53.699314     0.000016327   -216203.5814      -218.384
1.4000        35.232069     0.000005442   -216222.0486      -150.077
1.5000        22.729935     0.000021769   -216234.5508      -101.417
1.6000        14.403637     0.000021769   -216242.8770       -67.917
1.7000         8.765683     0.000021769   -216248.5150       -45.938
1.8000         4.846178     0.000021769   -216252.4345       -31.578
1.9000         2.165880     0.000021769   -216255.1148       -21.860
2.0000         0.339201     0.000024490   -216256.9415       -15.049
2.1000        -0.915087     0.000027211   -216258.1958       -10.312
2.2000        -1.766251     0.000013606   -216259.0469        -6.930
2.3000        -2.180046     0.000008163   -216259.4607        -5.215
2.4000        -2.506523     0.000008163   -216259.7872        -3.883
2.5000        -2.765241     0.000010885   -216260.0459        -2.747
2.6000        -2.954921     0.000016327   -216260.2356        -1.854
2.7000        -3.080912     0.000016327   -216260.3616        -1.082
2.8000        -3.150312     0.000027211   -216260.4310        -0.476
2.9000        -3.171336     0.000021769   -216260.4520        -0.016
3.0000        -3.152794     0.000021769   -216260.4335         0.353
3.1000        -3.106208     0.000016327   -216260.3869         0.624
3.2000        -3.036656     0.000010885   -216260.3173         0.797
3.3000        -2.841702     0.000024490   -216260.1224         0.842
3.4000        -2.672932     0.000027211   -216259.9536         0.878
3.5000        -2.517266     0.000010885   -216259.7980         0.882
3.6000        -2.370597     0.000008163   -216259.6513         0.865
3.7000        -2.230624     0.000027211   -216259.5113         0.832
3.8000        -2.098559     0.000021769   -216259.3793         0.795
3.9000        -1.975379     0.000021769   -216259.2561         0.758
4.0000        -1.860174     0.000027211   -216259.1409         0.716
5.0000        -1.084796     0.000016327   -216258.3655         0.311
6.0000        -0.739222     0.000019048   -216258.0199         0.166
7.0000        -0.572452     0.000021769   -216257.8531         0.075
8.0000        -0.477291     0.000010885   -216257.7580         0.046
9.0000        -0.415752     0.000019048   -216257.6964         0.032
10.0000        -0.371917     0.000027211   -216257.6526         0.025
100.0000        -0.113899     0.000027211   -216257.3946         0.000
1000.0000        -0.094168     0.000005442   -216257.3749
