0.0020  16609260.004743     0.000027211  15943428.3201
0.0040   8083586.220626     0.000027211   7417754.5346
0.0060   5252609.738836     0.000019048   4586778.0531
0.0080   3844114.613305     0.000013606   3178282.9275
0.0100   3003578.821016     0.000008163   2337747.1357
0.0120   2445815.647029     0.000010885   1779983.9617
0.0140   2049293.564306     0.000016327   1383461.8791
0.0160   1753455.953980     0.000024490   1087624.2687
0.0180   1524976.615125     0.000013606    859144.9300
0.0200   1343548.713240     0.000024490    677717.0280
0.0400    552278.220216     0.000024490   -113553.4651
0.0600    310764.847471     0.000013606   -355066.8378
0.0800    199634.000758     0.000013606   -466197.6844
0.1000    137795.799742     0.000019048   -528035.8855
0.1200     99677.903648     0.000016327   -566153.7815
0.1400     74419.134969     0.000002721   -591412.5503
0.1600     56826.826165     0.000021769   -609004.8591
0.1800     44278.263675     0.000016327   -621553.4215
0.2000     35169.603396     0.000010885   -630662.0818
0.2400     23372.779399     0.000019048   -642458.9058
0.2800     16218.676369     0.000021769   -649613.0090
0.3200     11449.973709     0.000010885   -654381.7115
0.3600      8343.533144     0.000019048   -657488.1522
0.4000      6250.752410     0.000019048   -659580.9328    -43322.660
0.4500      4478.305328     0.000021769   -661353.3800    -29098.648
0.5000      3248.978420     0.000024490   -662582.7067    -20584.460
0.5500      2382.715269     0.000016327   -663448.9701    -14414.727
0.6000      1776.195827     0.000016327   -664055.4895    -10116.441
0.6500      1347.693259     0.000016327   -664483.9920     -7211.465
0.7000      1039.454505     0.000010885   -664792.2307     -5240.369
0.7500       813.125210     0.000019048   -665018.5602     -3891.522
0.8000       642.416988     0.000013606   -665189.2684     -2994.862
0.8500       507.267777     0.000024490   -665324.4176     -2417.906
0.9000       398.639387     0.000002721   -665433.0458     -1925.214
0.9500       313.138772     0.000024490   -665518.5464     -1498.081
1.0000       246.945658     0.000019048   -665584.7395     -1156.042
1.1000       156.315043     0.000008163   -665675.3703      -698.224
1.2000       100.431458     0.000013606   -665731.2538      -441.243
1.3000        64.391654     0.000016327   -665767.2937      -289.849
1.4000        40.549971     0.000010885   -665791.1352      -193.981
1.5000        24.584506     0.000005442   -665807.1007      -130.118
1.6000        13.914585     0.000027211   -665817.7706       -86.443
1.7000         6.871863     0.000021769   -665824.8134       -56.367
1.8000         2.324468     0.000013606   -665829.3607       -35.937
1.9000        -0.358973     0.000027211   -665832.0443       -22.217
2.0000        -1.834524     0.000013606   -665833.5197       -13.505
2.1000        -2.665411     0.000024490   -665834.3507        -7.881
2.2000        -3.092902     0.000005442   -665834.7782        -4.224
2.3000        -3.272551     0.000021769   -665834.9578        -2.006
2.4000        -3.214066     0.000005442   -665834.8993        -0.723
2.5000        -3.047402     0.000013606   -665834.7328        -0.201
2.6000        -2.878051     0.000019048   -665834.5633         0.185
2.7000        -2.722223     0.000021769   -665834.4076         0.373
2.8000        -2.539787     0.000013606   -665834.2250         0.531
2.9000        -2.314082     0.000008163   -665833.9994         0.643
3.0000        -2.064986     0.000008163   -665833.7502         0.664
3.1000        -1.836794     0.000010885   -665833.5222         0.722
3.2000        -1.626594     0.000021769   -665833.3118         0.773
3.3000        -1.430427     0.000027211   -665833.1156         0.794
3.4000        -1.243898     0.000008163   -665832.9292         0.793
3.5000        -1.067612     0.000016327   -665832.7529         0.803
3.6000        -0.901432     0.000016327   -665832.5866         0.808
3.7000        -0.743804     0.000021769   -665832.4291         0.779
3.8000        -0.593739     0.000013606   -665832.2791         0.738
3.9000        -0.452011     0.000010885   -665832.1374         0.711
4.0000        -0.318912     0.000016327   -665832.0043         0.678
5.0000         0.593570     0.000010885   -665831.0916         0.258
6.0000         0.888928     0.000005442   -665830.7964         0.098
7.0000         0.982821     0.000013606   -665830.7025         0.030
8.0000         1.021072     0.000013606   -665830.6641         0.014
9.0000         1.041269     0.000024490   -665830.6440         0.008
10.0000         1.054221     0.000010885   -665830.6309         0.006
100.0000         1.127224     0.000010885   -665830.5580         0.000
1000.0000         1.132715     0.000002721   -665830.5526
