0.0020   8147064.883817     0.000013606   8016551.6875
0.0040   3987972.524008     0.000005442   3857459.3277
0.0060   2603533.617020     0.000021769   2473020.4207
0.0080   1912743.924234     0.000010885   1782230.7278
0.0100   1499317.680104     0.000027211   1368804.4838
0.0120   1224941.033613     0.000013606   1094427.8372
0.0140   1029839.007408     0.000024490    899325.8109
0.0160    883795.975967     0.000016327    753282.7795
0.0180    770425.008171     0.000013606    639911.8116
0.0200    680123.690408     0.000013606    549610.4941
0.0400    283654.569552     0.000019048    153141.3732
0.0600    160532.861482     0.000024490     30019.6651
0.0800    103390.840838     0.000021769    -27122.3556
0.1000     71868.606670     0.000008163    -58644.5897
0.1200     52499.296269     0.000010885    -78013.9001
0.1400     39581.181621     0.000016327    -90932.0148
0.1600     30493.536469     0.000016327   -100019.6600
0.1800     23965.787426     0.000016327   -106547.4090
0.2000     19197.526396     0.000024490   -111315.6700
0.2400     12987.338507     0.000010885   -117525.8579
0.2800      9157.868336     0.000010885   -121355.3281
0.3200      6526.104776     0.000024490   -123987.0916
0.3600      4797.140460     0.000027211   -125716.0560    -35144.521
0.4000      3606.758249     0.000021769   -126906.4381    -25224.793
0.4500      2563.114912     0.000027211   -127950.0815    -16956.895
0.5000      1869.349579     0.000019048   -128643.8468    -11272.372
0.5500      1402.927301     0.000013606   -129110.2691     -7680.498
0.6000      1072.320552     0.000010885   -129440.8759     -6101.513
0.6500       795.339088     0.000016327   -129717.8573     -4748.976
0.7000       593.358564     0.000027211   -129919.8379     -3378.019
0.7500       449.432712     0.000021769   -130063.7637     -2416.413
0.8000       346.025132     0.000008163   -130167.1713     -1754.509
0.8500       270.363339     0.000005442   -130242.8331     -1298.429
0.9000       213.828644     0.000010885   -130299.3678      -981.273
0.9500       170.678096     0.000013606   -130342.5183      -757.293
1.0000       137.066066     0.000013606   -130376.1304      -595.749
1.1000        88.977670     0.000016327   -130424.2187      -385.309
1.2000        57.308533     0.000013606   -130455.8879      -257.694
1.3000        36.001080     0.000016327   -130477.1953      -173.986
1.4000        21.629373     0.000016327   -130491.5670      -117.060
1.5000        12.000854     0.000016327   -130501.1956       -77.989
1.6000         5.625164     0.000021769   -130507.5712       -51.256
1.7000         1.473511     0.000013606   -130511.7229       -32.991
1.8000        -1.161442     0.000005442   -130514.3579       -20.549
1.9000        -2.765453     0.000024490   -130515.9619       -12.103
2.0000        -3.670039     0.000024490   -130516.8664        -6.387
2.1000        -4.102382     0.000021769   -130517.2988        -2.524
2.2000        -4.219228     0.000016327   -130517.4157         0.006
2.3000        -4.128211     0.000021769   -130517.3246         1.676
2.4000        -3.904705     0.000010885   -130517.1011         2.703
2.5000        -3.600609     0.000010885   -130516.7970         3.310
2.6000        -3.252252     0.000021769   -130516.4487         3.610
2.7000        -2.733537     0.000024490   -130515.9299         3.472
2.8000        -2.027684     0.000019048   -130515.2241         2.872
2.9000        -1.446996     0.000016327   -130514.6434         2.381
3.0000        -0.988911     0.000013606   -130514.1853         2.003
3.1000        -0.623076     0.000010885   -130513.8195         1.711
3.2000        -0.327277     0.000024490   -130513.5237         1.478
3.3000        -0.085419     0.000021769   -130513.2818         1.290
3.4000         0.171617     0.000021769   -130513.0248         1.066
3.5000         0.403104     0.000016327   -130512.7933         0.853
3.6000         0.585374     0.000024490   -130512.6110         0.684
3.7000         0.728991     0.000021769   -130512.4674         0.551
3.8000         0.842318     0.000027211   -130512.3541         0.444
3.9000         0.931873     0.000021769   -130512.2645         0.358
4.0000         1.002601     0.000027211   -130512.1938         0.291
5.0000         1.245071     0.000021769   -130511.9513         0.038
6.0000         1.269978     0.000005442   -130511.9264         0.005
7.0000         1.272911     0.000013606   -130511.9235         0.000
8.0000         1.273303     0.000016327   -130511.9231        -0.000
9.0000         1.273360     0.000016327   -130511.9231        -0.000
10.0000         1.273368     0.000016327   -130511.9230        -0.000
100.0000         1.273368     0.000016327   -130511.9230
1000.0000         1.273368     0.000016327   -130511.9230
