0.0020  13658449.854296     0.000016327  13304710.3733
0.0040   6655596.073106     0.000024490   6301856.5923
0.0060   4332530.391029     0.000016327   3978790.9125
0.0080   3175326.837547     0.000016327   2821587.3581
0.0100   2483555.555956     0.000019048   2129816.0761
0.0120   2023770.609021     0.000021769   1670031.1292
0.0140   1696887.994107     0.000010885   1343148.5143
0.0160   1452947.822856     0.000008163   1099208.3431
0.0180   1264209.151683     0.000010885    910469.6719
0.0200   1114075.277052     0.000016327    760335.7973
0.0400    460570.714392     0.000013606    106831.2345
0.0600    258396.951387     0.000019048    -95342.5285
0.0800    165307.812877     0.000019048   -188431.6670
0.1000    113830.056984     0.000027211   -239909.4229
0.1200     82455.077100     0.000024490   -271284.4027
0.1400     62169.344238     0.000021769   -291570.1356
0.1600     48162.595467     0.000024490   -305576.8844
0.1800     37892.147069     0.000005442   -315847.3328
0.2000     30061.840891     0.000024490   -323677.6389
0.2400     19607.875303     0.000008163   -334131.6045
0.2800     13461.678242     0.000019048   -340277.8017
0.3200      9648.089932     0.000016327   -344091.3898
0.3600      7043.106266     0.000019048   -346696.3735
0.4000      5171.132578     0.000019048   -348568.3472    -38881.645
0.4500      3605.614388     0.000024490   -350133.8653    -24918.985
0.5000      2584.166020     0.000016327   -351155.3139    -16607.487
0.5500      1891.603510     0.000013606   -351847.8764    -11479.352
0.6000      1405.360631     0.000010885   -352334.1192     -8236.463
0.6500      1050.244025     0.000024490   -352689.2358     -6119.473
0.7000       785.591691     0.000016327   -352953.8882     -4554.121
0.7500       590.312933     0.000024490   -353149.1669     -3326.465
0.8000       448.440124     0.000019048   -353291.0398     -2401.399
0.8500       345.953903     0.000013606   -353393.5258     -1747.696
0.9000       271.079845     0.000016327   -353468.3999     -1292.821
0.9500       215.166106     0.000021769   -353524.3139      -971.706
1.0000       172.694599     0.000024490   -353566.7851      -742.814
1.1000       114.251022     0.000013606   -353625.2290      -453.236
1.2000        78.109896     0.000016327   -353661.3700      -290.994
1.3000        54.690266     0.000021769   -353684.7895      -193.017
1.4000        38.814330     0.000027211   -353700.6655      -128.668
1.5000        28.066645     0.000008163   -353711.4132       -86.132
1.6000        20.856128     0.000024490   -353718.6236       -58.054
1.7000        16.099446     0.000019048   -353723.3805       -39.606
1.8000        12.828587     0.000024490   -353726.6513       -27.664
1.9000        10.524067     0.000019048   -353728.9558       -19.812
2.0000         8.857282     0.000013606   -353730.6225       -14.564
2.1000         7.620549     0.000024490   -353731.8593       -10.922
2.2000         6.683505     0.000019048   -353732.7964        -8.327
2.3000         5.961805     0.000019048   -353733.5181        -6.441
2.4000         5.400175     0.000005442   -353734.0797        -4.990
2.5000         4.960945     0.000010885   -353734.5189        -3.892
2.6000         4.618016     0.000021769   -353734.8618        -3.022
2.7000         4.351135     0.000021769   -353735.1287        -2.326
2.8000         4.145689     0.000027211   -353735.3342        -1.791
2.9000         3.988905     0.000013606   -353735.4909        -1.345
3.0000         3.870973     0.000010885   -353735.6090        -1.004
3.1000         3.783992     0.000008163   -353735.6958        -0.735
3.2000         3.720837     0.000021769   -353735.7589        -0.520
3.3000         3.676295     0.000021769   -353735.8036        -0.357
3.4000         3.646139     0.000008163   -353735.8338        -0.238
3.5000         3.626743     0.000019048   -353735.8531        -0.142
3.6000         3.615518     0.000016327   -353735.8642        -0.076
3.7000         3.610378     0.000016327   -353735.8694        -0.021
3.8000         3.609578     0.000027211   -353735.8702         0.014
3.9000         3.611916     0.000010885   -353735.8680         0.043
4.0000         3.616588     0.000016327   -353735.8631         0.059
5.0000         3.690135     0.000021769   -353735.7897         0.064
6.0000         3.734163     0.000010885   -353735.7456         0.025
7.0000         3.749700     0.000013606   -353735.7301         0.007
8.0000         3.754095     0.000013606   -353735.7257         0.001
9.0000         3.755192     0.000016327   -353735.7246         0.000
10.0000         3.755461     0.000016327   -353735.7244        -0.000
100.0000         3.755529     0.000024490   -353735.7244
1000.0000         3.755529     0.000021769   -353735.7244
