0.0020         0.000000     0.000027211  28379382.6687
0.0040  14168631.925818     0.000016327  13433954.9204
0.0060   9203218.074984     0.000024490   8468541.0704
0.0080   6733523.100571     0.000013606   5998846.0949
0.0100   5257284.715609     0.000021769   4522607.7091
0.0120   4276360.838036     0.000024490   3541683.8311
0.0140   3578064.582898     0.000021769   2843387.5775
0.0160   3057010.645365     0.000013606   2322333.6396
0.0180   2654685.490305     0.000005442   1920008.4846
0.0200   2335401.991303     0.000008163   1600724.9855
0.0400    947577.396448     0.000024490    212900.3907
0.0600    526027.786614     0.000016327   -208649.2191
0.0800    333926.608198     0.000008163   -400750.3975
0.1000    229255.478210     0.000013606   -505421.5275
0.1200    164993.210924     0.000016327   -569683.7948
0.1400    122598.665568     0.000024490   -612078.3403
0.1600     93973.360646     0.000019048   -640703.6450
0.1800     74044.203628     0.000027211   -660632.8021
0.2000     58971.779255     0.000013606   -675705.2264
0.2400     38726.219551     0.000024490   -695950.7861
0.2800     26425.797049     0.000013606   -708251.2087
0.3200     18858.394707     0.000019048   -715818.6111
0.3600     13678.802490     0.000016327   -720998.2032
0.4000     10088.687240     0.000013606   -724588.3186
0.4500      7178.414570     0.000010885   -727498.5913    -45840.361
0.5000      5307.290379     0.000019048   -729369.7154    -30461.541
0.5500      4024.291188     0.000027211   -730652.7145    -21633.094
0.6000      3092.116532     0.000021769   -731584.8893    -16040.459
0.6500      2394.542148     0.000019048   -732282.4635    -12084.140
0.7000      1867.279872     0.000013606   -732809.7260     -9154.428
0.7500      1466.932771     0.000016327   -733210.0731     -6967.415
0.8000      1161.765790     0.000013606   -733515.2399     -5349.962
0.8500       925.028745     0.000027211   -733751.9769     -4200.473
0.9000       735.818263     0.000013606   -733941.1875     -3364.161
0.9500       585.456809     0.000019048   -734091.5490     -2675.530
1.0000       465.994136     0.000024490   -734211.0116     -2116.963
1.1000       297.394147     0.000013606   -734379.6115     -1311.128
1.2000       192.865441     0.000013606   -734484.1403      -816.612
1.3000       127.136200     0.000024490   -734549.8694      -519.188
1.4000        84.824175     0.000016327   -734592.1815      -338.538
1.5000        56.905677     0.000024490   -734620.1001      -225.813
1.6000        38.096338     0.000013606   -734638.9095      -153.282
1.7000        25.211206     0.000016327   -734651.7946      -105.401
1.8000        16.269982     0.000010885   -734660.7357       -73.224
1.9000        10.002632     0.000016327   -734667.0031       -51.092
2.0000         5.578636     0.000021769   -734671.4271       -35.838
2.1000         2.438647     0.000019048   -734674.5670       -25.056
2.2000         0.201538     0.000010885   -734676.8041       -17.430
2.3000        -1.391278     0.000024490   -734678.3970       -12.051
2.4000        -2.422900     0.000016327   -734679.4286        -8.085
2.5000        -3.081212     0.000021769   -734680.0869        -5.293
2.6000        -3.498471     0.000010885   -734680.5043        -3.214
2.7000        -3.741991     0.000021769   -734680.7478        -1.780
2.8000        -3.860720     0.000021769   -734680.8665        -0.702
2.9000        -3.889406     0.000010885   -734680.8950         0.041
3.0000        -3.854837     0.000008163   -734680.8605         0.583
3.1000        -3.775663     0.000008163   -734680.7813         0.965
3.2000        -3.493783     0.000019048   -734680.4997         1.036
3.3000        -3.223639     0.000024490   -734680.2294         1.083
3.4000        -2.974793     0.000008163   -734679.9805         1.087
3.5000        -2.746631     0.000019048   -734679.7524         1.045
3.6000        -2.538159     0.000016327   -734679.5440         1.006
3.7000        -2.347138     0.000027211   -734679.3530         0.950
3.8000        -2.173056     0.000021769   -734679.1788         0.894
3.9000        -1.998108     0.000024490   -734679.0038         0.819
4.0000        -1.838737     0.000013606   -734678.8444         0.747
5.0000        -0.863409     0.000013606   -734677.8691         0.182
6.0000        -0.617261     0.000016327   -734677.6231         0.039
7.0000        -0.530168     0.000002721   -734677.5358         0.022
8.0000        -0.484915     0.000013606   -734677.4906         0.013
9.0000        -0.455497     0.000024490   -734677.4612         0.009
10.0000        -0.434052     0.000019048   -734677.4397         0.007
100.0000        -0.303244     0.000021769   -734677.3091         0.000
1000.0000        -0.292931     0.000021769   -734677.2988
