0.0020    656766.172061     0.000016327    604270.0598
0.0040    322249.222063     0.000013606    269753.1098
0.0060    210860.313584     0.000019048    158364.2014
0.0080    155257.545226     0.000010885    102761.4330
0.0100    122020.158590     0.000019048     69524.0464
0.0120     99964.574630     0.000013606     47468.4624
0.0140     84260.848368     0.000013606     31764.7361
0.0160     72541.189493     0.000010885     20045.0773
0.0180     63467.198437     0.000021769     10971.0862
0.0200     56235.578999     0.000005442      3739.4668
0.0400     24288.937045     0.000010885    -28207.1752
0.0600     14150.163862     0.000008163    -38345.9484
0.0800      9348.242944     0.000010885    -43147.8693
0.1000      6657.308778     0.000021769    -45838.8034
0.1200      4972.049259     0.000021769    -47524.0630
0.1400      3827.227704     0.000027211    -48668.8845    -47843.802
0.1600      3007.265813     0.000019048    -49488.8464    -35016.477
0.1800      2399.119469     0.000024490    -50096.9928    -26318.889
0.2000      1937.881531     0.000008163    -50558.2307    -20133.075
0.2400      1306.082716     0.000019048    -51190.0295    -12210.233
0.2800       916.071086     0.000021769    -51580.0411     -7692.166
0.3200       666.173788     0.000021769    -51829.9384     -5025.125
0.3600       500.228812     0.000021769    -51995.8834     -3399.709
0.4000       386.010112     0.000021769    -52110.1021     -2388.759
0.4500       287.207147     0.000013606    -52208.9051     -1631.340
0.5000       217.738611     0.000019048    -52278.3736     -1182.926
0.5500       166.413891     0.000024490    -52329.6983      -887.924
0.6000       127.641790     0.000008163    -52368.4704      -673.076
0.6500        98.269943     0.000005442    -52397.8423      -509.234
0.7000        76.081033     0.000021769    -52420.0312      -383.910
0.7500        59.360414     0.000024490    -52436.7518      -289.209
0.8000        46.753372     0.000024490    -52449.3588      -218.381
0.8500        37.210153     0.000021769    -52458.9021      -165.821
0.9000        29.937436     0.000019048    -52466.1748      -126.940
0.9500        24.342177     0.000019048    -52471.7700       -98.248
1.0000        19.984781     0.000021769    -52476.1275       -77.045
1.1000        13.789968     0.000027211    -52482.3223       -49.491
1.2000         9.701869     0.000019048    -52486.4103       -33.659
1.3000         6.863514     0.000024490    -52489.2487       -23.847
1.4000         4.947620     0.000008163    -52491.1646       -17.559
1.5000         3.548029     0.000008163    -52492.5642       -13.186
1.6000         2.487557     0.000005442    -52493.6247       -10.045
1.7000         1.670342     0.000019048    -52494.4419        -7.543
1.8000         1.040656     0.000010885    -52495.0716        -5.690
1.9000         0.560903     0.000013606    -52495.5513        -4.160
2.0000         0.198635     0.000024490    -52495.9136        -2.995
2.1000        -0.069528     0.000021769    -52496.1818        -2.114
2.2000        -0.263891     0.000027211    -52496.3761        -1.426
2.3000        -0.400617     0.000027211    -52496.5128        -0.898
2.4000        -0.493051     0.000027211    -52496.6053        -0.522
2.5000        -0.551417     0.000027211    -52496.6636        -0.218
2.6000        -0.583508     0.000016327    -52496.6957        -0.003
2.7000        -0.573192     0.000016327    -52496.6854         0.149
2.8000        -0.545975     0.000024490    -52496.6582         0.242
2.9000        -0.511509     0.000019048    -52496.6237         0.322
3.0000        -0.471233     0.000019048    -52496.5835         0.366
3.1000        -0.426833     0.000019048    -52496.5390         0.394
3.2000        -0.379172     0.000019048    -52496.4914         0.412
3.3000        -0.329824     0.000013606    -52496.4420         0.417
3.4000        -0.279603     0.000016327    -52496.3918         0.412
3.5000        -0.229452     0.000008163    -52496.3417         0.403
3.6000        -0.180118     0.000024490    -52496.2923         0.388
3.7000        -0.132016     0.000008163    -52496.2442         0.369
3.8000        -0.085558     0.000024490    -52496.1978         0.359
3.9000        -0.041086     0.000024490    -52496.1533         0.331
4.0000         0.001257     0.000024490    -52496.1110         0.316
5.0000         0.287956     0.000008163    -52495.8243         0.136
6.0000         0.388562     0.000016327    -52495.7237         0.041
7.0000         0.414949     0.000019048    -52495.6973         0.014
8.0000         0.420470     0.000016327    -52495.6917         0.005
9.0000         0.421017     0.000013606    -52495.6912         0.002
10.0000         0.420530     0.000010885    -52495.6917         0.001
100.0000         0.414269     0.000010885    -52495.6979
1000.0000         0.413749     0.000013606    -52495.6985
