0.0020         0.000000     0.000021769  35307817.9757
0.0040  17556106.598286     0.000016327  16770688.9986
0.0060  11396888.625355     0.000013606  10611471.0258
0.0080   8327137.352239     0.000013606   7541719.7526
0.0100   6491469.585178     0.000021769   5706051.9855
0.0120   5273114.700530     0.000024490   4487697.1017
0.0140   4409395.729729     0.000019048   3623978.1295
0.0160   3765234.169333     0.000013606   2979816.5699
0.0180   3268120.809535     0.000013606   2482703.2098
0.0200   2873735.561981     0.000016327   2088317.9625
0.0400   1160877.320447     0.000019048    375459.7209
0.0600    642609.136429     0.000010885   -142808.4632
0.0800    407097.156210     0.000024490   -378320.4435
0.1000    278997.898307     0.000024490   -506419.7014
0.1200    201194.866381     0.000027211   -584222.7332
0.1400    151029.613375     0.000013606   -634387.9861
0.1600    116701.578173     0.000008163   -668716.0215
0.1800     91170.872847     0.000013606   -694246.7269
0.2000     72098.085314     0.000008163   -713319.5143
0.2400     46850.322788     0.000024490   -738567.2767
0.2800     31909.481327     0.000013606   -753508.1182
0.3200     22041.865011     0.000008163   -763375.7347
0.3600     15635.548474     0.000024490   -769782.0511
0.4000     11420.814146     0.000013606   -773996.7856
0.4500      7874.044583     0.000021769   -777543.5551
0.5000      5519.201931     0.000016327   -779898.3978    -38293.955
0.5500      3925.460906     0.000005442   -781492.1387    -26430.614
0.6000      2810.723146     0.000021769   -782606.8764    -18384.843
0.6500      2049.936019     0.000019048   -783367.6635    -12453.103
0.7000      1529.530615     0.000021769   -783888.0690     -8643.493
0.7500      1163.154967     0.000016327   -784254.4446     -6264.455
0.8000       890.750901     0.000010885   -784526.8486     -4715.093
0.8500       684.870126     0.000021769   -784732.7295     -3568.515
0.9000       529.071513     0.000016327   -784888.5280     -2710.910
0.9500       410.501631     0.000016327   -785007.0979     -2062.413
1.0000       320.143358     0.000010885   -785097.4563     -1573.622
1.1000       197.922943     0.000013606   -785219.6766      -930.312
1.2000       124.798934     0.000010885   -785292.8007      -568.086
1.3000        79.574223     0.000013606   -785338.0255      -360.926
1.4000        50.536705     0.000021769   -785367.0628      -234.261
1.5000        31.817153     0.000019048   -785385.7826      -154.306
1.6000        19.471201     0.000008163   -785398.1284      -102.185
1.7000        11.342379     0.000016327   -785406.2572       -67.846
1.8000         5.989636     0.000010885   -785411.6100       -45.000
1.9000         2.464901     0.000010885   -785415.1347       -29.793
2.0000         0.160441     0.000008163   -785417.4392       -19.745
2.1000        -1.336880     0.000016327   -785418.9364       -13.183
2.2000        -2.262614     0.000024490   -785419.8621        -8.929
2.3000        -2.805669     0.000027211   -785420.4053        -6.191
2.4000        -3.169627     0.000008163   -785420.7691        -4.337
2.5000        -3.403841     0.000016327   -785421.0034        -2.894
2.6000        -3.540287     0.000008163   -785421.1400        -1.941
2.7000        -3.532072     0.000019048   -785421.1315        -1.283
2.8000        -3.499873     0.000013606   -785421.0994        -0.819
2.9000        -3.456005     0.000016327   -785421.0556        -0.422
3.0000        -3.399403     0.000016327   -785420.9990        -0.136
3.1000        -3.330291     0.000024490   -785420.9299         0.104
3.2000        -3.252360     0.000016327   -785420.8521         0.275
3.3000        -3.167548     0.000013606   -785420.7672         0.384
3.4000        -3.078442     0.000013606   -785420.6779         0.474
3.5000        -2.988247     0.000005442   -785420.5878         0.523
3.6000        -2.898150     0.000024490   -785420.4978         0.529
3.7000        -2.809354     0.000024490   -785420.4091         0.540
3.8000        -2.724051     0.000024490   -785420.3236         0.532
3.9000        -2.643116     0.000027211   -785420.2428         0.507
4.0000        -2.566356     0.000024490   -785420.1661         0.476
5.0000        -2.074912     0.000024490   -785419.6746         0.179
6.0000        -1.919522     0.000021769   -785419.5190         0.051
7.0000        -1.878302     0.000008163   -785419.4779         0.024
8.0000        -1.866397     0.000021769   -785419.4659         0.012
9.0000        -1.861845     0.000019048   -785419.4613         0.007
10.0000        -1.859366     0.000010885   -785419.4588         0.005
100.0000        -1.848209     0.000016327   -785419.4477         0.000
1000.0000        -1.847518     0.000010885   -785419.4471
