0.0020   7442282.770334     0.000024490   7235734.1244
0.0040   3630122.550281     0.000013606   3423573.9042
0.0060   2367703.177929     0.000008163   2161154.5331
0.0080   1738074.800730     0.000021769   1531526.1559
0.0100   1361567.908800     0.000005442   1155019.2638
0.0120   1111775.449142     0.000021769    905226.8043
0.0140    933955.245856     0.000027211    727406.6010
0.0160    800975.867516     0.000013606    594427.2225
0.0180    698004.322195     0.000019048    491455.6774
0.0200    616039.187409     0.000024490    409490.5425
0.0400    257265.385725     0.000013606     50716.7408
0.0600    146359.447393     0.000021769    -60189.1975
0.0800     94339.341647     0.000008163   -112209.3032
0.1000     65642.795319     0.000010885   -140905.8495
0.1200     48007.254312     0.000013606   -158541.3905
0.1400     36222.772896     0.000019048   -170325.8720
0.1600     27951.289283     0.000024490   -178597.3556
0.1800     22038.556955     0.000027211   -184510.0879
0.2000     17730.503187     0.000027211   -188818.1417
0.2400     12089.927255     0.000016327   -194458.7176
0.2800      8565.585701     0.000010885   -197983.0592
0.3200      6153.866487     0.000019048   -200394.7784    -48445.295
0.3600      4565.962094     0.000024490   -201982.6828    -32287.478
0.4000      3492.070365     0.000019048   -203056.5745    -22235.979
0.4500      2588.853684     0.000019048   -203959.7912    -14621.544
0.5000      1972.144145     0.000024490   -204576.5007    -10642.546
0.5500      1499.269850     0.000019048   -205049.3750     -8295.721
0.6000      1141.527573     0.000013606   -205407.1173     -6091.764
0.6500       881.340738     0.000005442   -205667.3041     -4414.294
0.7000       691.821365     0.000013606   -205856.8235     -3239.399
0.7500       551.249603     0.000016327   -205997.3953     -2430.195
0.8000       444.489441     0.000016327   -206104.1554     -1866.675
0.8500       361.754813     0.000016327   -206186.8901     -1461.331
0.9000       296.546253     0.000016327   -206252.0986     -1162.909
0.9500       244.531790     0.000013606   -206304.1131      -940.747
1.0000       202.264108     0.000010885   -206346.3808      -770.527
1.1000       138.782109     0.000019048   -206409.8628      -523.971
1.2000        95.635115     0.000021769   -206453.0098      -353.603
1.3000        66.479930     0.000013606   -206482.1649      -234.660
1.4000        46.926412     0.000013606   -206501.7185      -159.543
1.5000        32.789988     0.000010885   -206515.8549      -114.512
1.6000        22.225778     0.000021769   -206526.4191       -85.437
1.7000        14.848404     0.000027211   -206533.7965       -62.889
1.8000         9.433217     0.000019048   -206539.2116       -46.147
1.9000         5.471197     0.000016327   -206543.1737       -33.642
2.0000         2.596506     0.000013606   -206546.0484       -24.285
2.1000         0.536410     0.000019048   -206548.1085       -17.248
2.2000        -0.915715     0.000024490   -206549.5606       -12.050
2.3000        -1.914822     0.000019048   -206550.5597        -8.131
2.4000        -2.578995     0.000010885   -206551.2239        -5.323
2.5000        -2.997262     0.000021769   -206551.6421        -3.177
2.6000        -3.236540     0.000016327   -206551.8814        -1.660
2.7000        -3.346430     0.000024490   -206551.9913        -0.600
2.8000        -3.363573     0.000021769   -206552.0084         0.216
2.9000        -3.315934     0.000024490   -206551.9608         0.733
3.0000        -3.222964     0.000008163   -206551.8678         1.097
3.1000        -3.100224     0.000016327   -206551.7451         1.353
3.2000        -2.958303     0.000016327   -206551.6032         1.493
3.3000        -2.792493     0.000021769   -206551.4373         1.542
3.4000        -2.565354     0.000010885   -206551.2102         1.491
3.5000        -2.341837     0.000019048   -206550.9867         1.396
3.6000        -2.137311     0.000019048   -206550.7822         1.304
3.7000        -1.951424     0.000019048   -206550.5963         1.200
3.8000        -1.780695     0.000021769   -206550.4256         1.115
3.9000        -1.624463     0.000021769   -206550.2693         1.016
4.0000        -1.483933     0.000021769   -206550.1288         0.917
5.0000        -0.637318     0.000027211   -206549.2822         0.301
6.0000        -0.378935     0.000008163   -206549.0238         0.087
7.0000        -0.287556     0.000019048   -206548.9324         0.046
8.0000        -0.240734     0.000016327   -206548.8856         0.028
9.0000        -0.210575     0.000021769   -206548.8554         0.020
10.0000        -0.188970     0.000008163   -206548.8338         0.015
100.0000        -0.057038     0.000021769   -206548.7019         0.000
1000.0000        -0.046782     0.000008163   -206548.6917
