0.0020   1901859.744475     0.000016327   1773400.0540
0.0040    930654.690774     0.000027211    802195.0004
0.0060    607544.756437     0.000016327    479085.0660
0.0080    446587.789378     0.000021769    318128.0989
0.0100    350397.847776     0.000024490    221938.1574
0.0120    286519.087801     0.000019048    158059.3974
0.0140    241089.178225     0.000021769    112629.4879
0.0160    207169.709192     0.000021769     78710.0188
0.0180    180933.809966     0.000021769     52474.1196
0.0200    160041.404897     0.000010885     31581.7145
0.0400     68195.427468     0.000019048    -60264.2629
0.0600     39325.261482     0.000016327    -89134.4289
0.0800     25790.168556     0.000024490   -102669.5218
0.1000     18140.569224     0.000016327   -110319.1211
0.1200     13372.201852     0.000024490   -115087.4885
0.1400     10221.577931     0.000013606   -118238.1124
0.1600      8051.653305     0.000013606   -120408.0371
0.1800      6497.645874     0.000005442   -121962.0445
0.2000      5333.703869     0.000019048   -123125.9865    -51165.265
0.2400      3685.340954     0.000016327   -124774.3494    -32948.007
0.2800      2605.326745     0.000013606   -125854.3636    -21870.568
0.3200      1884.067262     0.000016327   -126575.6231    -14704.690
0.3600      1395.663801     0.000008163   -127064.0266    -10048.748
0.4000      1058.682864     0.000019048   -127401.0075     -7018.874
0.4500       771.982828     0.000021769   -127687.7075     -4663.081
0.5000       576.771582     0.000010885   -127882.9188     -3269.597
0.5500       436.318462     0.000010885   -128023.3719     -2414.888
0.6000       330.267775     0.000010885   -128129.4226     -1879.921
0.6500       246.528456     0.000021769   -128213.1619     -1459.143
0.7000       182.120401     0.000016327   -128277.5700     -1106.707
0.7500       134.135883     0.000005442   -128325.5545      -825.456
0.8000        98.394256     0.000027211   -128361.2961      -614.749
0.8500        71.754919     0.000013606   -128387.9354      -458.779
0.9000        51.846539     0.000013606   -128407.8438      -343.546
0.9500        36.897246     0.000010885   -128422.7931      -258.437
1.0000        25.629048     0.000019048   -128434.0613      -195.312
1.1000        10.594662     0.000013606   -128449.0957      -112.873
1.2000         1.870778     0.000010885   -128457.8196       -65.479
1.3000        -3.078311     0.000002721   -128462.7687       -37.160
1.4000        -5.783469     0.000021769   -128465.4738       -19.682
1.5000        -7.099396     0.000019048   -128466.7898        -8.668
1.6000        -7.554123     0.000024490   -128467.2445        -1.880
1.7000        -7.314614     0.000016327   -128467.0050         1.963
1.8000        -6.715781     0.000008163   -128466.4061         3.902
1.9000        -6.031877     0.000019048   -128465.7222         4.871
2.0000        -5.329093     0.000016327   -128465.0195         5.202
2.1000        -4.647217     0.000016327   -128464.3376         5.184
2.2000        -4.009297     0.000013606   -128463.6997         4.933
2.3000        -3.370561     0.000024490   -128463.0609         4.468
2.4000        -2.663430     0.000013606   -128462.3538         3.796
2.5000        -2.097019     0.000019048   -128461.7874         3.253
2.6000        -1.608139     0.000016327   -128461.2985         2.757
2.7000        -1.199987     0.000019048   -128460.8904         2.351
2.8000        -0.868498     0.000013606   -128460.5589         2.015
2.9000        -0.597154     0.000024490   -128460.2875         1.724
3.0000        -0.373180     0.000019048   -128460.0636         1.486
3.1000        -0.187900     0.000013606   -128459.8783         1.292
3.2000         0.024754     0.000010885   -128459.6656         1.096
3.3000         0.208341     0.000005442   -128459.4820         0.925
3.4000         0.363699     0.000019048   -128459.3267         0.774
3.5000         0.495144     0.000021769   -128459.1952         0.653
3.6000         0.605908     0.000019048   -128459.0845         0.548
3.7000         0.698917     0.000016327   -128458.9915         0.464
3.8000         0.776888     0.000019048   -128458.9135         0.390
3.9000         0.841983     0.000010885   -128458.8484         0.329
4.0000         0.896586     0.000010885   -128458.7938         0.274
5.0000         1.124794     0.000019048   -128458.5656         0.045
6.0000         1.163211     0.000005442   -128458.5272         0.020
7.0000         1.172825     0.000013606   -128458.5175         0.005
8.0000         1.177443     0.000016327   -128458.5129         0.003
9.0000         1.180460     0.000024490   -128458.5099         0.002
10.0000         1.182683     0.000013606   -128458.5077         0.002
100.0000         1.197315     0.000002721   -128458.4931
1000.0000         1.198526     0.000005442   -128458.4918
