0.0020  26431849.914481     0.000013606  25741915.6406
0.0040  12862140.001779     0.000027211  12172205.7295
0.0060   8356548.591055     0.000016327   7666614.3186
0.0080   6114752.381388     0.000024490   5424818.1071
0.0100   4774562.695408     0.000021769   4084628.4209
0.0120   3884704.679793     0.000002721   3194770.4076
0.0140   3251697.609111     0.000016327   2561763.3355
0.0160   2779371.692349     0.000024490   2089437.4187
0.0180   2414489.281316     0.000008163   1724555.0077
0.0200   2124865.443896     0.000008163   1434931.1704
0.0400    864154.561108     0.000019048    174220.2875
0.0600    480143.782412     0.000013606   -209790.4912
0.0800    305709.195723     0.000008163   -384225.0778
0.1000    210413.381417     0.000019048   -479520.8922
0.1200    151843.018787     0.000016327   -538091.2547
0.1400    112817.399149     0.000010885   -577116.8745
0.1600     86179.254999     0.000019048   -603755.0186
0.1800     67682.768963     0.000005442   -622251.5046
0.2000     54392.189411     0.000013606   -635542.0843
0.2400     35893.399394     0.000005442   -654040.8743
0.2800     24479.372612     0.000027211   -665454.9009
0.3200     17369.024858     0.000024490   -672565.2487
0.3600     12680.226612     0.000016327   -677254.0471
0.4000      9323.253403     0.000024490   -680611.0201
0.4500      6534.919924     0.000021769   -683399.3537    -43919.487
0.5000      4755.908354     0.000010885   -685178.3653    -28605.929
0.5500      3568.747488     0.000019048   -686365.5262    -19662.042
0.6000      2731.030268     0.000013606   -687203.2434    -14249.718
0.6500      2113.699566     0.000024490   -687820.5739    -10652.559
0.7000      1649.005063     0.000010885   -688285.2684     -8072.359
0.7500      1295.255089     0.000016327   -688639.0184     -6179.921
0.8000      1022.943144     0.000021769   -688911.3305     -4775.575
0.8500       811.416283     0.000021769   -689122.8572     -3720.138
0.9000       646.330196     0.000019048   -689287.9433     -2915.196
0.9500       516.655241     0.000021769   -689417.6184     -2298.117
1.0000       414.176179     0.000024490   -689520.0973     -1821.646
1.1000       267.811125     0.000008163   -689666.4625     -1162.482
1.2000       173.595985     0.000010885   -689760.6776      -758.919
1.3000       112.435861     0.000013606   -689821.8377      -493.214
1.4000        72.598736     0.000016327   -689861.6749      -321.515
1.5000        46.217723     0.000019048   -689888.0558      -212.845
1.6000        28.637314     0.000010885   -689905.6363      -141.759
1.7000        17.050032     0.000024490   -689917.2234       -94.472
1.8000         9.427965     0.000019048   -689924.8456       -62.874
1.9000         4.399737     0.000010885   -689929.8737       -41.525
2.0000         1.122486     0.000016327   -689933.1511       -27.005
2.1000        -0.968601     0.000013606   -689935.2423       -17.147
2.2000        -2.256317     0.000016327   -689936.5299       -10.406
2.3000        -3.000930     0.000008163   -689937.2744        -5.874
2.4000        -3.381563     0.000010885   -689937.6551        -2.826
2.5000        -3.520099     0.000016327   -689937.7936        -0.796
2.6000        -3.501309     0.000021769   -689937.7748         0.513
2.7000        -3.382600     0.000016327   -689937.6562         1.324
2.8000        -3.204433     0.000008163   -689937.4780         1.820
2.9000        -2.980867     0.000027211   -689937.2546         2.016
3.0000        -2.672986     0.000010885   -689936.9465         2.030
3.1000        -2.396121     0.000024490   -689936.6698         1.948
3.2000        -2.147349     0.000021769   -689936.4208         1.840
3.3000        -1.909930     0.000019048   -689936.1835         1.723
3.4000        -1.636583     0.000021769   -689935.9100         1.575
3.5000        -1.391994     0.000019048   -689935.6657         1.405
3.6000        -1.143132     0.000013606   -689935.4167         1.228
3.7000        -0.921182     0.000027211   -689935.1946         1.070
3.8000        -0.729135     0.000019048   -689935.0028         0.919
3.9000        -0.563398     0.000013606   -689934.8371         0.780
4.0000        -0.421072     0.000021769   -689934.6948         0.667
5.0000         0.218750     0.000013606   -689934.0548         0.120
6.0000         0.330978     0.000010885   -689933.9427         0.017
7.0000         0.356053     0.000019048   -689933.9176         0.005
8.0000         0.366301     0.000008163   -689933.9073         0.002
9.0000         0.372668     0.000013606   -689933.9010         0.001
10.0000         0.377278     0.000010885   -689933.8964         0.000
100.0000         0.406019     0.000016327   -689933.8675
1000.0000         0.408293     0.000019048   -689933.8654
