0.0020   3651678.544200     0.000013606   3344254.1244
0.0040   1781910.705061     0.000016327   1474486.2840
0.0060   1160916.297091     0.000021769    853491.8762
0.0080    851711.774694     0.000019048    544287.3538
0.0100    667052.829967     0.000008163    359628.4090
0.0120    544491.492616     0.000019048    237067.0716
0.0140    457362.577140     0.000019048    149938.1561
0.0160    392358.508401     0.000019048     84934.0874
0.0180    342055.454642     0.000019048     34631.0336
0.0200    302024.488403     0.000008163     -5399.9326
0.0400    126685.769965     0.000019048   -180738.6510
0.0600     72188.061196     0.000019048   -235236.3598
0.0800     46728.740270     0.000013606   -260695.6807
0.1000     32683.074028     0.000016327   -274741.3471
0.1200     24048.277107     0.000024490   -283376.1440
0.1400     18254.045845     0.000016327   -289170.3751
0.1600     14128.993518     0.000024490   -293295.4274
0.1800     11112.994809     0.000019048   -296311.4261
0.2000      8877.290976     0.000005442   -298547.1299
0.2400      5928.634973     0.000019048   -301495.7859
0.2800      4165.508325     0.000010885   -303258.9127    -34801.235
0.3200      3016.613284     0.000021769   -304407.8078    -23689.713
0.3600      2215.511263     0.000008163   -305208.9096    -16790.852
0.4000      1646.498520     0.000021769   -305777.9225    -11931.824
0.4500      1160.115503     0.000016327   -306264.3055     -7827.589
0.5000       838.862682     0.000013606   -306585.5584     -5235.803
0.5500       621.231341     0.000013606   -306803.1897     -3614.589
0.6000       467.699975     0.000016327   -306956.7210     -2617.552
0.6500       353.964321     0.000021769   -307070.4567     -1979.871
0.7000       267.122821     0.000008163   -307157.2981     -1517.650
0.7500       200.725249     0.000019048   -307223.6958     -1154.149
0.8000       150.499379     0.000013606   -307273.9215      -868.062
0.8500       112.867189     0.000005442   -307311.5538      -647.915
0.9000        84.845244     0.000024490   -307339.5758      -481.619
0.9500        64.030924     0.000021769   -307360.3901      -357.517
1.0000        48.584957     0.000016327   -307375.8361      -265.479
1.1000        28.820572     0.000016327   -307395.6005      -148.175
1.2000        17.714401     0.000010885   -307406.7066       -84.656
1.3000        11.235583     0.000010885   -307413.1854       -50.437
1.4000         7.329204     0.000024490   -307417.0918       -32.202
1.5000         4.944218     0.000024490   -307419.4769       -22.409
1.6000         3.249525     0.000016327   -307421.1716       -15.908
1.7000         2.041584     0.000016327   -307422.3795       -11.034
1.8000         1.223158     0.000024490   -307423.1978        -7.074
1.9000         0.715842     0.000019048   -307423.7053        -4.185
2.0000         0.525561     0.000019048   -307423.8955        -2.136
2.1000         0.657147     0.000019048   -307423.7638        -1.150
2.2000         0.784717     0.000008163   -307423.6362        -0.301
2.3000         0.920913     0.000021769   -307423.5001         0.329
2.4000         1.072749     0.000005442   -307423.3483         0.749
2.5000         1.236143     0.000013606   -307423.1850         1.054
2.6000         1.405624     0.000019048   -307423.0155         1.219
2.7000         1.579831     0.000008163   -307422.8413         1.291
2.8000         1.753491     0.000008163   -307422.6674         1.318
2.9000         1.922014     0.000016327   -307422.4990         1.299
3.0000         2.084061     0.000019048   -307422.3368         1.240
3.1000         2.239008     0.000002721   -307422.1820         1.166
3.2000         2.384243     0.000005442   -307422.0367         1.087
3.3000         2.518192     0.000008163   -307421.9028         0.993
3.4000         2.641554     0.000005442   -307421.7795         0.910
3.5000         2.754838     0.000019048   -307421.6661         0.819
3.6000         2.858655     0.000008163   -307421.5624         0.736
3.7000         2.952227     0.000010885   -307421.4688         0.666
3.8000         3.035984     0.000010885   -307421.3850         0.605
3.9000         3.110837     0.000021769   -307421.3101         0.547
4.0000         3.177668     0.000016327   -307421.2435         0.484
5.0000         3.570328     0.000013606   -307420.8508         0.160
6.0000         3.729942     0.000010885   -307420.6911         0.126
7.0000         3.813786     0.000005442   -307420.6073         0.056
8.0000         3.867860     0.000024490   -307420.5531         0.039
9.0000         3.906354     0.000008163   -307420.5147         0.029
10.0000         3.935497     0.000013606   -307420.4856         0.023
100.0000         4.130135     0.000016327   -307420.2908         0.000
1000.0000         4.146391     0.000010885   -307420.2747
