0.0020         0.000000     0.000024490  31211631.8137
0.0040  15525333.138814     0.000013606  14829625.3587
0.0060  10080453.882764     0.000021769   9384746.1016
0.0080   7367516.879191     0.000021769   6671809.0994
0.0100   5745848.458352     0.000024490   5050140.6785
0.0120   4668919.422953     0.000016327   3973211.6429
0.0140   3904516.849413     0.000016327   3208809.0688
0.0160   3335159.473166     0.000010885   2639451.6929
0.0180   2895751.474161     0.000021769   2200043.6937
0.0200   2547113.349476     0.000021769   1851405.5691
0.0400   1032775.318798     0.000021769    337067.5383
0.0600    572113.578515     0.000024490   -123594.2019
0.0800    362523.370393     0.000019048   -333184.4101
0.1000    248930.902916     0.000019048   -446776.8773
0.1200    179165.366133     0.000021769   -516542.4141
0.1400    133976.331493     0.000024490   -561731.4488
0.1600    103354.776647     0.000016327   -592353.0037
0.1800     81345.974167     0.000024490   -614361.8063
0.2000     64605.196896     0.000013606   -631102.5834
0.2400     41956.579455     0.000019048   -653751.2008
0.2800     28494.324180     0.000013606   -667213.4561
0.3200     20131.371426     0.000013606   -675576.4090
0.3600     14263.845267     0.000008163   -681443.9351
0.4000     10345.852951     0.000019048   -685361.9274
0.4500      7180.246232     0.000016327   -688527.5342    -49939.967
0.5000      5138.218177     0.000016327   -690569.5622    -33266.547
0.5500      3742.899810     0.000019048   -691964.8804    -23324.496
0.6000      2750.398251     0.000013606   -692957.3821    -16738.298
0.6500      2039.223140     0.000024490   -693668.5571    -12013.839
0.7000      1529.643488     0.000013606   -694178.1370     -8548.576
0.7500      1166.969714     0.000024490   -694540.8108     -6168.731
0.8000       901.489244     0.000027211   -694806.2911     -4579.101
0.8500       700.749459     0.000021769   -695007.0310     -3511.459
0.9000       545.309802     0.000013606   -695162.4706     -2735.830
0.9500       423.523928     0.000008163   -695284.2563     -2133.760
1.0000       328.890176     0.000019048   -695378.8902     -1654.769
1.1000       199.679937     0.000024490   -695508.1005      -987.380
1.2000       122.700002     0.000008163   -695585.0805      -594.598
1.3000        76.043446     0.000010885   -695631.7369      -365.556
1.4000        47.085753     0.000005442   -695660.6947      -229.571
1.5000        28.780359     0.000010885   -695679.0001      -146.488
1.6000        17.171996     0.000024490   -695690.6084       -94.548
1.7000         9.702025     0.000008163   -695698.0782       -60.898
1.8000         4.925592     0.000010885   -695702.8547       -38.572
1.9000         1.941204     0.000016327   -695705.8392       -23.654
2.0000         0.345860     0.000021769   -695707.4346       -14.216
2.1000        -0.233768     0.000016327   -695708.0142        -8.849
2.2000        -0.495525     0.000024490   -695708.2760        -5.493
2.3000        -0.594297     0.000008163   -695708.3748        -3.242
2.4000        -0.431464     0.000008163   -695708.2118        -2.198
2.5000        -0.111646     0.000021769   -695707.8920        -1.809
2.6000         0.134411     0.000024490   -695707.6460        -1.576
2.7000         0.288710     0.000005442   -695707.4918        -1.296
2.8000         0.388304     0.000024490   -695707.3922        -0.995
2.9000         0.460137     0.000021769   -695707.3203        -0.672
3.0000         0.521569     0.000005442   -695707.2588        -0.431
3.1000         0.583159     0.000013606   -695707.1973        -0.183
3.2000         0.648948     0.000019048   -695707.1315         0.006
3.3000         0.720868     0.000008163   -695707.0594         0.170
3.4000         0.798755     0.000016327   -695706.9815         0.300
3.5000         0.880098     0.000016327   -695706.9002         0.384
3.6000         0.964486     0.000008163   -695706.8158         0.440
3.7000         1.050251     0.000016327   -695706.7301         0.484
3.8000         1.134808     0.000016327   -695706.6455         0.501
3.9000         1.217351     0.000021769   -695706.5630         0.498
4.0000         1.297594     0.000016327   -695706.4828         0.487
5.0000         1.853752     0.000019048   -695705.9266         0.218
6.0000         2.051745     0.000021769   -695705.7287         0.068
7.0000         2.110796     0.000024490   -695705.6697         0.032
8.0000         2.130244     0.000010885   -695705.6501         0.016
9.0000         2.138424     0.000005442   -695705.6419         0.009
10.0000         2.143088     0.000019048   -695705.6373         0.007
100.0000         2.165545     0.000002721   -695705.6147         0.000
1000.0000         2.167058     0.000019048   -695705.6134
