0.0020  16501294.236532     0.000021769  16143166.7832
0.0040   8042536.234024     0.000024490   7684408.7811
0.0060   5235399.911553     0.000021769   4877272.4567
0.0080   3835167.932305     0.000021769   3477040.4796
0.0100   2997371.484116     0.000024490   2639244.0299
0.0120   2441108.714795     0.000013606   2082981.2608
0.0140   2045582.470225     0.000019048   1687455.0162
0.0160   1750141.197547     0.000016327   1392013.7436
0.0180   1521433.511651     0.000019048   1163306.0577
0.0200   1339821.921466     0.000013606    981694.4674
0.0400    550297.411742     0.000016327    192169.9577
0.0600    307650.207414     0.000021769    -50477.2466
0.0800    196451.909141     0.000016327   -161675.5449
0.1000    135136.601067     0.000024490   -222990.8530
0.1200     97968.042761     0.000019048   -260159.4113
0.1400     73859.900650     0.000021769   -284267.5534
0.1600     56993.578939     0.000010885   -301133.8752
0.1800     44702.776286     0.000024490   -313424.6777
0.2000     35627.203439     0.000021769   -322500.2505
0.2400     23576.719275     0.000016327   -334550.7348
0.2800     16378.628092     0.000016327   -341748.8261
0.3200     11671.058266     0.000016327   -346456.3957
0.3600      8405.976392     0.000024490   -349721.4777
0.4000      6220.977433     0.000013606   -351906.4766    -44848.645
0.4500      4408.640021     0.000021769   -353718.8141    -29055.547
0.5000      3211.235035     0.000013606   -354916.2189    -19619.222
0.5500      2385.135165     0.000013606   -355742.3188    -13985.980
0.6000      1780.338183     0.000010885   -356347.1158    -10388.917
0.6500      1336.943233     0.000027211   -356790.5108     -7519.256
0.7000      1018.170396     0.000019048   -357109.2836     -5363.248
0.7500       788.315391     0.000019048   -357339.1385     -3894.222
0.8000       618.218119     0.000027211   -357509.2359     -2890.997
0.8500       493.282840     0.000021769   -357634.1713     -2164.856
0.9000       398.675790     0.000024490   -357728.7782     -1672.204
0.9500       324.168199     0.000021769   -357803.2857     -1340.594
1.0000       263.212897     0.000019048   -357864.2412     -1092.164
1.1000       174.431476     0.000013606   -357953.0224      -698.182
1.2000       118.670052     0.000002721   -358008.7840      -436.399
1.3000        84.078857     0.000013606   -358043.3752      -282.074
1.4000        61.171284     0.000021769   -358066.2828      -196.481
1.5000        45.266753     0.000021769   -358082.1873      -137.620
1.6000        33.965251     0.000016327   -358093.4888       -97.505
1.7000        26.056226     0.000019048   -358101.3977       -69.514
1.8000        20.435445     0.000016327   -358107.0185       -49.400
1.9000        16.443847     0.000010885   -358111.0102       -34.899
2.0000        13.628915     0.000005442   -358113.8252       -24.489
2.1000        11.657294     0.000024490   -358115.7967       -17.114
2.2000        10.281255     0.000005442   -358117.1727       -11.976
2.3000         9.320896     0.000016327   -358118.1330        -8.411
2.4000         8.643697     0.000008163   -358118.8103        -6.076
2.5000         8.153446     0.000019048   -358119.3007        -4.494
2.6000         7.782119     0.000013606   -358119.6718        -3.569
2.7000         7.547277     0.000016327   -358119.9067        -2.964
2.8000         7.343406     0.000024490   -358120.1107        -2.607
2.9000         7.142744     0.000021769   -358120.3113        -2.323
3.0000         6.944430     0.000008163   -358120.5097        -2.051
3.1000         6.751770     0.000005442   -358120.7023        -1.863
3.2000         6.569122     0.000005442   -358120.8849        -1.624
3.3000         6.402314     0.000008163   -358121.0517        -1.399
3.4000         6.255854     0.000005442   -358121.1981        -1.205
3.5000         6.125160     0.000013606   -358121.3290        -1.008
3.6000         6.011348     0.000008163   -358121.4427        -0.825
3.7000         5.914789     0.000019048   -358121.5393        -0.661
3.8000         5.834752     0.000016327   -358121.6193        -0.520
3.9000         5.770691     0.000010885   -358121.6833        -0.397
4.0000         5.724029     0.000005442   -358121.7301        -0.299
5.0000         5.656553     0.000005442   -358121.7976         0.134
6.0000         5.821701     0.000019048   -358121.6324         0.095
7.0000         5.928947     0.000005442   -358121.5252         0.037
8.0000         5.962071     0.000002721   -358121.4920         0.012
9.0000         5.971326     0.000002721   -358121.4827         0.003
10.0000         5.973813     0.000013606   -358121.4803         0.001
100.0000         5.975086     0.000013606   -358121.4789
1000.0000         5.975119     0.000010885   -358121.4789
