0.0020  18260954.687616     0.000010885  17917524.0561
0.0040   8907525.406659     0.000019048   8564094.7746
0.0060   5795601.114677     0.000019048   5452170.4826
0.0080   4246341.560367     0.000016327   3902910.9306
0.0100   3320595.407690     0.000021769   2977164.7759
0.0120   2704867.452187     0.000021769   2361436.8211
0.0140   2265901.144364     0.000019048   1922470.5132
0.0160   1939345.193195     0.000016327   1595914.5622
0.0180   1686506.726036     0.000019048   1343076.0950
0.0200   1484955.549968     0.000013606   1141524.9189
0.0400    606827.581717     0.000013606    263396.9507
0.0600    339002.916059     0.000021769     -4427.7149
0.0800    216592.728682     0.000010885   -126837.9023
0.1000    148602.371443     0.000016327   -194828.2595
0.1200    107331.949325     0.000008163   -236098.6817
0.1400     80681.903169     0.000010885   -262748.7278
0.1600     62098.268869     0.000013606   -281332.3622
0.1800     48686.244491     0.000021769   -294744.3866
0.2000     38898.871445     0.000024490   -304531.7595
0.2400     26223.812617     0.000008163   -317206.8185
0.2800     18866.947353     0.000010885   -324563.6836
0.3200     13513.974999     0.000008163   -329916.6561
0.3600      9992.523391     0.000013606   -333438.1076
0.4000      7638.681233     0.000027211   -335791.9497    -48396.753
0.4500      5670.013466     0.000024490   -337760.6175    -32037.841
0.5000      4310.691692     0.000016327   -339119.9393    -23152.994
0.5500      3302.771785     0.000019048   -340127.8592    -17458.310
0.6000      2542.568909     0.000019048   -340888.0621    -13141.614
0.6500      1970.958654     0.000005442   -341459.6723     -9893.652
0.7000      1539.499420     0.000024490   -341891.1316     -7491.461
0.7500      1211.434101     0.000024490   -342219.1968     -5723.929
0.8000       956.960238     0.000016327   -342473.6707     -4541.973
0.8500       752.129984     0.000019048   -342678.5009     -3634.897
0.9000       590.226053     0.000010885   -342840.4049     -2860.974
0.9500       463.325095     0.000021769   -342967.3058     -2229.462
1.0000       364.752311     0.000010885   -343065.8786     -1728.158
1.1000       229.004017     0.000019048   -343201.6270     -1040.242
1.2000       146.575945     0.000016327   -343284.0549      -637.880
1.3000        95.295558     0.000027211   -343335.3353      -402.659
1.4000        62.373589     0.000016327   -343368.2573      -262.333
1.5000        40.573979     0.000021769   -343390.0569      -175.703
1.6000        25.788183     0.000021769   -343404.8428      -120.039
1.7000        15.760302     0.000024490   -343414.8707       -82.812
1.8000         8.833788     0.000010885   -343421.7971       -57.185
1.9000         4.065445     0.000010885   -343426.5656       -39.174
2.0000         0.825417     0.000027211   -343429.8057       -26.333
2.1000        -1.323832     0.000016327   -343431.9548       -17.149
2.2000        -2.691841     0.000016327   -343433.3228       -10.595
2.3000        -3.501312     0.000013606   -343434.1323        -5.917
2.4000        -3.746046     0.000024490   -343434.3769        -2.788
2.5000        -3.426217     0.000021769   -343434.0572        -1.067
2.6000        -3.050471     0.000024490   -343433.6814         0.115
2.7000        -2.656268     0.000016327   -343433.2874         0.865
2.8000        -2.265294     0.000013606   -343432.8964         1.376
2.9000        -1.890528     0.000010885   -343432.5214         1.664
3.0000        -1.527158     0.000024490   -343432.1581         1.844
3.1000        -1.165554     0.000027211   -343431.7965         1.919
3.2000        -0.828067     0.000019048   -343431.4591         1.909
3.3000        -0.515686     0.000024490   -343431.1467         1.878
3.4000        -0.228649     0.000024490   -343430.8596         1.808
3.5000         0.038567     0.000019048   -343430.5924         1.704
3.6000         0.438746     0.000010885   -343430.1924         1.427
3.7000         0.769691     0.000013606   -343429.8612         1.197
3.8000         1.043108     0.000013606   -343429.5880         1.000
3.9000         1.269137     0.000013606   -343429.3619         0.833
4.0000         1.455954     0.000019048   -343429.1749         0.697
5.0000         2.207843     0.000019048   -343428.4231         0.120
6.0000         2.317216     0.000002721   -343428.3137         0.022
7.0000         2.333374     0.000010885   -343428.2976         0.003
8.0000         2.335954     0.000013606   -343428.2949         0.000
9.0000         2.336400     0.000013606   -343428.2946        -0.000
10.0000         2.336482     0.000016327   -343428.2944        -0.000
100.0000         2.336501     0.000016327   -343428.2944
1000.0000         2.336501     0.000016327   -343428.2944
