0.0020   1715527.844983     0.000016327   1452500.2270
0.0040    838005.423433     0.000019048    574977.8057
0.0060    546280.330166     0.000002721    283252.7123
0.0080    400947.122968     0.000005442    137919.5051
0.0100    314245.659537     0.000021769     51218.0416
0.0120    256771.335224     0.000024490     -6256.2827
0.0140    215889.131701     0.000016327    -47138.4862
0.0160    185367.089468     0.000005442    -77660.5284
0.0180    161728.893149     0.000024490   -101298.7248
0.0200    142908.749629     0.000019048   -120118.8683
0.0400     60291.446635     0.000019048   -202736.1713
0.0600     34632.527390     0.000008163   -228395.0905
0.0800     22598.378839     0.000016327   -240429.2391
0.1000     15887.632958     0.000010885   -247139.9850
0.1200     11748.844463     0.000024490   -251278.7734
0.1400      9008.099874     0.000016327   -254019.5180
0.1600      7074.438303     0.000013606   -255953.1796
0.1800      5644.885782     0.000024490   -257382.7321
0.2000      4557.381198     0.000013606   -258470.2367    -47560.612
0.2400      3065.151712     0.000013606   -259962.4662    -28783.804
0.2800      2148.338914     0.000019048   -260879.2790    -18057.229
0.3200      1561.921493     0.000019048   -261465.6964    -11819.035
0.3600      1170.107302     0.000005442   -261857.5106     -8095.412
0.4000       895.396496     0.000027211   -262132.2214     -5822.781
0.4500       651.946245     0.000010885   -262375.6717     -4058.511
0.5000       480.075092     0.000024490   -262547.5428     -2891.323
0.5500       357.730454     0.000019048   -262669.8875     -2064.377
0.6000       270.430764     0.000002721   -262757.1871     -1473.805
0.6500       207.979437     0.000019048   -262819.6385     -1057.003
0.7000       162.945352     0.000024490   -262864.6726      -766.423
0.7500       129.933278     0.000016327   -262897.6846      -566.891
0.8000       105.115008     0.000008163   -262922.5029      -431.579
0.8500        85.854991     0.000005442   -262941.7629      -339.608
0.9000        70.623461     0.000016327   -262956.9944      -273.987
0.9500        58.259716     0.000024490   -262969.3582      -224.039
1.0000        48.124216     0.000016327   -262979.4937      -183.385
1.1000        33.090383     0.000016327   -262994.5275      -120.973
1.2000        23.678170     0.000008163   -263003.9397       -79.265
1.3000        17.659652     0.000024490   -263009.9583       -51.394
1.4000        13.986170     0.000010885   -263013.6317       -33.442
1.5000        11.659237     0.000021769   -263015.9587       -22.147
1.6000        10.093275     0.000016327   -263017.5246       -15.144
1.7000         8.945134     0.000027211   -263018.6728       -11.108
1.8000         7.987859     0.000019048   -263019.6300        -8.799
1.9000         7.270090     0.000002721   -263020.3478        -7.504
2.0000         6.662471     0.000010885   -263020.9554        -6.297
2.1000         6.166293     0.000016327   -263021.4516        -5.414
2.2000         5.756176     0.000010885   -263021.8617        -4.641
2.3000         5.388953     0.000021769   -263022.2289        -3.844
2.4000         5.065984     0.000013606   -263022.5519        -3.159
2.5000         4.791200     0.000005442   -263022.8267        -2.553
2.6000         4.560676     0.000002721   -263023.0572        -1.983
2.7000         4.369037     0.000021769   -263023.2489        -1.513
2.8000         4.213380     0.000021769   -263023.4045        -1.136
2.9000         4.091508     0.000002721   -263023.5264        -0.827
3.0000         3.996840     0.000002721   -263023.6211        -0.559
3.1000         3.924036     0.000019048   -263023.6939        -0.350
3.2000         3.870152     0.000019048   -263023.7477        -0.172
3.3000         3.832377     0.000008163   -263023.7855        -0.066
3.4000         3.808646     0.000008163   -263023.8093         0.028
3.5000         3.794961     0.000027211   -263023.8230         0.099
3.6000         3.789181     0.000024490   -263023.8287         0.154
3.7000         3.789391     0.000024490   -263023.8285         0.183
3.8000         3.794303     0.000013606   -263023.8236         0.207
3.9000         3.803282     0.000021769   -263023.8146         0.211
4.0000         3.815596     0.000016327   -263023.8023         0.210
5.0000         3.972633     0.000013606   -263023.6453         0.111
6.0000         4.056833     0.000019048   -263023.5611         0.052
7.0000         4.076909     0.000024490   -263023.5410         0.014
8.0000         4.077391     0.000010885   -263023.5405         0.006
9.0000         4.073897     0.000021769   -263023.5440         0.003
10.0000         4.070384     0.000019048   -263023.5475         0.001
100.0000         4.045276     0.000016327   -263023.5726
1000.0000         4.043252     0.000019048   -263023.5747
