0.0020  19713488.326663     0.000019048  19337166.8171
0.0040   9612690.668337     0.000024490   9236369.1593
0.0060   6252339.129823     0.000016327   5876017.6221
0.0080   4579567.566833     0.000019048   4203246.0580
0.0100   3580070.286635     0.000013606   3203748.7777
0.0120   2915276.628021     0.000021769   2538955.1195
0.0140   2441360.023191     0.000013606   2065038.5147
0.0160   2088897.176041     0.000016327   1712575.6676
0.0180   1816070.682976     0.000010885   1439749.1745
0.0200   1598660.472321     0.000008163   1222338.9639
0.0400    652192.438726     0.000013606    275870.9302
0.0600    364073.713996     0.000005442    -12247.7944
0.0800    232211.715430     0.000024490   -144109.7930
0.1000    159164.956831     0.000024490   -217156.5516
0.1200    114912.888174     0.000021769   -261408.6203
0.1400     86122.288554     0.000024490   -290199.2198
0.1600     66166.086068     0.000019048   -310155.4225
0.1800     51877.723158     0.000002721   -324443.7853
0.2000     41488.589527     0.000008163   -334832.9189
0.2400     28027.095669     0.000024490   -348294.4128
0.2800     19987.212651     0.000016327   -356334.2957
0.3200     14373.351490     0.000024490   -361948.1569
0.3600     10736.339512     0.000016327   -365585.1689
0.4000      8286.538462     0.000010885   -368034.9701    -50878.616
0.4500      6187.826565     0.000027211   -370133.6819    -34750.989
0.5000      4693.950550     0.000021769   -371627.5579    -25646.774
0.5500      3583.293460     0.000021769   -372738.2150    -19089.016
0.6000      2757.998217     0.000019048   -373563.5102    -14174.703
0.6500      2143.578517     0.000021769   -374177.9300    -10604.472
0.7000      1678.538783     0.000002721   -374642.9697     -8199.043
0.7500      1313.203791     0.000016327   -375008.3048     -6453.780
0.8000      1027.074561     0.000008163   -375294.4339     -5038.224
0.8500       804.695071     0.000010885   -375516.8134     -3890.089
0.9000       633.437889     0.000019048   -375688.0705     -2984.359
0.9500       502.012525     0.000016327   -375819.4958     -2288.262
1.0000       400.967852     0.000010885   -375920.5407     -1761.524
1.1000       261.811423     0.000010885   -376059.6970     -1070.011
1.2000       175.769934     0.000019048   -376145.7384      -678.461
1.3000       120.360772     0.000027211   -376201.1476      -449.301
1.4000        83.027213     0.000016327   -376238.4814      -308.141
1.5000        57.135774     0.000021769   -376264.3727      -215.945
1.6000        38.893137     0.000021769   -376282.6152      -152.822
1.7000        25.966009     0.000002721   -376295.5423      -108.310
1.8000        16.816923     0.000013606   -376304.6916       -76.466
1.9000        10.378380     0.000013606   -376311.1301       -53.628
2.0000         5.887901     0.000013606   -376315.6205       -37.160
2.1000         2.796349     0.000013606   -376318.7120       -25.366
2.2000         0.706005     0.000016327   -376320.8024       -16.932
2.3000        -0.669700     0.000016327   -376322.1782       -10.954
2.4000        -1.538162     0.000013606   -376323.0465        -6.683
2.5000        -1.674845     0.000010885   -376323.1834        -4.311
2.6000        -1.693147     0.000013606   -376323.2016        -2.651
2.7000        -1.646453     0.000021769   -376323.1548        -1.518
2.8000        -1.560911     0.000027211   -376323.0693        -0.705
2.9000        -1.452327     0.000024490   -376322.9608        -0.151
3.0000        -1.332028     0.000024490   -376322.8405         0.237
3.1000        -1.206140     0.000013606   -376322.7145         0.500
3.2000        -1.079952     0.000008163   -376322.5885         0.656
3.3000        -0.926834     0.000008163   -376322.4353         0.706
3.4000        -0.740044     0.000002721   -376322.2484         0.644
3.5000        -0.588661     0.000008163   -376322.0971         0.586
3.6000        -0.464311     0.000008163   -376321.9727         0.541
3.7000        -0.360845     0.000010885   -376321.8693         0.498
3.8000        -0.273858     0.000010885   -376321.7822         0.458
3.9000        -0.200050     0.000024490   -376321.7085         0.419
4.0000        -0.136890     0.000019048   -376321.6454         0.381
5.0000         0.209190     0.000005442   -376321.2992         0.058
6.0000         0.247855     0.000016327   -376321.2606         0.007
7.0000         0.252307     0.000019048   -376321.2562         0.000
8.0000         0.252870     0.000019048   -376321.2557        -0.001
9.0000         0.252946     0.000019048   -376321.2554        -0.001
10.0000         0.252957     0.000019048   -376321.2554        -0.001
100.0000         0.252960     0.000019048   -376321.2554
1000.0000         0.252960     0.000019048   -376321.2554
