0.0020   4627286.287489     0.000013606   4478079.1222
0.0040   2260618.623297     0.000013606   2111411.4590
0.0060   1474476.426658     0.000019048   1325269.2625
0.0080   1083120.635409     0.000019048    933913.4713
0.0100    849000.257433     0.000010885    699793.0932
0.0120    693709.331879     0.000027211    544502.1676
0.0140    583427.126907     0.000008163    434219.9629
0.0160    501048.880890     0.000016327    351841.7168
0.0180    437163.321446     0.000013606    287956.1572
0.0200    386240.053007     0.000024490    237032.8888
0.0400    162325.742826     0.000005442     13118.5787
0.0600     92964.018459     0.000024490    -56243.1457
0.0800     60531.200457     0.000016327    -88675.9637
0.1000     42326.918168     0.000019048   -106880.2460
0.1200     31130.575672     0.000024490   -118076.5885
0.1400     23739.496684     0.000016327   -125467.6675
0.1600     18542.994051     0.000024490   -130664.1701
0.1800     14721.056117     0.000013606   -134486.1080
0.2000     11846.067031     0.000019048   -137361.0971
0.2400      7971.170889     0.000013606   -141235.9933
0.2800      5632.479710     0.000019048   -143574.6845    -45651.096
0.3200      4147.991980     0.000021769   -145059.1722    -30061.934
0.3600      3131.249126     0.000019048   -146075.9150    -21689.890
0.4000      2375.255020     0.000024490   -146831.9092    -16239.114
0.4500      1704.410287     0.000021769   -147502.7539    -10903.443
0.5000      1252.389252     0.000024490   -147954.7749     -7427.587
0.5500       940.481926     0.000016327   -148266.6823     -5196.411
0.6000       720.034464     0.000024490   -148487.1297     -3713.354
0.6500       560.975476     0.000021769   -148646.1887     -2711.379
0.7000       443.353751     0.000013606   -148763.8104     -2039.338
0.7500       353.452994     0.000019048   -148853.7112     -1595.525
0.8000       281.914027     0.000021769   -148925.2501     -1325.239
0.8500       221.286270     0.000008163   -148985.8779     -1090.746
0.9000       172.783434     0.000016327   -149034.3807      -857.441
0.9500       134.941517     0.000016327   -149072.2227      -665.237
1.0000       105.662874     0.000021769   -149101.5013      -513.738
1.1000        65.560340     0.000019048   -149141.6038      -307.566
1.2000        41.319906     0.000016327   -149165.8443      -188.129
1.3000        26.268407     0.000013606   -149180.8958      -118.512
1.4000        16.637105     0.000013606   -149190.5271       -76.649
1.5000        10.321549     0.000019048   -149196.8426       -50.592
1.6000         6.112539     0.000016327   -149201.0516       -33.713
1.7000         3.288182     0.000013606   -149203.8760       -22.509
1.8000         1.398301     0.000021769   -149205.7659       -14.851
1.9000         0.149415     0.000021769   -149207.0148        -9.631
2.0000        -0.655797     0.000024490   -149207.8200        -6.028
2.1000        -1.152482     0.000005442   -149208.3166        -3.562
2.2000        -1.435148     0.000008163   -149208.5993        -1.827
2.3000        -1.569197     0.000016327   -149208.7334        -0.712
2.4000        -1.601856     0.000019048   -149208.7660         0.091
2.5000        -1.566065     0.000024490   -149208.7302         0.575
2.6000        -1.485084     0.000021769   -149208.6492         0.893
2.7000        -1.375599     0.000010885   -149208.5398         1.100
2.8000        -1.230214     0.000021769   -149208.3944         1.177
2.9000        -1.043715     0.000010885   -149208.2079         1.178
3.0000        -0.858307     0.000027211   -149208.0225         1.151
3.1000        -0.678791     0.000027211   -149207.8430         1.099
3.2000        -0.507961     0.000013606   -149207.6721         1.003
3.3000        -0.348224     0.000008163   -149207.5124         0.921
3.4000        -0.201166     0.000024490   -149207.3653         0.837
3.5000        -0.067337     0.000008163   -149207.2315         0.749
3.6000         0.053277     0.000010885   -149207.1109         0.658
3.7000         0.161064     0.000010885   -149207.0031         0.581
3.8000         0.256375     0.000008163   -149206.9078         0.511
3.9000         0.340015     0.000008163   -149206.8241         0.443
4.0000         0.412952     0.000008163   -149206.7512         0.385
5.0000         0.760265     0.000008163   -149206.4039         0.080
6.0000         0.825216     0.000005442   -149206.3389         0.018
7.0000         0.836130     0.000024490   -149206.3280         0.004
8.0000         0.837899     0.000021769   -149206.3263         0.001
9.0000         0.838078     0.000021769   -149206.3261         0.000
10.0000         0.837989     0.000021769   -149206.3262         0.000
100.0000         0.836862     0.000019048   -149206.3273
1000.0000         0.836767     0.000019048   -149206.3274
