0.0020  12469071.685157     0.000021769  12240530.4374
0.0040   6088657.137164     0.000010885   5860115.8891
0.0060   3968381.496316     0.000016327   3739840.2481
0.0080   2910298.658098     0.000016327   2681757.4092
0.0100   2277144.893009     0.000024490   2048603.6441
0.0120   1856650.848793     0.000024490   1628109.5997
0.0140   1557336.747168     0.000010885   1328795.4981
0.0160   1333694.954584     0.000016327   1105153.7055
0.0180   1160600.117091     0.000024490    932058.8680
0.0200   1022918.549628     0.000013606    794377.3005
0.0400    422392.710996     0.000021769    193851.4620
0.0600    237304.149922     0.000027211      8762.9009
0.0800    152162.597990     0.000013606    -76378.6511
0.1000    105219.899909     0.000021769   -123321.3491
0.1200     76083.854311     0.000019048   -152457.3947
0.1400     56969.814930     0.000019048   -171571.4341
0.1600     44024.086118     0.000024490   -184517.1629
0.1800     35003.247250     0.000010885   -193538.0018
0.2000     28154.548071     0.000027211   -200386.7010
0.2400     18931.215132     0.000005442   -209610.0339
0.2800     13101.541699     0.000016327   -215439.7074
0.3200      9417.356298     0.000008163   -219123.8928
0.3600      7029.237902     0.000008163   -221512.0111    -48875.883
0.4000      5304.089219     0.000016327   -223237.1598    -38240.058
0.4500      3738.213951     0.000008163   -224803.0351    -25005.279
0.5000      2720.528429     0.000005442   -225820.7206    -16374.595
0.5500      2042.375918     0.000027211   -226498.8731    -11167.256
0.6000      1569.815802     0.000021769   -226971.4332     -7976.682
0.6500      1225.201377     0.000019048   -227316.0477     -5952.741
0.7000       962.472581     0.000024490   -227578.7765     -4636.088
0.7500       755.209471     0.000010885   -227786.0396     -3669.166
0.8000       591.918591     0.000024490   -227949.3305     -2862.489
0.8500       465.626491     0.000008163   -228075.6225     -2202.474
0.9000       368.686856     0.000010885   -228172.5622     -1690.080
0.9500       294.204571     0.000008163   -228247.0445     -1302.848
1.0000       236.616757     0.000024490   -228304.6323     -1012.828
1.1000       156.167238     0.000024490   -228385.0818      -630.618
1.2000       105.238205     0.000016327   -228436.0108      -406.804
1.3000        71.977261     0.000024490   -228469.2718      -268.927
1.4000        49.793559     0.000013606   -228491.4555      -180.432
1.5000        34.848301     0.000013606   -228506.4007      -122.308
1.6000        24.689539     0.000016327   -228516.5595       -83.691
1.7000        17.706202     0.000010885   -228523.5428       -57.780
1.8000        12.860547     0.000010885   -228528.3885       -40.276
1.9000         9.465207     0.000019048   -228531.7838       -28.369
2.0000         7.059725     0.000021769   -228534.1893       -20.177
2.1000         5.332340     0.000013606   -228535.9167       -14.538
2.2000         4.072490     0.000016327   -228537.1766       -10.647
2.3000         3.138573     0.000024490   -228538.1105        -7.861
2.4000         2.435491     0.000005442   -228538.8136        -5.900
2.5000         1.896479     0.000021769   -228539.3526        -4.459
2.6000         1.477500     0.000013606   -228539.7715        -3.421
2.7000         1.145124     0.000010885   -228540.1039        -2.604
2.8000         0.878098     0.000008163   -228540.3710        -2.021
2.9000         0.658842     0.000005442   -228540.5902        -1.556
3.0000         0.477389     0.000027211   -228540.7716        -1.190
3.1000         0.323688     0.000024490   -228540.9254        -0.931
3.2000         0.193190     0.000024490   -228541.0559        -0.716
3.3000         0.080154     0.000024490   -228541.1689        -0.534
3.4000         0.007059     0.000008163   -228541.2420        -0.404
3.5000        -0.025636     0.000027211   -228541.2747        -0.282
3.6000        -0.047566     0.000008163   -228541.2966        -0.185
3.7000        -0.060290     0.000008163   -228541.3093        -0.095
3.8000        -0.066513     0.000010885   -228541.3156        -0.039
3.9000        -0.067890     0.000010885   -228541.3169         0.006
4.0000        -0.064785     0.000010885   -228541.3138         0.038
5.0000         0.023739     0.000024490   -228541.2253         0.084
6.0000         0.087076     0.000013606   -228541.1620         0.039
7.0000         0.112965     0.000008163   -228541.1361         0.018
8.0000         0.122002     0.000013606   -228541.1271         0.008
9.0000         0.124781     0.000005442   -228541.1243         0.001
10.0000         0.125586     0.000005442   -228541.1235         0.002
100.0000         0.125896     0.000008163   -228541.1232
1000.0000         0.125904     0.000008163   -228541.1231
