0.0020  20189084.801862     0.000021769  19682597.6904
0.0040   9832401.129032     0.000019048   9325914.0185
0.0060   6393751.282816     0.000021769   5887264.1710
0.0080   4679416.990438     0.000016327   4172929.8798
0.0100   3653823.355674     0.000013606   3147336.2449
0.0120   2973291.147171     0.000010885   2466804.0366
0.0140   2489568.739607     0.000016327   1983081.6290
0.0160   2128645.463107     0.000013606   1622158.3526
0.0180   1849775.817758     0.000010885   1343288.7072
0.0200   1628423.340094     0.000019048   1121936.2295
0.0400    666492.989244     0.000010885    160005.8786
0.0600    372032.054384     0.000008163   -134455.0563
0.0800    237483.518530     0.000019048   -269003.5921
0.1000    163555.973761     0.000021769   -342931.1370
0.1200    118422.036884     0.000019048   -388065.0738
0.1400     88711.018269     0.000013606   -417776.0923
0.1600     67933.450224     0.000021769   -438553.6604
0.1800     53048.425375     0.000021769   -453438.6853
0.2000     42236.874078     0.000010885   -464250.2366
0.2400     28296.933121     0.000010885   -478190.1776
0.2800     19433.344751     0.000021769   -487053.7658
0.3200     13767.885569     0.000019048   -492719.2250
0.3600      9992.847623     0.000013606   -496494.2630
0.4000      7390.436810     0.000024490   -499096.6739
0.4500      5195.049923     0.000021769   -501292.0607    -36412.561
0.5000      3652.696746     0.000027211   -502834.4138    -25444.717
0.5500      2605.277370     0.000010885   -503881.8332    -16995.648
0.6000      1903.669895     0.000024490   -504583.4407    -11468.965
0.6500      1424.884408     0.000010885   -505062.2263     -7942.272
0.7000      1088.171843     0.000013606   -505398.9388     -5688.579
0.7500       842.946339     0.000024490   -505644.1643     -4217.749
0.8000       658.622408     0.000010885   -505828.4883     -3212.114
0.8500       517.121027     0.000019048   -505969.9898     -2483.008
0.9000       407.551268     0.000013606   -506079.5594     -1935.998
0.9500       321.798671     0.000008163   -506165.3121     -1518.685
1.0000       254.134223     0.000013606   -506232.9765     -1198.158
1.1000       158.551474     0.000019048   -506328.5592      -748.668
1.2000        98.524658     0.000013606   -506388.5859      -473.790
1.3000        60.283781     0.000013606   -506426.8269      -307.061
1.4000        35.247242     0.000016327   -506451.8633      -199.819
1.5000        18.945573     0.000019048   -506468.1651      -128.689
1.6000         8.855949     0.000021769   -506478.2548       -81.496
1.7000         2.668467     0.000008163   -506484.4422       -50.478
1.8000        -1.069547     0.000021769   -506488.1802       -30.044
1.9000        -3.216080     0.000019048   -506490.3266       -16.876
2.0000        -4.277014     0.000016327   -506491.3876        -8.648
2.1000        -4.606231     0.000021769   -506491.7169        -3.866
2.2000        -4.463817     0.000024490   -506491.5745        -1.374
2.3000        -4.205021     0.000024490   -506491.3158         0.084
2.4000        -3.915464     0.000027211   -506491.0262         0.798
2.5000        -3.626808     0.000024490   -506490.7375         1.374
2.6000        -3.331723     0.000008163   -506490.4423         1.696
2.7000        -2.860212     0.000021769   -506489.9710         1.812
2.8000        -2.443619     0.000016327   -506489.5544         1.860
2.9000        -2.065312     0.000021769   -506489.1759         1.921
3.0000        -1.713736     0.000008163   -506488.8243         1.927
3.1000        -1.278236     0.000016327   -506488.3889         1.798
3.2000        -0.894373     0.000005442   -506488.0049         1.699
3.3000        -0.535980     0.000013606   -506487.6466         1.589
3.4000        -0.211400     0.000010885   -506487.3219         1.469
3.5000         0.077147     0.000010885   -506487.0335         1.356
3.6000         0.334692     0.000019048   -506486.7761         1.260
3.7000         0.565219     0.000019048   -506486.5453         1.169
3.8000         0.771857     0.000016327   -506486.3388         1.069
3.9000         0.957912     0.000019048   -506486.1527         0.979
4.0000         1.125646     0.000024490   -506485.9850         0.899
5.0000         2.087049     0.000013606   -506485.0237         0.306
6.0000         2.365051     0.000013606   -506484.7456         0.077
7.0000         2.431469     0.000024490   -506484.6792         0.020
8.0000         2.447496     0.000008163   -506484.6631         0.005
9.0000         2.452484     0.000008163   -506484.6582         0.001
10.0000         2.454794     0.000027211   -506484.6558         0.000
100.0000         2.465249     0.000027211   -506484.6454
1000.0000         2.466008     0.000024490   -506484.6446
