0.0020   4268326.423786     0.000010885   3655404.4401
0.0040   2079442.447593     0.000010885   1466520.4648
0.0060   1352927.408934     0.000013606    740005.4262
0.0080    991749.591245     0.000016327    378827.6084
0.0100    776036.043455     0.000019048    163114.0606
0.0120    632781.531946     0.000027211     19859.5491
0.0140    530829.889091     0.000019048    -82092.0938
0.0160    454782.036524     0.000013606   -158139.9463
0.0180    395993.552758     0.000013606   -216928.4301
0.0200    349225.709293     0.000016327   -263696.2736
0.0400    145350.403261     0.000021769   -467571.5796
0.0600     82582.649953     0.000021769   -530339.3329
0.0800     53564.071217     0.000027211   -559357.9117
0.1000     37286.425883     0.000021769   -575635.5571
0.1200     27108.763654     0.000019048   -585813.2192
0.1400     20401.369260     0.000016327   -592520.6136
0.1600     15824.958778     0.000013606   -597097.0240
0.1800     12589.117922     0.000013606   -600332.8650
0.2000     10216.036012     0.000019048   -602705.9469
0.2400      6972.069365     0.000019048   -605949.9135
0.2800      4887.562373     0.000010885   -608034.4204    -41665.906
0.3200      3532.213161     0.000013606   -609389.7697    -27186.707
0.3600      2638.606843     0.000016327   -610283.3759    -18221.243
0.4000      2026.987253     0.000027211   -610894.9956    -12795.285
0.4500      1496.344122     0.000021769   -611425.6387     -8830.688
0.5000      1119.903727     0.000016327   -611802.0790     -6392.589
0.5500       845.053867     0.000024490   -612076.9291     -4666.364
0.6000       644.696669     0.000008163   -612277.2863     -3417.589
0.6500       497.728844     0.000016327   -612424.2540     -2520.222
0.7000       388.702114     0.000019048   -612533.2808     -1879.064
0.7500       306.791303     0.000016327   -612615.1914     -1419.551
0.8000       244.277393     0.000013606   -612677.7055     -1090.346
0.8500       195.662425     0.000024490   -612726.3203      -853.533
0.9000       157.259643     0.000010885   -612764.7232      -681.648
0.9500       126.548633     0.000021769   -612795.4343      -552.153
1.0000       101.547153     0.000016327   -612820.4356      -450.857
1.1000        64.535203     0.000021769   -612857.4477      -298.190
1.2000        40.367981     0.000013606   -612881.6150      -192.004
1.3000        24.972127     0.000013606   -612897.0106      -121.183
1.4000        15.327284     0.000013606   -612906.6557       -75.440
1.5000         9.411826     0.000013606   -612912.5709       -46.590
1.6000         6.153392     0.000010885   -612915.8295       -29.437
1.7000         4.160881     0.000024490   -612917.8219       -18.911
1.8000         2.901521     0.000008163   -612919.0812       -12.727
1.9000         2.067791     0.000002721   -612919.9150        -8.791
2.0000         1.480983     0.000010885   -612920.5019        -6.278
2.1000         1.055568     0.000010885   -612920.9273        -4.530
2.2000         0.767598     0.000021769   -612921.2152        -3.197
2.3000         0.606490     0.000024490   -612921.3762        -2.328
2.4000         0.497419     0.000008163   -612921.4854        -1.598
2.5000         0.429020     0.000019048   -612921.5539        -1.021
2.6000         0.396152     0.000019048   -612921.5866        -0.634
2.7000         0.391534     0.000010885   -612921.5912        -0.304
2.8000         0.407589     0.000024490   -612921.5752        -0.035
2.9000         0.438580     0.000010885   -612921.5444         0.157
3.0000         0.484287     0.000010885   -612921.4987         0.266
3.1000         0.539730     0.000019048   -612921.4432         0.368
3.2000         0.601266     0.000005442   -612921.3817         0.450
3.3000         0.666132     0.000021769   -612921.3167         0.508
3.4000         0.733897     0.000008163   -612921.2489         0.513
3.5000         0.804461     0.000005442   -612921.1784         0.502
3.6000         0.874936     0.000010885   -612921.1079         0.509
3.7000         0.943759     0.000010885   -612921.0391         0.513
3.8000         1.009956     0.000008163   -612920.9730         0.511
3.9000         1.073261     0.000013606   -612920.9096         0.488
4.0000         1.134217     0.000010885   -612920.8486         0.465
5.0000         1.578522     0.000019048   -612920.4043         0.176
6.0000         1.788972     0.000021769   -612920.1939         0.147
7.0000         1.894155     0.000016327   -612920.0886         0.055
8.0000         1.957416     0.000002721   -612920.0255         0.035
9.0000         1.999591     0.000008163   -612919.9833         0.028
10.0000         2.031157     0.000008163   -612919.9517         0.023
100.0000         2.226801     0.000013606   -612919.7561         0.000
1000.0000         2.242600     0.000027211   -612919.7403
