0.0020    593616.771920     0.000016327    552447.0443
0.0040    291437.166761     0.000024490    250267.4393
0.0060    190815.407854     0.000024490    149645.6804
0.0080    140567.993826     0.000013606     99398.2663
0.0100    110509.706351     0.000019048     69339.9789
0.0120     90575.010658     0.000024490     49405.2832
0.0140     76372.612837     0.000019048     35202.8854
0.0160     65770.567842     0.000016327     24600.8404
0.0180     57561.726882     0.000005442     16391.9994
0.0200     51021.983487     0.000019048      9852.2560
0.0400     22126.145170     0.000021769    -19043.5823
0.0600     12933.281041     0.000024490    -28236.4464
0.0800      8556.727812     0.000027211    -32612.9997
0.1000      6100.251844     0.000010885    -35069.4756
0.1200      4565.996405     0.000021769    -36603.7311
0.1400      3528.098063     0.000008163    -37641.6294    -43315.364
0.1600      2785.679518     0.000016327    -38384.0480    -31747.021
0.1800      2232.824960     0.000019048    -38936.9025    -24024.117
0.2000      1809.831358     0.000021769    -39359.8961    -18566.548
0.2400      1221.062657     0.000016327    -39948.6648    -11521.582
0.2800       849.740511     0.000008163    -40319.9870     -7388.668
0.3200       608.523464     0.000024490    -40561.2040     -4869.831
0.3600       447.452868     0.000024490    -40722.2746     -3298.405
0.4000       337.000633     0.000016327    -40832.7268     -2294.519
0.4500       243.312651     0.000021769    -40926.4148     -1518.688
0.5000       179.826595     0.000013606    -40989.9009     -1057.277
0.5500       134.598825     0.000010885    -41035.1287      -771.078
0.6000       101.080600     0.000016327    -41068.6469      -579.196
0.6500        75.740281     0.000010885    -41093.9872      -439.792
0.7000        56.492453     0.000010885    -41113.2350      -333.764
0.7500        41.934957     0.000016327    -41127.7925      -252.022
0.8000        30.970509     0.000008163    -41138.7570      -189.277
0.8500        22.753337     0.000013606    -41146.9741      -141.571
0.9000        16.615431     0.000010885    -41153.1120      -105.608
0.9500        12.039897     0.000016327    -41157.6876       -78.723
1.0000         8.629623     0.000008163    -41161.0979       -58.714
1.1000         4.170383     0.000021769    -41165.5571       -33.078
1.2000         1.746561     0.000019048    -41167.9809       -20.063
1.3000         0.253373     0.000013606    -41169.4741       -13.312
1.4000        -0.782009     0.000027211    -41170.5095        -9.523
1.5000        -1.528747     0.000008163    -41171.2562        -7.178
1.6000        -2.117392     0.000013606    -41171.8449        -5.514
1.7000        -2.571730     0.000024490    -41172.2992        -4.121
1.8000        -2.920112     0.000021769    -41172.6476        -3.061
1.9000        -3.173975     0.000021769    -41172.9015        -2.067
2.0000        -3.334471     0.000008163    -41173.0619        -1.255
2.1000        -3.306242     0.000024490    -41173.0337        -0.733
2.2000        -3.228934     0.000024490    -41172.9564        -0.316
2.3000        -3.154067     0.000021769    -41172.8815         0.006
2.4000        -3.066006     0.000024490    -41172.7935         0.232
2.5000        -2.957675     0.000027211    -41172.6851         0.419
2.6000        -2.833335     0.000013606    -41172.5608         0.530
2.7000        -2.705335     0.000019048    -41172.4328         0.609
2.8000        -2.576103     0.000013606    -41172.3036         0.645
2.9000        -2.448318     0.000013606    -41172.1758         0.670
3.0000        -2.323614     0.000010885    -41172.0511         0.665
3.1000        -2.203258     0.000027211    -41171.9307         0.653
3.2000        -2.088132     0.000021769    -41171.8156         0.629
3.3000        -1.978911     0.000027211    -41171.7064         0.601
3.4000        -1.876120     0.000016327    -41171.6036         0.567
3.5000        -1.779911     0.000016327    -41171.5074         0.529
3.6000        -1.690633     0.000027211    -41171.4181         0.487
3.7000        -1.607987     0.000021769    -41171.3355         0.447
3.8000        -1.531920     0.000016327    -41171.2594         0.413
3.9000        -1.462354     0.000008163    -41171.1898         0.376
4.0000        -1.399003     0.000027211    -41171.1265         0.346
5.0000        -1.028433     0.000008163    -41170.7559         0.120
6.0000        -0.913930     0.000010885    -41170.6414         0.027
7.0000        -0.876980     0.000013606    -41170.6045         0.013
8.0000        -0.861929     0.000013606    -41170.5894         0.009
9.0000        -0.853140     0.000024490    -41170.5806         0.003
10.0000        -0.847548     0.000013606    -41170.5750         0.003
100.0000        -0.814374     0.000008163    -41170.5418
1000.0000        -0.811817     0.000013606    -41170.5393
