0.0020   9125906.858419     0.000024490   8927775.3651
0.0040   4452452.177914     0.000019048   4254320.6836
0.0060   2903427.049824     0.000016327   2705295.5562
0.0080   2130900.065556     0.000021769   1932768.5719
0.0100   1668890.801855     0.000013606   1470759.3080
0.0120   1361777.406072     0.000019048   1163645.9123
0.0140   1143182.589130     0.000019048    945051.0954
0.0160    980077.457065     0.000016327    781945.9633
0.0180    853773.351169     0.000021769    655641.8576
0.0200    753192.779525     0.000024490    555061.2859
0.0400    313452.654409     0.000016327    115321.1607
0.0600    177722.785112     0.000021769    -20408.7086
0.0800    114464.165601     0.000019048    -83667.3281
0.1000     79488.778787     0.000019048   -118642.7149
0.1200     57849.933585     0.000010885   -140281.5601
0.1400     43425.308337     0.000005442   -154706.1853
0.1600     33464.824958     0.000008163   -164666.6687
0.1800     26416.823052     0.000021769   -171714.6706
0.2000     21317.146095     0.000013606   -176814.3476
0.2400     14489.775605     0.000021769   -183641.7181
0.2800     10047.275397     0.000024490   -188084.2183
0.3200      7216.748456     0.000016327   -190914.7452
0.3600      5339.497246     0.000010885   -192791.9964    -38434.100
0.4000      4058.193981     0.000013606   -194073.2997    -26517.143
0.4500      2973.702251     0.000019048   -195157.7914    -17990.975
0.5000      2183.151852     0.000008163   -195948.3418    -13687.604
0.5500      1600.693164     0.000024490   -196530.8005     -9739.489
0.6000      1190.781571     0.000013606   -196940.7121     -6836.975
0.6500       901.928025     0.000021769   -197229.5657     -4861.471
0.7000       694.706502     0.000021769   -197436.7872     -3528.562
0.7500       542.591652     0.000024490   -197588.9020     -2620.797
0.8000       428.239625     0.000016327   -197703.2541     -1988.947
0.8500       340.984109     0.000024490   -197790.5096     -1541.800
0.9000       272.720409     0.000019048   -197858.7733     -1214.678
0.9500       218.443969     0.000013606   -197913.0497      -967.623
1.0000       174.870904     0.000024490   -197956.6228      -775.772
1.1000       111.573175     0.000019048   -198019.9205      -500.491
1.2000        71.238520     0.000005442   -198060.2552      -320.418
1.3000        45.814388     0.000010885   -198085.6793      -206.717
1.4000        29.311735     0.000021769   -198102.1820      -134.834
1.5000        18.390906     0.000021769   -198113.1028       -89.051
1.6000        11.091920     0.000010885   -198120.4018       -58.998
1.7000         6.243230     0.000013606   -198125.2504       -38.780
1.8000         3.085644     0.000013606   -198128.4080       -25.076
1.9000         1.090372     0.000005442   -198130.4033       -15.832
2.0000        -0.039525     0.000016327   -198131.5332        -9.674
2.1000        -0.528987     0.000024490   -198132.0227        -5.789
2.2000        -0.734569     0.000013606   -198132.2282        -3.160
2.3000        -0.762836     0.000013606   -198132.2565        -1.461
2.4000        -0.682375     0.000016327   -198132.1760        -0.301
2.5000        -0.536522     0.000016327   -198132.0302         0.414
2.6000        -0.352798     0.000019048   -198131.8465         0.898
2.7000        -0.149505     0.000016327   -198131.6432         1.180
2.8000         0.063109     0.000024490   -198131.4306         1.342
2.9000         0.276092     0.000019048   -198131.2176         1.435
3.0000         0.514793     0.000008163   -198130.9789         1.408
3.1000         0.786488     0.000019048   -198130.7072         1.353
3.2000         1.038509     0.000013606   -198130.4552         1.279
3.3000         1.270329     0.000019048   -198130.2234         1.173
3.4000         1.482246     0.000008163   -198130.0114         1.064
3.5000         1.673999     0.000010885   -198129.8197         0.963
3.6000         1.845850     0.000019048   -198129.6478         0.862
3.7000         1.998821     0.000016327   -198129.4949         0.764
3.8000         2.134478     0.000019048   -198129.3592         0.671
3.9000         2.253887     0.000002721   -198129.2398         0.589
4.0000         2.358202     0.000016327   -198129.1355         0.516
5.0000         2.860930     0.000019048   -198128.6327         0.114
6.0000         2.958964     0.000013606   -198128.5347         0.023
7.0000         2.975868     0.000013606   -198128.5178         0.004
8.0000         2.978451     0.000016327   -198128.5152         0.000
9.0000         2.978619     0.000021769   -198128.5151        -0.000
10.0000         2.978412     0.000019048   -198128.5153        -0.000
100.0000         2.976404     0.000008163   -198128.5173
1000.0000         2.976230     0.000021769   -198128.5174
