0.0020    522279.382292     0.000021769    442300.2745
0.0040    256071.597020     0.000016327    176092.4892
0.0060    167433.779308     0.000016327     87454.6715
0.0080    123236.140113     0.000019048     43257.0323
0.0100     96815.776744     0.000016327     16836.6689
0.0120     79274.471884     0.000016327      -704.6360
0.0140     66803.690777     0.000013606    -13175.4171
0.0160     57495.854769     0.000008163    -22483.2531
0.0180     50287.079201     0.000008163    -29692.0286
0.0200     44541.895824     0.000008163    -35437.2120
0.0400     19164.644939     0.000008163    -60814.4629
0.0600     11147.133470     0.000010885    -68831.9744
0.0800      7384.738970     0.000016327    -72594.3689
0.1000      5258.084792     0.000019048    -74721.0230
0.1200      3916.970762     0.000019048    -76062.1371
0.1400      3007.610083     0.000016327    -76971.4977    -37959.937
0.1600      2361.874684     0.000019048    -77617.2332    -27416.488
0.1800      1889.390960     0.000019048    -78089.7169    -20279.333
0.2000      1536.384031     0.000016327    -78442.7238    -15294.178
0.2400      1060.889120     0.000021769    -78918.2187     -9116.644
0.2800       770.179875     0.000005442    -79208.9279     -5741.426
0.3200       582.091372     0.000010885    -79397.0165     -3832.173
0.3600       452.584719     0.000019048    -79526.5231     -2724.145
0.4000       357.728770     0.000013606    -79621.3791     -2046.634
0.4500       270.070063     0.000021769    -79709.0378     -1493.016
0.5000       205.567188     0.000005442    -79773.5407     -1103.343
0.5500       157.950886     0.000019048    -79821.1570      -813.733
0.6000       122.892196     0.000019048    -79856.2156      -598.539
0.6500        97.044421     0.000024490    -79882.0634      -442.100
0.7000        77.856686     0.000027211    -79901.2511      -330.296
0.7500        63.392988     0.000016327    -79915.7148      -250.991
0.8000        52.298592     0.000013606    -79926.8093      -194.832
0.8500        43.587739     0.000024490    -79935.5201      -154.854
0.9000        36.595385     0.000013606    -79942.5125      -125.634
0.9500        30.883522     0.000021769    -79948.2243      -103.563
1.0000        26.146225     0.000010885    -79952.9616       -86.457
1.1000        18.808569     0.000027211    -79960.2993       -61.993
1.2000        13.501644     0.000016327    -79965.6062       -45.131
1.3000         9.634018     0.000021769    -79969.4738       -32.845
1.4000         6.830066     0.000013606    -79972.2778       -23.667
1.5000         4.817291     0.000019048    -79974.2906       -16.896
1.6000         3.389386     0.000021769    -79975.7184       -11.910
1.7000         2.386758     0.000024490    -79976.7211        -8.323
1.8000         1.689901     0.000021769    -79977.4179        -5.753
1.9000         1.210398     0.000024490    -79977.8974        -3.940
2.0000         0.883091     0.000027211    -79978.2248        -2.677
2.1000         0.661452     0.000016327    -79978.4464        -1.808
2.2000         0.512170     0.000008163    -79978.5957        -1.214
2.3000         0.411616     0.000024490    -79978.6962        -0.820
2.4000         0.343495     0.000021769    -79978.7644        -0.558
2.5000         0.296784     0.000013606    -79978.8111        -0.388
2.6000         0.264013     0.000013606    -79978.8438        -0.274
2.7000         0.240122     0.000013606    -79978.8677        -0.204
2.8000         0.221999     0.000013606    -79978.8858        -0.158
2.9000         0.207666     0.000013606    -79978.9002        -0.127
3.0000         0.195911     0.000013606    -79978.9119        -0.106
3.1000         0.185919     0.000013606    -79978.9219        -0.088
3.2000         0.177293     0.000013606    -79978.9305        -0.077
3.3000         0.169715     0.000010885    -79978.9381        -0.070
3.4000         0.163064     0.000021769    -79978.9448        -0.062
3.5000         0.157225     0.000016327    -79978.9506        -0.052
3.6000         0.152109     0.000013606    -79978.9557        -0.047
3.7000         0.147652     0.000010885    -79978.9602        -0.039
3.8000         0.143796     0.000027211    -79978.9640        -0.034
3.9000         0.140473     0.000021769    -79978.9674        -0.028
4.0000         0.137665     0.000019048    -79978.9702        -0.024
5.0000         0.126990     0.000013606    -79978.9809        -0.000
6.0000         0.127567     0.000005442    -79978.9803         0.002
7.0000         0.128617     0.000013606    -79978.9792         0.001
8.0000         0.129069     0.000008163    -79978.9788        -0.000
9.0000         0.129192     0.000005442    -79978.9786         0.000
10.0000         0.129232     0.000005442    -79978.9786         0.000
100.0000         0.129257     0.000005442    -79978.9786
1000.0000         0.129265     0.000005442    -79978.9786
