0.0020   1089141.410945     0.000013606   1064611.9634
0.0040    534717.389071     0.000027211    510187.9415
0.0060    350187.789769     0.000024490    325658.3423
0.0080    258126.293047     0.000005442    233596.8454
0.0100    203035.738020     0.000027211    178506.2904
0.0120    166450.501704     0.000013606    141921.0541
0.0140    140449.601934     0.000013606    115920.1543
0.0160    120959.573862     0.000010885     96430.1263
0.0180    105846.971830     0.000019048     81317.5242
0.0200     93845.841715     0.000008163     69316.3941
0.0400     40873.294072     0.000013606     16343.8465
0.0600     23892.309916     0.000013606      -637.1377
0.0800     15814.376849     0.000013606     -8715.0708
0.1000     11272.658786     0.000024490    -13256.7888
0.1200      8438.242465     0.000024490    -16091.2052
0.1400      6532.690688     0.000024490    -17996.7569
0.1600      5172.154344     0.000005442    -19357.2933
0.1800      4158.621932     0.000021769    -20370.8257    -44051.748
0.2000      3383.043839     0.000016327    -21146.4038    -34037.651
0.2400      2305.863996     0.000019048    -22223.5836    -21029.691
0.2800      1630.001421     0.000021769    -22899.4462    -13423.452
0.3200      1192.356319     0.000016327    -23337.0913     -8839.103
0.3600       899.938244     0.000016327    -23629.5094     -6016.633
0.4000       697.325903     0.000019048    -23832.1217     -4278.626
0.4500       518.330829     0.000013606    -24011.1168     -3027.918
0.5000       386.475841     0.000010885    -24142.9718     -2302.000
0.5500       285.689249     0.000024490    -24243.7584     -1749.670
0.6000       210.042064     0.000010885    -24319.4055     -1296.909
0.6500       154.633517     0.000016327    -24374.8141      -957.684
0.7000       113.475870     0.000016327    -24415.9717      -707.924
0.7500        82.774318     0.000010885    -24446.6733      -522.469
0.8000        59.874405     0.000010885    -24469.5732      -386.629
0.8500        42.721405     0.000013606    -24486.7262      -287.387
0.9000        29.831396     0.000010885    -24499.6162      -214.711
0.9500        20.488295     0.000021769    -24508.9593      -160.236
1.0000        13.476838     0.000019048    -24515.9708      -120.631
1.1000         4.115977     0.000019048    -24525.3316       -70.388
1.2000        -1.409041     0.000019048    -24530.8567       -41.939
1.3000        -4.650781     0.000021769    -24534.0984       -24.047
1.4000        -6.402695     0.000019048    -24535.8503       -11.994
1.5000        -7.146918     0.000027211    -24536.5945        -3.835
1.6000        -7.103097     0.000019048    -24536.5507         1.263
1.7000        -6.533056     0.000021769    -24535.9807         4.092
1.8000        -5.645404     0.000019048    -24535.0930         5.152
1.9000        -4.784689     0.000010885    -24534.2323         5.668
2.0000        -3.970415     0.000024490    -24533.4180         5.787
2.1000        -3.193165     0.000024490    -24532.6408         5.641
2.2000        -2.219623     0.000010885    -24531.6672         4.985
2.3000        -1.411044     0.000027211    -24530.8587         4.389
2.4000        -0.733053     0.000016327    -24530.1807         3.883
2.5000        -0.142054     0.000010885    -24529.5897         3.422
2.6000         0.401227     0.000016327    -24529.0464         2.973
2.7000         0.863001     0.000016327    -24528.5846         2.591
2.8000         1.257493     0.000021769    -24528.1901         2.261
2.9000         1.596014     0.000002721    -24527.8516         1.967
3.0000         1.887951     0.000016327    -24527.5597         1.708
3.1000         2.139806     0.000024490    -24527.3078         1.479
3.2000         2.356744     0.000013606    -24527.0909         1.284
3.3000         2.543302     0.000024490    -24526.9043         1.109
3.4000         2.703773     0.000016327    -24526.7438         0.956
3.5000         2.841700     0.000021769    -24526.6059         0.822
3.6000         2.959882     0.000013606    -24526.4877         0.707
3.7000         3.060673     0.000021769    -24526.3869         0.609
3.8000         3.146405     0.000010885    -24526.3012         0.525
3.9000         3.219334     0.000008163    -24526.2283         0.453
4.0000         3.281479     0.000013606    -24526.1661         0.388
5.0000         3.569610     0.000027211    -24525.8780         0.096
6.0000         3.642267     0.000016327    -24525.8053         0.046
7.0000         3.671944     0.000019048    -24525.7757         0.022
8.0000         3.689512     0.000008163    -24525.7581         0.015
9.0000         3.701740     0.000024490    -24525.7459         0.011
10.0000         3.710834     0.000019048    -24525.7368         0.008
100.0000         3.771026     0.000016327    -24525.6766         0.000
1000.0000         3.776030     0.000021769    -24525.6716
