0.0020  21268512.024998     0.000008163  20729096.9319
0.0040  10358038.907703     0.000013606   9818623.8134
0.0060   6733812.449658     0.000019048   6194397.3554
0.0080   4927422.718078     0.000010885   4388007.6245
0.0100   3846988.398148     0.000021769   3307573.3041
0.0120   3130302.902975     0.000005442   2590887.8089
0.0140   2620936.337796     0.000027211   2081521.2437
0.0160   2241000.052879     0.000024490   1701584.9589
0.0180   1947507.990272     0.000013606   1408092.8963
0.0200   1714557.770773     0.000021769   1175142.6767
0.0400    702131.970464     0.000019048    162716.8764
0.0600    392087.894908     0.000013606   -147327.1991
0.0800    250157.479922     0.000019048   -289257.6140
0.1000    172449.375710     0.000021769   -366965.7184
0.1200    125011.718804     0.000019048   -414403.3753
0.1400     93574.298068     0.000019048   -445840.7960
0.1600     71546.318849     0.000019048   -467868.7751
0.1800     55805.104886     0.000021769   -483609.9892
0.2000     44448.988779     0.000019048   -494966.1053
0.2400     29662.246727     0.000019048   -509752.8473
0.2800     20212.884657     0.000021769   -519202.2095
0.3200     14274.043987     0.000010885   -525141.0501
0.3600     10320.602939     0.000016327   -529094.4912
0.4000      7659.079595     0.000021769   -531756.0145
0.4500      5374.587933     0.000016327   -534040.5061    -38495.394
0.5000      3782.093402     0.000027211   -535633.0006    -25783.909
0.5500      2725.127781     0.000019048   -536689.9663    -17132.134
0.6000      2015.402434     0.000010885   -537399.6917    -11671.216
0.6500      1523.978377     0.000024490   -537891.1157     -8242.252
0.7000      1170.353184     0.000016327   -538244.7408     -6049.103
0.7500       906.690733     0.000021769   -538508.4032     -4574.738
0.8000       705.451142     0.000024490   -538709.6429     -3518.079
0.8500       550.050040     0.000021769   -538865.0439     -2725.989
0.9000       429.413778     0.000021769   -538985.6802     -2120.888
0.9500       335.432517     0.000021769   -539079.6616     -1655.631
1.0000       261.974107     0.000021769   -539153.1198     -1296.770
1.1000       159.014160     0.000008163   -539256.0798      -803.718
1.2000        94.828452     0.000013606   -539320.2655      -504.399
1.3000        54.371988     0.000019048   -539360.7221      -318.477
1.4000        28.779232     0.000019048   -539386.3150      -200.483
1.5000        12.801879     0.000005442   -539402.2921      -124.875
1.6000         2.966635     0.000024490   -539412.1274       -76.100
1.7000        -2.989844     0.000024490   -539418.0840       -45.051
1.8000        -6.478574     0.000021769   -539421.5728       -25.376
1.9000        -8.389532     0.000016327   -539423.4835       -12.968
2.0000        -9.280700     0.000024490   -539424.3747        -5.190
2.1000        -9.171065     0.000019048   -539424.2651        -1.158
2.2000        -8.695576     0.000027211   -539423.7897         1.165
2.3000        -8.127775     0.000016327   -539423.2218         2.625
2.4000        -7.516060     0.000019048   -539422.6101         3.442
2.5000        -6.783866     0.000005442   -539421.8778         3.828
2.6000        -6.068963     0.000016327   -539421.1630         3.832
2.7000        -5.138317     0.000010885   -539420.2323         3.379
2.8000        -4.382501     0.000024490   -539419.4767         2.988
2.9000        -3.725474     0.000005442   -539418.8195         2.644
3.0000        -3.183777     0.000008163   -539418.2777         2.384
3.1000        -2.683093     0.000016327   -539417.7770         2.140
3.2000        -2.257019     0.000019048   -539417.3512         1.900
3.3000        -1.890991     0.000005442   -539416.9849         1.716
3.4000        -1.574253     0.000027211   -539416.6682         1.566
3.5000        -1.298011     0.000016327   -539416.3920         1.384
3.6000        -1.055623     0.000019048   -539416.1498         1.249
3.7000        -0.842566     0.000010885   -539415.9367         1.130
3.8000        -0.654834     0.000024490   -539415.7490         1.009
3.9000        -0.488621     0.000013606   -539415.5827         0.898
4.0000        -0.341498     0.000021769   -539415.4355         0.807
5.0000         0.436963     0.000024490   -539414.6570         0.222
6.0000         0.622706     0.000021769   -539414.4714         0.045
7.0000         0.658774     0.000027211   -539414.4352         0.010
8.0000         0.665613     0.000013606   -539414.4284         0.002
9.0000         0.667172     0.000010885   -539414.4268        -0.000
10.0000         0.667700     0.000010885   -539414.4262        -0.000
100.0000         0.669566     0.000016327   -539414.4246
1000.0000         0.669678     0.000005442   -539414.4243
