0.0020   4841657.574656     0.000005442   4486139.9649
0.0040   2361707.834994     0.000021769   2006190.2243
0.0060   1537794.087317     0.000021769   1182276.4767
0.0080   1127673.757743     0.000002721    772156.1472
0.0100    882749.813739     0.000024490    527232.2032
0.0120    720227.601309     0.000016327    364709.9906
0.0140    604703.132724     0.000021769    249185.5221
0.0160    518558.368270     0.000013606    163040.7576
0.0180    451931.009619     0.000024490     96413.3989
0.0200    398932.484570     0.000027211     43414.8739
0.0400    166796.278511     0.000016327   -188721.3322
0.0600     94582.476752     0.000021769   -260935.1339
0.0800     61115.240829     0.000016327   -294402.3698
0.1000     42693.942539     0.000016327   -312823.6680
0.1200     31295.737594     0.000016327   -324221.8731
0.1400     23591.350717     0.000016327   -331926.2599
0.1600     18161.216385     0.000016327   -337356.3943
0.1800     14255.175986     0.000010885   -341262.4346
0.2000     11401.466647     0.000016327   -344116.1440
0.2400      7662.185397     0.000013606   -347855.4252
0.2800      5370.894138     0.000024490   -350146.7165    -46208.460
0.3200      3831.752447     0.000019048   -351685.8583    -31746.330
0.3600      2776.389235     0.000024490   -352741.2213    -21598.848
0.4000      2057.426451     0.000010885   -353460.1842    -14795.717
0.4500      1460.705422     0.000024490   -354056.9054     -9539.184
0.5000      1066.740790     0.000016327   -354450.8698     -6495.002
0.5500       790.635938     0.000019048   -354726.9748     -4687.850
0.6000       588.169930     0.000021769   -354929.4407     -3464.827
0.6500       438.535623     0.000010885   -355079.0751     -2554.231
0.7000       329.034932     0.000016327   -355188.5756     -1855.967
0.7500       249.663445     0.000019048   -355267.9472     -1345.469
0.8000       191.848132     0.000016327   -355325.7624      -984.603
0.8500       149.399130     0.000019048   -355368.2117      -725.561
0.9000       117.978025     0.000019048   -355399.6327      -539.276
0.9500        94.497058     0.000016327   -355423.1136      -405.541
1.0000        76.720871     0.000024490   -355440.8898      -309.638
1.1000        52.320233     0.000016327   -355465.2905      -193.808
1.2000        36.398192     0.000019048   -355481.2124      -135.680
1.3000        24.860486     0.000016327   -355492.7503       -97.940
1.4000        16.547359     0.000008163   -355501.0634       -69.143
1.5000        10.769438     0.000016327   -355506.8412       -47.700
1.6000         6.834836     0.000024490   -355510.7760       -32.339
1.7000         4.190911     0.000005442   -355513.4198       -21.513
1.8000         2.441325     0.000021769   -355515.1693       -14.167
1.9000         1.296784     0.000027211   -355516.3140        -9.230
2.0000         0.554097     0.000016327   -355517.0566        -5.986
2.1000         0.074997     0.000008163   -355517.5356        -3.860
2.2000        -0.233408     0.000002721   -355517.8441        -2.493
2.3000        -0.432014     0.000019048   -355518.0428        -1.608
2.4000        -0.560993     0.000021769   -355518.1718        -1.061
2.5000        -0.645775     0.000016327   -355518.2564        -0.706
2.6000        -0.702381     0.000016327   -355518.3130        -0.484
2.7000        -0.741127     0.000019048   -355518.3519        -0.338
2.8000        -0.768635     0.000019048   -355518.3794        -0.242
2.9000        -0.788363     0.000016327   -355518.3990        -0.177
3.0000        -0.802845     0.000021769   -355518.4134        -0.134
3.1000        -0.813678     0.000024490   -355518.4243        -0.098
3.2000        -0.821950     0.000024490   -355518.4327        -0.075
3.3000        -0.827948     0.000013606   -355518.4387        -0.057
3.4000        -0.832195     0.000005442   -355518.4428        -0.042
3.5000        -0.835148     0.000005442   -355518.4458        -0.028
3.6000        -0.837096     0.000024490   -355518.4477        -0.016
3.7000        -0.838163     0.000024490   -355518.4488        -0.008
3.8000        -0.838489     0.000024490   -355518.4490        -0.002
3.9000        -0.838242     0.000024490   -355518.4490         0.005
4.0000        -0.837567     0.000024490   -355518.4482         0.007
5.0000        -0.824263     0.000024490   -355518.4349         0.012
6.0000        -0.816570     0.000021769   -355518.4273         0.004
7.0000        -0.814364     0.000021769   -355518.4251         0.001
8.0000        -0.813898     0.000021769   -355518.4246         0.000
9.0000        -0.813795     0.000021769   -355518.4246        -0.000
10.0000        -0.813792     0.000021769   -355518.4246
100.0000        -0.813779     0.000021769   -355518.4246
1000.0000        -0.813779     0.000021769   -355518.4246
