0.0020  10888442.215524     0.000024490  10686326.1884
0.0040   5319076.992463     0.000019048   5116960.9634
0.0060   3468711.110326     0.000013606   3266595.0832
0.0080   2545377.621604     0.000027211   2343261.5939
0.0100   1992776.387421     0.000010885   1790660.3598
0.0120   1625320.577789     0.000016327   1423204.5502
0.0140   1363998.960431     0.000005442   1161882.9327
0.0160   1168726.103400     0.000019048    966610.0758
0.0180   1017528.383897     0.000016327    815412.3561
0.0200    897027.199400     0.000024490    694911.1717
0.0400    371394.250710     0.000019048    169278.2230
0.0600    209360.441366     0.000021769      7244.4137
0.0800    134385.501247     0.000016327    -67730.5264
0.1000     93130.241283     0.000024490   -108985.7864
0.1200     67556.805618     0.000013606   -134559.2221
0.1400     50604.061460     0.000027211   -151511.9662
0.1600     38987.613974     0.000013606   -163128.4137
0.1800     30838.364695     0.000013606   -171277.6630
0.2000     24990.410395     0.000010885   -177125.6173
0.2400     16795.895415     0.000021769   -185320.1323
0.2800     11661.871739     0.000010885   -190454.1559
0.3200      8285.599965     0.000021769   -193830.4277
0.3600      6084.392283     0.000027211   -196031.6354    -44410.004
0.4000      4610.862539     0.000021769   -197505.1651    -30462.692
0.4500      3309.408049     0.000013606   -198806.6196    -22574.501
0.5000      2366.751239     0.000016327   -199749.2764    -15337.983
0.5500      1735.164969     0.000010885   -200380.8627    -10286.206
0.6000      1305.960245     0.000021769   -200810.0674     -7111.912
0.6500      1003.769235     0.000024490   -201112.2584     -5109.304
0.7000       782.963865     0.000019048   -201333.0638     -3798.994
0.7500       616.665840     0.000013606   -201499.3618     -2898.322
0.8000       488.639599     0.000021769   -201627.3881     -2252.743
0.8500       388.219857     0.000019048   -201727.8078     -1790.384
0.9000       307.919414     0.000021769   -201808.1083     -1469.545
0.9500       242.275135     0.000027211   -201873.7525     -1176.309
1.0000       190.191467     0.000013606   -201925.8362      -921.636
1.1000       117.829543     0.000024490   -201998.1981      -559.038
1.2000        73.769760     0.000019048   -202042.2579      -342.471
1.3000        46.524265     0.000005442   -202069.5034      -213.493
1.4000        29.363004     0.000016327   -202086.6647      -135.420
1.5000        18.372438     0.000013606   -202097.6552       -87.178
1.6000        11.242018     0.000013606   -202104.7857       -56.715
1.7000         6.579152     0.000016327   -202109.4485       -37.048
1.8000         3.527106     0.000019048   -202112.5006       -24.100
1.9000         1.544233     0.000010885   -202114.4834       -15.504
2.0000         0.279423     0.000024490   -202115.7483        -9.726
2.1000        -0.500328     0.000024490   -202116.5280        -5.824
2.2000        -0.952089     0.000021769   -202116.9798        -3.213
2.3000        -1.182964     0.000016327   -202117.2107        -1.453
2.4000        -1.265904     0.000019048   -202117.2936        -0.298
2.5000        -1.251259     0.000019048   -202117.2789         0.457
2.6000        -1.098519     0.000016327   -202117.1262         0.892
2.7000        -0.910061     0.000024490   -202116.9377         1.150
2.8000        -0.702892     0.000021769   -202116.7306         1.252
2.9000        -0.488869     0.000010885   -202116.5165         1.289
3.0000        -0.276650     0.000010885   -202116.3043         1.254
3.1000        -0.072102     0.000024490   -202116.0998         1.179
3.2000         0.120669     0.000013606   -202115.9070         1.098
3.3000         0.298634     0.000013606   -202115.7290         0.997
3.4000         0.460801     0.000024490   -202115.5669         0.884
3.5000         0.606765     0.000024490   -202115.4209         0.783
3.6000         0.736354     0.000021769   -202115.2913         0.690
3.7000         0.850253     0.000021769   -202115.1774         0.603
3.8000         0.949765     0.000021769   -202115.0779         0.518
3.9000         1.036210     0.000019048   -202114.9915         0.447
4.0000         1.110603     0.000019048   -202114.9171         0.384
5.0000         1.447328     0.000010885   -202114.5803         0.076
6.0000         1.507639     0.000008163   -202114.5200         0.019
7.0000         1.520273     0.000024490   -202114.5074         0.005
8.0000         1.524562     0.000013606   -202114.5031         0.002
9.0000         1.526872     0.000021769   -202114.5008         0.001
10.0000         1.528445     0.000005442   -202114.4992         0.001
100.0000         1.538140     0.000002721   -202114.4895
1000.0000         1.538916     0.000002721   -202114.4887
