0.0020         0.000000     0.000019048  42503859.3755
0.0040  21153843.329489     0.000016327  20175463.0501
0.0060  13730662.878019     0.000013606  12752282.5984
0.0080  10030175.814584     0.000027211   9051795.5338
0.0100   7816735.607828     0.000019048   6838355.3275
0.0120   6349345.236091     0.000024490   5370964.9557
0.0140   5307444.503589     0.000008163   4329064.2224
0.0160   4530771.491292     0.000016327   3552391.2107
0.0180   3931405.071029     0.000010885   2953024.7900
0.0200   3455584.443814     0.000016327   2477204.1633
0.0400   1389638.642615     0.000021769    411258.3621
0.0600    767332.587742     0.000019048   -211047.6926
0.0800    486079.305128     0.000013606   -492300.9752
0.1000    333079.124296     0.000019048   -645301.1560
0.1200    241437.601339     0.000024490   -736942.6791
0.1400    181325.861096     0.000021769   -797054.4194
0.1600    138726.462748     0.000016327   -839653.8176
0.1800    107858.968488     0.000019048   -870521.3118
0.2000     85263.100919     0.000021769   -893117.1794
0.2400     55801.194560     0.000024490   -922579.0857
0.2800     37524.983134     0.000013606   -940855.2974
0.3200     26102.918434     0.000021769   -952277.3619
0.3600     18543.372433     0.000008163   -959836.9079
0.4000     13543.342485     0.000019048   -964836.9380
0.4500      9281.625738     0.000016327   -969098.6545
0.5000      6441.998669     0.000019048   -971938.2818    -44940.077
0.5500      4615.357584     0.000010885   -973764.9227    -29423.064
0.6000      3396.373798     0.000013606   -974983.9067    -20080.458
0.6500      2548.744680     0.000010885   -975831.5357    -14243.333
0.7000      1939.599640     0.000024490   -976440.6808    -10363.736
0.7500      1493.026467     0.000013606   -976887.2538     -7659.440
0.8000      1161.223222     0.000016327   -977219.0570     -5731.348
0.8500       911.608022     0.000013606   -977468.6723     -4341.187
0.9000       721.485501     0.000013606   -977658.7948     -3328.670
0.9500       574.903689     0.000016327   -977805.3766     -2582.300
1.0000       460.590481     0.000010885   -977919.6898     -2024.597
1.1000       299.027394     0.000019048   -978081.2531     -1276.122
1.2000       195.985481     0.000013606   -978184.2948      -820.838
1.3000       129.329322     0.000027211   -978250.9510      -531.876
1.4000        86.687039     0.000019048   -978293.5934      -352.892
1.5000        57.988772     0.000019048   -978322.2916      -239.478
1.6000        37.990769     0.000013606   -978342.2896      -165.212
1.7000        23.834010     0.000021769   -978356.4463      -115.280
1.8000        14.074186     0.000010885   -978366.2062       -79.710
1.9000         7.618758     0.000016327   -978372.6616       -54.257
2.0000         3.266391     0.000013606   -978377.0140       -36.599
2.1000         0.379308     0.000024490   -978379.9012       -24.159
2.2000        -1.482488     0.000005442   -978381.7630       -15.384
2.3000        -2.626327     0.000010885   -978382.9067        -9.316
2.4000        -3.269713     0.000008163   -978383.5502        -5.003
2.5000        -3.566826     0.000008163   -978383.8471        -2.017
2.6000        -3.627606     0.000019048   -978383.9080        -0.040
2.7000        -3.434731     0.000002721   -978383.7151         1.218
2.8000        -3.008827     0.000027211   -978383.2893         1.734
2.9000        -2.597162     0.000019048   -978382.8775         2.075
3.0000        -2.134296     0.000027211   -978382.4147         2.148
3.1000        -1.707091     0.000024490   -978381.9875         2.143
3.2000        -1.319981     0.000016327   -978381.6002         2.093
3.3000        -0.970029     0.000013606   -978381.2503         1.969
3.4000        -0.654475     0.000019048   -978380.9349         1.848
3.5000        -0.354328     0.000021769   -978380.6348         1.716
3.6000        -0.044194     0.000027211   -978380.3246         1.512
3.7000         0.230587     0.000010885   -978380.0497         1.338
3.8000         0.471622     0.000010885   -978379.8086         1.176
3.9000         0.681760     0.000008163   -978379.5986         1.024
4.0000         0.864569     0.000005442   -978379.4157         0.875
5.0000         1.719276     0.000010885   -978378.5610         0.176
6.0000         1.878623     0.000019048   -978378.4018         0.029
7.0000         1.912931     0.000019048   -978378.3675         0.009
8.0000         1.925103     0.000013606   -978378.3553         0.002
9.0000         1.931914     0.000021769   -978378.3485         0.001
10.0000         1.936643     0.000008163   -978378.3439         0.001
100.0000         1.965376     0.000002721   -978378.3150
1000.0000         1.967629     0.000002721   -978378.3128
