0.0020         0.000000     0.000010885  30915166.8108
0.0040  15373739.411330     0.000024490  14695218.8369
0.0060   9983263.621970     0.000021769   9304743.0463
0.0080   7297208.950562     0.000016327   6618688.3754
0.0100   5691504.164394     0.000019048   5012983.5907
0.0120   4625051.924947     0.000021769   3946531.3508
0.0140   3868102.462457     0.000021769   3189581.8882
0.0160   3304192.954658     0.000019048   2625672.3802
0.0180   2868880.655275     0.000016327   2190360.0809
0.0200   2523452.029516     0.000016327   1844931.4550
0.0400   1022928.464682     0.000016327    344407.8902
0.0600    566989.173953     0.000021769   -111531.4005
0.0800    359373.284695     0.000021769   -319147.2898
0.1000    246788.717187     0.000021769   -431731.8573
0.1200    177700.633974     0.000013606   -500819.9405
0.1400    132926.056099     0.000024490   -545594.5185
0.1600    102573.477997     0.000008163   -575947.0965
0.1800     80856.041537     0.000016327   -597664.5329
0.2000     64236.827782     0.000016327   -614283.7466
0.2400     41782.881506     0.000021769   -636737.6929
0.2800     28394.044566     0.000021769   -650126.5299
0.3200     20054.276684     0.000024490   -658466.2979
0.3600     14213.242340     0.000027211   -664307.3321
0.4000     10288.798787     0.000019048   -668231.7757
0.4500      7111.894144     0.000021769   -671408.6803    -50078.643
0.5000      5067.917282     0.000019048   -673452.6573    -33212.679
0.5500      3678.065911     0.000016327   -674842.5087    -23174.079
0.6000      2693.933371     0.000021769   -675826.6412    -16600.697
0.6500      1990.622302     0.000010885   -676529.9521    -11856.017
0.7000      1485.606652     0.000010885   -677034.9679     -8494.590
0.7500      1124.895608     0.000021769   -677395.6789     -6082.365
0.8000       864.980449     0.000019048   -677655.5940     -4459.666
0.8500       670.368967     0.000013606   -677850.2055     -3388.041
0.9000       520.894028     0.000019048   -677999.6804     -2617.825
0.9500       405.615208     0.000021769   -678114.9593     -2027.670
1.0000       316.277218     0.000016327   -678204.2973     -1572.780
1.1000       192.426894     0.000013606   -678328.1476      -948.009
1.2000       118.217698     0.000005442   -678402.3568      -568.314
1.3000        73.540678     0.000027211   -678447.0339      -346.638
1.4000        46.084037     0.000016327   -678474.4904      -215.927
1.5000        28.930084     0.000021769   -678491.6445      -136.567
1.6000        18.094003     0.000016327   -678502.4804       -86.929
1.7000        11.230010     0.000021769   -678509.3444       -55.110
1.8000         7.406218     0.000019048   -678513.1682       -35.396
1.9000         5.320233     0.000005442   -678515.2542       -22.874
2.0000         4.169991     0.000013606   -678516.4044       -14.630
2.1000         3.474814     0.000019048   -678517.0997        -8.961
2.2000         3.377854     0.000027211   -678517.1966        -5.636
2.3000         3.650733     0.000013606   -678516.9239        -3.914
2.4000         3.978853     0.000008163   -678516.5957        -3.182
2.5000         4.189004     0.000013606   -678516.3854        -2.705
2.6000         4.297912     0.000019048   -678516.2765        -2.374
2.7000         4.332773     0.000024490   -678516.2417        -2.036
2.8000         4.323499     0.000002721   -678516.2510        -1.695
2.9000         4.294905     0.000008163   -678516.2795        -1.350
3.0000         4.265239     0.000010885   -678516.3092        -1.027
3.1000         4.245359     0.000027211   -678516.3291        -0.716
3.2000         4.239862     0.000013606   -678516.3345        -0.462
3.3000         4.250621     0.000013606   -678516.3239        -0.236
3.4000         4.276595     0.000002721   -678516.2980        -0.046
3.5000         4.314960     0.000008163   -678516.2597         0.096
3.6000         4.363845     0.000008163   -678516.2107         0.199
3.7000         4.420777     0.000019048   -678516.1538         0.287
3.8000         4.482449     0.000024490   -678516.0920         0.346
3.9000         4.546945     0.000024490   -678516.0276         0.374
4.0000         4.613336     0.000019048   -678515.9612         0.390
5.0000         5.144625     0.000019048   -678515.4300         0.221
6.0000         5.360999     0.000024490   -678515.2134         0.071
7.0000         5.429737     0.000010885   -678515.1448         0.032
8.0000         5.452938     0.000010885   -678515.1217         0.014
9.0000         5.462704     0.000021769   -678515.1119         0.008
10.0000         5.468141     0.000027211   -678515.1065         0.006
100.0000         5.494220     0.000027211   -678515.0803         0.000
1000.0000         5.496046     0.000019048   -678515.0784
