0.0020         0.000000     0.000021769  32447163.5619
0.0040  16133917.832435     0.000016327  15423685.6633
0.0060  10476640.909824     0.000024490   9766408.7391
0.0080   7657049.405500     0.000016327   6946817.2362
0.0100   5971268.423157     0.000019048   5261036.2520
0.0120   4851763.977646     0.000016327   4141531.8065
0.0140   4057971.531543     0.000016327   3347739.3627
0.0160   3466422.701042     0.000016327   2756190.5312
0.0180   3009821.551024     0.000024490   2299589.3812
0.0200   2647679.154825     0.000013606   1937446.9850
0.0400   1075517.795299     0.000005442    365285.6253
0.0600    599321.212629     0.000024490   -110910.9573
0.0800    382337.159242     0.000019048   -327895.0107
0.1000    263322.010225     0.000013606   -446910.1596
0.1200    189511.205524     0.000024490   -520720.9643
0.1400    141488.662881     0.000021769   -568743.5069
0.1600    108941.066394     0.000016327   -601291.1034
0.1800     85160.328606     0.000024490   -625071.8412
0.2000     67270.700056     0.000019048   -642961.4698
0.2400     43590.249552     0.000013606   -666641.9202
0.2800     29638.858176     0.000021769   -680593.3118
0.3200     20742.494436     0.000021769   -689489.6755
0.3600     14625.909066     0.000008163   -695606.2607
0.4000     10578.199845     0.000013606   -699653.9700
0.4500      7300.632137     0.000013606   -702931.5378
0.5000      5180.745567     0.000010885   -705051.4242    -34806.882
0.5500      3715.762976     0.000010885   -706516.4068    -24469.930
0.6000      2683.085271     0.000021769   -707549.0845    -17208.610
0.6500      1959.636408     0.000016327   -708272.5335    -12006.803
0.7000      1454.370522     0.000027211   -708777.7993     -8416.449
0.7500      1098.406743     0.000024490   -709133.7633     -6016.533
0.8000       840.985821     0.000019048   -709391.1841     -4439.354
0.8500       647.441458     0.000021769   -709584.7285     -3371.753
0.9000       500.170667     0.000013606   -709731.9993     -2589.430
0.9500       386.445780     0.000021769   -709845.7241     -1996.212
1.0000       298.181217     0.000024490   -709933.9886     -1544.309
1.1000       177.281565     0.000021769   -710054.8883      -923.678
1.2000       105.229728     0.000021769   -710126.9400      -555.880
1.3000        61.697429     0.000019048   -710170.4725      -338.075
1.4000        35.160947     0.000024490   -710197.0088      -206.742
1.5000        18.955467     0.000027211   -710213.2143      -125.899
1.6000         9.228163     0.000010885   -710222.9418       -75.495
1.7000         3.496501     0.000005442   -710228.6734       -43.811
1.8000         0.790984     0.000005442   -710231.3790       -25.404
1.9000        -0.639740     0.000008163   -710232.8095       -13.679
2.0000        -1.288533     0.000010885   -710233.4585        -6.312
2.1000        -1.461222     0.000013606   -710233.6310        -1.829
2.2000        -1.168368     0.000010885   -710233.3382         0.388
2.3000        -0.549444     0.000005442   -710232.7194         1.152
2.4000         0.005505     0.000021769   -710232.1643         1.256
2.5000         0.464901     0.000027211   -710231.7050         1.224
2.6000         0.831727     0.000019048   -710231.3382         1.056
2.7000         1.120100     0.000016327   -710231.0497         0.997
2.8000         1.350893     0.000005442   -710230.8190         0.945
2.9000         1.541713     0.000016327   -710230.6282         0.935
3.0000         1.706710     0.000024490   -710230.4631         0.920
3.1000         1.856889     0.000016327   -710230.3131         0.950
3.2000         1.996310     0.000016327   -710230.1735         0.957
3.3000         2.130073     0.000008163   -710230.0399         0.960
3.4000         2.259052     0.000024490   -710229.9109         0.963
3.5000         2.382858     0.000010885   -710229.7871         0.942
3.6000         2.503097     0.000010885   -710229.6669         0.910
3.7000         2.619198     0.000021769   -710229.5507         0.873
3.8000         2.729123     0.000010885   -710229.4407         0.843
3.9000         2.833291     0.000013606   -710229.3365         0.798
4.0000         2.932477     0.000010885   -710229.2375         0.746
5.0000         3.594963     0.000005442   -710228.5749         0.301
6.0000         3.858258     0.000005442   -710228.3117         0.088
7.0000         3.960483     0.000002721   -710228.2094         0.033
8.0000         3.999052     0.000024490   -710228.1708         0.012
9.0000         4.016750     0.000019048   -710228.1531         0.005
10.0000         4.027379     0.000008163   -710228.1425         0.003
100.0000         4.083963     0.000021769   -710228.0859
1000.0000         4.088150     0.000016327   -710228.0818
