0.0020  15133998.795174     0.000016327  14806630.6460
0.0040   7375918.922706     0.000016327   7048550.7736
0.0060   4802673.606247     0.000016327   4475305.4564
0.0080   3519342.692295     0.000021769   3191974.5427
0.0100   2751585.262987     0.000021769   2424217.1139
0.0120   2241618.751143     0.000024490   1914250.6020
0.0140   1879010.063801     0.000013606   1551641.9148
0.0160   1608190.940836     0.000021769   1280822.7917
0.0180   1398511.632389     0.000019048   1071143.4835
0.0200   1231807.067709     0.000016327    904438.9188
0.0400    507030.113317     0.000019048    179661.9643
0.0600    284007.027861     0.000013606    -43361.1212
0.0800    181606.822360     0.000016327   -145761.3267
0.1000    125012.763923     0.000024490   -202355.3851
0.1200     90529.303924     0.000021769   -236838.8451
0.1400     68239.680017     0.000024490   -259128.4690
0.1600     52885.665544     0.000019048   -274482.4834
0.1800     41557.066602     0.000019048   -285811.0826
0.2000     33110.219300     0.000027211   -294257.9298
0.2400     21921.319975     0.000019048   -305446.8292
0.2800     15234.120864     0.000021769   -312134.0281
0.3200     10982.827777     0.000013606   -316385.3214
0.3600      7964.505310     0.000013606   -319403.6437
0.4000      5882.888998     0.000024490   -321485.2600    -42710.897
0.4500      4165.233643     0.000024490   -323202.9154    -27396.320
0.5000      3038.297147     0.000016327   -324329.8520    -18415.011
0.5500      2267.466234     0.000010885   -325100.6828    -12878.241
0.6000      1713.221998     0.000021769   -325654.9270     -9541.822
0.6500      1297.010433     0.000016327   -326071.1386     -7192.033
0.7000       987.171522     0.000013606   -326380.9776     -5289.208
0.7500       760.324674     0.000021769   -326607.8244     -3852.317
0.8000       595.066383     0.000019048   -326773.0827     -2825.823
0.8500       472.677141     0.000027211   -326895.4719     -2110.315
0.9000       380.209761     0.000019048   -326987.9393     -1606.062
0.9500       309.089572     0.000024490   -327059.0595     -1244.911
1.0000       253.505101     0.000013606   -327114.6440      -981.897
1.1000       174.239034     0.000019048   -327193.9099      -643.276
1.2000       121.928004     0.000019048   -327246.2211      -433.481
1.3000        86.731076     0.000024490   -327281.4180      -286.665
1.4000        63.524726     0.000010885   -327304.6244      -191.378
1.5000        47.608835     0.000024490   -327320.5403      -135.923
1.6000        35.992258     0.000013606   -327332.1569      -100.031
1.7000        27.418875     0.000016327   -327340.7301       -74.772
1.8000        20.999973     0.000010885   -327347.1490       -56.228
1.9000        16.165229     0.000016327   -327351.9839       -42.231
2.0000        12.534587     0.000010885   -327355.6145       -31.538
2.1000         9.827866     0.000013606   -327358.3212       -23.347
2.2000         7.827589     0.000013606   -327360.3215       -17.165
2.3000         6.361592     0.000019048   -327361.7874       -12.498
2.4000         5.295294     0.000019048   -327362.8538        -9.054
2.5000         4.525114     0.000013606   -327363.6239        -6.501
2.6000         3.971544     0.000019048   -327364.1776        -4.659
2.7000         3.574960     0.000016327   -327364.5741        -3.314
2.8000         3.290954     0.000021769   -327364.8582        -2.361
2.9000         3.087002     0.000024490   -327365.0620        -1.685
3.0000         2.939987     0.000024490   -327365.2089        -1.202
3.1000         2.832810     0.000027211   -327365.3162        -0.873
3.2000         2.753742     0.000024490   -327365.3953        -0.636
3.3000         2.694843     0.000021769   -327365.4541        -0.468
3.4000         2.650107     0.000010885   -327365.4990        -0.352
3.5000         2.615687     0.000013606   -327365.5333        -0.257
3.6000         2.588974     0.000005442   -327365.5600        -0.203
3.7000         2.568179     0.000024490   -327365.5809        -0.152
3.8000         2.551795     0.000002721   -327365.5972        -0.121
3.9000         2.539019     0.000008163   -327365.6100        -0.092
4.0000         2.529193     0.000005442   -327365.6198        -0.070
5.0000         2.510491     0.000010885   -327365.6386         0.014
6.0000         2.526896     0.000024490   -327365.6223         0.012
7.0000         2.535433     0.000021769   -327365.6136         0.004
8.0000         2.538040     0.000021769   -327365.6111         0.001
9.0000         2.538674     0.000021769   -327365.6103        -0.000
10.0000         2.538801     0.000021769   -327365.6103        -0.000
100.0000         2.538845     0.000021769   -327365.6103
1000.0000         2.538848     0.000021769   -327365.6103
