0.0020   6246069.097345     0.000008163   5725830.4989
0.0040   3045286.693335     0.000019048   2525048.0961
0.0060   1981730.438852     0.000013606   1461491.8415
0.0080   1452652.760070     0.000013606    932414.1626
0.0100   1136525.534918     0.000027211    616286.9375
0.0120    926844.859795     0.000024490    406606.2624
0.0140    777841.740381     0.000021769    257603.1430
0.0160    666625.456312     0.000019048    146386.8590
0.0180    580563.624680     0.000002721     60325.0273
0.0200    512093.915608     0.000027211     -8144.6817
0.0400    212596.085513     0.000019048   -307642.5118
0.0600    120182.567908     0.000024490   -400056.0293
0.0800     77873.940043     0.000013606   -442364.6572
0.1000     54300.455376     0.000021769   -465938.1421
0.1200     39532.900197     0.000027211   -480705.6970
0.1400     29760.037883     0.000010885   -490478.5594
0.1600     23064.812425     0.000016327   -497173.7849
0.1800     18322.032544     0.000019048   -501916.5647
0.2000     14843.752000     0.000019048   -505394.8453
0.2400      9994.688950     0.000016327   -510243.9085
0.2800      6915.723756     0.000019048   -513322.8736
0.3200      4926.859724     0.000021769   -515311.7377    -39921.361
0.3600      3615.827647     0.000013606   -516622.7697    -26693.565
0.4000      2722.891151     0.000019048   -517515.7062    -18685.799
0.4500      1952.984362     0.000016327   -518285.6129    -12620.194
0.5000      1423.882071     0.000027211   -518814.7154     -8778.287
0.5500      1052.945755     0.000024490   -519185.6516     -6172.386
0.6000       791.445907     0.000010885   -519447.1515     -4376.512
0.6500       605.389103     0.000024490   -519633.2083     -3146.866
0.7000       470.594263     0.000021769   -519768.0032     -2301.471
0.7500       371.208925     0.000021769   -519867.3885     -1714.435
0.8000       296.578194     0.000021769   -519942.0193     -1301.343
0.8500       239.414725     0.000019048   -519999.1825     -1008.494
0.9000       194.858233     0.000024490   -520043.7390      -806.935
0.9500       158.583066     0.000019048   -520080.0143      -665.298
1.0000       128.166396     0.000010885   -520110.4309      -550.156
1.1000        82.182481     0.000010885   -520156.4149      -363.411
1.2000        53.101736     0.000019048   -520185.4957      -228.774
1.3000        34.843798     0.000019048   -520203.7535      -143.496
1.4000        23.346619     0.000019048   -520215.2508       -91.013
1.5000        15.984733     0.000016327   -520222.6126       -59.034
1.6000        11.152569     0.000010885   -520227.4448       -39.339
1.7000         7.889147     0.000016327   -520230.7082       -26.931
1.8000         5.622459     0.000013606   -520232.9750       -19.033
1.9000         4.005822     0.000013606   -520234.5916       -13.685
2.0000         2.826652     0.000027211   -520235.7707       -10.044
2.1000         1.951920     0.000010885   -520236.6455        -7.388
2.2000         1.295458     0.000010885   -520237.3018        -5.558
2.3000         0.800350     0.000008163   -520237.7971        -4.093
2.4000         0.426947     0.000019048   -520238.1704        -3.025
2.5000         0.146484     0.000027211   -520238.4510        -2.220
2.6000        -0.061686     0.000016327   -520238.6591        -1.571
2.7000        -0.213876     0.000024490   -520238.8113        -1.079
2.8000        -0.321865     0.000024490   -520238.9193        -0.748
2.9000        -0.395654     0.000024490   -520238.9930        -0.433
3.0000        -0.442240     0.000024490   -520239.0396        -0.195
3.1000        -0.467772     0.000024490   -520239.0651        -0.063
3.2000        -0.476534     0.000021769   -520239.0738         0.076
3.3000        -0.472586     0.000027211   -520239.0700         0.169
3.4000        -0.435211     0.000024490   -520239.0325         0.225
3.5000        -0.392032     0.000008163   -520238.9895         0.260
3.6000        -0.346172     0.000008163   -520238.9435         0.275
3.7000        -0.298623     0.000008163   -520238.8959         0.295
3.8000        -0.250911     0.000010885   -520238.8483         0.294
3.9000        -0.203870     0.000024490   -520238.8012         0.281
4.0000        -0.157804     0.000013606   -520238.7552         0.282
5.0000         0.180349     0.000010885   -520238.4170         0.137
6.0000         0.311647     0.000021769   -520238.2858         0.038
7.0000         0.349631     0.000016327   -520238.2477         0.021
8.0000         0.358690     0.000016327   -520238.2387         0.006
9.0000         0.360178     0.000016327   -520238.2371         0.003
10.0000         0.359912     0.000013606   -520238.2374         0.002
100.0000         0.353267     0.000013606   -520238.2442
1000.0000         0.352706     0.000013606   -520238.2447
