0.0020   2931633.923902     0.000021769   2868635.4345
0.0040   1434887.332664     0.000021769   1371888.8425
0.0060    937178.828756     0.000013606    874180.3387
0.0080    689025.385082     0.000021769    626026.8948
0.0100    540828.678425     0.000016327    477830.1883
0.0120    442140.768973     0.000013606    379142.2788
0.0140    372037.597618     0.000024490    309039.1074
0.0160    319838.763249     0.000024490    256840.2730
0.0180    279505.623813     0.000021769    216507.1336
0.0200    247408.824357     0.000010885    184410.3342
0.0400    105355.065011     0.000010885     42356.5748
0.0600     60679.415785     0.000013606     -2319.0744
0.0800     39804.541639     0.000019048    -23193.9486
0.1000     28014.761222     0.000024490    -34983.7290
0.1200     20594.811441     0.000019048    -42403.6788
0.1400     15645.853680     0.000010885    -47352.6365
0.1600     12228.736817     0.000013606    -50769.7534
0.1800      9802.708189     0.000021769    -53195.7820
0.2000      8024.206362     0.000024490    -54974.2839
0.2400      5515.875234     0.000016327    -57482.6150    -49700.969
0.2800      3895.320946     0.000027211    -59103.1693    -32718.720
0.3200      2811.747108     0.000013606    -60186.7431    -22252.667
0.3600      2068.610359     0.000021769    -60929.8798    -15347.570
0.4000      1553.672046     0.000021769    -61444.8182    -10685.516
0.4500      1119.569394     0.000019048    -61878.9208     -6955.951
0.5000       832.783267     0.000013606    -62165.7069     -4689.813
0.5500       634.733167     0.000010885    -62363.7570     -3349.529
0.6000       487.156866     0.000024490    -62511.3334     -2618.825
0.6500       371.031172     0.000005442    -62627.4591     -2037.417
0.7000       281.944392     0.000019048    -62716.5458     -1540.486
0.7500       215.303852     0.000013606    -62783.1864     -1145.625
0.8000       165.898529     0.000013606    -62832.5917      -849.266
0.8500       129.212802     0.000013606    -62869.2774      -632.192
0.9000       101.792480     0.000024490    -62896.6977      -474.741
0.9500        81.089179     0.000019048    -62917.4010      -360.714
1.0000        65.255651     0.000016327    -62933.2346      -277.933
1.1000        43.273831     0.000019048    -62955.2164      -173.009
1.2000        29.171163     0.000021769    -62969.3191      -114.684
1.3000        19.564044     0.000024490    -62978.9262       -79.835
1.4000        12.729015     0.000013606    -62985.7612       -57.179
1.5000         7.818626     0.000016327    -62990.6716       -41.029
1.6000         4.463118     0.000013606    -62994.0271       -29.309
1.7000         2.257101     0.000021769    -62996.2331       -21.108
1.8000         0.677020     0.000021769    -62997.8132       -14.889
1.9000        -0.426637     0.000019048    -62998.9168       -10.242
2.0000        -1.173532     0.000010885    -62999.6637        -6.807
2.1000        -1.657792     0.000008163    -63000.1480        -4.309
2.2000        -1.952312     0.000027211    -63000.4425        -2.515
2.3000        -2.111335     0.000021769    -63000.6016        -1.214
2.4000        -2.166615     0.000016327    -63000.6568        -0.253
2.5000        -2.157447     0.000024490    -63000.6477         0.306
2.6000        -2.104034     0.000016327    -63000.5943         0.732
2.7000        -2.020068     0.000019048    -63000.5103         1.015
2.8000        -1.915712     0.000016327    -63000.4059         1.171
2.9000        -1.798396     0.000016327    -63000.2886         1.283
3.0000        -1.673955     0.000024490    -63000.1642         1.329
3.1000        -1.545909     0.000010885    -63000.0361         1.338
3.2000        -1.388295     0.000010885    -62999.8785         1.301
3.3000        -1.170183     0.000019048    -62999.6604         1.196
3.4000        -0.975605     0.000021769    -62999.4658         1.090
3.5000        -0.801942     0.000013606    -62999.2922         0.995
3.6000        -0.646943     0.000016327    -62999.1371         0.901
3.7000        -0.508513     0.000016327    -62998.9987         0.820
3.8000        -0.384788     0.000010885    -62998.8750         0.743
3.9000        -0.274092     0.000016327    -62998.7643         0.673
4.0000        -0.174945     0.000013606    -62998.6652         0.609
5.0000         0.467720     0.000027211    -62998.0225         0.158
6.0000         0.635299     0.000021769    -62997.8549         0.029
7.0000         0.673234     0.000016327    -62997.8170         0.011
8.0000         0.684152     0.000016327    -62997.8061         0.003
9.0000         0.688541     0.000016327    -62997.8017         0.001
10.0000         0.691153     0.000024490    -62997.7991         0.001
100.0000         0.705602     0.000021769    -62997.7846
1000.0000         0.706704     0.000008163    -62997.7835
