0.0020   7221145.742253     0.000010885   7108282.1334
0.0040   3536610.789778     0.000016327   3423747.1809
0.0060   2310039.232560     0.000019048   2197175.6232
0.0080   1697919.277335     0.000024490   1585055.6680
0.0100   1331595.124693     0.000024490   1218731.5154
0.0120   1088131.916922     0.000019048    975268.3077
0.0140    915264.249396     0.000008163    802400.6402
0.0160    785869.953627     0.000027211    673006.3444
0.0180    685401.334273     0.000019048    572537.7250
0.0200    605215.510491     0.000013606    492351.9011
0.0400    253192.855273     0.000013606    140329.2460
0.0600    143622.268998     0.000027211     30758.6597
0.0800     92654.410771     0.000008163    -20209.1985
0.1000     64441.821660     0.000019048    -48421.7877
0.1200     47142.836157     0.000021769    -65720.7731
0.1400     35638.359045     0.000024490    -77225.2503
0.1600     27544.302646     0.000008163    -85319.3067
0.1800     21667.365053     0.000016327    -91196.2443
0.2000     17319.827370     0.000016327    -95543.7819
0.2400     11605.597680     0.000013606   -101258.0116
0.2800      8240.003821     0.000019048   -104623.6055
0.3200      5921.839439     0.000024490   -106941.7699    -49112.454
0.3600      4301.305502     0.000019048   -108562.3038    -32985.146
0.4000      3209.773579     0.000016327   -109653.8357    -22396.515
0.4500      2298.093208     0.000016327   -110565.5161    -15007.407
0.5000      1666.951841     0.000005442   -111196.6575    -10478.757
0.5500      1226.814232     0.000013606   -111636.7951     -7301.499
0.6000       919.894515     0.000016327   -111943.7148     -5120.416
0.6500       702.372815     0.000019048   -112161.2365     -3674.144
0.7000       539.897150     0.000019048   -112323.7121     -2962.923
0.7500       404.917374     0.000024490   -112458.6919     -2358.692
0.8000       303.414064     0.000024490   -112560.1952     -1725.638
0.8500       229.403103     0.000024490   -112634.2062     -1257.971
0.9000       175.245755     0.000024490   -112688.3635      -925.270
0.9500       135.175268     0.000008163   -112728.4340      -689.246
1.0000       105.134067     0.000016327   -112758.4752      -520.710
1.1000        64.673156     0.000019048   -112798.9362      -309.736
1.2000        40.068579     0.000019048   -112823.5407      -192.942
1.3000        24.505092     0.000016327   -112839.1042      -123.914
1.4000        14.610490     0.000021769   -112848.9988       -81.407
1.5000         8.445876     0.000024490   -112855.1634       -54.948
1.6000         4.283090     0.000016327   -112859.3262       -37.152
1.7000         1.476518     0.000019048   -112862.1328       -24.944
1.8000        -0.395409     0.000013606   -112864.0047       -16.479
1.9000        -1.619369     0.000016327   -112865.2287       -10.573
2.0000        -2.392118     0.000019048   -112866.0014        -6.481
2.1000        -2.850723     0.000027211   -112866.4600        -3.594
2.2000        -3.089721     0.000021769   -112866.6990        -1.602
2.3000        -3.175820     0.000016327   -112866.7851        -0.215
2.4000        -3.153741     0.000005442   -112866.7630         0.740
2.5000        -3.056983     0.000016327   -112866.6663         1.389
2.6000        -2.907323     0.000016327   -112866.5166         1.814
2.7000        -2.674823     0.000008163   -112866.2841         2.041
2.8000        -2.244423     0.000019048   -112865.8537         1.955
2.9000        -1.861624     0.000019048   -112865.4709         1.851
3.0000        -1.522216     0.000027211   -112865.1315         1.735
3.1000        -1.220935     0.000016327   -112864.8302         1.609
3.2000        -0.953860     0.000013606   -112864.5632         1.490
3.3000        -0.717061     0.000019048   -112864.3264         1.374
3.4000        -0.506554     0.000013606   -112864.1159         1.258
3.5000        -0.319274     0.000024490   -112863.9286         1.154
3.6000        -0.152767     0.000019048   -112863.7621         1.058
3.7000        -0.004596     0.000013606   -112863.6139         0.966
3.8000         0.154098     0.000013606   -112863.4552         0.852
3.9000         0.332491     0.000024490   -112863.2768         0.713
4.0000         0.480823     0.000021769   -112863.1285         0.597
5.0000         1.101384     0.000010885   -112862.5079         0.107
6.0000         1.201906     0.000027211   -112862.4074         0.021
7.0000         1.218262     0.000008163   -112862.3910         0.004
8.0000         1.221090     0.000016327   -112862.3882         0.001
9.0000         1.221626     0.000019048   -112862.3877
10.0000         1.221735     0.000019048   -112862.3876        -0.000
100.0000         1.221764     0.000019048   -112862.3875
1000.0000         1.221764     0.000019048   -112862.3875
