0.0020  11590957.157785     0.000016327  10878442.5490
0.0040   5646131.008464     0.000024490   4933616.4004
0.0060   3670687.163360     0.000021769   2958172.5548
0.0080   2688273.110276     0.000013606   1975758.5019
0.0100   2101521.391026     0.000008163   1389006.7829
0.0120   1712194.235127     0.000010885    999679.6268
0.0140   1435393.712727     0.000008163    722879.1044
0.0160   1228749.250048     0.000010885    516234.6418
0.0180   1068809.763619     0.000016327    356295.1553
0.0200    941753.706621     0.000021769    229239.0983
0.0400    387358.545790     0.000024490   -325156.0626
0.0600    217742.395026     0.000024490   -494772.2132
0.0800    140125.167540     0.000010885   -572389.4408
0.1000     96668.153179     0.000016327   -615846.4552
0.1200     70180.273357     0.000010885   -642334.3350
0.1400     52825.037452     0.000013606   -659689.5707
0.1600     40666.093735     0.000024490   -671848.5144
0.1800     31806.174582     0.000019048   -680708.4337
0.2000     25268.423864     0.000021769   -687246.1844
0.2400     16667.301830     0.000010885   -695847.3064
0.2800     11555.026653     0.000021769   -700959.5815
0.3200      8278.435142     0.000019048   -704236.1732
0.3600      6019.172902     0.000019048   -706495.4353    -46671.628
0.4000      4464.319073     0.000013606   -708050.2893    -32030.903
0.4500      3176.368823     0.000008163   -709338.2395    -20495.914
0.5000      2334.864598     0.000024490   -710179.7437    -13793.531
0.5500      1750.433735     0.000013606   -710764.1746     -9930.312
0.6000      1321.341966     0.000019048   -711193.2665     -7445.385
0.6500       997.981723     0.000019048   -711516.6266     -5562.934
0.7000       756.619826     0.000010885   -711757.9884     -4102.239
0.7500       580.488517     0.000019048   -711934.1199     -2997.553
0.8000       451.465996     0.000024490   -712063.1424     -2205.258
0.8500       356.201732     0.000010885   -712158.4065     -1642.050
0.9000       284.952748     0.000021769   -712229.6555     -1244.485
0.9500       230.813121     0.000013606   -712283.7953      -973.420
1.0000       187.667335     0.000021769   -712326.9408      -791.445
1.1000       122.181495     0.000019048   -712392.4267      -535.647
1.2000        79.106189     0.000027211   -712435.5021      -344.553
1.3000        52.320924     0.000019048   -712462.2873      -214.336
1.4000        35.982228     0.000016327   -712478.6261      -136.874
1.5000        25.337342     0.000021769   -712489.2710       -91.016
1.6000        17.951410     0.000008163   -712496.6570       -63.468
1.7000        12.699393     0.000021769   -712501.9090       -45.634
1.8000         8.907776     0.000021769   -712505.7004       -33.629
1.9000         6.099962     0.000027211   -712508.5083       -24.995
2.0000         4.013716     0.000019048   -712510.5946       -18.514
2.1000         2.566375     0.000021769   -712512.0420       -13.759
2.2000         1.504760     0.000024490   -712513.1035       -10.047
2.3000         0.735655     0.000024490   -712513.8725        -7.128
2.4000         0.196771     0.000008163   -712514.4116        -4.947
2.5000        -0.167522     0.000016327   -712514.7759        -3.293
2.6000        -0.403384     0.000024490   -712515.0116        -2.126
2.7000        -0.548416     0.000024490   -712515.1566        -1.285
2.8000        -0.631892     0.000021769   -712515.2402        -0.722
2.9000        -0.676456     0.000021769   -712515.2848        -0.373
3.0000        -0.698321     0.000024490   -712515.3066        -0.154
3.1000        -0.708255     0.000008163   -712515.3166        -0.037
3.2000        -0.708343     0.000013606   -712515.3166         0.013
3.3000        -0.693050     0.000016327   -712515.3014         0.025
3.4000        -0.685899     0.000024490   -712515.2943         0.001
3.5000        -0.684933     0.000021769   -712515.2932        -0.009
3.6000        -0.688103     0.000024490   -712515.2965        -0.006
3.7000        -0.693616     0.000008163   -712515.3019        -0.008
3.8000        -0.700174     0.000008163   -712515.3085        -0.010
3.9000        -0.706903     0.000010885   -712515.3153        -0.012
4.0000        -0.713050     0.000024490   -712515.3213        -0.007
5.0000        -0.727880     0.000010885   -712515.3362         0.021
6.0000        -0.712647     0.000019048   -712515.3210         0.010
7.0000        -0.705409     0.000021769   -712515.3136         0.002
8.0000        -0.703439     0.000024490   -712515.3117        -0.000
9.0000        -0.702996     0.000027211   -712515.3112        -0.001
10.0000        -0.702925     0.000013606   -712515.3112        -0.000
100.0000        -0.702884     0.000021769   -712515.3112
1000.0000        -0.702892     0.000005442   -712515.3112
