0.0020  22230179.545948     0.000010885  21555399.8373
0.0040  10816354.508993     0.000010885  10141574.8000
0.0060   7026022.695540     0.000024490   6351242.9875
0.0080   5141953.890613     0.000024490   4467174.1825
0.0100   4016533.002255     0.000019048   3341753.2937
0.0120   3268834.739919     0.000008163   2594055.0312
0.0140   2737513.082918     0.000024490   2062733.3740
0.0160   2341268.288165     0.000008163   1666488.5793
0.0180   2034920.959434     0.000019048   1360141.2504
0.0200   1791535.328944     0.000021769   1116755.6200
0.0400    731396.154904     0.000021769     56616.4460
0.0600    407603.508865     0.000016327   -267176.2000
0.0800    259406.954022     0.000016327   -415372.7549
0.1000    178464.863318     0.000002721   -496314.8455
0.1200    128833.498979     0.000013606   -545946.2100
0.1400     95805.345489     0.000013606   -578974.3633
0.1600     72990.362534     0.000019048   -601789.3463
0.1800     56934.170189     0.000013606   -617845.5388
0.2000     45428.817670     0.000024490   -629350.8911
0.2400     30247.569143     0.000024490   -644532.1396
0.2800     20805.627397     0.000010885   -653974.0815
0.3200     14799.333807     0.000008163   -659980.3751
0.3600     10804.542398     0.000016327   -663975.1664
0.4000      8052.868207     0.000013606   -666726.8407
0.4500      5643.965343     0.000010885   -669135.7434    -39016.461
0.5000      4050.285998     0.000008163   -670729.4229    -25669.911
0.5500      2993.638340     0.000016327   -671786.0705    -17242.525
0.6000      2271.334345     0.000013606   -672508.3745    -12051.734
0.6500      1755.423510     0.000013606   -673024.2854     -8824.224
0.7000      1370.547422     0.000021769   -673409.1615     -6696.534
0.7500      1076.629528     0.000021769   -673703.0794     -5126.205
0.8000       852.224612     0.000024490   -673927.4841     -3908.531
0.8500       681.147033     0.000016327   -674098.5619     -2982.941
0.9000       550.126934     0.000024490   -674229.5821     -2294.839
0.9500       448.799092     0.000027211   -674330.9097     -1786.480
1.0000       369.457864     0.000021769   -674410.2510     -1408.910
1.1000       255.979512     0.000010885   -674523.7294      -909.617
1.2000       181.266225     0.000024490   -674598.4426      -611.342
1.3000       130.322007     0.000013606   -674649.3870      -421.014
1.4000        94.853639     0.000008163   -674684.8551      -293.011
1.5000        70.118437     0.000021769   -674709.5905      -207.001
1.6000        52.211920     0.000005442   -674727.4970      -149.964
1.7000        38.583724     0.000027211   -674741.1250      -112.232
1.8000        28.583016     0.000016327   -674751.1257       -84.281
1.9000        21.272612     0.000008163   -674758.4364       -62.959
2.0000        15.814752     0.000019048   -674763.8941       -46.996
2.1000        11.740248     0.000024490   -674767.9685       -35.058
2.2000         8.698558     0.000021769   -674771.0102       -26.196
2.3000         6.430409     0.000021769   -674773.2785       -19.485
2.4000         4.742470     0.000024490   -674774.9665       -14.522
2.5000         3.488876     0.000024490   -674776.2201       -10.731
2.6000         2.562554     0.000019048   -674777.1464        -7.959
2.7000         1.879099     0.000008163   -674777.8296        -5.820
2.8000         1.378978     0.000005442   -674778.3298        -4.289
2.9000         1.012797     0.000005442   -674778.6961        -3.115
3.0000         0.747976     0.000008163   -674778.9608        -2.248
3.1000         0.555390     0.000008163   -674779.1535        -1.641
3.2000         0.417654     0.000008163   -674779.2912        -1.181
3.3000         0.318281     0.000008163   -674779.3905        -0.826
3.4000         0.247256     0.000008163   -674779.4615        -0.610
3.5000         0.197119     0.000008163   -674779.5119        -0.431
3.6000         0.160417     0.000027211   -674779.5483        -0.313
3.7000         0.135115     0.000021769   -674779.5736        -0.217
3.8000         0.116854     0.000013606   -674779.5921        -0.157
3.9000         0.103452     0.000016327   -674779.6055        -0.111
4.0000         0.094834     0.000027211   -674779.6139        -0.080
5.0000         0.082372     0.000021769   -674779.6264         0.007
6.0000         0.099605     0.000002721   -674779.6093         0.011
7.0000         0.111529     0.000024490   -674779.5973         0.014
8.0000         0.116892     0.000008163   -674779.5919         0.009
9.0000         0.118644     0.000024490   -674779.5902        -0.001
10.0000         0.119126     0.000024490   -674779.5897         0.004
100.0000         0.119325     0.000024490   -674779.5894
1000.0000         0.119336     0.000024490   -674779.5894
