0.0020  14125411.244741     0.000024490  13852093.7023
0.0040   6888819.577723     0.000019048   6615502.0352
0.0060   4490283.335392     0.000021769   4216965.7935
0.0080   3291368.829234     0.000024490   3018051.2861
0.0100   2573824.542370     0.000008163   2300507.0004
0.0120   2097470.464845     0.000024490   1824152.9228
0.0140   1758318.070222     0.000016327   1485000.5282
0.0160   1505181.582918     0.000008163   1231864.0409
0.0180   1309125.360757     0.000010885   1035807.8188
0.0200   1153350.327892     0.000024490    880032.7859
0.0400    475059.178710     0.000021769    201741.6368
0.0600    266228.745424     0.000008163     -7088.7965
0.0800    170397.073968     0.000008163   -102920.4680
0.1000    117374.739628     0.000021769   -155942.8023
0.1200     84733.562198     0.000019048   -188583.9797
0.1400     63597.949693     0.000010885   -209719.5922
0.1600     49336.073126     0.000013606   -223981.4688
0.1800     38986.171294     0.000024490   -234331.3706
0.2000     31272.494751     0.000024490   -242045.0472
0.2400     20770.150436     0.000016327   -252547.3915
0.2800     14524.664765     0.000024490   -258792.8771
0.3200     10598.044928     0.000013606   -262719.4970
0.3600      7851.502056     0.000024490   -265466.0399
0.4000      5854.180967     0.000024490   -267463.3610    -41240.962
0.4500      4201.311962     0.000027211   -269116.2299    -26212.264
0.5000      3124.322762     0.000019048   -270193.2192    -17635.491
0.5500      2379.685710     0.000008163   -270937.8562    -12556.036
0.6000      1835.851493     0.000019048   -271481.6904     -9431.272
0.6500      1419.780350     0.000008163   -271897.7616     -7299.377
0.7000      1099.769563     0.000013606   -272217.7723     -5549.906
0.7500       858.632264     0.000021769   -272458.9096     -4154.623
0.8000       678.147282     0.000024490   -272639.3946     -3116.878
0.8500       542.064908     0.000019048   -272775.4769     -2366.317
0.9000       438.143816     0.000005442   -272879.3981     -1824.623
0.9500       357.441790     0.000021769   -272960.1003     -1429.388
1.0000       293.805810     0.000027211   -273023.7360     -1136.311
1.1000       201.762651     0.000010885   -273115.7794      -744.120
1.2000       140.525714     0.000024490   -273177.0162      -502.022
1.3000        98.823526     0.000013606   -273218.7185      -342.533
1.4000        70.359260     0.000008163   -273247.1827      -235.941
1.5000        50.480775     0.000027211   -273267.0611      -166.844
1.6000        35.833572     0.000024490   -273281.7082      -121.445
1.7000        24.615451     0.000010885   -273292.9264       -90.870
1.8000        16.391878     0.000013606   -273301.1499       -67.633
1.9000        10.580278     0.000024490   -273306.9618       -49.481
2.0000         6.338301     0.000010885   -273311.2037       -36.050
2.1000         3.255139     0.000021769   -273314.2868       -26.099
2.2000         1.031826     0.000016327   -273316.5100       -18.733
2.3000        -0.552995     0.000016327   -273318.0950       -13.236
2.4000        -1.661860     0.000010885   -273319.2039        -9.171
2.5000        -2.417689     0.000019048   -273319.9595        -6.096
2.6000        -2.912564     0.000016327   -273320.4545        -3.919
2.7000        -3.215563     0.000021769   -273320.7574        -2.244
2.8000        -3.377835     0.000008163   -273320.9198        -1.067
2.9000        -3.438571     0.000019048   -273320.9805        -0.212
3.0000        -3.425961     0.000024490   -273320.9680         0.427
3.1000        -3.362831     0.000005442   -273320.9049         0.826
3.2000        -3.263936     0.000005442   -273320.8058         1.123
3.3000        -3.141678     0.000008163   -273320.6836         1.314
3.4000        -3.004938     0.000010885   -273320.5468         1.418
3.5000        -2.833270     0.000019048   -273320.3751         1.435
3.6000        -2.643514     0.000013606   -273320.1854         1.382
3.7000        -2.465456     0.000019048   -273320.0074         1.317
3.8000        -2.299613     0.000010885   -273319.8414         1.237
3.9000        -2.146372     0.000021769   -273319.6882         1.158
4.0000        -2.005170     0.000021769   -273319.5470         1.075
5.0000        -1.084766     0.000021769   -273318.6267         0.393
6.0000        -0.728055     0.000019048   -273318.2700         0.118
7.0000        -0.600863     0.000016327   -273318.1429         0.060
8.0000        -0.538285     0.000010885   -273318.0803         0.037
9.0000        -0.498858     0.000024490   -273318.0409         0.025
10.0000        -0.470842     0.000019048   -273318.0128         0.020
100.0000        -0.302278     0.000021769   -273317.8441         0.000
1000.0000        -0.289287     0.000008163   -273317.8311
