0.0020  15013859.634537     0.000024490  14629208.5454
0.0040   7314198.272910     0.000010885   6929547.1836
0.0060   4760531.008473     0.000019048   4375879.9217
0.0080   3487919.000834     0.000021769   3103267.9116
0.0100   2727077.518794     0.000010885   2342426.4308
0.0120   2221348.304223     0.000010885   1836697.2161
0.0140   1861966.567281     0.000013606   1477315.4792
0.0160   1593708.185317     0.000019048   1209057.0973
0.0180   1386204.006426     0.000005442   1001552.9184
0.0200   1221200.016663     0.000024490    836548.9285
0.0400    503479.351884     0.000013606    118828.2638
0.0600    281891.346518     0.000021769   -102759.7415
0.0800    180092.061715     0.000010885   -204559.0264
0.1000    123971.461658     0.000016327   -260679.6264
0.1200     89981.976245     0.000013606   -294669.1117
0.1400     67827.497592     0.000019048   -316823.5906
0.1600     52359.235657     0.000010885   -332291.8523
0.1800     40942.472428     0.000013606   -343708.6156
0.2000     32438.964074     0.000016327   -352212.1240
0.2400     21255.017909     0.000024490   -363396.0701
0.2800     14660.179914     0.000021769   -369990.9081
0.3200     10478.582111     0.000016327   -374172.5059
0.3600      7538.242621     0.000021769   -377112.8455
0.4000      5518.232800     0.000024490   -379132.8552    -41353.987
0.4500      3858.026473     0.000027211   -380793.0617    -26460.094
0.5000      2768.987444     0.000010885   -381882.1007    -17787.915
0.5500      2025.732323     0.000021769   -382625.3557    -12364.550
0.6000      1497.432164     0.000013606   -383153.6560     -9001.045
0.6500      1108.274896     0.000002721   -383542.8133     -6660.230
0.7000       824.213220     0.000027211   -383826.8749     -4787.347
0.7500       621.200399     0.000027211   -384029.8877     -3409.354
0.8000       476.088903     0.000024490   -384174.9993     -2451.005
0.8500       370.950297     0.000021769   -384280.1379     -1794.177
0.9000       293.405653     0.000019048   -384357.6825     -1344.920
0.9500       234.916548     0.000019048   -384416.1714     -1032.769
1.0000       189.522617     0.000010885   -384461.5655      -809.191
1.1000       124.779516     0.000021769   -384526.3085      -518.015
1.2000        82.686385     0.000024490   -384568.4018      -337.797
1.3000        55.194962     0.000010885   -384595.8932      -219.927
1.4000        37.443714     0.000008163   -384613.6443      -143.885
1.5000        25.790879     0.000027211   -384625.2973       -94.934
1.6000        18.076375     0.000019048   -384633.0117       -63.747
1.7000        12.879527     0.000008163   -384638.2085       -43.813
1.8000         9.300520     0.000010885   -384641.7877       -30.872
1.9000         6.815334     0.000016327   -384644.2726       -22.322
2.0000         5.076030     0.000024490   -384646.0120       -16.593
2.1000         3.785307     0.000021769   -384647.3029       -12.500
2.2000         2.803451     0.000005442   -384648.2847        -9.505
2.3000         2.050185     0.000008163   -384649.0379        -7.198
2.4000         1.604131     0.000016327   -384649.4839        -5.555
2.5000         1.246342     0.000008163   -384649.8417        -4.193
2.6000         0.968807     0.000013606   -384650.1192        -3.114
2.7000         0.760112     0.000005442   -384650.3280        -2.223
2.8000         0.610194     0.000010885   -384650.4779        -1.562
2.9000         0.508687     0.000021769   -384650.5794        -1.020
3.0000         0.446261     0.000008163   -384650.6417        -0.612
3.1000         0.415983     0.000013606   -384650.6722        -0.315
3.2000         0.410906     0.000013606   -384650.6771        -0.065
3.3000         0.424612     0.000005442   -384650.6635         0.109
3.4000         0.453554     0.000008163   -384650.6346         0.220
3.5000         0.493430     0.000005442   -384650.5946         0.312
3.6000         0.540163     0.000010885   -384650.5478         0.365
3.7000         0.591679     0.000019048   -384650.4964         0.400
3.8000         0.645868     0.000002721   -384650.4422         0.402
3.9000         0.701156     0.000021769   -384650.3870         0.401
4.0000         0.755769     0.000021769   -384650.3323         0.394
5.0000         1.147671     0.000010885   -384649.9405         0.174
6.0000         1.287499     0.000013606   -384649.8006         0.078
7.0000         1.328324     0.000027211   -384649.7598         0.028
8.0000         1.341285     0.000008163   -384649.7467         0.015
9.0000         1.346447     0.000008163   -384649.7415         0.010
10.0000         1.349214     0.000005442   -384649.7388         0.007
100.0000         1.361536     0.000010885   -384649.7266         0.000
1000.0000         1.362333     0.000021769   -384649.7258
