0.0020  13349543.220573     0.000016327  13069857.7915
0.0040   6511234.220318     0.000024490   6231548.7914
0.0060   4242575.021829     0.000024490   3962889.5931
0.0080   3110683.569649     0.000008163   2830998.1418
0.0100   2433361.643728     0.000019048   2153676.2145
0.0120   1983259.351202     0.000024490   1703573.9220
0.0140   1663192.504241     0.000016327   1383507.0751
0.0160   1424150.576320     0.000016327   1144465.1473
0.0180   1238973.826414     0.000021769    959288.3974
0.0200   1091573.740298     0.000021769    811888.3114
0.0400    450387.409670     0.000016327    170701.9806
0.0600    252971.689835     0.000021769    -26713.7392
0.0800    162070.432417     0.000016327   -117614.9966
0.1000    111792.091642     0.000024490   -167893.3374
0.1200     80907.134117     0.000027211   -198778.2949
0.1400     60853.095173     0.000024490   -218832.3339
0.1600     47264.250015     0.000019048   -232421.1790
0.1800     37404.940411     0.000019048   -242280.4886
0.2000     29977.035770     0.000016327   -249708.3933
0.2400     19838.826007     0.000024490   -259846.6031
0.2800     13715.562762     0.000027211   -265969.8663
0.3200      9891.494190     0.000027211   -269793.9349
0.3600      7326.698311     0.000008163   -272358.7309
0.4000      5434.571950     0.000016327   -274250.8571    -39508.270
0.4500      3844.744283     0.000013606   -275840.6848    -25227.838
0.5000      2813.181916     0.000016327   -276872.2470    -16790.883
0.5500      2111.919269     0.000019048   -277573.5097    -11695.617
0.6000      1614.384230     0.000027211   -278071.0448     -8441.650
0.6500      1247.233402     0.000021769   -278438.1956     -6410.289
0.7000       962.752113     0.000021769   -278722.6769     -4980.762
0.7500       742.586997     0.000016327   -278942.8421     -3802.624
0.8000       576.799215     0.000019048   -279108.6297     -2846.985
0.8500       453.284482     0.000013606   -279232.1445     -2125.005
0.9000       360.618176     0.000008163   -279324.8110     -1602.471
0.9500       290.378646     0.000024490   -279395.0504     -1227.736
1.0000       236.200828     0.000008163   -279449.2283      -958.732
1.1000       159.332204     0.000019048   -279526.0969      -615.605
1.2000       108.726333     0.000005442   -279576.7028      -414.981
1.3000        74.182407     0.000013606   -279611.2465      -285.752
1.4000        50.251859     0.000019048   -279635.1771      -198.491
1.5000        33.451783     0.000010885   -279651.9774      -137.898
1.6000        21.563823     0.000027211   -279663.8652       -96.052
1.7000        13.101920     0.000016327   -279672.3272       -67.680
1.8000         7.335907     0.000019048   -279678.0932       -47.561
1.9000         3.204637     0.000010885   -279682.2245       -33.718
2.0000         0.237757     0.000010885   -279685.1913       -23.837
2.1000        -1.856655     0.000016327   -279687.2858       -16.548
2.2000        -3.282848     0.000024490   -279688.7119       -11.133
2.3000        -4.200158     0.000019048   -279689.6292        -7.040
2.4000        -4.734611     0.000021769   -279690.1637        -4.038
2.5000        -4.929475     0.000019048   -279690.3585        -1.963
2.6000        -4.884669     0.000016327   -279690.3136        -0.701
2.7000        -4.757793     0.000021769   -279690.1868         0.278
2.8000        -4.572627     0.000019048   -279690.0018         0.940
2.9000        -4.348457     0.000021769   -279689.7775         1.407
3.0000        -4.100583     0.000019048   -279689.5297         1.715
3.1000        -3.839373     0.000019048   -279689.2684         1.886
3.2000        -3.509473     0.000024490   -279688.9386         1.921
3.3000        -3.182789     0.000019048   -279688.6118         1.895
3.4000        -2.874674     0.000016327   -279688.3038         1.817
3.5000        -2.585308     0.000008163   -279688.0142         1.728
3.6000        -2.309782     0.000016327   -279687.7389         1.631
3.7000        -2.034313     0.000016327   -279687.4635         1.506
3.8000        -1.784798     0.000021769   -279687.2140         1.378
3.9000        -1.558010     0.000010885   -279686.9870         1.259
4.0000        -1.352942     0.000013606   -279686.7821         1.151
5.0000        -0.127426     0.000019048   -279685.5565         0.394
6.0000         0.267809     0.000024490   -279685.1611         0.156
7.0000         0.411953     0.000008163   -279685.0172         0.062
8.0000         0.482798     0.000008163   -279684.9462         0.037
9.0000         0.526541     0.000021769   -279684.9026         0.024
10.0000         0.557115     0.000016327   -279684.8719         0.019
100.0000         0.739217     0.000027211   -279684.6898         0.000
1000.0000         0.753149     0.000019048   -279684.6760
