0.0020  10424097.558014     0.000021769  10235905.6676
0.0040   5097931.798734     0.000008163   4909739.9079
0.0060   3324601.598495     0.000016327   3136409.7075
0.0080   2439928.992069     0.000016327   2251737.1013
0.0100   1910565.157746     0.000021769   1722373.2671
0.0120   1558642.746241     0.000016327   1370450.8554
0.0140   1308335.915614     0.000016327   1120144.0249
0.0160   1121176.444363     0.000019048    932984.5537
0.0180    976311.804321     0.000010885    788119.9137
0.0200    860840.411779     0.000024490    672648.5210
0.0400    356681.685224     0.000005442    168489.7945
0.0600    201227.838908     0.000021769     13035.9482
0.0800    129237.359945     0.000013606    -58954.5308
0.1000     89653.823579     0.000016327    -98538.0671
0.1200     65115.544355     0.000010885   -123076.3464
0.1400     48808.002291     0.000013606   -139383.8884
0.1600     37592.146886     0.000010885   -150599.7438
0.1800     29690.405548     0.000021769   -158501.4852
0.2000     24007.172416     0.000013606   -164184.7183
0.2400     16189.166500     0.000013606   -172002.7242
0.2800     11260.304698     0.000008163   -176931.5860
0.3200      8001.766985     0.000027211   -180190.1238
0.3600      5846.904125     0.000013606   -182344.9866    -43546.995
0.4000      4406.742004     0.000019048   -183785.1487    -29542.351
0.4500      3194.966523     0.000016327   -184996.9242    -20681.053
0.5000      2288.855499     0.000019048   -185903.0352    -15211.373
0.5500      1659.811367     0.000016327   -186532.0794    -10241.053
0.6000      1234.475328     0.000024490   -186957.4154     -6996.665
0.6500       939.881961     0.000021769   -187252.0088     -4925.939
0.7000       729.238653     0.000024490   -187462.6521     -3594.727
0.7500       572.923545     0.000024490   -187618.9672     -2714.384
0.8000       453.274890     0.000016327   -187738.6158     -2102.310
0.8500       359.844426     0.000021769   -187832.0463     -1653.375
0.9000       286.042391     0.000010885   -187905.8483     -1313.473
0.9500       227.002502     0.000021769   -187964.8882     -1059.014
1.0000       179.284176     0.000021769   -188012.6066      -858.552
1.1000       109.960990     0.000027211   -188081.9297      -542.863
1.2000        66.821248     0.000008163   -188125.0695      -337.180
1.3000        39.898775     0.000019048   -188151.9920      -210.908
1.4000        22.944954     0.000016327   -188168.9458      -133.115
1.5000        12.211593     0.000005442   -188179.6791       -84.350
1.6000         5.426867     0.000019048   -188186.4639       -53.211
1.7000         1.304318     0.000021769   -188190.5864       -33.287
1.8000        -1.148604     0.000027211   -188193.0393       -20.317
1.9000        -2.569431     0.000010885   -188194.4602       -11.783
2.0000        -3.316936     0.000027211   -188195.2077        -6.195
2.1000        -3.628517     0.000013606   -188195.5193        -2.532
2.2000        -3.661443     0.000016327   -188195.5522        -0.218
2.3000        -3.521829     0.000008163   -188195.4126         1.245
2.4000        -3.279863     0.000027211   -188195.1706         2.108
2.5000        -2.982793     0.000008163   -188194.8735         2.576
2.6000        -2.656009     0.000010885   -188194.5467         2.780
2.7000        -2.197693     0.000016327   -188194.0884         2.630
2.8000        -1.802872     0.000024490   -188193.6936         2.440
2.9000        -1.461198     0.000016327   -188193.3519         2.265
3.0000        -1.164498     0.000005442   -188193.0552         2.083
3.1000        -0.897677     0.000016327   -188192.7884         1.887
3.2000        -0.643174     0.000016327   -188192.5339         1.687
3.3000        -0.385311     0.000005442   -188192.2760         1.490
3.4000        -0.124005     0.000010885   -188192.0147         1.282
3.5000         0.102021     0.000021769   -188191.7887         1.104
3.6000         0.296816     0.000013606   -188191.5939         0.950
3.7000         0.463973     0.000013606   -188191.4268         0.816
3.8000         0.607342     0.000013606   -188191.2834         0.691
3.9000         0.730071     0.000019048   -188191.1607         0.587
4.0000         0.834489     0.000010885   -188191.0563         0.500
5.0000         1.293047     0.000013606   -188190.5977         0.090
6.0000         1.370526     0.000013606   -188190.5202         0.021
7.0000         1.386388     0.000021769   -188190.5044         0.005
8.0000         1.392244     0.000010885   -188190.4985         0.002
9.0000         1.395732     0.000008163   -188190.4950         0.001
10.0000         1.398247     0.000027211   -188190.4925         0.001
100.0000         1.414024     0.000002721   -188190.4767
1000.0000         1.415284     0.000008163   -188190.4755
