0.0020   5214347.112371     0.000010885   5018343.4085
0.0040   2544106.057374     0.000013606   2348102.3543
0.0060   1659544.787439     0.000021769   1463541.0844
0.0080   1218296.136294     0.000021769   1022292.4335
0.0100    954378.746133     0.000008163    758375.0431
0.0120    779301.375021     0.000019048    583297.6720
0.0140    654931.159805     0.000024490    458927.4568
0.0160    561995.910292     0.000024490    365992.2073
0.0180    490011.100640     0.000016327    294007.3978
0.0200    432670.856573     0.000019048    236667.1537
0.0400    181304.763739     0.000021769    -14698.9392
0.0600    103554.973121     0.000008163    -92448.7298
0.0800     67243.790671     0.000013606   -128759.9122
0.1000     47007.345277     0.000019048   -148996.3576
0.1200     34542.089817     0.000010885   -161461.6131
0.1400     26231.148698     0.000021769   -169772.5542
0.1600     20370.661428     0.000024490   -175633.0415
0.1800     16107.511114     0.000010885   -179896.1918
0.2000     12946.220430     0.000005442   -183057.4825
0.2400      8751.762986     0.000016327   -187251.9399
0.2800      6250.214277     0.000010885   -189753.4886    -48999.097
0.3200      4635.189875     0.000024490   -191368.5130    -33541.105
0.3600      3488.152501     0.000016327   -192515.5504    -24303.983
0.4000      2659.870717     0.000021769   -193343.8322    -17515.338
0.4500      1941.175068     0.000021769   -194062.5279    -11583.161
0.5000      1461.847427     0.000010885   -194541.8555     -7872.163
0.5500      1131.274991     0.000013606   -194872.4279     -5551.795
0.6000       889.580405     0.000021769   -195114.1225     -4286.370
0.6500       694.873014     0.000013606   -195308.8299     -3518.539
0.7000       538.158233     0.000019048   -195465.5447     -2743.187
0.7500       418.333969     0.000013606   -195585.3690     -2070.364
0.8000       328.238436     0.000024490   -195675.4645     -1554.934
0.8500       260.429727     0.000008163   -195743.2732     -1173.337
0.9000       208.997924     0.000024490   -195794.7050      -894.051
0.9500       169.495625     0.000027211   -195834.2073      -690.600
1.0000       138.722067     0.000016327   -195864.9808      -542.288
1.1000        94.705141     0.000013606   -195908.9978      -352.481
1.2000        65.072481     0.000027211   -195938.6304      -243.373
1.3000        44.463699     0.000019048   -195959.2392      -173.480
1.4000        29.665377     0.000024490   -195974.0375      -124.988
1.5000        19.024341     0.000024490   -195984.6786       -89.435
1.6000        11.459788     0.000019048   -195992.2431       -63.085
1.7000         6.165014     0.000019048   -195997.5379       -43.807
1.8000         2.520134     0.000021769   -196001.1828       -29.834
1.9000         0.056690     0.000019048   -196003.6462       -20.010
2.0000        -1.568995     0.000024490   -196005.2719       -12.947
2.1000        -2.604879     0.000008163   -196006.3078        -8.051
2.2000        -3.228472     0.000019048   -196006.9314        -4.590
2.3000        -3.564573     0.000024490   -196007.2675        -2.270
2.4000        -3.701817     0.000019048   -196007.4047        -0.584
2.5000        -3.702894     0.000008163   -196007.4058         0.514
2.6000        -3.611358     0.000016327   -196007.3143         1.259
2.7000        -3.459053     0.000016327   -196007.1620         1.766
2.8000        -3.267920     0.000021769   -196006.9708         2.046
2.9000        -3.054164     0.000016327   -196006.7571         2.212
3.0000        -2.734568     0.000021769   -196006.4375         2.164
3.1000        -2.385906     0.000016327   -196006.0888         2.027
3.2000        -2.076308     0.000013606   -196005.7792         1.876
3.3000        -1.721107     0.000021769   -196005.4240         1.628
3.4000        -1.398821     0.000013606   -196005.1017         1.386
3.5000        -1.130674     0.000013606   -196004.8336         1.188
3.6000        -0.905938     0.000013606   -196004.6089         1.023
3.7000        -0.700370     0.000013606   -196004.4033         0.875
3.8000        -0.504243     0.000021769   -196004.2072         0.725
3.9000        -0.343860     0.000024490   -196004.0468         0.597
4.0000        -0.212396     0.000027211   -196003.9153         0.495
5.0000         0.317026     0.000021769   -196003.3859         0.094
6.0000         0.414011     0.000013606   -196003.2889         0.014
7.0000         0.445519     0.000019048   -196003.2574         0.008
8.0000         0.462267     0.000010885   -196003.2406         0.004
9.0000         0.473421     0.000019048   -196003.2295         0.003
10.0000         0.481764     0.000021769   -196003.2212         0.002
100.0000         0.534952     0.000016327   -196003.1680
1000.0000         0.539275     0.000016327   -196003.1636
