0.0020    367931.672307     0.000024490    333534.8866
0.0040    180791.947117     0.000016327    146395.1614
0.0060    118465.152046     0.000005442     84068.3663
0.0080     87347.362792     0.000005442     52950.5771
0.0100     68722.334627     0.000013606     34325.5489
0.0120     56346.956035     0.000010885     21950.1703
0.0140     47539.070195     0.000027211     13142.2845
0.0160     40957.206735     0.000008163      6560.4210
0.0180     35857.679280     0.000013606      1460.8936
0.0200     31794.688921     0.000021769     -2602.0968
0.0400     13863.648526     0.000024490    -20533.1372
0.0600      8162.412942     0.000016327    -26234.3728
0.0800      5448.104863     0.000024490    -28948.6808
0.1000      3903.260779     0.000021769    -30493.5249
0.1200      2934.688287     0.000016327    -31462.0974    -39111.634
0.1400      2282.337496     0.000027211    -32114.4482    -27226.369
0.1600      1817.340233     0.000027211    -32579.4455    -19870.356
0.1800      1471.230354     0.000019048    -32925.5554    -15057.283
0.2000      1205.145827     0.000021769    -33191.6399    -11731.566
0.2400       828.847089     0.000019048    -33567.9386     -7475.665
0.2800       584.623904     0.000008163    -33812.1618     -4937.293
0.3200       421.446115     0.000016327    -33975.3396     -3339.834
0.3600       309.960982     0.000016327    -34086.8247     -2305.954
0.4000       232.310471     0.000021769    -34164.4752     -1622.303
0.4500       166.030504     0.000021769    -34230.7552     -1072.092
0.5000       121.648935     0.000008163    -34275.1368      -729.061
0.5500        91.028250     0.000005442    -34305.7574      -511.387
0.6000        69.234695     0.000010885    -34327.5510      -370.210
0.6500        53.241782     0.000016327    -34343.5439      -275.912
0.7000        41.196228     0.000019048    -34355.5895      -210.309
0.7500        31.955072     0.000008163    -34364.8306      -162.518
0.8000        24.792074     0.000024490    -34371.9936      -126.417
0.8500        19.218789     0.000024490    -34377.5669       -98.381
0.9000        14.889387     0.000021769    -34381.8963       -76.330
0.9500        11.562974     0.000013606    -34385.2227       -58.967
1.0000         9.042056     0.000024490    -34387.7436       -45.349
1.1000         5.664436     0.000021769    -34391.1213       -26.162
1.2000         4.078537     0.000016327    -34392.7072       -15.043
1.3000         3.244273     0.000016327    -34393.5414        -8.479
1.4000         2.842590     0.000019048    -34393.9431        -4.689
1.5000         2.673479     0.000024490    -34394.1122        -2.608
1.6000         2.617929     0.000013606    -34394.1678        -1.489
1.7000         2.608245     0.000013606    -34394.1774        -0.935
1.8000         2.609078     0.000019048    -34394.1766        -0.667
1.9000         2.606389     0.000021769    -34394.1793        -0.531
2.0000         2.595975     0.000027211    -34394.1897        -0.447
2.1000         2.579414     0.000027211    -34394.2063        -0.389
2.2000         2.559727     0.000024490    -34394.2260        -0.338
2.3000         2.539136     0.000019048    -34394.2466        -0.288
2.4000         2.519555     0.000010885    -34394.2662        -0.241
2.5000         2.502246     0.000027211    -34394.2835        -0.197
2.6000         2.487571     0.000024490    -34394.2981        -0.151
2.7000         2.475464     0.000010885    -34394.3102        -0.123
2.8000         2.465869     0.000021769    -34394.3198        -0.094
2.9000         2.458503     0.000016327    -34394.3272        -0.069
3.0000         2.453064     0.000013606    -34394.3326        -0.049
3.1000         2.449203     0.000008163    -34394.3365        -0.034
3.2000         2.446577     0.000008163    -34394.3391        -0.023
3.3000         2.444928     0.000010885    -34394.3408        -0.013
3.4000         2.444038     0.000010885    -34394.3417        -0.005
3.5000         2.443736     0.000027211    -34394.3420        -0.001
3.6000         2.443836     0.000024490    -34394.3419         0.003
3.7000         2.444226     0.000021769    -34394.3415         0.005
3.8000         2.444802     0.000021769    -34394.3409         0.006
3.9000         2.445475     0.000021769    -34394.3402         0.008
4.0000         2.446212     0.000019048    -34394.3395         0.008
5.0000         2.451801     0.000019048    -34394.3339         0.003
6.0000         2.453330     0.000019048    -34394.3324         0.001
7.0000         2.453589     0.000019048    -34394.3321         0.000
8.0000         2.453627     0.000019048    -34394.3321         0.000
9.0000         2.453635     0.000019048    -34394.3321
10.0000         2.453635     0.000019048    -34394.3321
100.0000         2.453635     0.000019048    -34394.3321
1000.0000         2.453635     0.000019048    -34394.3321
