0.0020         0.000000     0.000021769  37841150.7247
0.0040  18875677.570491     0.000024490  17932722.2874
0.0060  12266299.801277     0.000016327  11323344.5197
0.0080   8971396.414564     0.000013606   8028441.1328
0.0100   6998661.019858     0.000016327   6055705.7381
0.0120   5687846.872133     0.000010885   4744891.5893
0.0140   4755962.981148     0.000008163   3813007.6974
0.0160   4062154.899804     0.000027211   3119199.6179
0.0180   3526653.868956     0.000021769   2583698.5861
0.0200   3101709.343729     0.000019048   2158754.0608
0.0400   1256918.469720     0.000013606    313963.1869
0.0600    695524.385345     0.000024490   -247430.8975
0.0800    439516.478174     0.000010885   -503438.8048
0.1000    299222.059734     0.000008163   -643733.2231
0.1200    214088.510443     0.000019048   -728866.7724
0.1400    159834.258175     0.000016327   -783121.0246
0.1600    122357.574888     0.000019048   -820597.7080
0.1800     95010.726644     0.000024490   -847944.5561
0.2000     74959.450916     0.000021769   -867995.8319
0.2400     48944.155180     0.000021769   -894011.1276
0.2800     33381.201124     0.000024490   -909574.0817
0.3200     23113.934715     0.000016327   -919841.3482
0.3600     16609.679321     0.000019048   -926345.6036
0.4000     12249.321686     0.000021769   -930705.9612
0.4500      8613.474198     0.000016327   -934341.8086
0.5000      6152.198497     0.000021769   -936803.0843    -41147.221
0.5500      4442.023933     0.000019048   -938513.2591    -28047.280
0.6000      3267.236962     0.000013606   -939688.0460    -19546.200
0.6500      2436.381492     0.000016327   -940518.9014    -14053.748
0.7000      1831.368124     0.000019048   -941123.9147    -10354.097
0.7500      1382.389601     0.000010885   -941572.8932     -7711.630
0.8000      1047.568388     0.000013606   -941907.7144     -5740.070
0.8500       799.084530     0.000024490   -942156.1983     -4261.009
0.9000       614.833373     0.000013606   -942340.4494     -3166.458
0.9500       477.793800     0.000027211   -942477.4890     -2362.748
1.0000       375.305144     0.000008163   -942579.9777     -1784.201
1.1000       237.218858     0.000013606   -942718.0641     -1067.765
1.2000       151.791921     0.000010885   -942803.4910      -682.105
1.3000        96.927515     0.000013606   -942858.3554      -433.169
1.4000        62.303512     0.000008163   -942892.9792      -270.197
1.5000        40.306157     0.000016327   -942914.9766      -171.086
1.6000        26.384017     0.000027211   -942928.8988      -109.381
1.7000        18.199548     0.000013606   -942937.0835       -73.026
1.8000        12.993907     0.000013606   -942942.2890       -50.115
1.9000         9.772535     0.000010885   -942945.5103       -36.008
2.0000         7.618562     0.000013606   -942947.6643       -26.647
2.1000         5.992608     0.000008163   -942949.2902       -19.521
2.2000         4.834518     0.000016327   -942950.4483       -14.109
2.3000         4.147504     0.000008163   -942951.1354       -10.153
2.4000         3.849449     0.000008163   -942951.4334        -7.305
2.5000         3.699136     0.000005442   -942951.5839        -5.221
2.6000         3.740734     0.000019048   -942951.5422        -3.884
2.7000         3.756408     0.000024490   -942951.5264        -2.930
2.8000         3.748236     0.000016327   -942951.5346        -2.262
2.9000         3.713651     0.000008163   -942951.5692        -1.805
3.0000         3.654050     0.000010885   -942951.6288        -1.594
3.1000         3.601330     0.000010885   -942951.6816        -1.379
3.2000         3.538725     0.000005442   -942951.7441        -1.303
3.3000         3.453978     0.000024490   -942951.8288        -1.176
3.4000         3.361383     0.000010885   -942951.9216        -0.999
3.5000         3.269558     0.000010885   -942952.0133        -0.880
3.6000         3.185012     0.000024490   -942952.0979        -0.760
3.7000         3.111857     0.000008163   -942952.1711        -0.616
3.8000         3.051083     0.000005442   -942952.2318        -0.491
3.9000         3.003022     0.000024490   -942952.2799        -0.399
4.0000         2.968312     0.000019048   -942952.3145        -0.309
5.0000         3.049094     0.000005442   -942952.2337         0.071
6.0000         3.263438     0.000010885   -942952.0195         0.060
7.0000         3.363889     0.000021769   -942951.9191         0.027
8.0000         3.399694     0.000016327   -942951.8832         0.009
9.0000         3.411836     0.000002721   -942951.8709         0.001
10.0000         3.416244     0.000002721   -942951.8666        -0.000
100.0000         3.426366     0.000013606   -942951.8565
1000.0000         3.427030     0.000019048   -942951.8557
