0.0020         0.000000     0.000024490  27349771.1188
0.0040  13615898.619907     0.000016327  13003305.2721
0.0060   8842575.080183     0.000013606   8229981.7332
0.0080   6463780.746505     0.000008163   5851187.4001
0.0100   5041833.049568     0.000027211   4429239.7032
0.0120   4097787.882198     0.000021769   3485194.5350
0.0140   3426809.925689     0.000016327   2814216.5800
0.0160   2927284.381488     0.000010885   2314691.0350
0.0180   2541667.557780     0.000010885   1929074.2113
0.0200   2235652.989488     0.000019048   1623059.6430
0.0400    907516.740135     0.000013606    294923.3935
0.0600    503988.919931     0.000010885   -108604.4266
0.0800    319489.428545     0.000019048   -293103.9179
0.1000    219154.679213     0.000019048   -393438.6673
0.1200    158060.895920     0.000010885   -454532.4506
0.1400    117623.185698     0.000010885   -494970.1609
0.1600     90139.999439     0.000019048   -522453.3470
0.1800     70903.505623     0.000024490   -541689.8410
0.2000     56714.884052     0.000021769   -555878.4623
0.2400     37144.989643     0.000013606   -575448.3568
0.2800     25126.686712     0.000013606   -587466.6598
0.3200     17765.647132     0.000013606   -594827.6994
0.3600     12996.563099     0.000024490   -599596.7834
0.4000      9520.533871     0.000019048   -603072.8126
0.4500      6683.539965     0.000019048   -605909.8066    -44532.017
0.5000      4871.856426     0.000016327   -607721.4902    -29382.720
0.5500      3637.989737     0.000027211   -608955.3566    -20725.425
0.6000      2746.587415     0.000016327   -609846.7590    -15268.727
0.6500      2085.433242     0.000024490   -610507.9132    -11345.576
0.7000      1595.104120     0.000013606   -610998.2424     -8399.071
0.7500      1232.156229     0.000021769   -611361.1902     -6229.371
0.8000       961.984787     0.000021769   -611631.3618     -4662.172
0.8500       758.574383     0.000008163   -611834.7721     -3535.386
0.9000       603.339842     0.000005442   -611990.0066     -2721.046
0.9500       483.080155     0.000019048   -612110.2663     -2123.672
1.0000       388.653757     0.000008163   -612204.6928     -1675.544
1.1000       254.268147     0.000008163   -612339.0782     -1060.579
1.2000       169.120622     0.000013606   -612424.2259      -683.353
1.3000       113.676107     0.000013606   -612479.6705      -448.574
1.4000        76.406389     0.000027211   -612516.9401      -304.759
1.5000        51.613594     0.000013606   -612541.7329      -204.599
1.6000        34.890150     0.000016327   -612558.4562      -138.623
1.7000        23.532083     0.000024490   -612569.8145       -94.442
1.8000        15.791225     0.000010885   -612577.5554       -64.412
1.9000        10.516908     0.000027211   -612582.8295       -43.799
2.0000         6.941148     0.000016327   -612586.4053       -29.511
2.1000         4.542469     0.000010885   -612588.8040       -19.583
2.2000         3.044166     0.000024490   -612590.3023       -12.840
2.3000         2.158207     0.000010885   -612591.1883        -8.255
2.4000         1.627114     0.000005442   -612591.7194        -5.144
2.5000         1.333767     0.000024490   -612592.0128        -3.095
2.6000         1.193190     0.000016327   -612592.1532        -1.736
2.7000         1.146408     0.000021769   -612592.2000        -0.905
2.8000         1.152343     0.000010885   -612592.1943        -0.382
2.9000         1.185021     0.000005442   -612592.1613        -0.089
3.0000         1.227683     0.000016327   -612592.1189         0.074
3.1000         1.272016     0.000005442   -612592.0745         0.159
3.2000         1.313189     0.000013606   -612592.0332         0.195
3.3000         1.349819     0.000019048   -612591.9967         0.209
3.4000         1.381898     0.000027211   -612591.9646         0.208
3.5000         1.409629     0.000005442   -612591.9369         0.197
3.6000         1.433616     0.000005442   -612591.9129         0.177
3.7000         1.454762     0.000002721   -612591.8917         0.171
3.8000         1.473364     0.000024490   -612591.8732         0.158
3.9000         1.489753     0.000016327   -612591.8569         0.143
4.0000         1.504377     0.000008163   -612591.8422         0.130
5.0000         1.587872     0.000010885   -612591.7586         0.041
6.0000         1.612308     0.000008163   -612591.7341         0.009
7.0000         1.617883     0.000013606   -612591.7287         0.001
8.0000         1.618950     0.000013606   -612591.7276        -0.001
9.0000         1.619138     0.000013606   -612591.7273        -0.001
10.0000         1.619168     0.000013606   -612591.7273        -0.001
100.0000         1.619173     0.000013606   -612591.7273
1000.0000         1.619173     0.000013606   -612591.7273
