0.0020  11524060.395897     0.000010885  11325344.0730
0.0040   5631880.024845     0.000024490   5433163.7007
0.0060   3670618.429820     0.000024490   3471902.1054
0.0080   2692235.842557     0.000027211   2493519.5188
0.0100   2106932.237951     0.000016327   1908215.9141
0.0120   1719037.631529     0.000010885   1520321.3077
0.0140   1442751.648191     0.000013606   1244035.3245
0.0160   1236054.086756     0.000016327   1037337.7629
0.0180   1076154.749025     0.000019048    877438.4252
0.0200    949222.205419     0.000024490    750505.8816
0.0400    392700.189207     0.000024490    193983.8654
0.0600    220748.278040     0.000016327     22031.9542
0.0800    141712.597083     0.000008163    -57003.7268
0.1000     98237.071351     0.000019048   -100479.2525
0.1200     71205.626841     0.000021769   -127510.6970
0.1400     53295.797533     0.000013606   -145420.5263
0.1600     41089.776637     0.000021769   -157626.5472
0.1800     32571.210675     0.000019048   -166145.1132
0.2000     26407.506809     0.000013606   -172308.8170
0.2400     17843.879150     0.000027211   -180872.4447
0.2800     12375.089142     0.000019048   -186341.2347
0.3200      8847.390101     0.000024490   -189868.9337
0.3600      6560.038614     0.000008163   -192156.2852    -46180.062
0.4000      5015.464274     0.000016327   -193700.8596    -33024.440
0.4500      3548.190903     0.000019048   -195168.1329    -24585.433
0.5000      2543.284223     0.000019048   -196173.0396    -16192.603
0.5500      1877.586555     0.000013606   -196838.7373    -10843.627
0.6000      1425.474580     0.000019048   -197290.8493     -7500.066
0.6500      1106.855261     0.000024490   -197609.4686     -5403.243
0.7000       872.640343     0.000013606   -197843.6835     -4059.283
0.7500       693.549087     0.000021769   -198022.7748     -3158.566
0.8000       552.609838     0.000019048   -198163.7140     -2509.524
0.8500       440.233864     0.000013606   -198276.0900     -2003.920
0.9000       350.753079     0.000005442   -198365.5708     -1597.101
0.9500       279.532641     0.000010885   -198436.7912     -1274.095
1.0000       222.412862     0.000024490   -198493.9110     -1018.807
1.1000       140.359243     0.000024490   -198575.9646      -648.034
1.2000        88.160697     0.000016327   -198628.1631      -416.895
1.3000        54.267097     0.000021769   -198662.0567      -272.697
1.4000        31.943915     0.000010885   -198684.3799      -177.406
1.5000        17.618680     0.000016327   -198698.7051      -112.792
1.6000         8.934699     0.000010885   -198707.3891       -70.811
1.7000         3.605847     0.000010885   -198712.7180       -42.995
1.8000         0.463772     0.000019048   -198715.8601       -24.874
1.9000        -1.272301     0.000008163   -198717.5961       -13.290
2.0000        -2.021320     0.000010885   -198718.3452        -6.339
2.1000        -2.090309     0.000008163   -198718.4141        -2.480
2.2000        -1.866647     0.000008163   -198718.1905        -0.476
2.3000        -1.565156     0.000024490   -198717.8890         0.608
2.4000        -1.253762     0.000024490   -198717.5776         1.200
2.5000        -0.953006     0.000016327   -198717.2768         1.621
2.6000        -0.541599     0.000016327   -198716.8654         1.722
2.7000        -0.096064     0.000016327   -198716.4199         1.780
2.8000         0.297614     0.000021769   -198716.0262         1.802
2.9000         0.654622     0.000027211   -198715.6692         1.814
3.0000         1.077963     0.000024490   -198715.2459         1.739
3.1000         1.472526     0.000024490   -198714.8513         1.628
3.2000         1.829596     0.000027211   -198714.4942         1.525
3.3000         2.161181     0.000024490   -198714.1627         1.431
3.4000         2.453932     0.000016327   -198713.8699         1.330
3.5000         2.715050     0.000019048   -198713.6088         1.231
3.6000         2.948303     0.000019048   -198713.3755         1.149
3.7000         3.156979     0.000013606   -198713.1669         1.067
3.8000         3.344542     0.000016327   -198712.9793         0.978
3.9000         3.514072     0.000016327   -198712.8098         0.898
4.0000         3.666899     0.000005442   -198712.6569         0.827
5.0000         4.549857     0.000005442   -198711.7740         0.289
6.0000         4.810392     0.000005442   -198711.5134         0.077
7.0000         4.873953     0.000005442   -198711.4499         0.021
8.0000         4.889510     0.000008163   -198711.4343         0.006
9.0000         4.894293     0.000019048   -198711.4296         0.002
10.0000         4.896381     0.000008163   -198711.4275         0.001
100.0000         4.905211     0.000008163   -198711.4186
1000.0000         4.905845     0.000010885   -198711.4180
