0.0020         0.000000     0.000021769  28613092.4508
0.0040  14230664.282677     0.000016327  13608040.2998
0.0060   9243179.089341     0.000021769   8620555.1069
0.0080   6758114.896080     0.000016327   6135490.9145
0.0100   5272734.944098     0.000019048   4650110.9636
0.0120   4285791.296115     0.000024490   3663167.3153
0.0140   3584895.728553     0.000019048   2962271.7475
0.0160   3062919.647224     0.000024490   2440295.6655
0.0180   2659750.314312     0.000019048   2037126.3328
0.0200   2339871.501499     0.000019048   1717247.5198
0.0400    950485.589985     0.000021769    327861.6085
0.0600    527484.401975     0.000013606    -95139.5796
0.0800    334542.093297     0.000019048   -288081.8883
0.1000    229893.262828     0.000010885   -392730.7188
0.1200    165732.583183     0.000021769   -456891.3984
0.1400    123831.436598     0.000016327   -498792.5449
0.1600     95391.474045     0.000024490   -527232.5077
0.1800     75385.880828     0.000019048   -547238.1007
0.2000     60159.880365     0.000016327   -562464.1013
0.2400     39340.747912     0.000013606   -583283.2337
0.2800     26718.645470     0.000016327   -595905.3360
0.3200     18876.595319     0.000021769   -603747.3863
0.3600     13600.674738     0.000005442   -609023.3068
0.4000      9856.331790     0.000016327   -612767.6498
0.4500      6809.569363     0.000008163   -615814.4121    -47975.319
0.5000      4858.653679     0.000024490   -617765.3280    -31539.280
0.5500      3544.691074     0.000024490   -619079.2904    -21817.846
0.6000      2617.211093     0.000021769   -620006.7704    -15690.878
0.6500      1945.558146     0.000027211   -620678.4233    -11383.907
0.7000      1460.883879     0.000019048   -621163.0977     -8249.712
0.7500      1108.183697     0.000016327   -621515.7980     -5993.739
0.8000       850.726366     0.000013606   -621773.2553     -4384.731
0.8500       660.579017     0.000021769   -621963.4026     -3256.413
0.9000       518.041855     0.000013606   -622105.9397     -2471.379
0.9500       408.277377     0.000024490   -622215.7042     -1929.722
1.0000       322.097479     0.000016327   -622301.8841     -1520.310
1.1000       202.229149     0.000027211   -622421.7524      -926.540
1.2000       129.915458     0.000019048   -622494.0662      -562.592
1.3000        85.492244     0.000024490   -622538.4893      -357.740
1.4000        56.644578     0.000019048   -622567.3369      -233.716
1.5000        37.890239     0.000010885   -622586.0913      -154.327
1.6000        25.336185     0.000016327   -622598.6453      -103.496
1.7000        16.851963     0.000016327   -622607.1295       -69.998
1.8000        11.395452     0.000016327   -622612.5862       -48.087
1.9000         7.656656     0.000019048   -622616.3251       -32.960
2.0000         5.115239     0.000005442   -622618.8663       -22.349
2.1000         3.421403     0.000013606   -622620.5602       -14.909
2.2000         2.371013     0.000016327   -622621.6106        -9.869
2.3000         1.780899     0.000027211   -622622.2008        -6.466
2.4000         1.486550     0.000016327   -622622.4950        -4.339
2.5000         1.378687     0.000024490   -622622.6030        -3.136
2.6000         1.376559     0.000013606   -622622.6049        -2.490
2.7000         1.355579     0.000016327   -622622.6261        -2.165
2.8000         1.299826     0.000021769   -622622.6816        -1.872
2.9000         1.252301     0.000010885   -622622.7293        -1.676
3.0000         1.187279     0.000016327   -622622.7943        -1.462
3.1000         1.114290     0.000002721   -622622.8672        -1.202
3.2000         1.046112     0.000024490   -622622.9355        -0.982
3.3000         0.991594     0.000005442   -622622.9900        -0.731
3.4000         0.954252     0.000019048   -622623.0272        -0.514
3.5000         0.934551     0.000010885   -622623.0471        -0.326
3.6000         0.931949     0.000019048   -622623.0495        -0.166
3.7000         0.944567     0.000013606   -622623.0370        -0.029
3.8000         0.969066     0.000027211   -622623.0125         0.088
3.9000         1.003118     0.000016327   -622622.9785         0.162
4.0000         1.045201     0.000010885   -622622.9363         0.223
5.0000         1.523264     0.000024490   -622622.4582         0.239
6.0000         1.771769     0.000013606   -622622.2098         0.088
7.0000         1.855055     0.000008163   -622622.1265         0.037
8.0000         1.881075     0.000021769   -622622.1004         0.015
9.0000         1.889878     0.000010885   -622622.0917         0.008
10.0000         1.893595     0.000019048   -622622.0879         0.005
100.0000         1.905826     0.000027211   -622622.0757         0.000
1000.0000         1.906599     0.000019048   -622622.0751
