0.0020  23935127.247861     0.000013606  23435192.6491
0.0040  11664756.818571     0.000013606  11164822.2194
0.0060   7581937.056060     0.000008163   7082002.4583
0.0080   5546927.226735     0.000016327   5046992.6274
0.0100   4330226.732514     0.000010885   3830292.1339
0.0120   3521462.081258     0.000027211   3021527.4821
0.0140   2946660.263841     0.000024490   2446725.6651
0.0160   2518331.111453     0.000016327   2018396.5126
0.0180   2187219.159764     0.000010885   1687284.5608
0.0200   1924388.557875     0.000027211   1424453.9590
0.0400    783099.925042     0.000021769    283165.3262
0.0600    435693.533957     0.000027211    -64241.0649
0.0800    276911.892442     0.000013606   -223022.7065
0.1000    190159.518942     0.000027211   -309775.0798
0.1200    137584.222496     0.000002721   -362350.3764
0.1400    102753.064185     0.000008163   -397181.5347
0.1600     78522.212088     0.000019048   -421412.3868
0.1800     61404.846916     0.000019048   -438529.7519
0.2000     49043.572614     0.000027211   -450891.0262
0.2400     32401.654693     0.000024490   -467532.9443
0.2800     22077.694115     0.000019048   -477856.9047
0.3200     15466.636623     0.000013606   -484467.9623
0.3600     11177.088556     0.000024490   -488757.5105
0.4000      8346.465760     0.000008163   -491588.1332
0.4500      5842.784344     0.000016327   -494091.8146    -41112.412
0.5000      4182.965111     0.000010885   -495751.6338    -26418.623
0.5500      3099.661928     0.000024490   -496834.9369    -17667.514
0.6000      2354.947482     0.000016327   -497579.6513    -12595.187
0.6500      1807.284251     0.000024490   -498127.3147     -9506.898
0.7000      1390.184509     0.000027211   -498544.4145     -7262.167
0.7500      1072.685429     0.000021769   -498861.9135     -5511.503
0.8000       832.561799     0.000010885   -499102.0372     -4158.658
0.8500       651.459329     0.000016327   -499283.1397     -3138.547
0.9000       514.400205     0.000019048   -499420.1986     -2382.318
0.9500       409.873990     0.000024490   -499524.7249     -1824.419
1.0000       329.416061     0.000019048   -499605.1827     -1411.675
1.1000       217.625648     0.000021769   -499716.9731      -878.390
1.2000       146.781103     0.000013606   -499787.8177      -571.920
1.3000       100.028379     0.000019048   -499834.5705      -382.647
1.4000        68.611802     0.000021769   -499865.9871      -257.426
1.5000        47.538445     0.000021769   -499887.0604      -173.777
1.6000        33.302898     0.000021769   -499901.2961      -118.011
1.7000        23.611734     0.000008163   -499910.9871       -81.035
1.8000        16.937510     0.000005442   -499917.6613       -56.574
1.9000        12.258307     0.000010885   -499922.3405       -40.310
2.0000         8.901825     0.000024490   -499925.6971       -29.339
2.1000         6.440690     0.000016327   -499928.1583       -21.694
2.2000         4.671435     0.000013606   -499929.9274       -16.330
2.3000         3.437093     0.000002721   -499931.1619       -12.468
2.4000         2.580359     0.000016327   -499932.0185        -9.542
2.5000         1.913911     0.000008163   -499932.6850        -7.292
2.6000         1.405079     0.000005442   -499933.1938        -5.410
2.7000         1.026362     0.000016327   -499933.5726        -3.988
2.8000         0.753900     0.000024490   -499933.8450        -2.834
2.9000         0.567447     0.000013606   -499934.0314        -1.955
3.0000         0.450525     0.000008163   -499934.1484        -1.265
3.1000         0.387580     0.000013606   -499934.2112        -0.736
3.2000         0.367123     0.000010885   -499934.2317        -0.358
3.3000         0.379291     0.000021769   -499934.2197        -0.052
3.4000         0.415183     0.000008163   -499934.1838         0.161
3.5000         0.468548     0.000024490   -499934.1304         0.295
3.6000         0.534070     0.000005442   -499934.0648         0.393
3.7000         0.606969     0.000008163   -499933.9919         0.459
3.8000         0.683382     0.000010885   -499933.9155         0.491
3.9000         0.761125     0.000008163   -499933.8379         0.493
4.0000         0.838272     0.000008163   -499933.7606         0.482
5.0000         1.382450     0.000005442   -499933.2164         0.218
6.0000         1.577045     0.000008163   -499933.0218         0.096
7.0000         1.643054     0.000013606   -499932.9560         0.038
8.0000         1.671172     0.000010885   -499932.9277         0.021
9.0000         1.686734     0.000021769   -499932.9122         0.014
10.0000         1.697150     0.000019048   -499932.9018         0.010
100.0000         1.755696     0.000019048   -499932.8433         0.000
1000.0000         1.760017     0.000010885   -499932.8390
