0.0020   8758161.617561     0.000016327   8549970.8002
0.0040   4270015.394256     0.000027211   4061824.5771
0.0060   2785781.108572     0.000005442   2577590.2919
0.0080   2044207.353001     0.000019048   1836016.5364
0.0100   1600836.621671     0.000021769   1392645.8050
0.0120   1306256.937338     0.000019048   1098066.1208
0.0140   1096531.792475     0.000013606    888340.9758
0.0160    940027.408266     0.000008163    731836.5918
0.0180    818901.562940     0.000016327    610710.7464
0.0200    722479.110321     0.000010885    514288.2937
0.0400    300866.436884     0.000019048     92675.6203
0.0600    170812.148248     0.000008163    -37378.6684
0.0800    109791.248761     0.000019048    -98399.5679
0.1000     76186.314333     0.000016327   -132004.5023
0.1200     55500.585601     0.000013606   -152690.2310
0.1400     41688.278484     0.000010885   -166502.5381
0.1600     32131.869968     0.000008163   -176058.9467
0.1800     25370.559134     0.000016327   -182820.2575
0.2000     20480.858939     0.000027211   -187709.9577
0.2400     13975.280187     0.000013606   -194215.5364
0.2800      9691.703234     0.000013606   -198499.1134
0.3200      6960.124036     0.000019048   -201230.6926
0.3600      5163.849992     0.000024490   -203026.9666    -36592.333
0.4000      3946.462764     0.000019048   -204244.3539    -25176.813
0.4500      2915.430793     0.000019048   -205275.3858    -17068.897
0.5000      2168.110170     0.000019048   -206022.7065    -12988.145
0.5500      1613.342085     0.000016327   -206577.4745     -9337.267
0.6000      1217.773820     0.000016327   -206973.0428     -6638.291
0.6500       934.934817     0.000021769   -207255.8818     -4781.224
0.7000       730.148308     0.000010885   -207460.6683     -3530.941
0.7500       576.807474     0.000016327   -207614.0092     -2673.067
0.8000       459.336011     0.000016327   -207731.4806     -2062.033
0.8500       367.919941     0.000010885   -207822.8967     -1616.217
0.9000       295.786209     0.000024490   -207895.0304     -1284.968
0.9500       238.194762     0.000019048   -207952.6219     -1031.338
1.0000       191.913832     0.000016327   -207998.9028      -830.241
1.1000       125.180550     0.000027211   -208065.6361      -538.841
1.2000        82.033376     0.000021769   -208108.7833      -342.310
1.3000        54.891217     0.000024490   -208135.9254      -221.387
1.4000        36.711651     0.000027211   -208154.1050      -148.372
1.5000        23.986416     0.000008163   -208166.8302      -102.402
1.6000        15.053483     0.000016327   -208175.7632       -70.645
1.7000         9.341136     0.000013606   -208181.4755       -47.330
1.8000         5.561403     0.000021769   -208185.2552       -31.232
1.9000         3.109435     0.000005442   -208187.7072       -20.181
2.0000         1.570680     0.000008163   -208189.2460       -12.473
2.1000         0.661721     0.000010885   -208190.1549        -7.140
2.2000         0.185043     0.000024490   -208190.6316        -3.472
2.3000         0.002776     0.000013606   -208190.8139        -0.976
2.4000         0.171981     0.000013606   -208190.6447         0.460
2.5000         0.570596     0.000021769   -208190.2460         1.190
2.6000         0.993480     0.000016327   -208189.8231         1.623
2.7000         1.395047     0.000016327   -208189.4216         1.822
2.8000         1.770597     0.000019048   -208189.0460         1.928
2.9000         2.117838     0.000005442   -208188.6988         1.936
3.0000         2.437303     0.000016327   -208188.3793         1.871
3.1000         2.729028     0.000021769   -208188.0876         1.797
3.2000         2.994383     0.000013606   -208187.8223         1.692
3.3000         3.242205     0.000024490   -208187.5744         1.570
3.4000         3.514052     0.000010885   -208187.3026         1.407
3.5000         3.755905     0.000027211   -208187.0607         1.250
3.6000         3.969680     0.000016327   -208186.8470         1.101
3.7000         4.157199     0.000021769   -208186.6594         0.956
3.8000         4.320549     0.000016327   -208186.4961         0.832
3.9000         4.462225     0.000016327   -208186.3544         0.722
4.0000         4.584434     0.000016327   -208186.2322         0.619
5.0000         5.146870     0.000013606   -208185.6698         0.132
6.0000         5.256844     0.000016327   -208185.5598         0.025
7.0000         5.285430     0.000010885   -208185.5312         0.011
8.0000         5.297438     0.000016327   -208185.5192         0.006
9.0000         5.304644     0.000019048   -208185.5120         0.004
10.0000         5.309735     0.000016327   -208185.5069         0.003
100.0000         5.341148     0.000008163   -208185.4755
1000.0000         5.343632     0.000008163   -208185.4730
