0.0020         0.000000     0.000021769  47159894.9213
0.0040  23496497.072510     0.000010885  22402863.3665
0.0060  15255583.444817     0.000024490  14161949.7379
0.0080  11148739.729863     0.000019048  10055106.0231
0.0100   8692040.301361     0.000024490   7598406.5953
0.0120   7064594.096124     0.000024490   5970960.3896
0.0140   5906833.976505     0.000019048   4813200.2696
0.0160   5043100.983128     0.000019048   3949467.2781
0.0180   4376169.365652     0.000016327   3282535.6605
0.0200   3846291.639907     0.000027211   2752657.9341
0.0400   1544345.063301     0.000019048    450711.3576
0.0600    849717.714248     0.000027211   -243915.9915
0.0800    537383.025981     0.000013606   -556250.6797
0.1000    370433.534535     0.000019048   -723200.1711
0.1200    269633.636327     0.000021769   -824000.0694
0.1400    202285.969354     0.000027211   -891347.7363
0.1600    154149.761098     0.000013606   -939483.9448
0.1800    119668.878160     0.000013606   -973964.8277
0.2000     94845.099891     0.000002721   -998788.6060
0.2400     61783.233171     0.000021769  -1031850.4725
0.2800     41649.899343     0.000019048  -1051983.8065
0.3200     28805.114584     0.000013606  -1064828.5911
0.3600     20685.100507     0.000010885  -1072948.6053
0.4000     15043.124110     0.000002721  -1078590.5816
0.4500     10284.898934     0.000013606  -1083348.8068
0.5000      7306.727900     0.000021769  -1086326.9779    -47394.160
0.5500      5364.449780     0.000010885  -1088269.2561    -31672.235
0.6000      4038.241867     0.000016327  -1089595.4639    -22133.296
0.6500      3094.781932     0.000013606  -1090538.9238    -16029.987
0.7000      2402.900841     0.000016327  -1091230.8048    -11904.780
0.7500      1885.016249     0.000016327  -1091748.6894     -9001.427
0.8000      1490.904093     0.000024490  -1092142.8016     -6902.697
0.8500      1186.208592     0.000024490  -1092447.4971     -5384.398
0.9000       945.171260     0.000024490  -1092688.5346     -4280.277
0.9500       753.333212     0.000013606  -1092880.3724     -3410.166
1.0000       600.777391     0.000002721  -1093032.9282     -2712.253
1.1000       383.630574     0.000010885  -1093250.0752     -1701.657
1.2000       247.544012     0.000027211  -1093386.1618     -1066.548
1.3000       161.776574     0.000016327  -1093471.9291      -676.074
1.4000       106.914350     0.000024490  -1093526.7914      -436.577
1.5000        71.102297     0.000024490  -1093562.6035      -287.947
1.6000        47.218172     0.000008163  -1093586.4875      -193.812
1.7000        30.975393     0.000010885  -1093602.7302      -132.705
1.8000        19.757574     0.000010885  -1093613.9481       -91.951
1.9000        11.930720     0.000013606  -1093621.7750       -64.127
2.0000         6.448168     0.000016327  -1093627.2575       -44.826
2.1000         2.617777     0.000016327  -1093631.0881       -31.112
2.2000        -0.027802     0.000008163  -1093633.7335       -21.347
2.3000        -1.814252     0.000019048  -1093635.5200       -14.314
2.4000        -2.972894     0.000019048  -1093636.6786        -9.159
2.5000        -3.671108     0.000013606  -1093637.3769        -5.498
2.6000        -3.973699     0.000024490  -1093637.6795        -2.947
2.7000        -3.822671     0.000016327  -1093637.5284        -1.475
2.8000        -3.602555     0.000019048  -1093637.3083        -0.476
2.9000        -3.342599     0.000016327  -1093637.0484         0.236
3.0000        -3.063448     0.000008163  -1093636.7693         0.713
3.1000        -2.777361     0.000013606  -1093636.4833         1.012
3.2000        -2.493467     0.000010885  -1093636.1992         1.226
3.3000        -2.217636     0.000021769  -1093635.9235         1.318
3.4000        -1.953073     0.000024490  -1093635.6588         1.367
3.5000        -1.703085     0.000016327  -1093635.4090         1.374
3.6000        -1.468613     0.000019048  -1093635.1744         1.331
3.7000        -1.250127     0.000019048  -1093634.9559         1.280
3.8000        -0.967866     0.000019048  -1093634.6737         1.131
3.9000        -0.688339     0.000027211  -1093634.3940         0.962
4.0000        -0.454585     0.000016327  -1093634.1602         0.809
5.0000         0.535730     0.000021769  -1093633.1700         0.154
6.0000         0.708299     0.000019048  -1093632.9975         0.028
7.0000         0.746934     0.000019048  -1093632.9588         0.009
8.0000         0.760871     0.000016327  -1093632.9450         0.003
9.0000         0.768602     0.000013606  -1093632.9371         0.001
10.0000         0.773911     0.000013606  -1093632.9319         0.001
100.0000         0.806026     0.000019048  -1093632.8998
1000.0000         0.808540     0.000027211  -1093632.8973
