0.0020         0.000000     0.000013606  28963199.0066
0.0040  14432047.331805     0.000019048  13743080.6022
0.0060   9373747.343927     0.000013606   8684780.6166
0.0080   6856132.166877     0.000019048   6167165.4393
0.0100   5351264.219856     0.000010885   4662297.4921
0.0120   4351519.069269     0.000010885   3662552.3405
0.0140   3640382.785924     0.000021769   2951416.0577
0.0160   3110146.782062     0.000019048   2421180.0536
0.0180   2700738.025792     0.000016327   2011771.2974
0.0200   2375816.029408     0.000027211   1686849.3009
0.0400    963935.528852     0.000024490    274968.8003
0.0600    533989.394476     0.000008163   -154977.3341
0.0800    338485.833208     0.000024490   -350480.8953
0.1000    232418.980261     0.000002721   -456547.7484
0.1200    167277.453294     0.000024490   -521689.2753
0.1400    124382.360263     0.000019048   -564584.3683
0.1600     95360.927786     0.000008163   -593605.8008
0.1800     75072.869411     0.000019048   -613893.8590
0.2000     59767.353790     0.000016327   -629199.3748
0.2400     39103.030362     0.000008163   -649863.6981
0.2800     26573.621565     0.000019048   -662393.1070
0.3200     18935.119530     0.000013606   -670031.6090
0.3600     13695.324572     0.000016327   -675271.4041
0.4000     10080.446859     0.000010885   -678886.2816
0.4500      7164.155592     0.000019048   -681802.5729    -45933.565
0.5000      5283.920780     0.000010885   -683682.8077    -30750.064
0.5500      3983.839486     0.000016327   -684982.8890    -21983.225
0.6000      3037.004181     0.000013606   -685929.7242    -16236.593
0.6500      2334.358330     0.000013606   -686632.3701    -12074.770
0.7000      1810.799631     0.000008163   -687155.9288     -9020.292
0.7500      1418.225066     0.000019048   -687548.5035     -6799.328
0.8000      1120.735301     0.000021769   -687845.9932     -5196.192
0.8500       890.881741     0.000013606   -688075.8468     -4054.727
0.9000       708.865963     0.000021769   -688257.8627     -3227.136
0.9500       564.327688     0.000024490   -688402.4009     -2572.883
1.0000       449.254698     0.000013606   -688517.4738     -2041.572
1.1000       286.378427     0.000010885   -688680.3501     -1270.751
1.2000       185.096917     0.000024490   -688781.6317      -793.093
1.3000       121.420710     0.000016327   -688845.3078      -503.571
1.4000        80.580070     0.000016327   -688886.1485      -326.784
1.5000        53.814811     0.000019048   -688912.9137      -216.448
1.6000        35.939898     0.000019048   -688930.7886      -145.852
1.7000        23.825406     0.000024490   -688942.9031       -99.408
1.8000        15.535370     0.000019048   -688951.1933       -68.289
1.9000         9.834082     0.000024490   -688956.8943       -46.961
2.0000         5.914190     0.000005442   -688960.8144       -32.265
2.1000         3.231949     0.000005442   -688963.4966       -21.966
2.2000         1.415463     0.000024490   -688965.3130       -14.811
2.3000         0.207103     0.000013606   -688966.5215        -9.760
2.4000        -0.575252     0.000024490   -688967.3038        -6.184
2.5000        -1.059302     0.000008163   -688967.7879        -3.725
2.6000        -1.335318     0.000008163   -688968.0638        -1.976
2.7000        -1.467905     0.000024490   -688968.1963        -0.817
2.8000        -1.434525     0.000019048   -688968.1631        -0.129
2.9000        -1.358140     0.000013606   -688968.0867         0.251
3.0000        -1.259795     0.000013606   -688967.9884         0.502
3.1000        -1.152773     0.000010885   -688967.8812         0.643
3.2000        -1.044480     0.000019048   -688967.7729         0.690
3.3000        -0.939702     0.000010885   -688967.6682         0.711
3.4000        -0.841496     0.000008163   -688967.5699         0.701
3.5000        -0.750828     0.000010885   -688967.4793         0.661
3.6000        -0.667950     0.000008163   -688967.3966         0.618
3.7000        -0.593301     0.000010885   -688967.3218         0.575
3.8000        -0.526516     0.000021769   -688967.2551         0.524
3.9000        -0.466659     0.000008163   -688967.1952         0.477
4.0000        -0.413148     0.000010885   -688967.1416         0.430
5.0000        -0.095727     0.000024490   -688966.8243         0.102
6.0000        -0.030216     0.000019048   -688966.7588         0.035
7.0000        -0.013140     0.000019048   -688966.7416         0.010
8.0000        -0.005290     0.000010885   -688966.7337         0.006
9.0000        -0.000259     0.000010885   -688966.7288         0.004
10.0000         0.003388     0.000013606   -688966.7253         0.003
100.0000         0.026365     0.000024490   -688966.7022
1000.0000         0.028207     0.000013606   -688966.7002
