0.0020   2366492.820638     0.000008163   2256349.5274
0.0040   1157646.326039     0.000005442   1047503.0327
0.0060    755800.905120     0.000021769    645657.6116
0.0080    555626.630729     0.000005442    445483.3374
0.0100    435981.961522     0.000008163    325838.6681
0.0120    356522.611188     0.000013606    246379.3178
0.0140    299993.302752     0.000010885    189850.0094
0.0160    257813.292756     0.000016327    147669.9994
0.0180    225159.229472     0.000016327    115015.9361
0.0200    199171.552438     0.000024490     89028.2591
0.0400     84505.863799     0.000027211    -25637.4296
0.0600     48728.522843     0.000024490    -61414.7705
0.0800     32007.357325     0.000021769    -78135.9360
0.1000     22533.581337     0.000008163    -87609.7120
0.1200     16600.168187     0.000016327    -93543.1252
0.1400     12668.474887     0.000016327    -97474.8185
0.1600      9960.455286     0.000016327   -100182.8381
0.1800      8029.523363     0.000019048   -102113.7700
0.2000      6573.844955     0.000024490   -103569.4484
0.2400      4518.186616     0.000016327   -105625.1068    -40898.537
0.2800      3183.257799     0.000019048   -106960.0356    -26912.867
0.3200      2297.867143     0.000021769   -107845.4262    -18002.917
0.3600      1700.929236     0.000010885   -108442.3641    -12251.476
0.4000      1290.673359     0.000008163   -108852.6200     -8525.717
0.4500       942.477528     0.000024490   -109200.8158     -5661.568
0.5000       704.554627     0.000024490   -109438.7387     -4005.755
0.5500       531.157701     0.000021769   -109612.1357     -3004.914
0.6000       399.411600     0.000024490   -109743.8818     -2305.594
0.6500       298.531055     0.000021769   -109844.7623     -1755.630
0.7000       222.536179     0.000019048   -109920.7572     -1316.747
0.7500       165.633857     0.000021769   -109977.6595      -980.680
0.8000       123.242206     0.000021769   -110020.0512      -730.113
0.8500        91.621992     0.000019048   -110051.6714      -544.952
0.9000        67.983145     0.000021769   -110075.3102      -408.602
0.9500        50.201651     0.000016327   -110093.0917      -308.464
1.0000        36.735504     0.000008163   -110106.5579      -234.927
1.1000        18.478796     0.000019048   -110124.8146      -140.145
1.2000         7.466679     0.000013606   -110135.8267       -85.143
1.3000         0.819771     0.000016327   -110142.4736       -50.435
1.4000        -2.894060     0.000024490   -110146.1874       -27.947
1.5000        -4.531468     0.000024490   -110147.8248       -14.098
1.6000        -5.176810     0.000019048   -110148.4702        -5.068
1.7000        -5.192655     0.000013606   -110148.4860         0.557
1.8000        -4.827348     0.000019048   -110148.1207         3.918
1.9000        -4.248246     0.000021769   -110147.5416         5.737
2.0000        -3.565966     0.000013606   -110146.8594         6.606
2.1000        -2.850946     0.000013606   -110146.1443         6.817
2.2000        -2.144721     0.000027211   -110145.4381         6.676
2.3000        -1.250911     0.000019048   -110144.5443         5.907
2.4000        -0.327843     0.000013606   -110143.6212         4.955
2.5000         0.414430     0.000024490   -110142.8790         4.209
2.6000         1.019766     0.000002721   -110142.2736         3.602
2.7000         1.521373     0.000019048   -110141.7720         3.098
2.8000         2.002250     0.000019048   -110141.2911         2.612
2.9000         2.409716     0.000013606   -110140.8836         2.203
3.0000         2.750150     0.000016327   -110140.5432         1.847
3.1000         3.036038     0.000024490   -110140.2574         1.556
3.2000         3.275994     0.000021769   -110140.0174         1.314
3.3000         3.477279     0.000010885   -110139.8161         1.111
3.4000         3.646357     0.000008163   -110139.6470         0.935
3.5000         3.789018     0.000013606   -110139.5044         0.787
3.6000         3.909505     0.000024490   -110139.3839         0.668
3.7000         4.010894     0.000021769   -110139.2825         0.568
3.8000         4.096221     0.000016327   -110139.1972         0.487
3.9000         4.168141     0.000005442   -110139.1252         0.417
4.0000         4.228991     0.000013606   -110139.0644         0.356
5.0000         4.521086     0.000021769   -110138.7723         0.088
6.0000         4.613232     0.000024490   -110138.6802         0.058
7.0000         4.659418     0.000013606   -110138.6340         0.026
8.0000         4.689397     0.000002721   -110138.6040         0.018
9.0000         4.710864     0.000019048   -110138.5825         0.014
10.0000         4.727074     0.000013606   -110138.5663         0.010
100.0000         4.836886     0.000008163   -110138.4565         0.000
1000.0000         4.846192     0.000005442   -110138.4472
