0.0020   2111591.197432     0.000013606   2079398.3921
0.0040   1035688.163496     0.000019048   1003495.3582
0.0060    677399.779200     0.000027211    645206.9740
0.0080    498730.420388     0.000010885    466537.6151
0.0100    391810.436085     0.000021769    359617.6309
0.0120    320724.461557     0.000010885    288531.6562
0.0140    270216.568615     0.000005442    238023.7634
0.0160    232445.492204     0.000024490    200252.6869
0.0180    203234.668892     0.000008163    171041.8636
0.0200    180012.270155     0.000008163    147819.4649
0.0400     77415.102297     0.000021769     45222.2970
0.0600     44824.434442     0.000027211     12631.6292
0.0800     29506.230197     0.000005442     -2686.5751
0.1000     20914.232364     0.000024490    -11278.5729
0.1200     15514.699081     0.000027211    -16678.1062
0.1400     11851.632717     0.000013606    -20341.1725
0.1600      9258.781521     0.000013606    -22934.0237
0.1800      7371.046633     0.000008163    -24821.7586
0.2000      5968.647780     0.000013606    -26224.1575
0.2400      4098.315797     0.000010885    -28094.4894    -35586.795
0.2800      2970.629015     0.000024490    -29222.1762    -22173.528
0.3200      2214.192520     0.000027211    -29978.6127    -16850.185
0.3600      1638.785877     0.000008163    -30554.0194    -12092.094
0.4000      1229.249619     0.000019048    -30963.5556     -8578.030
0.4500       879.191481     0.000008163    -31313.6138     -5637.656
0.5000       646.910504     0.000021769    -31545.8948     -3785.941
0.5500       488.971131     0.000013606    -31703.8341     -2608.589
0.6000       378.780069     0.000005442    -31814.0252     -1845.073
0.6500       299.853600     0.000019048    -31892.9516     -1341.715
0.7000       241.564196     0.000024490    -31951.2410     -1011.593
0.7500       196.656696     0.000008163    -31996.1486      -800.994
0.8000       161.083924     0.000027211    -32031.7213      -673.348
0.8500       130.772083     0.000016327    -32062.0332      -572.246
0.9000       104.812006     0.000016327    -32087.9932      -476.033
0.9500        83.150981     0.000024490    -32109.6543      -386.633
1.0000        65.521164     0.000019048    -32127.2841      -308.650
1.1000        40.249208     0.000027211    -32152.5560      -191.065
1.2000        24.810992     0.000013606    -32167.9943      -116.391
1.3000        15.737308     0.000013606    -32177.0680       -72.178
1.4000        10.251284     0.000024490    -32182.5540       -46.802
1.5000         6.732570     0.000016327    -32186.0727       -31.876
1.6000         4.367731     0.000005442    -32188.4375       -22.574
1.7000         2.718018     0.000008163    -32190.0872       -16.323
1.8000         1.543659     0.000019048    -32191.2616       -11.785
1.9000         0.708411     0.000013606    -32192.0968        -8.339
2.0000         0.126362     0.000027211    -32192.6789        -5.731
2.1000        -0.264555     0.000016327    -32193.0698        -3.751
2.2000        -0.513000     0.000010885    -32193.3182        -2.256
2.3000        -0.653884     0.000016327    -32193.4591        -1.122
2.4000        -0.706389     0.000010885    -32193.5116        -0.292
2.5000        -0.616700     0.000016327    -32193.4219         0.193
2.6000        -0.501242     0.000021769    -32193.3065         0.556
2.7000        -0.370119     0.000021769    -32193.1754         0.799
2.8000        -0.231055     0.000019048    -32193.0363         0.913
2.9000        -0.089732     0.000016327    -32192.8950         0.990
3.0000         0.050575     0.000024490    -32192.7547         1.019
3.1000         0.187418     0.000013606    -32192.6178         1.009
3.2000         0.319584     0.000013606    -32192.4857         0.978
3.3000         0.447856     0.000021769    -32192.3574         0.936
3.4000         0.595301     0.000021769    -32192.2100         0.875
3.5000         0.731943     0.000013606    -32192.0733         0.807
3.6000         0.857981     0.000013606    -32191.9473         0.738
3.7000         0.973754     0.000008163    -32191.8315         0.675
3.8000         1.079618     0.000019048    -32191.7256         0.610
3.9000         1.175663     0.000010885    -32191.6296         0.549
4.0000         1.262397     0.000005442    -32191.5429         0.494
5.0000         1.746797     0.000010885    -32191.0584         0.148
6.0000         1.874762     0.000019048    -32190.9305         0.045
7.0000         1.904705     0.000013606    -32190.9005         0.011
8.0000         1.911407     0.000010885    -32190.8938         0.003
9.0000         1.912640     0.000024490    -32190.8926         0.000
10.0000         1.912757     0.000002721    -32190.8925         0.000
100.0000         1.911832     0.000021769    -32190.8934
1000.0000         1.911748     0.000019048    -32190.8935
