0.0020  23528384.439992     0.000021769  23015437.6817
0.0040  11465717.640983     0.000019048  10952770.8826
0.0060   7452969.593735     0.000021769   6940022.8364
0.0080   5453100.670980     0.000019048   4940153.9138
0.0100   4257705.185260     0.000024490   3744758.4277
0.0120   3463880.846339     0.000010885   2950934.0867
0.0140   2899679.346263     0.000019048   2386732.5879
0.0160   2478642.968174     0.000013606   1965696.2098
0.0180   2153659.776571     0.000019048   1640713.0182
0.0200   1895735.047337     0.000013606   1382788.2891
0.0400    774046.143836     0.000008163    261099.3855
0.0600    432661.317224     0.000013606    -80285.4411
0.0800    276372.321456     0.000013606   -236574.4369
0.1000    189706.590300     0.000019048   -323240.1681
0.1200    136523.509450     0.000013606   -376423.2489
0.1400    101319.786288     0.000021769   -411626.9721
0.1600     77061.826863     0.000016327   -435884.9316
0.1800     60028.474471     0.000021769   -452918.2840
0.2000     47812.707563     0.000016327   -465134.0508
0.2400     31617.482876     0.000021769   -481329.2756
0.2800     21533.273519     0.000019048   -491413.4848
0.3200     15135.569068     0.000027211   -497811.1893
0.3600     10897.258690     0.000021769   -502049.4997
0.4000      8101.777309     0.000019048   -504844.9811
0.4500      5651.327797     0.000019048   -507295.4305    -40459.582
0.5000      4012.924958     0.000019048   -508933.8335    -26072.552
0.5500      2947.232948     0.000016327   -509999.5254    -17309.856
0.6000      2221.974571     0.000024490   -510724.7837    -12158.265
0.6500      1699.034447     0.000019048   -511247.7238     -8983.935
0.7000      1306.288393     0.000013606   -511640.4700     -6827.165
0.7500      1006.534262     0.000024490   -511940.2242     -5221.062
0.8000       777.638711     0.000008163   -512169.1197     -3981.448
0.8500       603.474645     0.000019048   -512343.2837     -3024.567
0.9000       471.392039     0.000010885   -512475.3662     -2293.198
0.9500       371.143354     0.000016327   -512575.6149     -1744.939
1.0000       294.598470     0.000008163   -512652.1598     -1337.116
1.1000       190.412081     0.000005442   -512756.3462      -799.266
1.2000       126.697367     0.000016327   -512820.0609      -499.724
1.3000        86.368707     0.000010885   -512860.3895      -322.271
1.4000        60.065856     0.000021769   -512886.6926      -212.189
1.5000        42.536917     0.000027211   -512904.2214      -142.442
1.6000        30.622617     0.000027211   -512916.1356       -97.124
1.7000        22.384073     0.000027211   -512924.3744       -67.304
1.8000        16.589036     0.000024490   -512930.1693       -47.287
1.9000        12.442267     0.000016327   -512934.3161       -33.734
2.0000         9.420229     0.000013606   -512937.3382       -24.424
2.1000         7.174470     0.000005442   -512939.5839       -17.960
2.2000         5.472971     0.000019048   -512941.2855       -13.358
2.3000         4.159510     0.000019048   -512942.5990       -10.127
2.4000         3.128053     0.000024490   -512943.6303        -7.699
2.5000         2.305915     0.000016327   -512944.4523        -5.946
2.6000         1.642831     0.000016327   -512945.1155        -4.583
2.7000         1.103983     0.000005442   -512945.6543        -3.574
2.8000         0.687232     0.000005442   -512946.0711        -2.748
2.9000         0.449293     0.000016327   -512946.3090        -2.086
3.0000         0.271104     0.000021769   -512946.4872        -1.550
3.1000         0.138566     0.000008163   -512946.6197        -1.146
3.2000         0.041263     0.000027211   -512946.7171        -0.853
3.3000        -0.029290     0.000010885   -512946.7876        -0.603
3.4000        -0.079770     0.000021769   -512946.8382        -0.422
3.5000        -0.114767     0.000013606   -512946.8731        -0.301
3.6000        -0.138242     0.000024490   -512946.8965        -0.200
3.7000        -0.153162     0.000013606   -512946.9114        -0.116
3.8000        -0.161720     0.000024490   -512946.9201        -0.060
3.9000        -0.165521     0.000019048   -512946.9239        -0.024
4.0000        -0.165723     0.000013606   -512946.9239         0.007
5.0000        -0.106729     0.000008163   -512946.8652         0.061
6.0000        -0.061484     0.000013606   -512946.8197         0.026
7.0000        -0.044934     0.000010885   -512946.8034         0.007
8.0000        -0.040156     0.000005442   -512946.7985         0.001
9.0000        -0.038937     0.000005442   -512946.7974        -0.000
10.0000        -0.038640     0.000005442   -512946.7969        -0.001
100.0000        -0.038556     0.000005442   -512946.7969
1000.0000        -0.038556     0.000005442   -512946.7969
