0.0020   8982011.874660     0.000013606   8698732.5007
0.0040   4381078.569123     0.000005442   4097799.1964
0.0060   2852368.133759     0.000019048   2569088.7601
0.0080   2091938.277587     0.000013606   1808658.9039
0.0100   1637953.004480     0.000021769   1354673.6309
0.0120   1336709.430605     0.000027211   1053430.0571
0.0140   1122178.142583     0.000016327    838898.7689
0.0160    961782.771931     0.000021769    678503.3982
0.0180    837593.330813     0.000019048    554313.9573
0.0200    738781.130213     0.000027211    455501.7565
0.0400    307233.391127     0.000019048     23954.0175
0.0600    173632.570365     0.000008163   -109646.8033
0.0800    111676.896929     0.000010885   -171602.4767
0.1000     77569.989569     0.000010885   -205709.3840
0.1200     56390.270643     0.000019048   -226889.1030
0.1400     42340.133527     0.000021769   -240939.2401
0.1600     32685.700801     0.000010885   -250593.6728
0.1800     25846.412952     0.000016327   -257432.9607
0.2000     20857.006534     0.000016327   -262422.3671
0.2400     13946.546744     0.000024490   -269332.8269
0.2800      9584.083643     0.000010885   -273695.2899
0.3200      6805.353907     0.000019048   -276474.0197
0.3600      4980.617627     0.000024490   -278298.7560    -37186.781
0.4000      3741.972615     0.000019048   -279537.4011    -25708.470
0.4500      2676.082992     0.000021769   -280603.2905    -17773.768
0.5000      1920.431037     0.000019048   -281358.9425    -12614.444
0.5500      1393.416170     0.000016327   -281885.9573     -8691.774
0.6000      1030.894643     0.000019048   -282248.4790     -5993.080
0.6500       779.288503     0.000010885   -282500.0851     -4202.132
0.7000       600.747780     0.000008163   -282678.6259     -3024.907
0.7500       469.800257     0.000016327   -282809.5734     -2269.022
0.8000       368.977240     0.000013606   -282910.3965     -1786.420
0.8500       289.013489     0.000027211   -282990.3602     -1426.254
0.9000       225.708277     0.000027211   -283053.6653     -1121.784
0.9500       176.377833     0.000008163   -283102.9957      -865.837
1.0000       138.567354     0.000019048   -283140.8062      -658.920
1.1000        88.343465     0.000024490   -283191.0300      -373.423
1.2000        59.426720     0.000021769   -283219.9468      -217.964
1.3000        42.148640     0.000021769   -283237.2249      -151.603
1.4000        29.993141     0.000024490   -283249.3805      -107.541
1.5000        21.476836     0.000013606   -283257.8969       -74.480
1.6000        15.735297     0.000010885   -283263.6382       -51.318
1.7000        11.769838     0.000008163   -283267.6037       -34.978
1.8000         9.065482     0.000010885   -283270.3080       -23.607
1.9000         7.243407     0.000005442   -283272.1301       -15.755
2.0000         6.043273     0.000019048   -283273.3304       -10.466
2.1000         5.447697     0.000005442   -283273.9260        -7.068
2.2000         5.263674     0.000005442   -283274.1100        -5.201
2.3000         5.239116     0.000024490   -283274.1345        -4.022
2.4000         5.166367     0.000024490   -283274.2071        -3.309
2.5000         5.052729     0.000016327   -283274.3209        -2.775
2.6000         4.927244     0.000002721   -283274.4463        -2.448
2.7000         4.801045     0.000024490   -283274.5726        -2.251
2.8000         4.650542     0.000021769   -283274.7230        -1.975
2.9000         4.495127     0.000013606   -283274.8784        -1.744
3.0000         4.350074     0.000016327   -283275.0235        -1.479
3.1000         4.247440     0.000005442   -283275.1260        -1.206
3.2000         4.158835     0.000024490   -283275.2148        -0.951
3.3000         4.084880     0.000019048   -283275.2888        -0.750
3.4000         4.025654     0.000008163   -283275.3478        -0.548
3.5000         3.979936     0.000024490   -283275.3938        -0.366
3.6000         3.946482     0.000019048   -283275.4270        -0.213
3.7000         3.937935     0.000010885   -283275.4357        -0.111
3.8000         3.950964     0.000019048   -283275.4227        -0.010
3.9000         3.973313     0.000005442   -283275.4003         0.070
4.0000         4.002296     0.000008163   -283275.3712         0.127
5.0000         4.370305     0.000013606   -283275.0033         0.181
6.0000         4.573803     0.000024490   -283274.7998         0.088
7.0000         4.644036     0.000019048   -283274.7296         0.029
8.0000         4.665794     0.000010885   -283274.7078         0.011
9.0000         4.672722     0.000008163   -283274.7010         0.004
10.0000         4.675326     0.000013606   -283274.6983         0.002
100.0000         4.682728     0.000005442   -283274.6909
1000.0000         4.683215     0.000021769   -283274.6904
