0.0020   9148987.755373     0.000024490   8988576.1845
0.0040   4476472.676396     0.000021769   4316061.1044
0.0060   2920544.756773     0.000016327   2760133.1849
0.0080   2144326.245422     0.000010885   1983914.6740
0.0100   1679884.576825     0.000024490   1519473.0055
0.0120   1371133.718080     0.000016327   1210722.1465
0.0140   1151551.002740     0.000021769    991139.4314
0.0160    987334.453589     0.000021769    826922.8822
0.0180    860179.449051     0.000010885    699767.8778
0.0200    758830.944596     0.000021769    598419.3732
0.0400    315341.419890     0.000013606    154929.8485
0.0600    178493.506507     0.000019048     18081.9351
0.0800    114844.716533     0.000016327    -45566.8549
0.1000     79750.227926     0.000016327    -80661.3435
0.1200     58130.894585     0.000024490   -102280.6768
0.1400     43680.657127     0.000002721   -116730.9143
0.1600     33615.508186     0.000019048   -126796.0632
0.1800     26465.423544     0.000016327   -133946.1478
0.2000     21291.168472     0.000024490   -139120.4029
0.2400     14507.620485     0.000008163   -145903.9509
0.2800     10057.501611     0.000010885   -150354.0698
0.3200      7212.335366     0.000019048   -153199.2360
0.3600      5283.251051     0.000024490   -155128.3204    -40059.020
0.4000      3942.505392     0.000021769   -156469.0660    -27702.085
0.4500      2826.516618     0.000010885   -157585.0548    -17781.066
0.5000      2090.825724     0.000019048   -158320.7457    -12368.362
0.5500      1530.395483     0.000024490   -158881.1759     -9808.677
0.6000      1117.386781     0.000016327   -159294.1846     -6840.857
0.6500       830.545317     0.000024490   -159581.0261     -4755.292
0.7000       629.646000     0.000021769   -159781.9254     -3361.624
0.7500       486.070103     0.000027211   -159925.5013     -2432.450
0.8000       380.874498     0.000013606   -160030.6969     -1806.798
0.8500       301.782787     0.000024490   -160109.7886     -1377.248
0.9000       240.900108     0.000024490   -160170.6713     -1074.207
0.9500       193.020331     0.000024490   -160218.5511      -851.444
1.0000       154.860000     0.000013606   -160256.7114      -680.914
1.1000        99.585426     0.000013606   -160311.9860      -438.843
1.2000        64.434425     0.000016327   -160347.1370      -282.122
1.3000        41.907885     0.000019048   -160369.6635      -183.995
1.4000        27.114390     0.000021769   -160384.4570      -121.617
1.5000        17.320709     0.000016327   -160394.2507       -80.274
1.6000        10.845701     0.000016327   -160400.7257       -52.758
1.7000         6.835222     0.000024490   -160404.7362       -34.774
1.8000         4.298508     0.000013606   -160407.2729       -22.816
1.9000         2.697711     0.000008163   -160408.8737       -14.768
2.0000         1.713216     0.000010885   -160409.8582        -9.371
2.1000         1.137325     0.000021769   -160410.4341        -5.617
2.2000         0.831458     0.000027211   -160410.7400        -3.095
2.3000         0.703366     0.000027211   -160410.8680        -1.383
2.4000         0.690720     0.000016327   -160410.8807        -0.227
2.5000         0.751535     0.000013606   -160410.8199         0.508
2.6000         0.858332     0.000021769   -160410.7131         1.007
2.7000         0.991866     0.000021769   -160410.5795         1.292
2.8000         1.236029     0.000010885   -160410.3354         1.402
2.9000         1.499176     0.000019048   -160410.0722         1.415
3.0000         1.743905     0.000013606   -160409.8275         1.390
3.1000         1.969174     0.000013606   -160409.6022         1.307
3.2000         2.175763     0.000024490   -160409.3956         1.235
3.3000         2.363995     0.000021769   -160409.2074         1.151
3.4000         2.535422     0.000024490   -160409.0360         1.056
3.5000         2.691651     0.000008163   -160408.8798         0.972
3.6000         2.833446     0.000019048   -160408.7380         0.896
3.7000         2.962034     0.000027211   -160408.6094         0.818
3.8000         3.103718     0.000019048   -160408.4677         0.728
3.9000         3.232472     0.000019048   -160408.3389         0.649
4.0000         3.347350     0.000016327   -160408.2240         0.576
5.0000         3.961386     0.000027211   -160407.6100         0.154
6.0000         4.113920     0.000021769   -160407.4575         0.036
7.0000         4.148606     0.000021769   -160407.4228         0.009
8.0000         4.157569     0.000024490   -160407.4138         0.002
9.0000         4.160753     0.000027211   -160407.4106         0.001
10.0000         4.162402     0.000024490   -160407.4090         0.000
100.0000         4.170677     0.000013606   -160407.4007
1000.0000         4.171308     0.000013606   -160407.4001
