0.0020         0.000000     0.000013606  44783878.7085
0.0040  22281043.568675     0.000013606  21247068.6875
0.0060  14458253.334122     0.000013606  13424278.4528
0.0080  10557358.820536     0.000010885   9523383.9383
0.0100   8223396.886628     0.000010885   7189422.0046
0.0120   6677764.761800     0.000019048   5643789.8815
0.0140   5580563.767158     0.000016327   4546588.8865
0.0160   4763196.626172     0.000024490   3729221.7464
0.0180   4132859.334938     0.000021769   3098884.4550
0.0200   3632068.995105     0.000016327   2598094.1142
0.0400   1460984.322965     0.000027211    427009.4420
0.0600    807208.734507     0.000019048   -226766.1464
0.0800    511076.719309     0.000013606   -522898.1617
0.1000    351273.774278     0.000008163   -682701.1068
0.1200    255513.598185     0.000019048   -778461.2828
0.1400    191718.259545     0.000016327   -842256.6214
0.1600    146467.680138     0.000005442   -887507.2010
0.1800    113750.303375     0.000010885   -920224.5775
0.2000     89998.757295     0.000019048   -943976.1237
0.2400     58734.961216     0.000019048   -975239.9197
0.2800     39631.356396     0.000016327   -994343.5246
0.3200     27430.324506     0.000021769  -1006544.5564
0.3600     19546.148964     0.000021769  -1014428.7319
0.4000     14344.146119     0.000010885  -1019630.7347
0.4500      9724.374134     0.000005442  -1024250.5068
0.5000      6819.032825     0.000019048  -1027155.8482    -46033.299
0.5500      4941.294425     0.000016327  -1029033.5866    -30407.684
0.6000      3675.024121     0.000005442  -1030299.8567    -20976.525
0.6500      2785.537665     0.000008163  -1031189.3434    -15009.106
0.7000      2141.057077     0.000019048  -1031833.8238    -11023.189
0.7500      1663.298825     0.000010885  -1032311.5822     -8251.130
0.8000      1303.066580     0.000016327  -1032671.8145     -6268.264
0.8500      1027.783518     0.000016327  -1032947.0975     -4818.851
0.9000       815.136532     0.000016327  -1033159.7445     -3740.538
0.9500       649.424742     0.000013606  -1033325.4562     -2926.841
1.0000       519.318064     0.000019048  -1033455.5629     -2305.765
1.1000       334.750950     0.000021769  -1033640.1301     -1457.999
1.2000       217.360277     0.000024490  -1033757.5206      -945.279
1.3000       141.430921     0.000016327  -1033833.4500      -612.688
1.4000        91.889725     0.000016327  -1033882.9913      -399.580
1.5000        59.228240     0.000013606  -1033915.6526      -263.610
1.6000        37.529789     0.000019048  -1033937.3512      -175.101
1.7000        23.077854     0.000024490  -1033951.8032      -116.654
1.8000        13.460313     0.000013606  -1033961.4205       -77.681
1.9000         7.078147     0.000024490  -1033967.8027       -51.588
2.0000         2.871893     0.000024490  -1033972.0090       -33.955
2.1000         0.133515     0.000024490  -1033974.7473       -22.008
2.2000        -1.612795     0.000019048  -1033976.4937       -13.894
2.3000        -2.688848     0.000021769  -1033977.5697        -8.429
2.4000        -3.313404     0.000019048  -1033978.1945        -4.714
2.5000        -3.635989     0.000024490  -1033978.5169        -2.226
2.6000        -3.758569     0.000021769  -1033978.6396        -0.610
2.7000        -3.751461     0.000016327  -1033978.6326         0.463
2.8000        -3.653639     0.000013606  -1033978.5346         1.075
2.9000        -3.495094     0.000016327  -1033978.3760         1.450
3.0000        -3.316133     0.000019048  -1033978.1972         1.619
3.1000        -3.130255     0.000024490  -1033978.0113         1.658
3.2000        -2.947136     0.000024490  -1033977.8282         1.647
3.3000        -2.772452     0.000016327  -1033977.6535         1.554
3.4000        -2.609094     0.000016327  -1033977.4899         1.451
3.5000        -2.459774     0.000010885  -1033977.3408         1.341
3.6000        -2.319829     0.000024490  -1033977.2007         1.196
3.7000        -2.141510     0.000019048  -1033977.0225         1.046
3.8000        -1.951043     0.000016327  -1033976.8320         0.899
3.9000        -1.787272     0.000013606  -1033976.6682         0.767
4.0000        -1.646869     0.000013606  -1033976.5278         0.644
5.0000        -1.009067     0.000005442  -1033975.8899         0.100
6.0000        -0.912395     0.000002721  -1033975.7933         0.012
7.0000        -0.892926     0.000019048  -1033975.7740         0.002
8.0000        -0.884751     0.000013606  -1033975.7658
9.0000        -0.879426     0.000013606  -1033975.7604        -0.000
10.0000        -0.875475     0.000016327  -1033975.7563        -0.001
100.0000        -0.850432     0.000019048  -1033975.7313
1000.0000        -0.848435     0.000002721  -1033975.7294
