0.0020  10505826.620783     0.000027211  10058033.1176
0.0040   5117834.514090     0.000010885   4670041.0119
0.0060   3328645.502019     0.000019048   2880851.9989
0.0080   2438157.589636     0.000008163   1990364.0878
0.0100   1906621.667656     0.000019048   1458828.1659
0.0120   1554041.685432     0.000019048   1106248.1835
0.0140   1303354.742546     0.000010885    855561.2406
0.0160   1116314.360173     0.000027211    668520.8584
0.0180    971364.242967     0.000024490    523570.7411
0.0200    856184.853148     0.000010885    408391.3512
0.0400    354976.475240     0.000010885    -92817.0266
0.0600    199786.144772     0.000024490   -248007.3571
0.0800    128504.092173     0.000010885   -319289.4097
0.1000     89042.571847     0.000019048   -358750.9300
0.1200     64722.894355     0.000024490   -383070.6076
0.1400     48759.312257     0.000016327   -399034.1897
0.1600     37816.425465     0.000010885   -409977.0763
0.1800     29787.655303     0.000019048   -418005.8466
0.2000     23766.890513     0.000016327   -424026.6115
0.2400     15646.635648     0.000021769   -432146.8662
0.2800     10753.429260     0.000008163   -437040.0725
0.3200      7678.896691     0.000021769   -440114.6051
0.3600      5633.554516     0.000019048   -442159.9472    -42493.312
0.4000      4183.693813     0.000013606   -443609.8080    -30712.033
0.4500      2925.211445     0.000027211   -444868.2904    -20302.145
0.5000      2093.797758     0.000010885   -445699.7041    -13459.830
0.5500      1537.487891     0.000016327   -446256.0139     -9134.315
0.6000      1154.369561     0.000024490   -446639.1324     -6407.621
0.6500       880.720473     0.000010885   -446912.7814     -4674.408
0.7000       677.256334     0.000027211   -447116.2456     -3539.107
0.7500       521.543907     0.000024490   -447271.9579     -2722.813
0.8000       401.956660     0.000024490   -447391.5452     -2082.587
0.8500       310.845320     0.000008163   -447482.6566     -1582.387
0.9000       241.682411     0.000027211   -447551.8195     -1201.827
0.9500       189.219000     0.000008163   -447604.2828      -919.457
1.0000       148.905921     0.000021769   -447644.5960      -711.624
1.1000        92.725550     0.000019048   -447700.7763      -437.019
1.2000        57.725491     0.000024490   -447735.7764      -277.476
1.3000        35.239903     0.000019048   -447758.2620      -180.756
1.4000        20.464521     0.000021769   -447773.0373      -117.470
1.5000        10.908673     0.000021769   -447782.5931       -74.531
1.6000         5.280244     0.000016327   -447788.2215       -46.160
1.7000         1.919897     0.000016327   -447791.5818       -27.656
1.8000         0.019252     0.000010885   -447793.4826       -15.840
1.9000        -0.885086     0.000024490   -447794.3871        -8.714
2.0000        -1.224456     0.000013606   -447794.7264        -4.789
2.1000        -1.320760     0.000016327   -447794.8227        -2.438
2.2000        -1.195337     0.000021769   -447794.6973        -1.423
2.3000        -1.055032     0.000019048   -447794.5569        -0.683
2.4000        -0.924358     0.000021769   -447794.4263        -0.327
2.5000        -0.801939     0.000024490   -447794.3038         0.088
2.6000        -0.680726     0.000013606   -447794.1827         0.386
2.7000        -0.552930     0.000021769   -447794.0548         0.624
2.8000        -0.416786     0.000024490   -447793.9188         0.869
2.9000        -0.271972     0.000021769   -447793.7737         1.013
3.0000        -0.120566     0.000016327   -447793.6224         1.103
3.1000         0.034466     0.000016327   -447793.4673         1.163
3.2000         0.189623     0.000016327   -447793.3122         1.202
3.3000         0.343383     0.000019048   -447793.1585         1.176
3.4000         0.493315     0.000019048   -447793.0085         1.162
3.5000         0.636872     0.000010885   -447792.8649         1.124
3.6000         0.773274     0.000019048   -447792.7285         1.105
3.7000         0.902305     0.000024490   -447792.5995         1.012
3.8000         1.052063     0.000019048   -447792.4499         0.947
3.9000         1.192333     0.000027211   -447792.3095         0.876
4.0000         1.319769     0.000027211   -447792.1821         0.803
5.0000         2.090295     0.000024490   -447791.4115         0.279
6.0000         2.298397     0.000021769   -447791.2033         0.065
7.0000         2.342743     0.000019048   -447791.1593         0.023
8.0000         2.351688     0.000005442   -447791.1503         0.009
9.0000         2.353527     0.000005442   -447791.1484         0.005
10.0000         2.353963     0.000013606   -447791.1478         0.003
100.0000         2.352975     0.000016327   -447791.1489
1000.0000         2.352812     0.000005442   -447791.1492
