0.0020  10375940.180667     0.000027211   9888181.4723
0.0040   5053980.031408     0.000024490   4566221.3237
0.0060   3286332.442890     0.000027211   2798573.7362
0.0080   2406814.108448     0.000024490   1919055.4014
0.0100   1881679.196739     0.000016327   1393920.4897
0.0120   1533376.382854     0.000019048   1045617.6759
0.0140   1285919.155861     0.000013606    798160.4489
0.0160   1101442.208086     0.000010885    613683.5011
0.0180    958382.349254     0.000019048    470623.6422
0.0200    844605.806136     0.000016327    356847.0991
0.0400    350176.815086     0.000013606   -137581.8920
0.0600    197239.837991     0.000010885   -290518.8691
0.0800    127000.846591     0.000008163   -360757.8605
0.1000     88064.747733     0.000010885   -399693.9594
0.1200     63921.833791     0.000021769   -423836.8732
0.1400     48139.198818     0.000024490   -439619.5082
0.1600     37345.447369     0.000016327   -450413.2597
0.1800     29414.477875     0.000019048   -458344.2292
0.2000     23462.314533     0.000008163   -464296.3926
0.2400     15461.132993     0.000021769   -472297.5740
0.2800     10664.154705     0.000021769   -477094.5524
0.3200      7646.516607     0.000013606   -480112.1904
0.3600      5627.165819     0.000013606   -482131.5413    -42078.638
0.4000      4192.068972     0.000021769   -483566.6382    -30363.147
0.4500      2950.143816     0.000021769   -484808.5633    -20041.020
0.5000      2127.463243     0.000016327   -485631.2438    -13332.361
0.5500      1575.701712     0.000027211   -486183.0055     -9072.467
0.6000      1194.230128     0.000024490   -486564.4769     -6395.841
0.6500       919.582050     0.000013606   -486839.1250     -4735.421
0.7000       710.779196     0.000010885   -487047.9279     -3658.278
0.7500       549.830591     0.000016327   -487208.8765     -2809.654
0.8000       426.859000     0.000019048   -487331.8480     -2135.746
0.8500       333.495139     0.000010885   -487425.2120     -1621.177
0.9000       262.471213     0.000021769   -487496.2359     -1237.066
0.9500       208.048935     0.000010885   -487550.6581      -953.022
1.0000       165.900662     0.000024490   -487592.8064      -742.952
1.1000       106.605112     0.000021769   -487652.1019      -468.358
1.2000        68.533495     0.000027211   -487690.1737      -306.122
1.3000        43.452363     0.000016327   -487715.2547      -202.700
1.4000        26.860919     0.000021769   -487731.8460      -133.593
1.5000        15.983117     0.000010885   -487742.7241       -86.971
1.6000         8.942459     0.000019048   -487749.7647       -55.889
1.7000         4.437830     0.000024490   -487754.2693       -35.566
1.8000         1.579317     0.000008163   -487757.1279       -22.525
1.9000        -0.229365     0.000016327   -487758.9363       -14.206
2.0000        -1.374736     0.000016327   -487760.0819        -9.077
2.1000        -2.102127     0.000021769   -487760.8093        -5.746
2.2000        -2.565942     0.000024490   -487761.2730        -3.699
2.3000        -2.860851     0.000005442   -487761.5679        -2.309
2.4000        -3.044245     0.000010885   -487761.7513        -1.442
2.5000        -3.109030     0.000010885   -487761.8161        -0.843
2.6000        -3.127267     0.000021769   -487761.8343        -0.470
2.7000        -3.123095     0.000016327   -487761.8303        -0.143
2.8000        -3.100091     0.000008163   -487761.8071         0.107
2.9000        -3.043151     0.000021769   -487761.7503         0.242
3.0000        -2.931903     0.000005442   -487761.6390         0.358
3.1000        -2.812178     0.000010885   -487761.5192         0.452
3.2000        -2.696902     0.000010885   -487761.4039         0.470
3.3000        -2.587031     0.000013606   -487761.2942         0.481
3.4000        -2.481094     0.000027211   -487761.1881         0.520
3.5000        -2.379628     0.000016327   -487761.0866         0.498
3.6000        -2.284492     0.000021769   -487760.9916         0.498
3.7000        -2.194417     0.000024490   -487760.9015         0.464
3.8000        -2.110445     0.000019048   -487760.8175         0.451
3.9000        -2.032455     0.000024490   -487760.7396         0.435
4.0000        -1.959321     0.000027211   -487760.6664         0.398
5.0000        -1.483710     0.000010885   -487760.1908         0.191
6.0000        -1.301722     0.000016327   -487760.0087         0.057
7.0000        -1.237523     0.000008163   -487759.9445         0.037
8.0000        -1.212515     0.000016327   -487759.9195         0.022
9.0000        -1.200131     0.000010885   -487759.9072         0.011
10.0000        -1.192515     0.000019048   -487759.8996         0.012
100.0000        -1.152609     0.000008163   -487759.8596         0.000
1000.0000        -1.149790     0.000005442   -487759.8569
