0.0020   4025370.467152     0.000024490   3492757.8173
0.0040   1961650.247533     0.000013606   1429037.5989
0.0060   1276692.761472     0.000010885    744080.1129
0.0080    936067.294088     0.000016327    403454.6456
0.0100    732692.454971     0.000024490    200079.8064
0.0120    597614.723266     0.000010885     65002.0747
0.0140    501501.898415     0.000008163    -31110.7502
0.0160    429760.446166     0.000016327   -102852.2024
0.0180    374320.045372     0.000019048   -158292.6032
0.0200    330188.467334     0.000013606   -202424.1813
0.0400    137605.544159     0.000016327   -395007.1045
0.0600     78216.939494     0.000013606   -454395.7090
0.0800     50777.889986     0.000013606   -481834.7585
0.1000     35462.259331     0.000016327   -497150.3894
0.1200     25856.003876     0.000008163   -506756.6448
0.1400     19449.887709     0.000021769   -513162.7609
0.1600     15036.346348     0.000024490   -517576.3021
0.1800     11908.377977     0.000008163   -520704.2706
0.2000      9625.823717     0.000019048   -522986.8248
0.2400      6564.568375     0.000021769   -526048.0802
0.2800      4604.248635     0.000005442   -528008.4001    -39734.614
0.3200      3299.596632     0.000013606   -529313.0521    -26388.594
0.3600      2430.442882     0.000016327   -530182.2058    -17717.627
0.4000      1839.566289     0.000016327   -530773.0823    -12256.880
0.4500      1336.950945     0.000024490   -531275.6977     -8223.283
0.5000       989.993210     0.000016327   -531622.6555     -5824.498
0.5500       741.217251     0.000016327   -531871.4313     -4219.618
0.6000       560.279634     0.000021769   -532052.3689     -3080.227
0.6500       427.922748     0.000019048   -532184.7259     -2268.014
0.7000       330.005138     0.000021769   -532282.6434     -1689.852
0.7500       256.584803     0.000016327   -532356.0639     -1273.432
0.8000       200.888724     0.000024490   -532411.7599      -970.017
0.8500       158.211005     0.000010885   -532454.4377      -745.727
0.9000       125.251846     0.000010885   -532487.3967      -578.403
0.9500        99.638570     0.000013606   -532513.0099      -452.312
1.0000        79.542633     0.000005442   -532533.1061      -357.716
1.1000        50.594516     0.000010885   -532562.0541      -232.920
1.2000        31.027775     0.000016327   -532581.6207      -157.872
1.3000        17.914933     0.000016327   -532594.7336      -105.313
1.4000         9.342002     0.000019048   -532603.3066       -68.479
1.5000         3.840886     0.000019048   -532608.8077       -43.180
1.6000         0.481383     0.000024490   -532612.1672       -26.270
1.7000        -1.375797     0.000027211   -532614.0243       -15.628
1.8000        -2.440457     0.000019048   -532615.0891        -8.508
1.9000        -2.966712     0.000005442   -532615.6154        -3.695
2.0000        -3.141548     0.000013606   -532615.7901        -0.603
2.1000        -3.084948     0.000024490   -532615.7335         1.373
2.2000        -2.885935     0.000016327   -532615.5346         2.606
2.3000        -2.371541     0.000021769   -532615.0200         3.011
2.4000        -1.744849     0.000008163   -532614.3933         3.066
2.5000        -1.180659     0.000019048   -532613.8292         2.980
2.6000        -0.676565     0.000005442   -532613.3253         2.779
2.7000        -0.228334     0.000019048   -532612.8768         2.574
2.8000         0.166664     0.000024490   -532612.4820         2.376
2.9000         0.514181     0.000021769   -532612.1345         2.156
3.0000         0.821400     0.000021769   -532611.8273         1.935
3.1000         1.092486     0.000010885   -532611.5560         1.751
3.2000         1.330779     0.000016327   -532611.3179         1.581
3.3000         1.581654     0.000010885   -532611.0670         1.365
3.4000         1.848138     0.000016327   -532610.8003         1.119
3.5000         2.065957     0.000027211   -532610.5827         0.904
3.6000         2.243590     0.000016327   -532610.4050         0.746
3.7000         2.388227     0.000021769   -532610.2605         0.621
3.8000         2.506042     0.000008163   -532610.1426         0.522
3.9000         2.602307     0.000024490   -532610.0463         0.440
4.0000         2.681487     0.000013606   -532609.9671         0.359
5.0000         3.010497     0.000027211   -532609.6381         0.059
6.0000         3.081549     0.000005442   -532609.5671         0.051
7.0000         3.108611     0.000019048   -532609.5399         0.014
8.0000         3.124576     0.000019048   -532609.5241         0.009
9.0000         3.135640     0.000024490   -532609.5130         0.007
10.0000         3.143929     0.000005442   -532609.5045         0.005
100.0000         3.199146     0.000002721   -532609.4496         0.000
1000.0000         3.203755     0.000019048   -532609.4449
