0.0020  12879571.842286     0.000016327  12162981.0745
0.0040   6272770.440829     0.000008163   5556179.6709
0.0060   4078302.765889     0.000019048   3361711.9982
0.0080   2986689.932565     0.000008163   2270099.1636
0.0100   2334782.638781     0.000016327   1618191.8698
0.0120   1902004.266910     0.000016327   1185413.4982
0.0140   1594207.941437     0.000027211    877617.1725
0.0160   1364417.025201     0.000021769    647826.2565
0.0180   1186827.257428     0.000013606    470236.4885
0.0200   1045629.176506     0.000010885    329038.4077
0.0400    429647.672116     0.000013606   -286943.0968
0.0600    241170.493449     0.000027211   -475420.2755
0.0800    154959.153038     0.000027211   -561631.6157
0.1000    106843.940241     0.000024490   -609746.8287
0.1200     77518.703121     0.000021769   -639072.0658
0.1400     58237.062698     0.000021769   -658353.7061
0.1600     44663.582041     0.000019048   -671927.1867
0.1800     34846.397349     0.000027211   -681744.3715
0.2000     27656.877081     0.000027211   -688933.8917
0.2400     18260.515904     0.000010885   -698330.2529
0.2800     12677.751883     0.000019048   -703913.0169
0.3200      9030.982378     0.000010885   -707559.7864
0.3600      6539.762676     0.000027211   -710051.0061    -50861.284
0.4000      4855.568737     0.000019048   -711735.2002    -34564.409
0.4500      3466.881731     0.000008163   -713123.8870    -22193.306
0.5000      2548.247764     0.000016327   -714042.5211    -15251.242
0.5500      1893.865299     0.000021769   -714696.9035    -11255.145
0.6000      1407.575185     0.000027211   -715183.1937     -8283.992
0.6500      1054.043658     0.000021769   -715536.7253     -5977.231
0.7000       799.432283     0.000024490   -715791.3366     -4308.952
0.7500       615.089519     0.000010885   -715975.6794     -3134.560
0.8000       480.007442     0.000010885   -716110.7614     -2315.739
0.8500       379.096333     0.000010885   -716211.6724     -1766.436
0.9000       299.386911     0.000016327   -716291.3819     -1418.259
0.9500       234.405205     0.000008163   -716356.3635     -1145.360
1.0000       183.437348     0.000013606   -716407.3316      -904.282
1.1000       112.284462     0.000010885   -716478.4845      -547.864
1.2000        70.348066     0.000010885   -716520.4208      -327.101
1.3000        45.525275     0.000024490   -716545.2436      -199.661
1.4000        30.320720     0.000008163   -716560.4482      -129.017
1.5000        20.443244     0.000021769   -716570.3257       -88.285
1.6000        13.468027     0.000013606   -716577.3008       -61.531
1.7000         8.720526     0.000016327   -716582.0483       -43.288
1.8000         5.533051     0.000010885   -716585.2359       -30.792
1.9000         3.397229     0.000021769   -716587.3717       -21.880
2.0000         1.873954     0.000008163   -716588.8950       -15.225
2.1000         0.828903     0.000005442   -716589.9399       -10.241
2.2000         0.146484     0.000019048   -716590.6224        -6.794
2.3000        -0.268729     0.000024490   -716591.0376        -4.128
2.4000        -0.482311     0.000013606   -716591.2512        -2.541
2.5000        -0.593293     0.000021769   -716591.3622        -1.417
2.6000        -0.654165     0.000024490   -716591.4229        -0.836
2.7000        -0.697306     0.000019048   -716591.4662        -0.539
2.8000        -0.743241     0.000019048   -716591.5122        -0.313
2.9000        -0.799161     0.000008163   -716591.5680        -0.282
3.0000        -0.862503     0.000013606   -716591.6314        -0.239
3.1000        -0.930869     0.000013606   -716591.6997        -0.142
3.2000        -0.999205     0.000016327   -716591.7680        -0.072
3.3000        -1.062050     0.000027211   -716591.8308        -0.048
3.4000        -1.115564     0.000021769   -716591.8844         0.023
3.5000        -1.160376     0.000016327   -716591.9293         0.129
3.6000        -1.195016     0.000019048   -716591.9639         0.208
3.7000        -1.200627     0.000027211   -716591.9693         0.236
3.8000        -1.186115     0.000013606   -716591.9549         0.295
3.9000        -1.170041     0.000010885   -716591.9389         0.338
4.0000        -1.152234     0.000010885   -716591.9212         0.365
5.0000        -0.913639     0.000010885   -716591.6825         0.322
6.0000        -0.656301     0.000013606   -716591.4251         0.146
7.0000        -0.551058     0.000002721   -716591.3198         0.043
8.0000        -0.515996     0.000013606   -716591.2847         0.012
9.0000        -0.501901     0.000016327   -716591.2708         0.004
10.0000        -0.494815     0.000008163   -716591.2637         0.001
100.0000        -0.463141     0.000010885   -716591.2319
1000.0000        -0.460822     0.000021769   -716591.2297
