0.0020  16830232.625210     0.000019048  16517153.0941
0.0040   8208019.968759     0.000010885   7894940.4376
0.0060   5341073.723007     0.000024490   5027994.1913
0.0080   3912308.192790     0.000021769   3599228.6628
0.0100   3058765.411366     0.000010885   2745685.8792
0.0120   2491703.541252     0.000027211   2178624.0102
0.0140   2087700.154925     0.000019048   1774620.6239
0.0160   1786633.495628     0.000013606   1473553.9647
0.0180   1554105.722035     0.000013606   1241026.1912
0.0200   1368875.365530     0.000021769   1055795.8346
0.0400    561340.807066     0.000016327    248261.2761
0.0600    313624.745002     0.000016327       545.2140
0.0800    200532.654966     0.000013606   -112546.8760
0.1000    137818.690341     0.000021769   -175260.8406
0.1200     99518.009469     0.000013606   -213561.5215
0.1400     74864.547371     0.000010885   -238214.9836
0.1600     57899.028892     0.000016327   -255180.5021
0.1800     45442.335750     0.000013606   -267637.1952
0.2000     36249.066615     0.000008163   -276830.4645
0.2400     24286.543272     0.000008163   -288792.9876
0.2800     17346.158956     0.000010885   -295733.3720
0.3200     12526.472513     0.000021769   -300553.0585
0.3600      9172.520223     0.000010885   -303907.0109
0.4000      6933.611829     0.000019048   -306145.9191    -45867.464
0.4500      5084.146099     0.000005442   -307995.3849    -29685.730
0.5000      3845.109577     0.000024490   -309234.4215    -20738.314
0.5500      2948.683761     0.000027211   -310130.8471    -15497.433
0.6000      2271.098558     0.000021769   -310808.4323    -11765.335
0.6500      1757.707474     0.000027211   -311321.8235     -8899.160
0.7000      1368.814007     0.000027211   -311710.7170     -6758.025
0.7500      1072.355545     0.000013606   -312007.1754     -5173.937
0.8000       844.526141     0.000027211   -312235.0047     -3993.031
0.8500       668.140443     0.000021769   -312411.3906     -3102.941
0.9000       530.677698     0.000013606   -312548.8533     -2426.289
0.9500       422.824456     0.000016327   -312656.7065     -1912.211
1.0000       337.289237     0.000021769   -312742.2417     -1528.247
1.1000       214.138987     0.000013606   -312865.3921      -987.099
1.2000       135.842307     0.000024490   -312943.6885      -615.625
1.3000        86.925964     0.000021769   -312992.6051      -385.753
1.4000        55.975640     0.000016327   -313023.5553      -245.736
1.5000        36.053492     0.000010885   -313043.4773      -158.996
1.6000        23.045361     0.000024490   -313056.4855      -104.149
1.7000        14.467690     0.000010885   -313065.0633       -68.725
1.8000         8.781999     0.000019048   -313070.7489       -45.531
1.9000         5.011547     0.000016327   -313074.5193       -30.047
2.0000         2.524796     0.000019048   -313077.0061       -19.685
2.1000         0.904520     0.000013606   -313078.6266       -12.682
2.2000        -0.128288     0.000019048   -313079.6592        -7.941
2.3000        -0.762278     0.000016327   -313080.2933        -4.738
2.4000        -1.125466     0.000013606   -313080.6565        -2.570
2.5000        -1.305116     0.000019048   -313080.8361        -1.114
2.6000        -1.361432     0.000024490   -313080.8925        -0.142
2.7000        -1.291548     0.000019048   -313080.8225         0.466
2.8000        -1.138596     0.000010885   -313080.6696         0.837
2.9000        -0.957240     0.000008163   -313080.4881         1.028
3.0000        -0.761160     0.000021769   -313080.2922         1.130
3.1000        -0.561042     0.000016327   -313080.0919         1.152
3.2000        -0.363599     0.000010885   -313079.8946         1.112
3.3000        -0.174226     0.000008163   -313079.7052         1.055
3.4000         0.003303     0.000008163   -313079.5275         0.979
3.5000         0.167228     0.000008163   -313079.3637         0.883
3.6000         0.316583     0.000008163   -313079.2143         0.794
3.7000         0.450566     0.000008163   -313079.0805         0.704
3.8000         0.569537     0.000008163   -313078.9615         0.620
3.9000         0.674481     0.000024490   -313078.8565         0.540
4.0000         0.766384     0.000019048   -313078.7645         0.469
5.0000         1.201231     0.000013606   -313078.3297         0.097
6.0000         1.281774     0.000021769   -313078.2491         0.017
7.0000         1.296884     0.000021769   -313078.2342         0.004
8.0000         1.300778     0.000021769   -313078.2301         0.001
9.0000         1.302397     0.000021769   -313078.2285         0.000
10.0000         1.303380     0.000021769   -313078.2277         0.000
100.0000         1.309001     0.000021769   -313078.2219
1000.0000         1.309442     0.000021769   -313078.2214
