0.0020  16385944.073108     0.000027211  15688922.2749
0.0040   7989293.624993     0.000016327   7292271.8269
0.0060   5200459.995300     0.000021769   4503438.1949
0.0080   3811662.643185     0.000008163   3114640.8438
0.0100   2982016.011025     0.000013606   2284994.2118
0.0120   2430683.875510     0.000027211   1733662.0761
0.0140   2038237.775758     0.000027211   1341215.9765
0.0160   1745723.191517     0.000005442   1048701.3921
0.0180   1519415.286005     0.000016327    822393.4866
0.0200   1339264.680918     0.000021769    642242.8816
0.0400    551735.795348     0.000016327   -145286.0040
0.0600    308994.869255     0.000013606   -388026.9299
0.0800    197750.768910     0.000010885   -499271.0303
0.1000    136254.138042     0.000021769   -560767.6612
0.1200     98475.525298     0.000019048   -598546.2741
0.1400     73480.799171     0.000016327   -623541.0001
0.1600     56111.128347     0.000016327   -640910.6710
0.1800     43739.235009     0.000010885   -653282.5643
0.2000     34762.315572     0.000027211   -662259.4838
0.2400     23124.058170     0.000019048   -673897.7413
0.2800     16036.024214     0.000005442   -680985.7752
0.3200     11324.220656     0.000016327   -685697.5786
0.3600      8261.319120     0.000024490   -688760.4803
0.4000      6205.010826     0.000016327   -690816.7884    -42584.375
0.4500      4455.271537     0.000021769   -692566.5277    -28898.693
0.5000      3234.539833     0.000016327   -693787.2595    -20432.705
0.5500      2375.186627     0.000019048   -694646.6128    -14311.998
0.6000      1771.962575     0.000019048   -695249.8366    -10084.272
0.6500      1344.458556     0.000019048   -695677.3407     -7201.308
0.7000      1037.011101     0.000019048   -695984.7881     -5222.883
0.7500       811.980533     0.000008163   -696209.8188     -3866.696
0.8000       642.107698     0.000016327   -696379.6916     -2988.189
0.8500       507.991973     0.000010885   -696513.8073     -2407.719
0.9000       400.284811     0.000010885   -696621.5144     -1911.180
0.9500       315.655979     0.000021769   -696706.1435     -1490.494
1.0000       249.636699     0.000024490   -696772.1627     -1158.914
1.1000       157.655318     0.000010885   -696864.1440      -714.774
1.2000       100.086674     0.000021769   -696921.7127      -456.573
1.3000        62.897912     0.000027211   -696958.9014      -299.645
1.4000        38.366898     0.000010885   -696983.4325      -199.173
1.5000        22.038227     0.000024490   -696999.7610      -132.056
1.6000        11.227915     0.000021769   -697010.5715       -86.365
1.7000         4.186220     0.000016327   -697017.6130       -55.232
1.8000        -0.282631     0.000005442   -697022.0819       -33.999
1.9000        -2.990878     0.000016327   -697024.7903       -19.824
2.0000        -3.953380     0.000008163   -697025.7527       -11.553
2.1000        -4.403650     0.000024490   -697026.2031        -6.179
2.2000        -4.526001     0.000019048   -697026.3253        -2.645
2.3000        -4.434350     0.000016327   -697026.2336        -0.479
2.4000        -4.149292     0.000010885   -697025.9487         0.849
2.5000        -3.529291     0.000024490   -697025.3285         1.178
2.6000        -2.923892     0.000021769   -697024.7233         1.291
2.7000        -2.413243     0.000016327   -697024.2126         1.296
2.8000        -1.975515     0.000019048   -697023.7747         1.332
2.9000        -1.598278     0.000019048   -697023.3976         1.374
3.0000        -1.233539     0.000013606   -697023.0330         1.316
3.1000        -0.901701     0.000013606   -697022.7010         1.282
3.2000        -0.606795     0.000016327   -697022.4060         1.250
3.3000        -0.342406     0.000024490   -697022.1418         1.188
3.4000        -0.102127     0.000010885   -697021.9015         1.111
3.5000         0.115700     0.000016327   -697021.6835         1.052
3.6000         0.312844     0.000010885   -697021.4865         0.995
3.7000         0.492235     0.000019048   -697021.3069         0.916
3.8000         0.655893     0.000008163   -697021.1434         0.834
3.9000         0.804361     0.000019048   -697020.9948         0.761
4.0000         0.938475     0.000013606   -697020.8609         0.699
5.0000         1.699150     0.000013606   -697020.1001         0.209
6.0000         1.909739     0.000010885   -697019.8895         0.059
7.0000         1.963408     0.000010885   -697019.8359         0.012
8.0000         1.979553     0.000024490   -697019.8198         0.002
9.0000         1.986269     0.000010885   -697019.8130         0.001
10.0000         1.990242     0.000008163   -697019.8089        -0.000
100.0000         2.012152     0.000010885   -697019.7872
1000.0000         2.013815     0.000016327   -697019.7855
