0.0020         0.000000     0.000016327  39450902.8154
0.0040  19603817.297466     0.000010885  18716450.5256
0.0060  12719880.366910     0.000027211  11832513.5955
0.0080   9289372.971822     0.000019048   8402006.2004
0.0100   7238019.429885     0.000010885   6350652.6581
0.0120   5878750.211335     0.000024490   4991383.4403
0.0140   4914773.657538     0.000005442   4027406.8851
0.0160   4195803.911205     0.000024490   3308437.1407
0.0180   3641598.945404     0.000024490   2754232.1732
0.0200   3201945.251910     0.000013606   2314578.4807
0.0400   1293539.499582     0.000013606    406172.7283
0.0600    715815.339201     0.000019048   -171551.4320
0.0800    453707.040251     0.000013606   -433659.7311
0.1000    311065.060060     0.000024490   -576301.7111
0.1200    225912.273792     0.000013606   -661454.4975
0.1400    170503.886953     0.000013606   -716862.8844
0.1600    131150.769625     0.000021769   -756216.0017
0.1800    102144.665706     0.000010885   -785222.1055
0.2000     80666.148879     0.000010885   -806700.6223
0.2400     52591.389502     0.000016327   -834775.3817
0.2800     35501.912308     0.000016327   -851864.8589
0.3200     24693.600128     0.000013606   -862673.1710
0.3600     17628.305886     0.000008163   -869738.4655
0.4000     12771.923765     0.000002721   -874594.8474
0.4500      8807.417298     0.000021769   -878559.3541
0.5000      6102.555925     0.000013606   -881264.2153    -44782.024
0.5500      4287.337182     0.000021769   -883079.4342    -29071.609
0.6000      3095.366669     0.000013606   -884271.4046    -19389.415
0.6500      2287.667662     0.000021769   -885079.1036    -13401.414
0.7000      1719.666231     0.000021769   -885647.1050     -9590.285
0.7500      1308.075395     0.000010885   -886058.6959     -7030.193
0.8000      1003.897673     0.000008163   -886362.8736     -5235.632
0.8500       775.987987     0.000019048   -886590.7832     -3947.116
0.9000       603.267708     0.000021769   -886763.5034     -3007.152
0.9500       471.062572     0.000016327   -886895.7086     -2312.212
1.0000       369.024362     0.000024490   -886997.7470     -1791.931
1.1000       227.677729     0.000019048   -887139.0936     -1096.242
1.2000       140.434075     0.000016327   -887226.3372      -680.725
1.3000        86.039596     0.000021769   -887280.7317      -424.885
1.4000        52.133579     0.000013606   -887314.6376      -265.505
1.5000        31.069098     0.000010885   -887335.7022      -166.633
1.6000        17.961717     0.000013606   -887348.8094      -105.543
1.7000         9.694822     0.000013606   -887357.0765       -67.489
1.8000         4.420475     0.000024490   -887362.3509       -43.379
1.9000         1.044575     0.000019048   -887365.7267       -27.765
2.0000        -1.040542     0.000024490   -887367.8117       -17.512
2.1000        -2.231264     0.000013606   -887369.0024       -10.689
2.2000        -2.896887     0.000016327   -887369.6680        -6.070
2.3000        -3.217067     0.000008163   -887369.9883        -3.062
2.4000        -3.312136     0.000024490   -887370.0833        -1.027
2.5000        -3.263030     0.000024490   -887370.0343         0.316
2.6000        -3.125985     0.000019048   -887369.8971         1.100
2.7000        -2.937821     0.000024490   -887369.7091         1.616
2.8000        -2.723711     0.000016327   -887369.4950         1.834
2.9000        -2.495092     0.000016327   -887369.2664         1.957
3.0000        -2.216580     0.000027211   -887368.9877         1.905
3.1000        -1.942989     0.000021769   -887368.7143         1.813
3.2000        -1.691760     0.000019048   -887368.4631         1.702
3.3000        -1.461459     0.000010885   -887368.2326         1.546
3.4000        -1.248010     0.000005442   -887368.0193         1.412
3.5000        -1.026368     0.000008163   -887367.7975         1.257
3.6000        -0.831605     0.000013606   -887367.6030         1.099
3.7000        -0.659969     0.000021769   -887367.4313         0.969
3.8000        -0.509446     0.000008163   -887367.2808         0.852
3.9000        -0.375414     0.000005442   -887367.1466         0.749
4.0000        -0.254141     0.000005442   -887367.0253         0.634
5.0000         0.320403     0.000013606   -887366.4508         0.129
6.0000         0.423782     0.000005442   -887366.3474         0.020
7.0000         0.438182     0.000021769   -887366.3330         0.002
8.0000         0.439491     0.000013606   -887366.3316        -0.001
9.0000         0.439135     0.000013606   -887366.3322        -0.001
10.0000         0.438686     0.000002721   -887366.3325        -0.001
100.0000         0.435616     0.000013606   -887366.3357
1000.0000         0.435342     0.000019048   -887366.3360
