0.0020  13601914.768193     0.000024490  13057709.1712
0.0040   6622589.743354     0.000021769   6078384.1455
0.0060   4304852.416017     0.000027211   3760646.8190
0.0080   3151915.863089     0.000027211   2607710.2653
0.0100   2464051.585738     0.000021769   1919845.9880
0.0120   2007641.598621     0.000024490   1463436.0008
0.0140   1683148.348887     0.000024490   1138942.7512
0.0160   1440927.778192     0.000024490    896722.1805
0.0180   1253594.709412     0.000008163    709389.1117
0.0200   1104770.877675     0.000019048    560565.2800
0.0400    454817.653686     0.000024490    -89387.9441
0.0600    255354.453560     0.000024490   -288851.1444
0.0800    164029.889129     0.000021769   -380175.7086
0.1000    113470.051562     0.000024490   -430735.5463
0.1200     82455.209157     0.000013606   -461750.3885
0.1400     62004.647329     0.000021769   -482200.9505
0.1600     47628.406027     0.000008163   -496577.1917
0.1800     37178.195636     0.000021769   -507027.4023
0.2000     29478.867723     0.000010885   -514726.7302
0.2400     19373.718457     0.000027211   -524831.8794
0.2800     13405.668005     0.000021769   -530799.9298
0.3200      9600.182207     0.000021769   -534605.4155
0.3600      6936.439885     0.000013606   -537269.1579
0.4000      5113.416309     0.000016327   -539092.1815    -37425.176
0.4500      3611.588416     0.000021769   -540594.0095    -23893.644
0.5000      2633.848661     0.000019048   -541571.7492    -15934.119
0.5500      1964.949700     0.000024490   -542240.6481    -11327.721
0.6000      1472.241581     0.000019048   -542733.3561     -8473.830
0.6500      1107.973195     0.000010885   -543097.6247     -6194.420
0.7000       842.862694     0.000024490   -543362.7350     -4499.901
0.7500       649.619025     0.000010885   -543555.9787     -3295.466
0.8000       507.117146     0.000008163   -543698.4807     -2448.449
0.8500       400.439638     0.000019048   -543805.1583     -1848.479
0.9000       319.352971     0.000019048   -543886.2447     -1416.966
0.9500       256.852851     0.000021769   -543948.7450     -1101.035
1.0000       208.081621     0.000021769   -543997.5162      -865.398
1.1000       139.495290     0.000016327   -544066.1025      -556.717
1.2000        94.827761     0.000019048   -544110.7700      -368.916
1.3000        64.672217     0.000008163   -544140.9257      -246.721
1.4000        44.207648     0.000021769   -544161.3900      -165.078
1.5000        30.470448     0.000019048   -544175.1274      -111.164
1.6000        21.239491     0.000024490   -544184.3584       -75.734
1.7000        14.955190     0.000021769   -544190.6426       -51.847
1.8000        10.725472     0.000024490   -544194.8723       -35.537
1.9000         7.876638     0.000021769   -544197.7211       -24.465
2.0000         5.941173     0.000024490   -544199.6566       -16.596
2.1000         4.669957     0.000024490   -544200.9279       -11.156
2.2000         3.871836     0.000005442   -544201.7260        -7.344
2.3000         3.383389     0.000005442   -544202.2145        -4.668
2.4000         3.104622     0.000024490   -544202.4931        -2.854
2.5000         2.967022     0.000016327   -544202.6308        -1.564
2.6000         2.922879     0.000019048   -544202.6749        -0.683
2.7000         2.940213     0.000010885   -544202.6575        -0.130
2.8000         2.997548     0.000016327   -544202.6003         0.276
2.9000         3.079451     0.000021769   -544202.5184         0.540
3.0000         3.177105     0.000019048   -544202.4207         0.671
3.1000         3.283553     0.000010885   -544202.3143         0.778
3.2000         3.393740     0.000010885   -544202.2041         0.825
3.3000         3.505163     0.000027211   -544202.0926         0.817
3.4000         3.616079     0.000010885   -544201.9818         0.804
3.5000         3.739591     0.000019048   -544201.8583         0.780
3.6000         3.869349     0.000013606   -544201.7285         0.735
3.7000         3.990886     0.000016327   -544201.6069         0.672
3.8000         4.103979     0.000019048   -544201.4939         0.616
3.9000         4.208063     0.000016327   -544201.3897         0.561
4.0000         4.303031     0.000008163   -544201.2947         0.511
5.0000         4.845599     0.000019048   -544200.7521         0.149
6.0000         4.989770     0.000013606   -544200.6079         0.041
7.0000         5.023637     0.000016327   -544200.5742         0.010
8.0000         5.032685     0.000021769   -544200.5652         0.002
9.0000         5.035978     0.000024490   -544200.5619         0.001
10.0000         5.037678     0.000027211   -544200.5600         0.000
100.0000         5.046089     0.000010885   -544200.5516
1000.0000         5.046726     0.000013606   -544200.5511
