0.0020   1019121.372680     0.000027211   1002781.6476
0.0040    500818.910413     0.000024490    484479.1854
0.0060    328183.850309     0.000016327    311844.1253
0.0080    241979.985568     0.000016327    225640.2606
0.0100    190379.617861     0.000010885    174039.8929
0.0120    156104.995538     0.000008163    139765.2705
0.0140    131682.358785     0.000010885    115342.6338
0.0160    113425.705776     0.000016327     97085.9808
0.0180     99270.671210     0.000016327     82930.9462
0.0200     87997.737447     0.000024490     71658.0124
0.0400     38392.909151     0.000024490     22053.1842
0.0600     22604.739823     0.000024490      6265.0148
0.0800     15040.382655     0.000013606     -1299.3423
0.1000     10744.840984     0.000019048     -5594.8840
0.1200      8060.448826     0.000016327     -8279.2762
0.1400      6261.046176     0.000019048    -10078.6788
0.1600      4985.310464     0.000010885    -11354.4145
0.1800      4037.521897     0.000019048    -12302.2031    -41223.518
0.2000      3309.265434     0.000013606    -13030.4596    -32096.891
0.2400      2282.492552     0.000008163    -14057.2324    -20302.927
0.2800      1623.031932     0.000016327    -14716.6931    -13232.417
0.3200      1188.577445     0.000019048    -15151.1475     -8823.594
0.3600       895.711217     0.000024490    -15444.0138     -6021.436
0.4000       693.307561     0.000024490    -15646.4174     -4217.538
0.4500       519.402602     0.000024490    -15820.3224     -2837.707
0.5000       398.375942     0.000021769    -15941.3490     -2068.190
0.5500       306.401143     0.000021769    -16033.3238     -1645.005
0.6000       232.440975     0.000016327    -16107.2840     -1315.985
0.6500       174.292624     0.000024490    -16165.4324     -1014.182
0.7000       130.000194     0.000013606    -16209.7248      -763.587
0.7500        96.770233     0.000019048    -16242.9548      -569.762
0.8000        71.976981     0.000019048    -16267.7480      -424.219
0.8500        53.465400     0.000016327    -16286.2596      -316.062
0.9000        39.649551     0.000019048    -16300.0754      -235.594
0.9500        29.323096     0.000024490    -16310.4019      -175.625
1.0000        21.617745     0.000016327    -16318.1072      -130.778
1.1000        11.592158     0.000013606    -16328.1328       -72.069
1.2000         6.073042     0.000024490    -16333.6519       -39.169
1.3000         3.087729     0.000016327    -16336.6373       -20.818
1.4000         1.521503     0.000021769    -16338.2035       -10.586
1.5000         0.754156     0.000021769    -16338.9708        -4.801
1.6000         0.624931     0.000013606    -16339.1001        -2.122
1.7000         1.001774     0.000024490    -16338.7232        -2.132
1.8000         1.187293     0.000010885    -16338.5377        -2.007
1.9000         1.252916     0.000024490    -16338.4721        -1.683
2.0000         1.262157     0.000008163    -16338.4628        -1.258
2.1000         1.253898     0.000013606    -16338.4711        -0.844
2.2000         1.246238     0.000010885    -16338.4788        -0.496
2.3000         1.246325     0.000008163    -16338.4787        -0.229
2.4000         1.254813     0.000013606    -16338.4702        -0.044
2.5000         1.270078     0.000027211    -16338.4549         0.079
2.6000         1.289739     0.000019048    -16338.4353         0.152
2.7000         1.311559     0.000013606    -16338.4134         0.187
2.8000         1.333777     0.000005442    -16338.3912         0.198
2.9000         1.355057     0.000016327    -16338.3699         0.195
3.0000         1.374676     0.000016327    -16338.3503         0.178
3.1000         1.392225     0.000010885    -16338.3328         0.160
3.2000         1.407474     0.000008163    -16338.3175         0.140
3.3000         1.420495     0.000005442    -16338.3045         0.118
3.4000         1.431412     0.000024490    -16338.2936         0.099
3.5000         1.440471     0.000019048    -16338.2845         0.082
3.6000         1.447894     0.000024490    -16338.2771         0.067
3.7000         1.453918     0.000024490    -16338.2711         0.054
3.8000         1.458762     0.000019048    -16338.2662         0.044
3.9000         1.462651     0.000024490    -16338.2623         0.035
4.0000         1.465739     0.000013606    -16338.2593         0.028
5.0000         1.476469     0.000016327    -16338.2485         0.003
6.0000         1.477500     0.000008163    -16338.2475         0.000
7.0000         1.477601     0.000008163    -16338.2474         0.000
8.0000         1.477611     0.000008163    -16338.2474
9.0000         1.477611     0.000008163    -16338.2474
10.0000         1.477611     0.000008163    -16338.2474
100.0000         1.477611     0.000008163    -16338.2474
1000.0000         1.477611     0.000008163    -16338.2474
