0.0020   7129957.396656     0.000021769   7005036.7255
0.0040   3489873.443918     0.000021769   3364952.7721
0.0060   2278397.661332     0.000027211   2153476.9901
0.0080   1674379.207315     0.000010885   1549458.5361
0.0100   1312931.723138     0.000019048   1188011.0520
0.0120   1072640.907154     0.000010885    947720.2360
0.0140    901499.849734     0.000010885    776579.1786
0.0160    773658.916476     0.000005442    648738.2453
0.0180    674543.582897     0.000019048    549622.9118
0.0200    595605.135024     0.000005442    470684.4637
0.0400    248706.141958     0.000024490    123785.4708
0.0600    141649.094491     0.000008163     16728.4233
0.0800     91608.839803     0.000016327    -33311.8314
0.1000     63748.688818     0.000013606    -61171.9824
0.1200     46630.854416     0.000016327    -78289.8168
0.1400     35241.810642     0.000016327    -89678.8606
0.1600     27232.267114     0.000021769    -97688.4041
0.1800     21435.771090     0.000016327   -103484.9001
0.2000     17155.587686     0.000008163   -107765.0835
0.2400     11528.109281     0.000024490   -113392.5619
0.2800      8206.739623     0.000005442   -116713.9316
0.3200      5896.928856     0.000024490   -119023.7423    -48653.826
0.3600      4295.405881     0.000013606   -120625.2653    -32564.649
0.4000      3215.016669     0.000013606   -121705.6545    -22316.573
0.4500      2299.648448     0.000008163   -122621.0227    -14928.886
0.5000      1677.103926     0.000019048   -123243.5673    -10266.079
0.5500      1247.574677     0.000008163   -123673.0965     -7127.244
0.6000       945.489604     0.000013606   -123975.1816     -5109.925
0.6500       721.978544     0.000013606   -124198.6927     -3930.020
0.7000       544.318509     0.000013606   -124376.3527     -3147.808
0.7500       407.262607     0.000019048   -124513.4086     -2344.048
0.8000       306.618805     0.000019048   -124614.0524     -1712.533
0.8500       232.875288     0.000019048   -124687.7959     -1259.946
0.9000       178.280917     0.000021769   -124742.3903      -939.094
0.9500       137.290701     0.000027211   -124783.3805      -710.736
1.0000       106.038462     0.000019048   -124814.6328      -546.319
1.1000        62.911474     0.000013606   -124857.7597      -335.513
1.2000        36.058923     0.000027211   -124884.6123      -211.434
1.3000        19.161128     0.000019048   -124901.5101      -132.426
1.4000         8.708417     0.000024490   -124911.9628       -80.629
1.5000         2.468270     0.000024490   -124918.2029       -46.927
1.6000        -0.821809     0.000021769   -124921.4930       -26.516
1.7000        -2.491592     0.000021769   -124923.1628       -14.235
1.8000        -3.290546     0.000010885   -124923.9617        -6.966
1.9000        -3.600386     0.000008163   -124924.2716        -2.722
2.0000        -3.637897     0.000010885   -124924.3091        -0.245
2.1000        -3.454397     0.000019048   -124924.1256         1.011
2.2000        -3.051529     0.000016327   -124923.7227         1.416
2.3000        -2.473938     0.000013606   -124923.1451         1.334
2.4000        -1.873981     0.000010885   -124922.5452         1.356
2.5000        -1.264301     0.000024490   -124921.9355         1.256
2.6000        -0.773778     0.000019048   -124921.4450         1.229
2.7000        -0.373066     0.000027211   -124921.0443         1.202
2.8000        -0.022229     0.000024490   -124920.6934         1.185
2.9000         0.281243     0.000013606   -124920.3899         1.181
3.0000         0.540652     0.000010885   -124920.1305         1.156
3.1000         0.767076     0.000019048   -124919.9041         1.147
3.2000         0.971071     0.000027211   -124919.7001         1.131
3.3000         1.195037     0.000010885   -124919.4762         1.078
3.4000         1.400843     0.000016327   -124919.2704         1.020
3.5000         1.589649     0.000005442   -124919.0815         0.969
3.6000         1.762191     0.000013606   -124918.9090         0.913
3.7000         1.919895     0.000024490   -124918.7513         0.846
3.8000         2.064218     0.000024490   -124918.6070         0.775
3.9000         2.195949     0.000021769   -124918.4752         0.709
4.0000         2.315328     0.000019048   -124918.3559         0.655
5.0000         3.000005     0.000005442   -124917.6712         0.211
6.0000         3.190016     0.000021769   -124917.4812         0.059
7.0000         3.236096     0.000005442   -124917.4351         0.015
8.0000         3.248913     0.000016327   -124917.4223         0.004
9.0000         3.253961     0.000019048   -124917.4172         0.002
10.0000         3.256905     0.000027211   -124917.4143         0.001
100.0000         3.272511     0.000010885   -124917.3987
1000.0000         3.273700     0.000008163   -124917.3975
