0.0020   7482460.111641     0.000019048   6831682.1898
0.0040   3646956.495070     0.000024490   2996178.5728
0.0060   2372605.490367     0.000019048   1721827.5687
0.0080   1738935.281094     0.000016327   1088157.3593
0.0100   1360271.101777     0.000021769    709493.1801
0.0120   1109225.731114     0.000008163    458447.8094
0.0140    930799.779804     0.000008163    280021.8581
0.0160    797659.645081     0.000010885    146881.7233
0.0180    694663.816454     0.000013606     43885.8947
0.0200    612711.884055     0.000021769    -38066.0377
0.0400    254358.299703     0.000016327   -396419.6222
0.0600    143381.861643     0.000016327   -507396.0601
0.0800     92284.990897     0.000021769   -558492.9308
0.1000     63876.111342     0.000010885   -586901.8103
0.1200     46291.769899     0.000019048   -604486.1518
0.1400     34847.286133     0.000019048   -615930.6355
0.1600     27094.063013     0.000019048   -623683.8586
0.1800     21580.503221     0.000005442   -629197.4186
0.2000     17369.237208     0.000019048   -633408.6845
0.2400     11575.507125     0.000024490   -639202.4146
0.2800      8019.187947     0.000013606   -642758.7337
0.3200      5772.752894     0.000019048   -645005.1689    -44940.010
0.3600      4284.430257     0.000010885   -646493.4916    -30704.201
0.4000      3244.694282     0.000019048   -647533.2276    -21893.374
0.4500      2344.271483     0.000024490   -648433.6502    -14663.495
0.5000      1737.768000     0.000024490   -649040.1539     -9943.329
0.5500      1322.334447     0.000024490   -649455.5873     -6888.547
0.6000      1030.850297     0.000019048   -649747.0714     -4911.897
0.6500       816.448189     0.000027211   -649961.4735     -3797.384
0.7000       644.878223     0.000013606   -650133.0435     -3102.460
0.7500       505.962240     0.000010885   -650271.9596     -2460.690
0.8000       397.688539     0.000024490   -650380.2332     -1890.651
0.8500       315.022936     0.000005442   -650462.8987     -1438.213
0.9000       252.138735     0.000019048   -650525.7829     -1094.965
0.9500       204.097968     0.000024490   -650573.8238      -839.010
1.0000       167.101787     0.000016327   -650610.8199      -649.036
1.1000       115.548333     0.000013606   -650662.3735      -404.290
1.2000        82.422412     0.000010885   -650695.4993      -268.821
1.3000        59.676396     0.000013606   -650718.2453      -189.767
1.4000        43.275883     0.000010885   -650734.6459      -138.427
1.5000        31.236119     0.000021769   -650746.6856      -101.535
1.6000        22.427178     0.000016327   -650755.4947       -73.794
1.7000        16.151539     0.000013606   -650761.7702       -53.350
1.8000        11.668892     0.000013606   -650766.2527       -38.611
1.9000         8.426852     0.000021769   -650769.4950       -27.935
2.0000         6.045001     0.000021769   -650771.8768       -20.437
2.1000         4.257854     0.000021769   -650773.6640       -15.087
2.2000         2.887662     0.000021769   -650775.0341       -11.298
2.3000         1.816385     0.000024490   -650776.1054        -8.546
2.4000         0.969515     0.000019048   -650776.9522        -6.444
2.5000         0.428852     0.000002721   -650777.4929        -4.924
2.6000         0.084176     0.000010885   -650777.8377        -3.627
2.7000        -0.163693     0.000024490   -650778.0853        -2.662
2.8000        -0.337185     0.000021769   -650778.2589        -1.954
2.9000        -0.454373     0.000010885   -650778.3762        -1.329
3.0000        -0.529490     0.000013606   -650778.4513        -0.848
3.1000        -0.571763     0.000005442   -650778.4935        -0.521
3.2000        -0.588172     0.000008163   -650778.5098        -0.247
3.3000        -0.585777     0.000008163   -650778.5077        -0.015
3.4000        -0.569967     0.000008163   -650778.4916         0.149
3.5000        -0.544002     0.000010885   -650778.4657         0.254
3.6000        -0.510410     0.000016327   -650778.4323         0.314
3.7000        -0.472031     0.000024490   -650778.3939         0.375
3.8000        -0.431439     0.000024490   -650778.3531         0.415
3.9000        -0.390056     0.000005442   -650778.3117         0.419
4.0000        -0.348937     0.000016327   -650778.2706         0.426
5.0000        -0.036384     0.000019048   -650777.9583         0.208
6.0000         0.088832     0.000010885   -650777.8328         0.070
7.0000         0.128405     0.000013606   -650777.7934         0.019
8.0000         0.139733     0.000019048   -650777.7819         0.004
9.0000         0.142751     0.000016327   -650777.7789         0.001
10.0000         0.143535     0.000016327   -650777.7781        -0.001
100.0000         0.143788     0.000016327   -650777.7778
1000.0000         0.143790     0.000013606   -650777.7778
