0.0020    491652.395865     0.000008163    127331.8933
0.0040    239724.535652     0.000024490   -124595.9670
0.0060    156157.761638     0.000024490   -208162.7409
0.0080    114511.803204     0.000013606   -249808.6994
0.0100     89698.180354     0.000005442   -274622.3223
0.0120     73341.114180     0.000008163   -290979.3885
0.0140     61605.155096     0.000010885   -302715.3476
0.0160     52850.657433     0.000010885   -311469.8453
0.0180     46056.586914     0.000013606   -318263.9156
0.0200     40689.182229     0.000013606   -323631.3205
0.0400     17155.985884     0.000010885   -347164.5167
0.0600      9815.823864     0.000016327   -354504.6787
0.0800      6384.698730     0.000024490   -357935.8039
0.1000      4470.828412     0.000010885   -359849.6742
0.1200      3294.473254     0.000016327   -361026.0293    -47577.109
0.1400      2514.499443     0.000008163   -361806.0032    -32506.176
0.1600      1964.385793     0.000013606   -362356.1169    -23382.266
0.1800      1558.990919     0.000021769   -362761.5118    -17459.907
0.2000      1252.430880     0.000016327   -363068.0718    -13332.747
0.2400       835.144293     0.000019048   -363485.3583     -8036.773
0.2800       580.926501     0.000021769   -363739.5761     -5008.532
0.3200       420.136550     0.000024490   -363900.3661     -3244.695
0.3600       313.713289     0.000013606   -364006.7893     -2199.493
0.4000       239.851019     0.000024490   -364080.6517     -1559.089
0.4500       175.445331     0.000024490   -364145.0572     -1064.901
0.5000       130.628990     0.000021769   -364189.8736      -752.724
0.5500        98.589704     0.000021769   -364221.9128      -542.103
0.6000        75.379099     0.000024490   -364245.1236      -393.937
0.6500        58.402886     0.000024490   -364262.0997      -288.388
0.7000        45.910085     0.000024490   -364274.5925      -212.927
0.7500        36.628564     0.000010885   -364283.8740      -158.336
0.8000        29.694447     0.000021769   -364290.8083      -119.604
0.8500        24.453145     0.000021769   -364296.0495       -91.992
0.9000        20.374291     0.000013606   -364300.1284       -72.269
0.9500        17.124605     0.000010885   -364303.3780       -58.422
1.0000        14.477578     0.000024490   -364306.0252       -48.323
1.1000        10.370396     0.000005442   -364310.1322       -34.996
1.2000         7.316355     0.000019048   -364313.1864       -26.681
1.3000         4.966945     0.000016327   -364315.5355       -20.470
1.4000         3.171145     0.000027211   -364317.3315       -15.644
1.5000         1.810350     0.000008163   -364318.6923       -11.568
1.6000         0.804927     0.000002721   -364319.6978        -8.567
1.7000         0.082358     0.000013606   -364320.4203        -5.990
1.8000        -0.427015     0.000008163   -364320.9297        -4.078
1.9000        -0.762469     0.000005442   -364321.2652        -2.684
2.0000        -0.970299     0.000013606   -364321.4728        -1.525
2.1000        -1.086679     0.000002721   -364321.5893        -0.693
2.2000        -1.129801     0.000005442   -364321.6325        -0.149
2.3000        -1.119142     0.000008163   -364321.6216         0.297
2.4000        -1.075258     0.000008163   -364321.5778         0.619
2.5000        -1.009235     0.000002721   -364321.5117         0.814
2.6000        -0.925495     0.000008163   -364321.4282         0.896
2.7000        -0.830944     0.000008163   -364321.3335         0.958
2.8000        -0.733774     0.000016327   -364321.2363         0.985
2.9000        -0.638192     0.000016327   -364321.1408         1.004
3.0000        -0.545893     0.000027211   -364321.0486         0.957
3.1000        -0.431301     0.000019048   -364320.9340         0.863
3.2000        -0.311734     0.000024490   -364320.8143         0.780
3.3000        -0.203348     0.000024490   -364320.7060         0.711
3.4000        -0.106840     0.000024490   -364320.6094         0.647
3.5000        -0.021685     0.000027211   -364320.5242         0.591
3.6000         0.053070     0.000021769   -364320.4496         0.530
3.7000         0.119009     0.000010885   -364320.3835         0.457
3.8000         0.178020     0.000013606   -364320.3245         0.388
3.9000         0.230249     0.000013606   -364320.2722         0.331
4.0000         0.275896     0.000019048   -364320.2268         0.291
5.0000         0.501571     0.000008163   -364320.0009         0.062
6.0000         0.566560     0.000016327   -364319.9362         0.090
7.0000         0.592150     0.000005442   -364319.9103         0.028
8.0000         0.606202     0.000005442   -364319.8964         0.019
9.0000         0.615519     0.000008163   -364319.8872         0.013
10.0000         0.622292     0.000008163   -364319.8804         0.011
100.0000         0.666151     0.000008163   -364319.8366         0.000
1000.0000         0.669705     0.000005442   -364319.8328
