0.0020  11959363.611400     0.000013606  11701606.0157
0.0040   5831344.042436     0.000005442   5573586.4444
0.0060   3800381.309988     0.000013606   3542623.7127
0.0080   2787142.516189     0.000013606   2529384.9191
0.0100   2181142.849897     0.000019048   1923385.2529
0.0120   1778294.311001     0.000010885   1520536.7142
0.0140   1491822.669754     0.000016327   1234065.0728
0.0160   1277995.413171     0.000019048   1020237.8164
0.0180   1112367.710581     0.000016327    854610.1136
0.0200    980474.696278     0.000016327    722717.0995
0.0400    405594.276589     0.000016327    147836.6797
0.0600    228495.554604     0.000019048    -29262.0423
0.0800    146738.846050     0.000013606   -111018.7509
0.1000    101522.358130     0.000013606   -156235.2388
0.1200     73594.582195     0.000013606   -184163.0147
0.1400     55302.397671     0.000019048   -202455.1993
0.1600     42852.765258     0.000021769   -214904.8317
0.1800     34085.585193     0.000027211   -223672.0117
0.2000     27416.021058     0.000019048   -230341.5759
0.2400     18276.155743     0.000024490   -239481.4412
0.2800     12617.852112     0.000021769   -245139.7448
0.3200      9064.293948     0.000027211   -248693.3030
0.3600      6750.405315     0.000019048   -251007.1916    -47668.804
0.4000      5091.764465     0.000021769   -252665.8325    -36025.447
0.4500      3603.780852     0.000027211   -254153.8161    -24036.304
0.5000      2617.124461     0.000024490   -255140.4725    -16078.387
0.5500      1945.756577     0.000016327   -255811.8404    -11186.366
0.6000      1470.074681     0.000013606   -256287.5223     -8019.360
0.6500      1125.467967     0.000019048   -256632.1290     -5888.151
0.7000       868.268922     0.000010885   -256889.3280     -4469.127
0.7500       670.952191     0.000019048   -257086.6447     -3452.852
0.8000       518.489403     0.000027211   -257239.1075     -2649.541
0.8500       402.273452     0.000010885   -257355.3235     -2006.081
0.9000       314.659652     0.000010885   -257442.9373     -1509.883
0.9500       248.844475     0.000010885   -257508.7525     -1139.006
1.0000       199.014564     0.000016327   -257558.5824      -867.182
1.1000       131.172306     0.000019048   -257626.4246      -524.680
1.2000        88.957855     0.000016327   -257668.6391      -337.097
1.3000        61.248909     0.000008163   -257696.3480      -225.879
1.4000        42.464695     0.000021769   -257715.1322      -154.661
1.5000        29.529336     0.000027211   -257728.0676      -106.980
1.6000        20.557078     0.000019048   -257737.0399       -74.339
1.7000        14.307581     0.000013606   -257743.2894       -51.985
1.8000         9.935539     0.000013606   -257747.6614       -36.467
1.9000         6.859451     0.000010885   -257750.7375       -25.755
2.0000         4.752146     0.000010885   -257752.8448       -18.356
2.1000         3.236804     0.000016327   -257754.3601       -13.179
2.2000         2.154130     0.000010885   -257755.4428        -9.509
2.3000         1.383027     0.000021769   -257756.2139        -6.931
2.4000         0.850245     0.000021769   -257756.7467        -5.111
2.5000         0.477421     0.000021769   -257757.1195        -3.829
2.6000         0.205231     0.000027211   -257757.3917        -2.868
2.7000         0.003497     0.000024490   -257757.5934        -2.127
2.8000        -0.143064     0.000019048   -257757.7400        -1.590
2.9000        -0.249613     0.000019048   -257757.8466        -1.126
3.0000        -0.323127     0.000019048   -257757.9201        -0.788
3.1000        -0.372535     0.000021769   -257757.9695        -0.522
3.2000        -0.401344     0.000013606   -257757.9983        -0.305
3.3000        -0.415806     0.000013606   -257758.0127        -0.137
3.4000        -0.418103     0.000021769   -257758.0150        -0.027
3.5000        -0.410519     0.000021769   -257758.0075         0.071
3.6000        -0.397373     0.000019048   -257757.9943         0.141
3.7000        -0.378336     0.000021769   -257757.9753         0.191
3.8000        -0.355569     0.000024490   -257757.9525         0.217
3.9000        -0.330216     0.000024490   -257757.9272         0.244
4.0000        -0.302365     0.000021769   -257757.8993         0.257
5.0000        -0.032028     0.000010885   -257757.6289         0.198
6.0000         0.134925     0.000016327   -257757.4620         0.109
7.0000         0.207656     0.000016327   -257757.3893         0.043
8.0000         0.234935     0.000027211   -257757.3620         0.018
9.0000         0.244758     0.000024490   -257757.3522         0.009
10.0000         0.248666     0.000024490   -257757.3483         0.006
100.0000         0.256916     0.000019048   -257757.3400         0.000
1000.0000         0.257308     0.000019048   -257757.3396
