0.0020         0.000000     0.000013606  32268805.2151
0.0040  16076619.349341     0.000016327  15333149.8875
0.0060  10450067.997005     0.000016327   9706598.5342
0.0080   7644553.494163     0.000010885   6901084.0308
0.0100   5965183.118358     0.000019048   5221713.6569
0.0120   4849015.804806     0.000027211   4105546.3434
0.0140   4055801.766482     0.000021769   3312332.3051
0.0160   3464651.563982     0.000024490   2721182.1015
0.0180   3008223.402172     0.000021769   2264753.9396
0.0200   2645939.926439     0.000021769   1902470.4640
0.0400   1070734.264208     0.000021769    327264.8016
0.0600    591327.664057     0.000024490   -152141.7985
0.0800    374618.786050     0.000019048   -368850.6766
0.1000    257225.968703     0.000008163   -486243.4940
0.1200    185033.887491     0.000021769   -558435.5752
0.1400    138281.948695     0.000013606   -605187.5138
0.1600    106703.767143     0.000021769   -636765.6953
0.1800     83698.470324     0.000016327   -659770.9921
0.2000     66369.881614     0.000024490   -677099.5808
0.2400     43071.471330     0.000016327   -700397.9911
0.2800     29321.447827     0.000021769   -714148.0148
0.3200     20652.628762     0.000019048   -722816.8339
0.3600     14632.204226     0.000002721   -728837.2584
0.4000     10681.411293     0.000013606   -732788.0513
0.4500      7486.471462     0.000021769   -735982.9911    -50669.755
0.5000      5402.085304     0.000010885   -738067.3772    -34248.599
0.5500      3957.776555     0.000019048   -739511.6860    -24226.144
0.6000      2928.605180     0.000010885   -740540.8575    -17289.333
0.6500      2197.831973     0.000024490   -741271.6307    -12254.972
0.7000      1678.242559     0.000010885   -741791.2200     -8777.638
0.7500      1303.253476     0.000013606   -742166.2091     -6418.494
0.8000      1022.256416     0.000024490   -742447.2062     -4973.698
0.8500       802.570579     0.000008163   -742666.8920     -3873.890
0.9000       631.961412     0.000013606   -742837.5012     -3004.756
0.9500       499.845768     0.000021769   -742969.6169     -2323.868
1.0000       397.522193     0.000021769   -743071.9404     -1797.331
1.1000       256.409311     0.000013606   -743213.0533     -1086.300
1.2000       170.274089     0.000013606   -743299.1885      -671.455
1.3000       116.407865     0.000013606   -743353.0546      -426.522
1.4000        82.063347     0.000027211   -743387.3991      -279.280
1.5000        59.302111     0.000024490   -743410.1604      -188.471
1.6000        43.691415     0.000010885   -743425.7710      -130.983
1.7000        32.729260     0.000016327   -743436.7331       -93.861
1.8000        24.681833     0.000016327   -743444.7806       -68.117
1.9000        18.706104     0.000010885   -743450.7565       -49.788
2.0000        14.263223     0.000019048   -743455.1993       -36.471
2.1000        10.968965     0.000024490   -743458.4935       -26.860
2.2000         8.628165     0.000010885   -743460.8343       -19.721
2.3000         6.891166     0.000027211   -743462.5714       -14.584
2.4000         5.587928     0.000016327   -743463.8746       -10.952
2.5000         4.599425     0.000027211   -743464.8632        -8.240
2.6000         3.841836     0.000019048   -743465.6208        -6.248
2.7000         3.255939     0.000005442   -743466.2066        -4.753
2.8000         2.799974     0.000021769   -743466.6627        -3.634
2.9000         2.443624     0.000024490   -743467.0189        -2.751
3.0000         2.165442     0.000027211   -743467.2970        -2.103
3.1000         1.948826     0.000027211   -743467.5136        -1.576
3.2000         1.781612     0.000024490   -743467.6809        -1.189
3.3000         1.654143     0.000019048   -743467.8083        -0.877
3.4000         1.558514     0.000024490   -743467.9041        -0.613
3.5000         1.487946     0.000010885   -743467.9745        -0.430
3.6000         1.437660     0.000019048   -743468.0249        -0.299
3.7000         1.403284     0.000021769   -743468.0592        -0.179
3.8000         1.380644     0.000019048   -743468.0818        -0.082
3.9000         1.367218     0.000013606   -743468.0954        -0.031
4.0000         1.361193     0.000008163   -743468.1013         0.016
5.0000         1.429325     0.000024490   -743468.0333         0.091
6.0000         1.495440     0.000008163   -743467.9672         0.040
7.0000         1.521876     0.000027211   -743467.9405         0.014
8.0000         1.530051     0.000016327   -743467.9324         0.004
9.0000         1.532227     0.000027211   -743467.9302         0.000
10.0000         1.532791     0.000027211   -743467.9296        -0.000
100.0000         1.532943     0.000024490   -743467.9296
1000.0000         1.532946     0.000021769   -743467.9296
