0.0020   4680278.233176     0.000013606   4594049.8742
0.0040   2291879.873369     0.000021769   2205651.5137
0.0060   1496722.064728     0.000021769   1410493.7050
0.0080   1100488.251419     0.000024490   1014259.8917
0.0100    863638.214170     0.000016327    777409.8544
0.0120    706336.539883     0.000024490    620108.1802
0.0140    594288.849417     0.000008163    508060.4898
0.0160    510491.736272     0.000021769    424263.3767
0.0180    445576.599924     0.000013606    359348.2402
0.0200    393917.030144     0.000019048    307688.6705
0.0400    166103.773931     0.000024490     79875.4143
0.0600     95066.850278     0.000024490      8838.4906
0.0800     61994.977365     0.000027211    -24233.3823
0.1000     43408.728708     0.000024490    -42819.6310
0.1200     31897.369145     0.000019048    -54330.9905
0.1400     24317.142533     0.000024490    -61911.2172
0.1600     19032.880682     0.000027211    -67195.4790
0.1800     15152.156830     0.000021769    -71076.2028
0.2000     12211.974034     0.000013606    -74016.3856
0.2400      8194.410520     0.000021769    -78033.9491
0.2800      5731.406291     0.000019048    -80496.9534    -48393.530
0.3200      4165.088489     0.000016327    -82063.2712    -31361.030
0.3600      3133.463641     0.000024490    -83094.8960    -21060.647
0.4000      2420.960263     0.000019048    -83807.3994    -15257.684
0.4500      1750.568243     0.000021769    -84477.7914    -11728.695
0.5000      1263.869770     0.000008163    -84964.4899     -7918.140
0.5500       936.365995     0.000021769    -85291.9937     -5359.726
0.6000       712.653914     0.000019048    -85515.7058     -3706.637
0.6500       555.814834     0.000013606    -85672.5449     -2642.326
0.7000       442.007957     0.000016327    -85786.3517     -1952.267
0.7500       356.189778     0.000027211    -85872.1699     -1495.726
0.8000       289.545820     0.000024490    -85938.8139     -1179.072
0.8500       236.622865     0.000024490    -85991.7368      -949.606
0.9000       193.807230     0.000010885    -86034.5525      -776.525
0.9500       158.733017     0.000024490    -86069.6267      -637.249
1.0000       129.953641     0.000019048    -86098.4060      -520.529
1.1000        87.394179     0.000008163    -86140.9655      -341.108
1.2000        59.548039     0.000016327    -86168.8116      -219.549
1.3000        41.306298     0.000027211    -86187.0534      -146.293
1.4000        29.162703     0.000008163    -86199.1970      -100.503
1.5000        20.564370     0.000024490    -86207.7953       -72.432
1.6000        14.008536     0.000021769    -86214.3512       -54.329
1.7000         8.885049     0.000019048    -86219.4746       -41.397
1.8000         4.889491     0.000013606    -86223.4702       -31.451
1.9000         1.900471     0.000016327    -86226.4592       -23.398
2.0000        -0.097686     0.000016327    -86228.4574       -16.888
2.1000        -1.525631     0.000016327    -86229.8853       -11.938
2.2000        -2.527084     0.000019048    -86230.8868        -8.276
2.3000        -3.210703     0.000024490    -86231.5704        -5.532
2.4000        -3.659669     0.000019048    -86232.0193        -3.551
2.5000        -3.938001     0.000019048    -86232.2977        -2.087
2.6000        -4.091427     0.000019048    -86232.4511        -1.040
2.7000        -4.156280     0.000013606    -86232.5160        -0.288
2.8000        -4.157659     0.000016327    -86232.5173         0.245
2.9000        -4.080161     0.000016327    -86232.4398         0.567
3.0000        -3.877994     0.000027211    -86232.2377         0.735
3.1000        -3.707719     0.000019048    -86232.0674         0.845
3.2000        -3.543182     0.000013606    -86231.9029         0.894
3.3000        -3.385005     0.000013606    -86231.7447         0.910
3.4000        -3.233187     0.000024490    -86231.5929         0.901
3.5000        -3.088197     0.000024490    -86231.4479         0.877
3.6000        -2.951375     0.000021769    -86231.3111         0.842
3.7000        -2.822633     0.000013606    -86231.1823         0.797
3.8000        -2.701996     0.000013606    -86231.0617         0.752
3.9000        -2.585972     0.000019048    -86230.9456         0.701
4.0000        -2.472814     0.000013606    -86230.8325         0.643
5.0000        -1.748539     0.000024490    -86230.1082         0.269
6.0000        -1.444033     0.000016327    -86229.8037         0.109
7.0000        -1.294071     0.000019048    -86229.6538         0.068
8.0000        -1.204975     0.000013606    -86229.5647         0.046
9.0000        -1.144827     0.000024490    -86229.5045         0.032
10.0000        -1.101066     0.000027211    -86229.4607         0.027
100.0000        -0.830135     0.000013606    -86229.1898         0.000
1000.0000        -0.808837     0.000016327    -86229.1685
