0.0020  14328330.094400     0.000010885  13959348.2115
0.0040   6981652.293001     0.000013606   6612670.4092
0.0060   4544256.124493     0.000021769   4175274.2423
0.0080   3330030.585910     0.000008163   2961048.7014
0.0100   2604110.060191     0.000016327   2235128.1765
0.0120   2121596.173272     0.000019048   1752614.2896
0.0140   1778603.153156     0.000013606   1409621.2695
0.0160   1522647.330997     0.000016327   1153665.4473
0.0180   1324621.048196     0.000013606    955639.1647
0.0200   1167130.144809     0.000019048    798148.2612
0.0400    481809.408149     0.000016327    112827.5246
0.0600    269992.843941     0.000027211    -98989.0397
0.0800    172586.765317     0.000019048   -196395.1183
0.1000    118802.418056     0.000019048   -250179.4655
0.1200     86136.043588     0.000010885   -282845.8399
0.1400     64958.353272     0.000024490   -304023.5303
0.1600     50268.309161     0.000027211   -318713.5744
0.1800     39385.974506     0.000008163   -329595.9091
0.2000     31204.894541     0.000016327   -337776.9889
0.2400     20397.533745     0.000019048   -348584.3500
0.2800     14050.133475     0.000005442   -354931.7501
0.3200     10063.610349     0.000016327   -358918.2732
0.3600      7290.474841     0.000019048   -361691.4086
0.4000      5334.452120     0.000016327   -363647.4315    -40253.941
0.4500      3717.899373     0.000019048   -365263.9841    -25694.286
0.5000      2663.856708     0.000019048   -366318.0268    -17141.795
0.5500      1948.353834     0.000016327   -367033.5298    -11877.394
0.6000      1443.736107     0.000019048   -367538.1474     -8558.087
0.6500      1074.668593     0.000013606   -367907.2150     -6359.764
0.7000       801.412576     0.000019048   -368180.4711     -4668.803
0.7500       602.578957     0.000021769   -368379.3047     -3356.284
0.8000       459.709052     0.000016327   -368522.1746     -2410.319
0.8500       356.583948     0.000024490   -368625.2996     -1753.405
0.9000       280.951136     0.000016327   -368700.9326     -1304.983
0.9500       224.109340     0.000024490   -368757.7742      -990.981
1.0000       180.612079     0.000005442   -368801.2716      -767.400
1.1000       119.806887     0.000010885   -368862.0768      -484.077
1.2000        80.628754     0.000013606   -368901.2550      -316.290
1.3000        55.067011     0.000005442   -368926.8165      -209.011
1.4000        38.163373     0.000013606   -368943.7202      -138.015
1.5000        26.986687     0.000019048   -368954.8968       -91.565
1.6000        19.561345     0.000024490   -368962.3222       -61.598
1.7000        14.560257     0.000013606   -368967.3234       -42.357
1.8000        11.121521     0.000016327   -368970.7621       -29.879
1.9000         8.697840     0.000024490   -368973.1858       -21.590
2.0000         6.947225     0.000008163   -368974.9363       -15.943
2.1000         5.653475     0.000010885   -368976.2302       -11.922
2.2000         4.680284     0.000016327   -368977.2033        -8.990
2.3000         3.937805     0.000005442   -368977.9457        -6.823
2.4000         3.366534     0.000008163   -368978.5171        -5.135
2.5000         2.924858     0.000010885   -368978.9587        -3.866
2.6000         2.584035     0.000016327   -368979.2997        -2.867
2.7000         2.357304     0.000021769   -368979.5264        -2.115
2.8000         2.211685     0.000008163   -368979.6719        -1.569
2.9000         2.098790     0.000027211   -368979.7849        -1.109
3.0000         2.014171     0.000016327   -368979.8695        -0.767
3.1000         1.953340     0.000024490   -368979.9302        -0.499
3.2000         1.911992     0.000013606   -368979.9715        -0.274
3.3000         1.886852     0.000002721   -368979.9968        -0.116
3.4000         1.875050     0.000021769   -368980.0085        -0.006
3.5000         1.874081     0.000005442   -368980.0096         0.087
3.6000         1.881437     0.000013606   -368980.0023         0.160
3.7000         1.895388     0.000024490   -368979.9881         0.205
3.8000         1.914545     0.000024490   -368979.9691         0.226
3.9000         1.937620     0.000021769   -368979.9460         0.244
4.0000         1.963310     0.000002721   -368979.9204         0.256
5.0000         2.210793     0.000016327   -368979.6728         0.145
6.0000         2.324485     0.000027211   -368979.5590         0.064
7.0000         2.355704     0.000005442   -368979.5280         0.022
8.0000         2.360651     0.000021769   -368979.5228         0.010
9.0000         2.358999     0.000024490   -368979.5245         0.005
10.0000         2.356330     0.000013606   -368979.5272         0.003
100.0000         2.334542     0.000016327   -368979.5489
1000.0000         2.332779     0.000013606   -368979.5509
