0.0020         0.000000     0.000016327  31324622.4552
0.0040  15578514.116431     0.000024490  14886474.0167
0.0060  10115437.732224     0.000021769   9423397.6311
0.0080   7393293.907774     0.000019048   6701253.8081
0.0100   5766065.851107     0.000021769   5074025.7507
0.0120   4685387.783766     0.000027211   3993347.6841
0.0140   3918367.232302     0.000008163   3226327.1315
0.0160   3347012.860370     0.000016327   2654972.7600
0.0180   2906004.449478     0.000008163   2213964.3492
0.0200   2556072.176701     0.000005442   1864032.0762
0.0400   1035971.859628     0.000016327    343931.7593
0.0600    573996.934259     0.000008163   -118043.1661
0.0800    363759.828684     0.000024490   -328280.2716
0.1000    249759.380271     0.000013606   -442280.7201
0.1200    179806.852842     0.000013606   -512233.2477
0.1400    134504.695450     0.000010885   -557535.4050
0.1600    103805.826145     0.000021769   -588234.2742
0.1800     81725.480304     0.000019048   -610314.6200
0.2000     64887.925447     0.000021769   -627152.1750
0.2400     42163.248386     0.000016327   -649876.8521
0.2800     28645.035914     0.000016327   -663395.0643
0.3200     20216.590112     0.000019048   -671823.5102
0.3600     14307.206426     0.000019048   -677732.8939
0.4000     10366.230624     0.000019048   -681673.8698
0.4500      7179.475584     0.000021769   -684860.6247    -50274.317
0.5000      5124.268195     0.000013606   -686915.8323    -33463.970
0.5500      3721.457614     0.000019048   -688318.6429    -23444.170
0.6000      2724.443142     0.000013606   -689315.6573    -16795.998
0.6500      2013.336955     0.000002721   -690026.7634    -11969.153
0.7000      1504.498838     0.000005442   -690535.6016     -8525.987
0.7500      1143.518171     0.000021769   -690896.5822     -6116.340
0.8000       881.010250     0.000021769   -691159.0900     -4518.412
0.8500       683.232011     0.000013606   -691356.8685     -3449.804
0.9000       531.411769     0.000010885   -691508.6887     -2669.393
0.9500       413.194566     0.000021769   -691626.9059     -2072.709
1.0000       321.026001     0.000019048   -691719.0744     -1610.243
1.1000       195.301397     0.000013606   -691844.7990      -959.680
1.2000       120.635229     0.000021769   -691919.4652      -575.427
1.3000        75.592719     0.000019048   -691964.5076      -352.066
1.4000        47.760098     0.000013606   -691992.3403      -220.072
1.5000        30.250939     0.000027211   -692009.8494      -139.592
1.6000        19.121040     0.000019048   -692020.9794       -89.084
1.7000        12.111406     0.000008163   -692027.9891       -56.769
1.8000         7.729914     0.000013606   -692032.3704       -35.611
1.9000         5.459624     0.000021769   -692034.6407       -22.519
2.0000         4.342781     0.000016327   -692035.7577       -14.312
2.1000         3.678915     0.000008163   -692036.4214        -8.766
2.2000         3.325801     0.000021769   -692036.7746        -5.187
2.3000         3.473997     0.000008163   -692036.6263        -3.377
2.4000         3.873101     0.000024490   -692036.2274        -2.821
2.5000         4.133656     0.000021769   -692035.9667        -2.406
2.6000         4.283972     0.000000000   -692035.8165        -2.081
2.7000         4.358740     0.000016327   -692035.7416        -1.738
2.8000         4.390510     0.000005442   -692035.7098        -1.377
2.9000         4.403835     0.000005442   -692035.6965        -1.040
3.0000         4.415112     0.000005442   -692035.6853        -0.735
3.1000         4.434013     0.000002721   -692035.6663        -0.442
3.2000         4.463668     0.000005442   -692035.6366        -0.216
3.3000         4.505445     0.000021769   -692035.5950        -0.018
3.4000         4.558263     0.000013606   -692035.5422         0.140
3.5000         4.619154     0.000019048   -692035.4812         0.253
3.6000         4.686885     0.000002721   -692035.4135         0.330
3.7000         4.759175     0.000019048   -692035.3411         0.394
3.8000         4.833163     0.000010885   -692035.2673         0.432
3.9000         4.907358     0.000005442   -692035.1930         0.441
4.0000         4.981280     0.000010885   -692035.1190         0.444
5.0000         5.525337     0.000008163   -692034.5751         0.217
6.0000         5.731166     0.000016327   -692034.3691         0.068
7.0000         5.794797     0.000021769   -692034.3057         0.031
8.0000         5.816376     0.000016327   -692034.2839         0.015
9.0000         5.825661     0.000013606   -692034.2747         0.009
10.0000         5.830997     0.000027211   -692034.2695         0.006
100.0000         5.857188     0.000008163   -692034.2431         0.000
1000.0000         5.859016     0.000016327   -692034.2415
