0.0020  15667459.970527     0.000016327  15083214.4152
0.0040   7627657.316127     0.000013606   7043411.7627
0.0060   4957658.752903     0.000019048   4373413.1977
0.0080   3629288.672357     0.000021769   3045043.1188
0.0100   2836979.313843     0.000021769   2252733.7595
0.0120   2311064.141847     0.000024490   1726818.5877
0.0140   1936977.366502     0.000010885   1352731.8121
0.0160   1657760.935191     0.000016327   1073515.3808
0.0180   1441746.446733     0.000019048    857500.8925
0.0200   1270152.793758     0.000016327    685907.2395
0.0400    521270.062734     0.000021769    -62975.4916
0.0600    292328.540041     0.000024490   -291917.0143
0.0800    187543.542405     0.000021769   -396702.0120
0.1000    129663.174925     0.000021769   -454582.3795
0.1200     94142.162198     0.000019048   -490103.3921
0.1400     70550.744998     0.000019048   -513694.8093
0.1600     54020.500779     0.000008163   -530225.0534
0.1800     42114.731376     0.000024490   -542130.8229
0.2000     33405.105955     0.000021769   -550840.4484
0.2400     22040.383503     0.000021769   -562205.1707
0.2800     15308.821022     0.000016327   -568936.7332
0.3200     10781.194886     0.000008163   -573464.3595
0.3600      7792.793015     0.000016327   -576452.7613
0.4000      5792.601496     0.000013606   -578452.9529    -41162.477
0.4500      4127.466045     0.000019048   -580118.0882    -26782.953
0.5000      3007.737030     0.000019048   -581237.8172    -18797.040
0.5500      2203.266731     0.000008163   -582042.2876    -13593.915
0.6000      1628.224049     0.000016327   -582617.3303     -9608.618
0.6500      1222.628376     0.000019048   -583022.9259     -6794.857
0.7000       933.804260     0.000010885   -583311.7501     -4886.251
0.7500       723.797065     0.000013606   -583521.7573     -3593.860
0.8000       567.506480     0.000016327   -583678.0479     -2702.992
0.8500       448.685552     0.000027211   -583796.8686     -2072.840
0.9000       356.749195     0.000024490   -583888.8050     -1615.418
0.9500       284.697168     0.000019048   -583960.8570     -1275.546
1.0000       227.743594     0.000024490   -584017.8107     -1019.554
1.1000       145.295771     0.000024490   -584100.2585      -662.549
1.2000        91.806714     0.000016327   -584153.7474      -418.787
1.3000        58.460394     0.000019048   -584187.0939      -264.413
1.4000        37.486267     0.000021769   -584208.0679      -172.462
1.5000        23.531324     0.000016327   -584222.0230      -115.253
1.6000        14.037369     0.000013606   -584231.5168       -77.416
1.7000         7.672493     0.000027211   -584237.8818       -51.593
1.8000         3.491505     0.000002721   -584242.0628       -33.888
1.9000         0.799501     0.000013606   -584244.7549       -21.801
2.0000        -0.884776     0.000010885   -584246.4390       -13.613
2.1000        -1.890865     0.000008163   -584247.4453        -8.144
2.2000        -2.441499     0.000013606   -584247.9957        -4.350
2.3000        -2.688494     0.000021769   -584248.2428        -1.901
2.4000        -2.614544     0.000016327   -584248.1688        -0.420
2.5000        -2.440528     0.000013606   -584247.9949         0.523
2.6000        -2.226540     0.000021769   -584247.7808         1.133
2.7000        -1.994476     0.000013606   -584247.5487         1.459
2.8000        -1.685980     0.000010885   -584247.2404         1.638
2.9000        -1.371999     0.000005442   -584246.9263         1.706
3.0000        -1.077166     0.000021769   -584246.6314         1.675
3.1000        -0.774782     0.000016327   -584246.3291         1.602
3.2000        -0.469399     0.000005442   -584246.0237         1.498
3.3000        -0.192006     0.000013606   -584245.7462         1.359
3.4000         0.058434     0.000013606   -584245.4958         1.211
3.5000         0.281529     0.000002721   -584245.2727         1.081
3.6000         0.478270     0.000005442   -584245.0760         0.955
3.7000         0.650733     0.000021769   -584244.9034         0.832
3.8000         0.801253     0.000010885   -584244.7530         0.718
3.9000         0.931492     0.000024490   -584244.6229         0.624
4.0000         1.043345     0.000019048   -584244.5111         0.538
5.0000         1.547991     0.000016327   -584244.0063         0.104
6.0000         1.633876     0.000010885   -584243.9203         0.016
7.0000         1.647903     0.000016327   -584243.9064         0.003
8.0000         1.650491     0.000027211   -584243.9037         0.000
9.0000         1.651125     0.000021769   -584243.9032        -0.001
10.0000         1.651364     0.000027211   -584243.9029        -0.000
100.0000         1.652518     0.000019048   -584243.9018
1000.0000         1.652597     0.000008163   -584243.9018
