0.0020  26750230.521160     0.000019048  26017989.0792
0.0040  13013180.432451     0.000002721  12280938.9903
0.0060   8452669.617633     0.000021769   7720428.1740
0.0080   6183792.694266     0.000005442   5451551.2519
0.0100   4827347.560308     0.000016327   4095106.1172
0.0120   3926910.504966     0.000013606   3194669.0614
0.0140   3286549.580377     0.000021769   2554308.1374
0.0160   2809016.338250     0.000008163   2076774.8951
0.0180   2440191.269627     0.000016327   1707949.8266
0.0200   2147598.845320     0.000027211   1415357.4024
0.0400    873361.448875     0.000013606    141120.0058
0.0600    485190.269928     0.000010885   -247051.1731
0.0800    308763.688448     0.000016327   -423477.7546
0.1000    212447.176033     0.000021769   -519794.2671
0.1200    153110.250872     0.000013606   -579131.1921
0.1400    113684.493371     0.000016327   -618556.9497
0.1600     86844.276178     0.000013606   -645397.1667
0.1800     68260.344787     0.000021769   -663981.0982
0.2000     54838.652023     0.000016327   -677402.7911
0.2400     36188.674938     0.000008163   -696052.7682
0.2800     24830.684357     0.000021769   -707410.7586
0.3200     17682.721282     0.000021769   -714558.7219
0.3600     12887.576881     0.000010885   -719353.8662
0.4000      9498.266788     0.000013606   -722743.1762
0.4500      6692.938335     0.000010885   -725548.5048    -44234.390
0.5000      4896.739677     0.000010885   -727344.7035    -28974.096
0.5500      3689.420152     0.000021769   -728552.0228    -20088.575
0.6000      2830.160589     0.000024490   -729411.2825    -14662.077
0.6500      2194.865895     0.000016327   -730046.5771    -10951.937
0.7000      1717.897640     0.000016327   -730523.5453     -8271.426
0.7500      1355.551951     0.000019048   -730885.8912     -6325.183
0.8000      1076.820242     0.000016327   -731164.6229     -4893.788
0.8500       860.133158     0.000010885   -731381.3100     -3822.144
0.9000       690.217541     0.000016327   -731551.2256     -3009.948
0.9500       555.886196     0.000019048   -731685.5568     -2390.056
1.0000       448.809633     0.000008163   -731792.6334     -1913.001
1.1000       293.588326     0.000021769   -731947.8548     -1240.688
1.2000       193.135593     0.000008163   -732048.3076      -799.059
1.3000       128.482911     0.000002721   -732112.9602      -526.969
1.4000        85.013234     0.000010885   -732156.4299      -351.225
1.5000        56.256040     0.000019048   -732185.1869      -233.879
1.6000        36.979008     0.000024490   -732204.4640      -157.056
1.7000        23.960709     0.000021769   -732217.4825      -106.096
1.8000        15.142502     0.000019048   -732226.3006       -71.612
1.9000         9.230277     0.000010885   -732232.2128       -47.974
2.0000         5.582910     0.000024490   -732235.8602       -31.873
2.1000         3.238420     0.000019048   -732238.2048       -20.865
2.2000         1.814222     0.000016327   -732239.6287       -13.468
2.3000         0.984944     0.000005442   -732240.4581        -8.654
2.4000         0.510418     0.000008163   -732240.9327        -5.515
2.5000         0.268307     0.000010885   -732241.1749        -3.586
2.6000         0.190202     0.000027211   -732241.2530        -2.444
2.7000         0.157478     0.000019048   -732241.2856        -1.757
2.8000         0.143595     0.000013606   -732241.2995        -1.314
2.9000         0.130987     0.000021769   -732241.3120        -1.069
3.0000         0.120761     0.000013606   -732241.3224        -0.816
3.1000         0.108865     0.000024490   -732241.3341        -0.653
3.2000         0.103025     0.000021769   -732241.3400        -0.516
3.3000         0.101596     0.000021769   -732241.3414        -0.360
3.4000         0.106680     0.000024490   -732241.3362        -0.225
3.5000         0.120487     0.000016327   -732241.3226        -0.147
3.6000         0.139494     0.000013606   -732241.3036        -0.050
3.7000         0.165960     0.000016327   -732241.2772         0.027
3.8000         0.196559     0.000016327   -732241.2464         0.090
3.9000         0.230902     0.000016327   -732241.2122         0.125
4.0000         0.270299     0.000019048   -732241.1727         0.161
5.0000         0.665825     0.000013606   -732240.7773         0.203
6.0000         0.908501     0.000013606   -732240.5346         0.113
7.0000         1.016343     0.000010885   -732240.4268         0.040
8.0000         1.065685     0.000024490   -732240.3773         0.020
9.0000         1.091416     0.000019048   -732240.3517         0.012
10.0000         1.107128     0.000013606   -732240.3359         0.009
100.0000         1.185807     0.000021769   -732240.2573         0.000
1000.0000         1.191331     0.000019048   -732240.2516
