0.0020   6043829.429955     0.000024490   5911090.3958
0.0040   2955142.188663     0.000019048   2822403.1530
0.0060   1927700.995184     0.000024490   1794961.9606
0.0080   1416475.212166     0.000008163   1283736.1776
0.0100   1110796.454588     0.000010885    978057.4200
0.0120    907656.213430     0.000021769    774917.1789
0.0140    763023.458028     0.000016327    630284.4235
0.0160    654866.608295     0.000013606    522127.5738
0.0180    571210.738034     0.000013606    438471.7035
0.0200    504573.002546     0.000010885    371833.9681
0.0400    211724.191974     0.000013606     78985.1575
0.0600    121106.170850     0.000019048    -11632.8636
0.0800     78759.813111     0.000016327    -53979.2213
0.1000     54882.601922     0.000010885    -77856.4325
0.1200     40243.119698     0.000021769    -92495.9148
0.1400     30547.563640     0.000016327   -102191.4708
0.1600     23711.813864     0.000019048   -109027.2206
0.1800     18722.481972     0.000021769   -114016.5525
0.2000     15019.377890     0.000016327   -117719.6566
0.2400     10105.177990     0.000016327   -122633.8565
0.2800      7169.566839     0.000021769   -125569.4676
0.3200      5299.081419     0.000019048   -127439.9531    -39354.304
0.3600      3907.394925     0.000013606   -128831.6395    -29368.941
0.4000      2926.274031     0.000013606   -129812.7604    -20271.177
0.4500      2102.499328     0.000013606   -130636.5351    -13226.648
0.5000      1555.217269     0.000005442   -131183.8172     -9009.666
0.5500      1176.544416     0.000016327   -131562.4900     -6333.682
0.6000       906.556425     0.000019048   -131832.4780     -4601.059
0.6500       706.078234     0.000008163   -132032.9562     -3511.989
0.7000       548.985721     0.000016327   -132190.0487     -2807.595
0.7500       423.778752     0.000019048   -132315.2557     -2207.325
0.8000       326.798052     0.000010885   -132412.2364     -1688.708
0.8500       253.014142     0.000019048   -132486.0203     -1280.694
0.9000       197.068263     0.000008163   -132541.9662      -972.341
0.9500       154.487109     0.000008163   -132584.5474      -742.858
1.0000       121.998599     0.000013606   -132617.0359      -578.665
1.1000        76.105494     0.000024490   -132662.9290      -359.990
1.2000        47.072033     0.000016327   -132691.9624      -232.431
1.3000        28.144075     0.000019048   -132710.8904      -151.277
1.4000        15.780882     0.000016327   -132723.2536       -97.363
1.5000         8.095262     0.000019048   -132730.9392       -60.830
1.6000         3.591967     0.000024490   -132735.4425       -37.041
1.7000         0.944323     0.000019048   -132738.0901       -21.550
1.8000        -0.441211     0.000010885   -132739.4757       -11.948
1.9000        -0.987730     0.000010885   -132740.0222        -6.340
2.0000        -1.167734     0.000019048   -132740.2022        -3.240
2.1000        -1.118356     0.000019048   -132740.1528        -1.609
2.2000        -0.959221     0.000021769   -132739.9937        -0.831
2.3000        -0.804968     0.000005442   -132739.8394        -0.337
2.4000        -0.668630     0.000024490   -132739.7031        -0.067
2.5000        -0.542993     0.000008163   -132739.5775         0.228
2.6000        -0.420993     0.000019048   -132739.4554         0.475
2.7000        -0.294395     0.000027211   -132739.3289         0.667
2.8000        -0.162057     0.000024490   -132739.1965         0.856
2.9000        -0.023312     0.000021769   -132739.0578         0.960
3.0000         0.120269     0.000010885   -132738.9142         1.035
3.1000         0.265542     0.000019048   -132738.7689         1.094
3.2000         0.410767     0.000021769   -132738.6237         1.129
3.3000         0.553238     0.000024490   -132738.4812         1.089
3.4000         0.691583     0.000019048   -132738.3429         1.070
3.5000         0.824288     0.000010885   -132738.2102         1.040
3.6000         0.950168     0.000008163   -132738.0843         0.995
3.7000         1.080630     0.000019048   -132737.9538         0.931
3.8000         1.221618     0.000019048   -132737.8129         0.869
3.9000         1.350466     0.000024490   -132737.6840         0.807
4.0000         1.467628     0.000008163   -132737.5668         0.752
5.0000         2.182531     0.000005442   -132736.8519         0.265
6.0000         2.377609     0.000024490   -132736.6569         0.070
7.0000         2.418799     0.000016327   -132736.6157         0.023
8.0000         2.426476     0.000021769   -132736.6080         0.009
9.0000         2.427561     0.000016327   -132736.6069         0.005
10.0000         2.427428     0.000013606   -132736.6070         0.003
100.0000         2.423156     0.000016327   -132736.6113
1000.0000         2.422745     0.000002721   -132736.6117
