0.0020  25838246.473348     0.000019048  25129017.5886
0.0040  12570919.120687     0.000021769  11861690.2366
0.0060   8167185.132526     0.000013606   7457956.2484
0.0080   5975820.056927     0.000010885   5266591.1728
0.0100   4665653.304880     0.000016327   3956424.4212
0.0120   3795884.015256     0.000008163   3086655.1312
0.0140   3177443.624047     0.000013606   2468214.7393
0.0160   2716170.689646     0.000010885   2006941.8049
0.0180   2359716.707621     0.000008163   1650487.8229
0.0200   2076902.595475     0.000016327   1367673.7107
0.0400    845696.153432     0.000013606    136467.2687
0.0600    469894.817046     0.000013606   -239334.0676
0.0800    298961.108702     0.000024490   -410267.7759
0.1000    205701.127130     0.000019048   -503527.7575
0.1200    148369.661827     0.000019048   -560859.2229
0.1400    110261.551620     0.000013606   -598967.3329
0.1600     84174.224363     0.000019048   -625054.6604
0.1800     66031.376389     0.000016327   -643197.5082
0.2000     53064.498858     0.000010885   -656164.3858
0.2400     34976.702207     0.000016327   -674252.1825
0.2800     23905.337217     0.000019048   -685323.5474
0.3200     16952.738111     0.000008163   -692276.1467
0.3600     12372.894311     0.000016327   -696855.9904
0.4000      9119.915900     0.000024490   -700108.9688
0.4500      6394.888543     0.000021769   -702833.9961    -43029.321
0.5000      4650.583770     0.000013606   -704578.3010    -28049.593
0.5500      3486.780421     0.000016327   -705742.1044    -19263.190
0.6000      2665.953890     0.000016327   -706562.9307    -13960.986
0.6500      2061.018704     0.000016327   -707167.8659    -10420.059
0.7000      1607.292453     0.000019048   -707621.5922     -7839.411
0.7500      1264.755792     0.000016327   -707964.1290     -5943.339
0.8000      1004.123335     0.000010885   -708224.7614     -4552.956
0.8500       803.377435     0.000024490   -708425.5072     -3529.585
0.9000       646.881510     0.000021769   -708582.0032     -2766.908
0.9500       523.562541     0.000024490   -708705.3220     -2191.637
1.0000       425.411833     0.000019048   -708803.4730     -1753.256
1.1000       282.759757     0.000019048   -708946.1249     -1146.801
1.2000       189.444498     0.000021769   -709039.4401      -757.132
1.3000       127.937328     0.000010885   -709100.9474      -499.897
1.4000        86.842120     0.000021769   -709142.0426      -338.070
1.5000        58.635609     0.000008163   -709170.2491      -231.353
1.6000        39.685905     0.000010885   -709189.1989      -156.973
1.7000        26.810161     0.000024490   -709202.0745      -107.018
1.8000        18.024932     0.000019048   -709210.8597       -72.997
1.9000        12.031388     0.000013606   -709216.8532       -49.664
2.0000         7.957456     0.000021769   -709220.9273       -33.608
2.1000         5.216223     0.000016327   -709223.6683       -22.336
2.2000         3.404826     0.000019048   -709225.4798       -14.507
2.3000         2.374080     0.000010885   -709226.5106        -9.301
2.4000         1.791304     0.000010885   -709227.0934        -5.803
2.5000         1.472469     0.000016327   -709227.4121        -3.462
2.6000         1.325560     0.000013606   -709227.5590        -1.943
2.7000         1.286079     0.000013606   -709227.5985        -0.963
2.8000         1.308112     0.000008163   -709227.5764        -0.348
2.9000         1.362812     0.000013606   -709227.5217        -0.019
3.0000         1.430865     0.000013606   -709227.4537         0.189
3.1000         1.500872     0.000024490   -709227.3838         0.275
3.2000         1.567692     0.000019048   -709227.3168         0.308
3.3000         1.628066     0.000010885   -709227.2567         0.323
3.4000         1.681136     0.000008163   -709227.2036         0.312
3.5000         1.727853     0.000008163   -709227.1568         0.285
3.6000         1.768371     0.000008163   -709227.1163         0.265
3.7000         1.803128     0.000008163   -709227.0815         0.244
3.8000         1.833161     0.000013606   -709227.0515         0.220
3.9000         1.859491     0.000010885   -709227.0251         0.192
4.0000         1.882376     0.000013606   -709227.0023         0.173
5.0000         1.996029     0.000019048   -709226.8885         0.047
6.0000         2.023586     0.000016327   -709226.8611         0.009
7.0000         2.029393     0.000027211   -709226.8553
8.0000         2.030479     0.000024490   -709226.8543        -0.001
9.0000         2.030669     0.000024490   -709226.8540        -0.001
10.0000         2.030697     0.000021769   -709226.8540        -0.001
100.0000         2.030705     0.000021769   -709226.8540
1000.0000         2.030705     0.000021769   -709226.8540
