0.0020   2922786.388337     0.000016327   2882848.5399
0.0040   1435105.578727     0.000016327   1395167.7289
0.0060    940383.499005     0.000019048    900445.6491
0.0080    693487.987385     0.000016327    653550.1375
0.0100    545534.223737     0.000019048    505596.3740
0.0120    447043.577311     0.000021769    407105.7276
0.0140    376792.804819     0.000021769    336854.9550
0.0160    324267.541839     0.000024490    284329.6920
0.0180    283524.081528     0.000027211    243586.2317
0.0200    251069.768526     0.000021769    211131.9187
0.0400    107022.812856     0.000021769     67084.9631
0.0600     61407.324283     0.000021769     21469.4745
0.0800     40210.272231     0.000027211       272.4224
0.1000     28349.904803     0.000019048    -11587.9450
0.1200     20884.770654     0.000008163    -19053.0791
0.1400     15868.780824     0.000005442    -24069.0690
0.1600     12374.789090     0.000021769    -27563.0607
0.1800      9876.897029     0.000024490    -30060.9528
0.2000      8050.762061     0.000021769    -31887.0877
0.2400      5599.428310     0.000010885    -34338.4215    -49697.417
0.2800      3965.746991     0.000005442    -35972.1028    -33083.877
0.3200      2877.545246     0.000021769    -37060.3046    -22115.632
0.3600      2140.061104     0.000010885    -37797.7887    -15362.363
0.4000      1618.187286     0.000024490    -38319.6625    -10983.507
0.4500      1166.988968     0.000027211    -38770.8608     -7303.425
0.5000       866.438057     0.000010885    -39071.4117     -4905.779
0.5500       662.028418     0.000019048    -39275.8214     -3400.244
0.6000       516.519034     0.000021769    -39421.3308     -2510.099
0.6500       404.644253     0.000008163    -39533.2055     -1999.818
0.7000       314.738696     0.000016327    -39623.1111     -1601.095
0.7500       243.950426     0.000013606    -39693.8994     -1259.445
0.8000       189.115248     0.000019048    -39748.7345      -952.729
0.8500       147.779962     0.000024490    -39790.0698      -708.004
0.9000       117.418393     0.000021769    -39820.4314      -522.253
0.9500        94.926566     0.000010885    -39842.9232      -386.936
1.0000        78.535969     0.000021769    -39859.3138      -301.058
1.1000        53.364601     0.000013606    -39884.4852      -209.337
1.2000        35.739208     0.000010885    -39902.1106      -140.360
1.3000        24.132778     0.000013606    -39913.7170       -94.649
1.4000        16.348645     0.000019048    -39921.5012       -64.432
1.5000        11.104372     0.000013606    -39926.7454       -43.684
1.6000         7.622649     0.000019048    -39930.2271       -29.263
1.7000         5.404583     0.000013606    -39932.4452       -19.348
1.8000         3.976546     0.000016327    -39933.8733       -12.594
1.9000         3.082055     0.000019048    -39934.7678        -8.050
2.0000         2.538127     0.000019048    -39935.3117        -5.057
2.1000         2.218189     0.000016327    -39935.6316        -3.129
2.2000         2.035665     0.000021769    -39935.8141        -1.924
2.3000         1.933375     0.000010885    -39935.9164        -1.180
2.4000         1.874571     0.000027211    -39935.9752        -0.746
2.5000         1.838206     0.000019048    -39936.0116        -0.480
2.6000         1.812146     0.000016327    -39936.0377        -0.330
2.7000         1.791128     0.000013606    -39936.0587        -0.235
2.8000         1.773146     0.000013606    -39936.0766        -0.170
2.9000         1.757421     0.000016327    -39936.0924        -0.126
3.0000         1.744087     0.000016327    -39936.1057        -0.090
3.1000         1.733254     0.000013606    -39936.1165        -0.063
3.2000         1.724822     0.000010885    -39936.1250        -0.040
3.3000         1.718634     0.000024490    -39936.1312        -0.021
3.4000         1.714620     0.000019048    -39936.1352        -0.006
3.5000         1.712356     0.000013606    -39936.1374         0.007
3.6000         1.711578     0.000027211    -39936.1382         0.016
3.7000         1.711953     0.000008163    -39936.1378         0.022
3.8000         1.713276     0.000019048    -39936.1365         0.027
3.9000         1.715281     0.000024490    -39936.1345         0.030
4.0000         1.717728     0.000019048    -39936.1321         0.032
5.0000         1.743178     0.000005442    -39936.1066         0.018
6.0000         1.753233     0.000024490    -39936.0966         0.004
7.0000         1.755494     0.000024490    -39936.0943         0.001
8.0000         1.755905     0.000024490    -39936.0939         0.000
9.0000         1.755970     0.000024490    -39936.0938        -0.000
10.0000         1.755984     0.000024490    -39936.0938        -0.000
100.0000         1.755984     0.000024490    -39936.0938
1000.0000         1.755984     0.000024490    -39936.0938
