0.0020   2409619.414006     0.000019048   2321765.5908
0.0040   1179447.767093     0.000019048   1091593.9439
0.0060    770118.340072     0.000019048    682264.5168
0.0080    566427.505120     0.000019048    478573.6820
0.0100    444656.434454     0.000010885    356802.6111
0.0120    363727.869164     0.000013606    275874.0459
0.0140    306120.956613     0.000019048    218267.1334
0.0160    263180.029891     0.000016327    175326.2067
0.0180    229954.487250     0.000010885    142100.6640
0.0200    203473.229149     0.000008163    115619.4059
0.0400     86490.894859     0.000021769     -1362.9284
0.0600     49778.996301     0.000016327    -38074.8269
0.0800     32724.718299     0.000024490    -55129.1049
0.1000     23081.364407     0.000005442    -64772.4588
0.1200     17006.570452     0.000027211    -70847.2528
0.1400     12960.556534     0.000021769    -74893.2667
0.1600     10169.283955     0.000016327    -77684.5393
0.1800      8181.732246     0.000027211    -79672.0910
0.2000      6722.421654     0.000016327    -81131.4016
0.2400      4653.700547     0.000010885    -83200.1227    -41355.010
0.2800      3298.065762     0.000024490    -84555.7575    -27482.482
0.3200      2389.023818     0.000016327    -85464.7994    -18594.306
0.3600      1768.961011     0.000021769    -86084.8622    -12788.731
0.4000      1339.022676     0.000021769    -86514.8006     -8947.673
0.4500       974.082057     0.000013606    -86879.7412     -5894.419
0.5000       729.101519     0.000024490    -87124.7217     -4056.670
0.5500       555.953580     0.000010885    -87297.8696     -2958.940
0.6000       426.165643     0.000013606    -87427.6576     -2268.329
0.6500       325.656872     0.000016327    -87528.1664     -1758.403
0.7000       248.435670     0.000013606    -87605.3876     -1347.568
0.7500       189.555640     0.000024490    -87664.2676     -1019.855
0.8000       145.076812     0.000027211    -87708.7464      -767.390
0.8500       111.569091     0.000016327    -87742.2541      -577.761
0.9000        86.256275     0.000019048    -87767.5670      -436.930
0.9500        67.018468     0.000019048    -87786.8048      -332.796
1.0000        52.259219     0.000027211    -87801.5640      -256.094
1.1000        31.864071     0.000016327    -87821.9592      -158.062
1.2000        18.969089     0.000024490    -87834.8541      -104.174
1.3000        10.251006     0.000013606    -87843.5722       -72.084
1.4000         4.185692     0.000013606    -87849.6375       -50.138
1.5000         0.009568     0.000013606    -87853.8137       -33.991
1.6000        -2.772313     0.000019048    -87856.5956       -22.136
1.7000        -4.540902     0.000013606    -87858.3641       -13.642
1.8000        -5.589977     0.000013606    -87859.4132        -7.689
1.9000        -6.145242     0.000021769    -87859.9685        -3.663
2.0000        -6.367581     0.000010885    -87860.1908        -0.985
2.1000        -6.374245     0.000013606    -87860.1975         0.729
2.2000        -6.242863     0.000024490    -87860.0661         1.789
2.3000        -6.029819     0.000019048    -87859.8531         2.422
2.4000        -5.770190     0.000013606    -87859.5934         2.742
2.5000        -5.487562     0.000002721    -87859.3108         2.885
2.6000        -5.198998     0.000024490    -87859.0222         2.901
2.7000        -4.912579     0.000016327    -87858.7358         2.828
2.8000        -4.634357     0.000010885    -87858.4576         2.726
2.9000        -4.344629     0.000021769    -87858.1679         2.535
3.0000        -4.057203     0.000019048    -87857.8805         2.293
3.1000        -3.798722     0.000019048    -87857.6220         2.058
3.2000        -3.567330     0.000013606    -87857.3906         1.855
3.3000        -3.360251     0.000019048    -87857.1835         1.672
3.4000        -3.175973     0.000024490    -87856.9992         1.498
3.5000        -3.011199     0.000019048    -87856.8344         1.334
3.6000        -2.863412     0.000016327    -87856.6867         1.192
3.7000        -2.731439     0.000027211    -87856.5547         1.070
3.8000        -2.609916     0.000024490    -87856.4332         0.957
3.9000        -2.500330     0.000021769    -87856.3236         0.855
4.0000        -2.398799     0.000027211    -87856.2220         0.757
5.0000        -1.802088     0.000013606    -87855.6253         0.248
6.0000        -1.578696     0.000019048    -87855.4019         0.145
7.0000        -1.463298     0.000016327    -87855.2865         0.075
8.0000        -1.390018     0.000013606    -87855.2132         0.051
9.0000        -1.338556     0.000013606    -87855.1618         0.038
10.0000        -1.299603     0.000021769    -87855.1228         0.029
100.0000        -1.041122     0.000008163    -87854.8644         0.000
1000.0000        -1.019235     0.000019048    -87854.8425
