0.0020  19337390.712328     0.000016327  18969399.3579
0.0040   9425993.194548     0.000016327   9058001.8382
0.0060   6129751.897857     0.000010885   5761760.5431
0.0080   4489018.928375     0.000016327   4121027.5733
0.0100   3508975.819068     0.000013606   3140984.4629
0.0120   2857369.944615     0.000021769   2489378.5895
0.0140   2393011.001182     0.000021769   2025019.6461
0.0160   2047609.880047     0.000005442   1679618.5249
0.0180   1780289.718893     0.000021769   1412298.3639
0.0200   1567328.801769     0.000024490   1199337.4468
0.0400    640147.830364     0.000013606    272156.4754
0.0600    357498.753240     0.000019048    -10492.6018
0.0800    228126.825238     0.000016327   -139864.5299
0.1000    156389.807674     0.000008163   -211601.5474
0.1200    112936.829977     0.000005442   -255054.5251
0.1400     84679.845745     0.000016327   -283311.5093
0.1600     65070.194730     0.000021769   -302921.1605
0.1800     51022.791527     0.000016327   -316968.5637
0.2000     40804.209390     0.000021769   -327187.1457
0.2400     27551.849049     0.000008163   -340439.5059
0.2800     19685.354591     0.000019048   -348306.0005
0.3200     14134.037804     0.000027211   -353857.3174
0.3600     10529.594422     0.000008163   -357461.7607
0.4000      8105.549034     0.000016327   -359885.8060    -50191.720
0.4500      6043.882604     0.000024490   -361947.4725    -33971.767
0.5000      4587.503757     0.000010885   -363403.8515    -24975.880
0.5500      3504.254833     0.000021769   -364487.1001    -18655.073
0.6000      2696.881528     0.000021769   -365294.4737    -13890.375
0.6500      2094.280798     0.000024490   -365897.0744    -10394.436
0.7000      1641.162910     0.000021769   -366350.1923     -7930.061
0.7500      1287.906115     0.000024490   -366703.4490     -6274.070
0.8000      1008.776513     0.000019048   -366982.5786     -4931.637
0.8500       790.232627     0.000021769   -367201.1226     -3836.579
0.9000       620.983483     0.000024490   -367370.3715     -2958.184
0.9500       490.585096     0.000019048   -367500.7699     -2274.562
1.0000       390.150354     0.000013606   -367601.2047     -1752.423
1.1000       252.169492     0.000016327   -367739.1855     -1059.992
1.2000       167.738057     0.000016327   -367823.6170      -664.875
1.3000       113.745905     0.000024490   -367877.6090      -434.787
1.4000        77.819188     0.000016327   -367913.5360      -294.690
1.5000        53.163070     0.000016327   -367938.1920      -204.708
1.6000        35.915688     0.000008163   -367955.4394      -144.069
1.7000        23.747078     0.000024490   -367967.6080      -101.785
1.8000        15.157129     0.000019048   -367976.1978       -71.716
1.9000         9.122762     0.000016327   -367982.2322       -50.232
2.0000         4.923554     0.000016327   -367986.4315       -34.707
2.1000         2.041091     0.000016327   -367989.3140       -23.600
2.2000         0.101830     0.000016327   -367991.2534       -15.665
2.3000        -1.164297     0.000016327   -367992.5195       -10.018
2.4000        -1.952673     0.000021769   -367993.3078        -6.004
2.5000        -2.403814     0.000010885   -367993.7590        -3.207
2.6000        -2.619298     0.000013606   -367993.9745        -1.231
2.7000        -2.519073     0.000016327   -367993.8741        -0.152
2.8000        -2.308313     0.000013606   -367993.6635         0.497
2.9000        -2.088379     0.000013606   -367993.4433         0.909
3.0000        -1.868430     0.000021769   -367993.2235         1.169
3.1000        -1.653481     0.000013606   -367993.0085         1.322
3.2000        -1.365971     0.000008163   -367992.7211         1.270
3.3000        -1.053974     0.000016327   -367992.4090         1.111
3.4000        -0.800886     0.000010885   -367992.1560         0.987
3.5000        -0.593347     0.000008163   -367991.9483         0.878
3.6000        -0.421175     0.000016327   -367991.7764         0.789
3.7000        -0.276873     0.000013606   -367991.6319         0.711
3.8000        -0.154857     0.000010885   -367991.5100         0.641
3.9000        -0.050787     0.000008163   -367991.4057         0.576
4.0000         0.068967     0.000019048   -367991.2860         0.483
5.0000         0.531444     0.000016327   -367990.8237         0.072
6.0000         0.586947     0.000008163   -367990.7682         0.009
7.0000         0.596077     0.000013606   -367990.7589         0.002
8.0000         0.598844     0.000005442   -367990.7562         0.000
9.0000         0.600351     0.000002721   -367990.7548        -0.000
10.0000         0.601407     0.000008163   -367990.7538        -0.000
100.0000         0.608112     0.000010885   -367990.7470
1000.0000         0.608675     0.000019048   -367990.7464
