0.0020   9592575.691866     0.000021769   9340603.6770
0.0040   4679583.998313     0.000016327   4427611.9855
0.0060   3049417.053225     0.000008163   2797445.0402
0.0080   2236844.298182     0.000016327   1984872.2844
0.0100   1751486.717369     0.000021769   1499514.7034
0.0120   1429250.454238     0.000010885   1177278.4404
0.0140   1199781.150631     0.000021769    947809.1367
0.0160   1028356.489706     0.000027211    776384.4759
0.0180    895686.066150     0.000005442    643714.0524
0.0200    790137.663762     0.000019048    538165.6498
0.0400    328849.825086     0.000016327     76877.8113
0.0600    186005.914712     0.000016327    -65966.0991
0.0800    119659.553712     0.000021769   -132312.4601
0.1000     83158.758454     0.000013606   -168813.2554
0.1200     60528.246739     0.000016327   -191443.7671
0.1400     45566.226094     0.000021769   -206405.7877
0.1600     35307.981168     0.000024490   -216664.0327
0.1800     28053.499113     0.000021769   -223918.5147
0.2000     22761.081667     0.000024490   -229210.9322
0.2400     15359.655882     0.000019048   -236612.3579
0.2800     10634.608334     0.000024490   -241337.4055
0.3200      7674.097899     0.000021769   -244297.9159
0.3600      5753.392233     0.000021769   -246218.6216    -39031.227
0.4000      4439.389546     0.000010885   -247532.6243    -27987.861
0.4500      3232.225022     0.000019048   -248739.7888    -20437.450
0.5000      2380.876840     0.000010885   -249591.1370    -14100.326
0.5500      1787.285432     0.000008163   -250184.7284     -9952.478
0.6000      1359.573942     0.000016327   -250612.4399     -7255.013
0.6500      1047.017020     0.000016327   -250924.9968     -5354.160
0.7000       815.396934     0.000010885   -251156.6169     -3987.083
0.7500       641.808498     0.000013606   -251330.2053     -3014.676
0.8000       508.786320     0.000021769   -251463.2275     -2342.697
0.8500       403.829506     0.000021769   -251568.1843     -1874.643
0.9000       319.280662     0.000019048   -251652.7332     -1513.295
0.9500       251.619667     0.000005442   -251720.3942     -1198.345
1.0000       198.402027     0.000019048   -251773.6118      -933.045
1.1000       125.346599     0.000019048   -251846.6672      -567.618
1.2000        79.745589     0.000016327   -251892.2682      -365.602
1.3000        49.990872     0.000013606   -251922.0230      -238.272
1.4000        30.468121     0.000008163   -251941.5457      -156.600
1.5000        17.958566     0.000021769   -251954.0553      -103.122
1.6000         9.787403     0.000024490   -251962.2264       -66.722
1.7000         4.627992     0.000027211   -251967.3858       -41.814
1.8000         1.488270     0.000021769   -251970.5255       -25.014
1.9000        -0.218592     0.000005442   -251972.2324       -14.042
2.0000        -1.000764     0.000021769   -251973.0146        -7.205
2.1000        -1.236880     0.000019048   -251973.2507        -3.075
2.2000        -1.102279     0.000005442   -251973.1161        -0.754
2.3000        -0.704631     0.000013606   -251972.7185         0.361
2.4000        -0.218284     0.000013606   -251972.2321         0.822
2.5000         0.205193     0.000021769   -251971.8086         1.029
2.6000         0.675520     0.000002721   -251971.3383         1.115
2.7000         1.121689     0.000016327   -251970.8921         1.054
2.8000         1.502017     0.000013606   -251970.5118         1.049
2.9000         1.829814     0.000021769   -251970.1840         1.042
3.0000         2.128753     0.000013606   -251969.8851         1.008
3.1000         2.420603     0.000008163   -251969.5932         1.007
3.2000         2.679376     0.000005442   -251969.3345         0.994
3.3000         2.912403     0.000013606   -251969.1014         0.950
3.4000         3.124151     0.000016327   -251968.8897         0.924
3.5000         3.317031     0.000024490   -251968.6968         0.895
3.6000         3.493380     0.000005442   -251968.5205         0.857
3.7000         3.655182     0.000010885   -251968.3587         0.803
3.8000         3.803957     0.000027211   -251968.2099         0.751
3.9000         3.940343     0.000005442   -251968.0735         0.704
4.0000         4.065154     0.000010885   -251967.9487         0.657
5.0000         4.815998     0.000000000   -251967.1978         0.236
6.0000         5.051545     0.000019048   -251966.9623         0.074
7.0000         5.118219     0.000013606   -251966.8956         0.021
8.0000         5.139629     0.000019048   -251966.8742         0.006
9.0000         5.148614     0.000024490   -251966.8652         0.003
10.0000         5.153651     0.000027211   -251966.8602         0.001
100.0000         5.179431     0.000013606   -251966.8344
1000.0000         5.181349     0.000002721   -251966.8325
