0.0020  10605300.915530     0.000013606  10353315.8072
0.0040   5171694.198427     0.000016327   4919709.0886
0.0060   3370675.689708     0.000013606   3118690.5798
0.0080   2473193.425931     0.000021769   2221208.3167
0.0100   1936472.384661     0.000027211   1684487.2755
0.0120   1579755.576445     0.000016327   1327770.4674
0.0140   1325786.707518     0.000016327   1073801.5985
0.0160   1136242.230870     0.000008163    884257.1216
0.0180    989449.926114     0.000027211    737464.8170
0.0200    872561.607774     0.000010885    620576.4987
0.0400    362331.464992     0.000019048    110346.3558
0.0600    204807.601845     0.000016327    -47177.5073
0.0800    131631.861539     0.000024490   -120353.2476
0.1000     91241.290489     0.000013606   -160743.8187
0.1200     66245.331152     0.000010885   -185739.7780
0.1400     49804.856926     0.000019048   -202180.2522
0.1600     38540.966060     0.000013606   -213444.1431
0.1800     30577.503784     0.000021769   -221407.6054
0.2000     24708.414524     0.000013606   -227276.6947
0.2400     16464.567890     0.000008163   -235520.5413
0.2800     11387.005624     0.000024490   -240598.1036
0.3200      8137.919210     0.000016327   -243847.1900
0.3600      6029.788347     0.000013606   -245955.3208    -42748.534
0.4000      4587.396193     0.000027211   -247397.7130    -30803.507
0.4500      3267.038999     0.000024490   -248718.0702    -22164.642
0.5000      2346.339083     0.000021769   -249638.7701    -15092.434
0.5500      1718.444181     0.000019048   -250266.6650    -10368.865
0.6000      1281.670896     0.000019048   -250703.4383     -7309.695
0.6500       967.972688     0.000024490   -251017.1365     -5335.979
0.7000       736.676896     0.000013606   -251248.4323     -3980.338
0.7500       562.571669     0.000024490   -251422.5375     -3030.689
0.8000       429.005585     0.000021769   -251556.1036     -2333.313
0.8500       326.381857     0.000024490   -251658.7273     -1785.651
0.9000       248.290143     0.000019048   -251736.8190     -1352.864
0.9500       189.307747     0.000013606   -251795.8014     -1019.519
1.0000       144.858911     0.000016327   -251840.2503      -768.785
1.1000        85.709835     0.000024490   -251899.3993      -445.298
1.2000        50.870010     0.000016327   -251934.2392      -268.102
1.3000        29.503929     0.000021769   -251955.6052      -167.966
1.4000        15.964624     0.000013606   -251969.1445      -107.576
1.5000         7.297971     0.000021769   -251977.8112       -68.591
1.6000         1.832334     0.000013606   -251983.2768       -42.611
1.7000        -1.488314     0.000010885   -251986.5975       -25.148
1.8000        -3.312868     0.000013606   -251988.4220       -13.836
1.9000        -4.040911     0.000005442   -251989.1501        -7.191
2.0000        -4.301618     0.000010885   -251989.4108        -3.110
2.1000        -4.297719     0.000021769   -251989.4069        -0.739
2.2000        -4.153354     0.000019048   -251989.2625         0.662
2.3000        -3.900860     0.000021769   -251989.0100         1.282
2.4000        -3.541729     0.000027211   -251988.6509         1.361
2.5000        -3.218482     0.000013606   -251988.3277         1.233
2.6000        -2.949111     0.000019048   -251988.0583         1.168
2.7000        -2.719940     0.000027211   -251987.8291         1.112
2.8000        -2.516570     0.000016327   -251987.6257         1.087
2.9000        -2.276650     0.000024490   -251987.3858         1.068
3.0000        -2.013012     0.000005442   -251987.1222         0.987
3.1000        -1.754025     0.000027211   -251986.8632         0.953
3.2000        -1.522124     0.000010885   -251986.6313         0.926
3.3000        -1.311431     0.000005442   -251986.4206         0.894
3.4000        -1.116598     0.000002721   -251986.2258         0.862
3.5000        -0.936268     0.000027211   -251986.0454         0.834
3.6000        -0.768991     0.000021769   -251985.8782         0.811
3.7000        -0.612055     0.000016327   -251985.7212         0.773
3.8000        -0.459173     0.000019048   -251985.5683         0.727
3.9000        -0.317337     0.000010885   -251985.4265         0.688
4.0000        -0.185886     0.000008163   -251985.2951         0.649
5.0000         0.661294     0.000010885   -251984.4479         0.276
6.0000         0.968339     0.000021769   -251984.1408         0.104
7.0000         1.066352     0.000016327   -251984.0428         0.033
8.0000         1.102720     0.000008163   -251984.0065         0.014
9.0000         1.120663     0.000013606   -251983.9885         0.008
10.0000         1.131847     0.000005442   -251983.9773         0.006
100.0000         1.193046     0.000010885   -251983.9161         0.000
1000.0000         1.197584     0.000002721   -251983.9116
