0.0020  15203359.412059     0.000019048  14860438.4060
0.0040   7409551.030850     0.000016327   7066630.0251
0.0060   4822865.867619     0.000016327   4479944.8634
0.0080   3533450.654740     0.000002721   3190529.6503
0.0100   2762292.646496     0.000019048   2419371.6416
0.0120   2250022.227224     0.000016327   1907101.2224
0.0140   1885941.900489     0.000010885   1543020.8956
0.0160   1614112.303232     0.000024490   1271191.2985
0.0180   1403746.924073     0.000016327   1060825.9191
0.0200   1236487.848912     0.000016327    893566.8441
0.0400    509220.844618     0.000019048    166299.8397
0.0600    285293.882119     0.000016327    -57627.1228
0.0800    182520.316962     0.000021769   -160400.6879
0.1000    125722.560058     0.000019048   -217198.4448
0.1200     91068.315425     0.000019048   -251852.6894
0.1400     68574.969747     0.000010885   -274346.0352
0.1600     53058.897182     0.000024490   -289862.1076
0.1800     41644.146919     0.000013606   -301276.8580
0.2000     33144.432047     0.000019048   -309776.5729
0.2400     21893.172327     0.000024490   -321027.8326
0.2800     15189.534213     0.000005442   -327731.4705
0.3200     10929.355574     0.000024490   -331991.6494
0.3600      7910.585494     0.000010885   -335010.4194
0.4000      5831.300188     0.000013606   -337089.7047    -42652.771
0.4500      4113.477301     0.000027211   -338807.5275    -27444.102
0.5000      2983.961045     0.000024490   -339937.0437    -18462.474
0.5500      2211.091245     0.000024490   -340709.9137    -12883.498
0.6000      1658.687694     0.000021769   -341262.3170     -9465.934
0.6500      1247.781187     0.000005442   -341673.2235     -7077.189
0.7000       944.508752     0.000010885   -341976.4962     -5168.562
0.7500       724.197652     0.000019048   -342196.8073     -3741.300
0.8000       564.081210     0.000013606   -342356.9237     -2737.049
0.8500       445.805329     0.000016327   -342475.1994     -2037.977
0.9000       356.759595     0.000016327   -342564.2452     -1545.636
0.9500       288.510483     0.000010885   -342632.4944     -1193.704
1.0000       235.365040     0.000027211   -342685.6399      -938.227
1.1000       159.991748     0.000024490   -342761.0132      -611.725
1.2000       110.416144     0.000019048   -342810.5886      -409.254
1.3000        77.249896     0.000019048   -342843.7549      -269.963
1.4000        55.310022     0.000027211   -342865.6949      -177.132
1.5000        40.693448     0.000019048   -342880.3115      -120.186
1.6000        30.480070     0.000010885   -342890.5248       -86.768
1.7000        23.138329     0.000024490   -342897.8664       -65.289
1.8000        17.571245     0.000021769   -342903.4336       -49.751
1.9000        13.321461     0.000008163   -342907.6835       -37.808
2.0000        10.098895     0.000021769   -342910.9059       -28.418
2.1000         7.688297     0.000019048   -342913.3165       -21.000
2.2000         5.917197     0.000010885   -342915.0877       -15.280
2.3000         4.640591     0.000013606   -342916.3642       -10.842
2.4000         3.742631     0.000016327   -342917.2622        -7.534
2.5000         3.128951     0.000021769   -342917.8758        -5.027
2.6000         2.727545     0.000027211   -342918.2774        -3.202
2.7000         2.481745     0.000027211   -342918.5231        -1.841
2.8000         2.349329     0.000019048   -342918.6557        -0.885
2.9000         2.298685     0.000024490   -342918.7063        -0.186
3.0000         2.322071     0.000010885   -342918.6829         0.285
3.1000         2.429817     0.000008163   -342918.5751         0.547
3.2000         2.551926     0.000021769   -342918.4529         0.722
3.3000         2.681147     0.000021769   -342918.3237         0.825
3.4000         2.812850     0.000010885   -342918.1920         0.866
3.5000         2.943555     0.000021769   -342918.0614         0.877
3.6000         3.070131     0.000021769   -342917.9348         0.863
3.7000         3.190721     0.000021769   -342917.8140         0.832
3.8000         3.304808     0.000016327   -342917.7000         0.785
3.9000         3.412032     0.000027211   -342917.5928         0.738
4.0000         3.511666     0.000008163   -342917.4932         0.683
5.0000         4.184291     0.000024490   -342916.8205         0.257
6.0000         4.440383     0.000013606   -342916.5645         0.134
7.0000         4.559882     0.000005442   -342916.4450         0.062
8.0000         4.630786     0.000016327   -342916.3740         0.041
9.0000         4.679046     0.000021769   -342916.3258         0.029
10.0000         4.714500     0.000005442   -342916.2905         0.022
100.0000         4.939116     0.000027211   -342916.0657         0.000
1000.0000         4.956948     0.000010885   -342916.0480
