0.0020         0.000000     0.000008163  29058407.8716
0.0040  14528110.738873     0.000027211  13734112.3982
0.0060   9440145.348298     0.000010885   8646147.0058
0.0080   6910617.138323     0.000010885   6116618.7964
0.0100   5398890.845262     0.000013606   4604892.5025
0.0120   4395156.318940     0.000021769   3601157.9780
0.0140   3680876.989235     0.000010885   2886878.6483
0.0160   3147673.828628     0.000027211   2353675.4872
0.0180   2735658.371016     0.000005442   1941660.0294
0.0200   2408310.577069     0.000002721   1614312.2355
0.0400    982121.424847     0.000019048    188123.0833
0.0600    544556.211256     0.000021769   -249442.1303
0.0800    345001.428828     0.000021769   -448996.9128
0.1000    236364.235925     0.000013606   -557634.1057
0.1200    169484.805615     0.000010885   -624513.5360
0.1400    125663.160699     0.000013606   -668335.1809
0.1600     96331.269835     0.000016327   -697667.0717
0.1800     75907.361395     0.000019048   -718090.9801
0.2000     60388.972305     0.000005442   -733609.3693
0.2400     39647.675737     0.000005442   -754350.6657
0.2800     27369.117083     0.000013606   -766629.2245
0.3200     19603.109899     0.000016327   -774395.2317
0.3600     14147.925439     0.000019048   -779850.4162
0.4000     10468.694880     0.000008163   -783529.6467
0.4500      7485.652668     0.000005442   -786512.6889    -47107.138
0.5000      5554.962962     0.000016327   -788443.3786    -31604.279
0.5500      4216.651826     0.000010885   -789781.6897    -22635.560
0.6000      3240.631531     0.000010885   -790757.7100    -16744.538
0.6500      2514.052376     0.000024490   -791484.2891    -12544.524
0.7000      1966.980217     0.000024490   -792031.3614     -9491.066
0.7500      1551.717680     0.000013606   -792446.6239     -7269.590
0.8000      1230.858784     0.000010885   -792767.4827     -5684.234
0.8500       977.692049     0.000010885   -793020.6494     -4509.716
0.9000       776.674261     0.000027211   -793221.6673     -3570.661
0.9500       617.916176     0.000016327   -793380.4254     -2807.213
1.0000       493.299322     0.000021769   -793505.0422     -2197.979
1.1000       319.158551     0.000021769   -793679.1829     -1352.659
1.2000       211.064129     0.000027211   -793787.2774      -849.780
1.3000       142.340856     0.000021769   -793856.0006      -548.097
1.4000        97.467610     0.000024490   -793900.8738      -362.633
1.5000        67.453851     0.000021769   -793930.8877      -245.029
1.6000        46.977068     0.000021769   -793951.3646      -168.388
1.7000        32.832775     0.000021769   -793965.5088      -117.228
1.8000        22.903193     0.000010885   -793975.4382       -82.426
1.9000        15.852513     0.000019048   -793982.4890       -58.316
2.0000        10.793446     0.000024490   -793987.5481       -41.540
2.1000         7.287530     0.000019048   -793991.0540       -29.526
2.2000         4.813870     0.000019048   -793993.5275       -20.988
2.3000         3.061247     0.000016327   -793995.2802       -14.952
2.4000         1.839681     0.000013606   -793996.5018       -10.601
2.5000         1.021826     0.000016327   -793997.3197        -7.553
2.6000         0.451965     0.000027211   -793997.8895        -5.342
2.7000         0.059887     0.000013606   -793998.2816        -3.753
2.8000        -0.203849     0.000016327   -793998.5453        -2.552
2.9000        -0.375264     0.000010885   -793998.7168        -1.697
3.0000        -0.480164     0.000013606   -793998.8218        -1.046
3.1000        -0.536973     0.000021769   -793998.8784        -0.573
3.2000        -0.558998     0.000016327   -793998.9004        -0.235
3.3000        -0.556552     0.000019048   -793998.8980         0.021
3.4000        -0.537229     0.000027211   -793998.8787         0.200
3.5000        -0.506431     0.000010885   -793998.8479         0.299
3.6000        -0.468757     0.000016327   -793998.8104         0.374
3.7000        -0.427045     0.000016327   -793998.7685         0.424
3.8000        -0.383879     0.000016327   -793998.7255         0.439
3.9000        -0.340782     0.000019048   -793998.6822         0.432
4.0000        -0.298634     0.000024490   -793998.6400         0.423
5.0000        -0.008561     0.000008163   -793998.3500         0.182
6.0000         0.097428     0.000016327   -793998.2441         0.054
7.0000         0.129221     0.000016327   -793998.2123         0.012
8.0000         0.137799     0.000016327   -793998.2038         0.002
9.0000         0.139918     0.000019048   -793998.2016        -0.001
10.0000         0.140449     0.000016327   -793998.2011        -0.001
100.0000         0.140599     0.000016327   -793998.2008
1000.0000         0.140599     0.000016327   -793998.2008
