0.0020   1871536.459588     0.000008163   1225977.5599
0.0040    911606.869506     0.000024490    266047.9697
0.0060    593192.501398     0.000021769    -52366.3984
0.0080    434772.449177     0.000024490   -210786.4506
0.0100    340174.093999     0.000016327   -305384.8057
0.0120    277440.112402     0.000013606   -368118.7875
0.0140    232904.694128     0.000019048   -412654.2058
0.0160    199623.109764     0.000013606   -445935.7899
0.0180    173891.048978     0.000021769   -471667.8509
0.0200    153393.524479     0.000019048   -492165.3754
0.0400     63851.722293     0.000016327   -581707.1774
0.0600     36277.460779     0.000016327   -609281.4390
0.0800     23469.543276     0.000013606   -622089.3565
0.1000     16394.026248     0.000010885   -629164.8735
0.1200     11997.146947     0.000019048   -633561.7529
0.1400      9069.451275     0.000010885   -636489.4485
0.1600      7045.941032     0.000024490   -638512.9587
0.1800      5607.459691     0.000024490   -639951.4401
0.2000      4558.403509     0.000024490   -641000.4963    -45074.192
0.2400      3159.130872     0.000024490   -642399.7689    -27120.941
0.2800      2274.283255     0.000019048   -643284.6165    -17969.722
0.3200      1677.547033     0.000016327   -643881.3527    -12241.428
0.3600      1270.016965     0.000010885   -644288.8828     -8382.451
0.4000       988.038785     0.000024490   -644570.8611     -5895.722
0.4500       743.173895     0.000024490   -644815.7259     -4058.944
0.5000       569.406415     0.000016327   -644989.4935     -2971.537
0.5500       440.296404     0.000016327   -645118.6034     -2240.225
0.6000       342.349977     0.000008163   -645216.5497     -1704.406
0.6500       267.693972     0.000008163   -645291.2058     -1298.384
0.7000       210.674029     0.000027211   -645348.2257      -990.140
0.7500       167.025258     0.000019048   -645391.8744      -757.233
0.8000       133.617693     0.000016327   -645425.2821      -580.841
0.8500       107.959507     0.000024490   -645450.9403      -448.358
0.9000        88.074774     0.000016327   -645470.8250      -349.655
0.9500        72.488887     0.000021769   -645486.4109      -276.009
1.0000        60.097462     0.000013606   -645498.8024      -221.329
1.1000        41.902056     0.000010885   -645516.9978      -149.081
1.2000        29.393276     0.000010885   -645529.5066      -105.081
1.3000        20.514067     0.000016327   -645538.3857       -75.327
1.4000        14.168549     0.000019048   -645544.7311       -53.857
1.5000         9.665654     0.000013606   -645549.2341       -38.050
1.6000         6.514193     0.000010885   -645552.3857       -26.610
1.7000         4.339763     0.000013606   -645554.5599       -18.209
1.8000         2.885744     0.000019048   -645556.0141       -12.604
1.9000         2.019426     0.000027211   -645556.8805        -8.882
2.0000         1.417814     0.000021769   -645557.4819        -6.394
2.1000         0.978603     0.000024490   -645557.9211        -4.929
2.2000         0.637636     0.000027211   -645558.2623        -3.632
2.3000         0.359180     0.000019048   -645558.5407        -2.785
2.4000         0.123575     0.000019048   -645558.7763        -2.286
2.5000        -0.077776     0.000021769   -645558.9777        -1.789
2.6000        -0.237270     0.000021769   -645559.1371        -1.395
2.7000        -0.354306     0.000021769   -645559.2541        -1.089
2.8000        -0.445002     0.000024490   -645559.3448        -0.857
2.9000        -0.511533     0.000013606   -645559.4114        -0.605
3.0000        -0.556416     0.000013606   -645559.4563        -0.398
3.1000        -0.582844     0.000016327   -645559.4827        -0.226
3.2000        -0.591981     0.000013606   -645559.4917        -0.096
3.3000        -0.585799     0.000013606   -645559.4857         0.003
3.4000        -0.567385     0.000027211   -645559.4672         0.100
3.5000        -0.539869     0.000016327   -645559.4397         0.180
3.6000        -0.505707     0.000019048   -645559.4054         0.223
3.7000        -0.466294     0.000019048   -645559.3660         0.254
3.8000        -0.423170     0.000016327   -645559.3230         0.286
3.9000        -0.376891     0.000019048   -645559.2767         0.286
4.0000        -0.328602     0.000021769   -645559.2283         0.312
5.0000         0.087000     0.000010885   -645558.8128         0.214
6.0000         0.291616     0.000016327   -645558.6081         0.081
7.0000         0.362385     0.000013606   -645558.5374         0.029
8.0000         0.383430     0.000008163   -645558.5164         0.009
9.0000         0.389191     0.000019048   -645558.5107         0.001
10.0000         0.390560     0.000005442   -645558.5091         0.000
100.0000         0.389139     0.000005442   -645558.5107
1000.0000         0.388968     0.000013606   -645558.5107
