0.0020    498605.871877     0.000013606    121763.0609
0.0040    242948.603603     0.000021769   -133894.2074
0.0060    158248.134975     0.000005442   -218594.6760
0.0080    116071.693271     0.000024490   -260771.1177
0.0100     90954.672082     0.000019048   -285888.1390
0.0120     74373.442532     0.000016327   -302469.3686
0.0140     62469.242639     0.000019048   -314373.5685
0.0160     53580.781412     0.000021769   -323262.0295
0.0180     46710.272002     0.000016327   -330132.5391
0.0200     41263.890798     0.000010885   -335578.9201
0.0400     17391.609136     0.000005442   -359451.2019
0.0600      9953.287886     0.000008163   -366889.5233
0.0800      6476.600700     0.000008163   -370366.2104
0.1000      4538.095845     0.000008163   -372304.7151
0.1200      3345.889619     0.000010885   -373496.9215    -48239.295
0.1400      2554.603231     0.000010885   -374288.2077    -32998.237
0.1600      1995.844841     0.000013606   -374846.9662    -23723.472
0.1800      1584.369039     0.000010885   -375258.4420    -17707.563
0.2000      1273.616304     0.000027211   -375569.1948    -13520.275
0.2400       850.405029     0.000002721   -375992.4060     -8162.924
0.2800       591.881687     0.000027211   -376250.9292     -5099.804
0.3200       427.843996     0.000019048   -376414.9671     -3312.206
0.3600       318.963437     0.000010885   -376523.8475     -2250.021
0.4000       243.211757     0.000016327   -376599.5992     -1597.507
0.4500       177.027827     0.000008163   -376665.7833     -1090.950
0.5000       131.017351     0.000016327   -376711.7937      -767.613
0.5500        98.274988     0.000008163   -376744.5360      -549.993
0.6000        74.625746     0.000016327   -376768.1852      -399.582
0.6500        57.269803     0.000005442   -376785.5412      -294.615
0.7000        44.343043     0.000021769   -376798.4679      -220.601
0.7500        34.536375     0.000016327   -376808.2747      -167.222
0.8000        26.968874     0.000019048   -376815.8421      -129.089
0.8500        21.191786     0.000016327   -376821.6191      -100.908
0.9000        16.704374     0.000008163   -376826.1066       -79.682
0.9500        13.136231     0.000016327   -376829.6748       -63.726
1.0000        10.276269     0.000002721   -376832.5347       -51.618
1.1000         6.040495     0.000024490   -376836.7704       -34.643
1.2000         3.172764     0.000016327   -376839.6382       -23.835
1.3000         1.194880     0.000024490   -376841.6162       -16.427
1.4000        -0.149301     0.000024490   -376842.9602       -11.271
1.5000        -1.052248     0.000013606   -376843.8633        -7.377
1.6000        -1.626719     0.000010885   -376844.4378        -4.793
1.7000        -1.960429     0.000024490   -376844.7714        -2.664
1.8000        -2.129330     0.000019048   -376844.9404        -1.212
1.9000        -2.169001     0.000027211   -376844.9801        -0.248
2.0000        -2.122513     0.000013606   -376844.9336         0.522
2.1000        -2.022147     0.000010885   -376844.8332         1.060
2.2000        -1.880531     0.000010885   -376844.6917         1.321
2.3000        -1.712691     0.000024490   -376844.5238         1.534
2.4000        -1.534891     0.000008163   -376844.3458         1.664
2.5000        -1.354330     0.000002721   -376844.1654         1.706
2.6000        -1.172321     0.000016327   -376843.9834         1.665
2.7000        -0.992906     0.000010885   -376843.8040         1.627
2.8000        -0.821746     0.000013606   -376843.6329         1.584
2.9000        -0.604020     0.000008163   -376843.4149         1.471
3.0000        -0.384100     0.000016327   -376843.1950         1.340
3.1000        -0.181987     0.000008163   -376842.9931         1.188
3.2000         0.025625     0.000005442   -376842.7855         1.043
3.3000         0.211901     0.000019048   -376842.5991         0.903
3.4000         0.372747     0.000019048   -376842.4383         0.794
3.5000         0.510777     0.000008163   -376842.3003         0.699
3.6000         0.628896     0.000010885   -376842.1822         0.610
3.7000         0.730237     0.000008163   -376842.0807         0.519
3.8000         0.817950     0.000005442   -376841.9931         0.428
3.9000         0.893396     0.000005442   -376841.9177         0.363
4.0000         0.957811     0.000005442   -376841.8532         0.310
5.0000         1.251887     0.000021769   -376841.5591         0.051
6.0000         1.321081     0.000002721   -376841.4900         0.069
7.0000         1.345010     0.000010885   -376841.4660         0.019
8.0000         1.357620     0.000016327   -376841.4535         0.013
9.0000         1.365960     0.000016327   -376841.4451         0.009
10.0000         1.372045     0.000002721   -376841.4391         0.007
100.0000         1.412367     0.000008163   -376841.3985         0.000
1000.0000         1.415725     0.000021769   -376841.3953
