0.0020   1781045.666734     0.000027211   1754981.9210
0.0040    874097.057937     0.000008163    848033.3123
0.0060    572458.961597     0.000021769    546395.2160
0.0080    422159.377874     0.000013606    396095.6321
0.0100    332282.548189     0.000027211    306218.8023
0.0120    272536.572322     0.000024490    246472.8266
0.0140    230034.837607     0.000016327    203971.0919
0.0160    198245.723963     0.000002721    172181.9782
0.0180    173568.323402     0.000024490    147504.5777
0.0200    153865.899698     0.000021769    127802.1540
0.0400     66439.514096     0.000019048     40375.7684
0.0600     38518.258885     0.000019048     12454.5132
0.0800     25355.461588     0.000013606      -708.2841
0.1000     17989.267378     0.000019048     -8074.4783
0.1200     13390.560940     0.000016327    -12673.1848
0.1400     10284.299026     0.000024490    -15779.4467
0.1600      8071.638582     0.000024490    -17992.1071
0.1800      6441.720014     0.000021769    -19622.0257
0.2000      5217.987013     0.000024490    -20845.7587
0.2400      3565.274716     0.000021769    -22498.4710    -31663.110
0.2800      2559.989163     0.000008163    -23503.7566    -19726.383
0.3200      1920.230992     0.000027211    -24143.5147    -12911.119
0.3600      1482.305757     0.000024490    -24581.4400     -9586.973
0.4000      1133.914455     0.000021769    -24929.8313     -7651.448
0.4500       814.593491     0.000024490    -25249.1522     -5244.938
0.5000       597.055700     0.000016327    -25466.6900     -3571.261
0.5500       447.878753     0.000019048    -25615.8670     -2469.274
0.6000       343.750559     0.000024490    -25719.9952     -1739.774
0.6500       269.698309     0.000016327    -25794.0474     -1249.101
0.7000       216.315931     0.000016327    -25847.4298      -915.462
0.7500       176.635966     0.000024490    -25887.1098      -688.536
0.8000       146.177938     0.000008163    -25917.5678      -537.666
0.8500       122.175704     0.000019048    -25941.5700      -438.123
0.9000       102.333402     0.000027211    -25961.4123      -369.737
0.9500        85.639134     0.000013606    -25978.1066      -319.427
1.0000        71.083693     0.000021769    -25992.6620      -272.928
1.1000        48.159670     0.000016327    -26015.5861      -189.081
1.2000        32.547330     0.000024490    -26031.1984      -124.928
1.3000        22.251444     0.000027211    -26041.4943       -81.009
1.4000        15.559506     0.000019048    -26048.1862       -52.486
1.5000        11.209174     0.000019048    -26052.5365       -34.574
1.6000         8.380868     0.000019048    -26055.3649       -23.730
1.7000         6.451142     0.000016327    -26057.2946       -17.194
1.8000         5.038380     0.000013606    -26058.7073       -13.009
1.9000         3.959446     0.000016327    -26059.7863       -10.093
2.0000         3.117030     0.000021769    -26060.6287        -7.912
2.1000         2.454337     0.000013606    -26061.2914        -6.163
2.2000         1.934526     0.000008163    -26061.8112        -4.764
2.3000         1.529890     0.000019048    -26062.2158        -3.612
2.4000         1.218483     0.000008163    -26062.5272        -2.674
2.5000         0.981937     0.000019048    -26062.7638        -1.936
2.6000         0.804921     0.000016327    -26062.9408        -1.329
2.7000         0.675183     0.000010885    -26063.0705        -0.858
2.8000         0.582471     0.000013606    -26063.1633        -0.511
2.9000         0.518285     0.000021769    -26063.2274        -0.229
3.0000         0.476099     0.000013606    -26063.2696        -0.021
3.1000         0.450670     0.000024490    -26063.2951         0.121
3.2000         0.438142     0.000019048    -26063.3076         0.225
3.3000         0.435415     0.000010885    -26063.3103         0.299
3.4000         0.439796     0.000013606    -26063.3059         0.350
3.5000         0.449230     0.000013606    -26063.2965         0.372
3.6000         0.462553     0.000010885    -26063.2832         0.382
3.7000         0.478586     0.000010885    -26063.2671         0.384
3.8000         0.496409     0.000021769    -26063.2493         0.377
3.9000         0.514913     0.000024490    -26063.2308         0.362
4.0000         0.533488     0.000019048    -26063.2122         0.343
5.0000         0.681414     0.000019048    -26063.0643         0.137
6.0000         0.740645     0.000008163    -26063.0051         0.039
7.0000         0.757772     0.000016327    -26062.9879         0.010
8.0000         0.762169     0.000027211    -26062.9836         0.002
9.0000         0.763242     0.000013606    -26062.9825         0.000
10.0000         0.763492     0.000024490    -26062.9822         0.000
100.0000         0.763565     0.000019048    -26062.9822
1000.0000         0.763565     0.000021769    -26062.9822
