0.0020   2879708.952805     0.000013606   2838867.6476
0.0040   1413292.664799     0.000019048   1372451.3584
0.0060    925095.339914     0.000027211    884254.0334
0.0080    682101.174145     0.000024490    641259.8677
0.0100    536621.333830     0.000024490    495780.0273
0.0120    439823.119882     0.000005442    398981.8132
0.0140    370783.103682     0.000013606    329941.7972
0.0160    319141.283746     0.000010885    278299.9773
0.0180    279042.382131     0.000021769    238201.0756
0.0200    247098.049820     0.000021769    206256.7433
0.0400    105406.753409     0.000021769     64565.4468
0.0600     60497.548842     0.000013606     19656.2423
0.0800     39627.400790     0.000019048     -1213.9058
0.1000     27947.284228     0.000021769    -12894.0223
0.1200     20588.029270     0.000010885    -20253.2773
0.1400     15641.086347     0.000010885    -25200.2202
0.1600     12192.522800     0.000019048    -28648.7838
0.1800      9725.390515     0.000013606    -31115.9160
0.2000      7920.648997     0.000016327    -32920.6576
0.2400      5502.819966     0.000021769    -35338.4866    -48945.273
0.2800      3892.879825     0.000005442    -36948.4267    -32638.038
0.3200      2819.149816     0.000019048    -38022.1567    -21807.119
0.3600      2093.301896     0.000010885    -38748.0046    -15085.532
0.4000      1581.385032     0.000021769    -39259.9215    -10792.366
0.4500      1137.257590     0.000024490    -39704.0490     -7194.639
0.5000       840.581683     0.000019048    -40000.7249     -4840.489
0.5500       638.864056     0.000016327    -40202.4425     -3350.240
0.6000       495.791159     0.000008163    -40345.5154     -2455.899
0.6500       386.780785     0.000024490    -40454.5258     -1941.155
0.7000       299.737614     0.000008163    -40541.5689     -1563.714
0.7500       230.417864     0.000008163    -40610.8887     -1228.490
0.8000       176.592722     0.000024490    -40664.7138      -928.243
0.8500       136.302250     0.000005442    -40705.0043      -693.869
0.9000       106.521347     0.000027211    -40734.7852      -513.845
0.9500        84.496536     0.000016327    -40756.8100      -381.630
1.0000        68.316117     0.000008163    -40772.9904      -290.337
1.1000        45.269529     0.000027211    -40796.0370      -192.099
1.2000        29.063110     0.000024490    -40812.2434      -130.460
1.3000        18.314284     0.000016327    -40822.9923       -87.264
1.4000        11.209873     0.000024490    -40830.0967       -58.297
1.5000         6.534376     0.000016327    -40834.7722       -38.470
1.6000         3.509067     0.000024490    -40837.7975       -24.761
1.7000         1.610019     0.000024490    -40839.6965       -15.318
1.8000         0.477965     0.000027211    -40840.8286        -8.876
1.9000        -0.051111     0.000024490    -40841.3577        -4.620
2.0000        -0.259831     0.000016327    -40841.5664        -1.784
2.1000        -0.262718     0.000019048    -40841.5693         0.055
2.2000        -0.134577     0.000019048    -40841.4411         1.231
2.3000         0.072516     0.000013606    -40841.2340         1.952
2.4000         0.325481     0.000008163    -40840.9811         2.356
2.5000         0.600096     0.000016327    -40840.7064         2.563
2.6000         0.882368     0.000005442    -40840.4242         2.620
2.7000         1.162158     0.000021769    -40840.1444         2.597
2.8000         1.497865     0.000024490    -40839.8087         2.417
2.9000         1.856040     0.000013606    -40839.4505         2.143
3.0000         2.168199     0.000021769    -40839.1384         1.899
3.1000         2.440457     0.000002721    -40838.8661         1.680
3.2000         2.678129     0.000019048    -40838.6284         1.474
3.3000         2.886022     0.000024490    -40838.4205         1.296
3.4000         3.067377     0.000019048    -40838.2392         1.138
3.5000         3.225677     0.000027211    -40838.0809         0.999
3.6000         3.370972     0.000024490    -40837.9356         0.867
3.7000         3.510112     0.000016327    -40837.7964         0.736
3.8000         3.628180     0.000008163    -40837.6784         0.627
3.9000         3.728206     0.000013606    -40837.5784         0.537
4.0000         3.812940     0.000027211    -40837.4936         0.459
5.0000         4.209222     0.000010885    -40837.0973         0.113
6.0000         4.321434     0.000016327    -40836.9851         0.052
7.0000         4.373826     0.000005442    -40836.9327         0.026
8.0000         4.406445     0.000010885    -40836.9001         0.017
9.0000         4.429340     0.000008163    -40836.8772         0.013
10.0000         4.446484     0.000005442    -40836.8601         0.010
100.0000         4.559218     0.000005442    -40836.7473         0.000
1000.0000         4.568508     0.000024490    -40836.7380
