0.0020    743129.487982     0.000016327    721821.9077
0.0040    365191.144214     0.000019048    343883.5639
0.0060    239279.494614     0.000021769    217971.9143
0.0080    176421.723710     0.000027211    155114.1434
0.0100    138811.773465     0.000016327    117504.1932
0.0120    113828.036481     0.000013606     92520.4562
0.0140     96055.802563     0.000027211     74748.2223
0.0160     82771.933017     0.000027211     61464.3528
0.0180     72457.929723     0.000024490     51150.3494
0.0200     64219.250934     0.000013606     42911.6707
0.0400     28069.670734     0.000019048      6762.0905
0.0600     16524.828928     0.000013606     -4782.7513
0.0800     11012.882892     0.000021769    -10294.6974
0.1000      7878.654741     0.000024490    -13428.9255
0.1200      5921.997235     0.000013606    -15385.5830
0.1400      4609.525270     0.000016327    -16698.0550
0.1600      3679.606803     0.000024490    -17627.9735    -39640.612
0.1800      2989.193089     0.000008163    -18318.3872    -30039.048
0.2000      2458.109843     0.000021769    -18849.4704    -23442.844
0.2400      1704.858788     0.000019048    -19602.7215    -14995.918
0.2800      1214.859308     0.000021769    -20092.7210     -9906.003
0.3200       888.030322     0.000024490    -20419.5500     -6677.760
0.3600       665.699249     0.000021769    -20641.8810     -4589.117
0.4000       511.280299     0.000024490    -20796.3000     -3222.235
0.4500       378.774123     0.000019048    -20928.8062     -2152.568
0.5000       288.201511     0.000013606    -21019.3788     -1516.585
0.5500       222.724495     0.000008163    -21084.8558     -1135.534
0.6000       172.427367     0.000016327    -21135.1529      -891.216
0.6500       132.593516     0.000027211    -21174.9868      -708.556
0.7000       101.046626     0.000013606    -21206.5336      -557.779
0.7500        76.403064     0.000019048    -21231.1772      -432.606
0.8000        57.422119     0.000016327    -21250.1582      -331.439
0.8500        42.951153     0.000024490    -21264.6291      -251.660
0.9000        32.008093     0.000019048    -21275.5722      -189.856
0.9500        23.779585     0.000019048    -21283.8007      -142.486
1.0000        17.625153     0.000024490    -21289.9551      -106.486
1.1000         9.629751     0.000013606    -21297.9505       -59.232
1.2000         5.607618     0.000019048    -21301.9727       -35.969
1.3000         3.185733     0.000010885    -21304.3945       -25.050
1.4000         1.576958     0.000024490    -21306.0033       -18.633
1.5000         0.334338     0.000016327    -21307.2459       -13.867
1.6000        -0.592566     0.000021769    -21308.1728       -10.076
1.7000        -1.253953     0.000024490    -21308.8342        -6.950
1.8000        -1.693961     0.000013606    -21309.2742        -4.432
1.9000        -1.855589     0.000021769    -21309.4359        -2.598
2.0000        -1.897546     0.000019048    -21309.4778        -1.251
2.1000        -1.867951     0.000016327    -21309.4482        -0.234
2.2000        -1.787566     0.000021769    -21309.3678         0.473
2.3000        -1.672072     0.000016327    -21309.2523         0.955
2.4000        -1.536002     0.000024490    -21309.1163         1.282
2.5000        -1.388045     0.000005442    -21308.9683         1.461
2.6000        -1.234020     0.000005442    -21308.8143         1.551
2.7000        -1.079667     0.000024490    -21308.6599         1.586
2.8000        -0.927955     0.000019048    -21308.5082         1.568
2.9000        -0.780374     0.000019048    -21308.3606         1.512
3.0000        -0.585042     0.000016327    -21308.1653         1.404
3.1000        -0.404359     0.000019048    -21307.9846         1.293
3.2000        -0.242086     0.000010885    -21307.8224         1.182
3.3000        -0.086821     0.000010885    -21307.6671         1.070
3.4000         0.056690     0.000024490    -21307.5236         0.960
3.5000         0.184950     0.000010885    -21307.3953         0.859
3.6000         0.299113     0.000013606    -21307.2812         0.768
3.7000         0.400432     0.000019048    -21307.1798         0.685
3.8000         0.490050     0.000019048    -21307.0902         0.610
3.9000         0.569227     0.000024490    -21307.0110         0.541
4.0000         0.639114     0.000016327    -21306.9412         0.476
5.0000         0.991420     0.000016327    -21306.5889         0.126
6.0000         1.064904     0.000016327    -21306.5154         0.038
7.0000         1.076461     0.000019048    -21306.5038         0.011
8.0000         1.076915     0.000024490    -21306.5034         0.005
9.0000         1.075737     0.000024490    -21306.5045         0.003
10.0000         1.074551     0.000021769    -21306.5057         0.002
100.0000         1.065949     0.000013606    -21306.5143
1000.0000         1.065236     0.000013606    -21306.5150
