0.0020   5616248.788376     0.000005442   5462403.4832
0.0040   2744588.104388     0.000013606   2590742.7983
0.0060   1789950.161503     0.000008163   1636104.8553
0.0080   1314849.396602     0.000021769   1161004.0904
0.0100   1030745.592255     0.000005442    876900.2859
0.0120    842319.765917     0.000008163    688474.4597
0.0140    708300.394262     0.000016327    554455.0881
0.0160    608113.016352     0.000021769    454267.7101
0.0180    530403.920619     0.000016327    376558.6144
0.0200    468485.103848     0.000005442    314639.7977
0.0400    196690.519429     0.000024490     42845.2132
0.0600    112702.082235     0.000010885    -41143.2240
0.0800     73170.436143     0.000016327    -80674.8701
0.1000     51040.516347     0.000024490   -102804.7899
0.1200     37472.860891     0.000019048   -116372.4454
0.1400     28480.855137     0.000013606   -125364.4511
0.1600     22127.487732     0.000027211   -131717.8185
0.1800     17480.530264     0.000013606   -136364.7760
0.2000     14027.885810     0.000008163   -139817.4204
0.2400      9452.298387     0.000019048   -144393.0079
0.2800      6717.126501     0.000027211   -147128.1798
0.3200      4962.716909     0.000013606   -148882.5893    -36416.407
0.3600      3701.389171     0.000005442   -150143.9171    -26884.239
0.4000      2790.655666     0.000027211   -151054.6506    -19125.442
0.4500      2007.321133     0.000010885   -151837.9851    -12633.013
0.5000      1485.840629     0.000021769   -152359.4656     -8546.839
0.5500      1128.257160     0.000010885   -152717.0491     -5950.795
0.6000       875.231148     0.000010885   -152970.0751     -4305.453
0.6500       686.559029     0.000024490   -153158.7472     -3379.126
0.7000       532.555067     0.000016327   -153312.7512     -2754.896
0.7500       409.974264     0.000019048   -153435.3320     -2137.735
0.8000       316.481265     0.000019048   -153528.8250     -1622.156
0.8500       245.670236     0.000019048   -153599.6360     -1227.371
0.9000       191.985477     0.000016327   -153653.3208      -932.739
0.9500       151.037202     0.000024490   -153694.2690      -714.412
1.0000       119.528351     0.000005442   -153725.7779      -552.542
1.1000        75.806419     0.000008163   -153769.4998      -341.212
1.2000        48.312508     0.000024490   -153796.9937      -219.142
1.3000        30.410028     0.000013606   -153814.8962      -144.615
1.4000        18.509118     0.000024490   -153826.7971       -96.650
1.5000        10.542234     0.000016327   -153834.7640       -64.665
1.6000         5.224719     0.000027211   -153840.0815       -42.986
1.7000         1.710639     0.000016327   -153843.5956       -28.257
1.8000        -0.576879     0.000019048   -153845.8831       -18.122
1.9000        -2.025902     0.000016327   -153847.3322       -11.291
2.0000        -2.905176     0.000021769   -153848.2114        -6.629
2.1000        -3.365818     0.000008163   -153848.6721        -3.497
2.2000        -3.501976     0.000016327   -153848.8082        -1.463
2.3000        -3.477848     0.000013606   -153848.7841        -0.153
2.4000        -3.352381     0.000019048   -153848.6586         0.648
2.5000        -3.168196     0.000016327   -153848.4744         1.123
2.6000        -2.952956     0.000013606   -153848.2592         1.346
2.7000        -2.725755     0.000010885   -153848.0320         1.449
2.8000        -2.499699     0.000016327   -153847.8059         1.454
2.9000        -2.281608     0.000019048   -153847.5878         1.379
3.0000        -2.076640     0.000019048   -153847.3829         1.295
3.1000        -1.887712     0.000019048   -153847.1940         1.193
3.2000        -1.715444     0.000013606   -153847.0217         1.072
3.3000        -1.547596     0.000021769   -153846.8538         0.946
3.4000        -1.388478     0.000024490   -153846.6947         0.826
3.5000        -1.250761     0.000010885   -153846.5570         0.715
3.6000        -1.132119     0.000010885   -153846.4384         0.612
3.7000        -1.029946     0.000024490   -153846.3362         0.519
3.8000        -0.942488     0.000008163   -153846.2487         0.442
3.9000        -0.868087     0.000010885   -153846.1743         0.381
4.0000        -0.805036     0.000016327   -153846.1113         0.328
5.0000        -0.504785     0.000021769   -153845.8110         0.079
6.0000        -0.413902     0.000019048   -153845.7202         0.045
7.0000        -0.369006     0.000021769   -153845.6753         0.020
8.0000        -0.340093     0.000024490   -153845.6463         0.014
9.0000        -0.319535     0.000021769   -153845.6258         0.010
10.0000        -0.304033     0.000013606   -153845.6103         0.008
100.0000        -0.201275     0.000024490   -153845.5075         0.000
1000.0000        -0.192698     0.000019048   -153845.4990
