0.0020   8579404.228492     0.000005442   8225093.0263
0.0040   4182186.941012     0.000010885   3827875.7375
0.0060   2722076.980540     0.000019048   2367765.7779
0.0080   1995045.374065     0.000016327   1640734.1715
0.0100   1560805.978624     0.000024490   1206494.7762
0.0120   1272958.940281     0.000010885    918647.7378
0.0140   1068245.633420     0.000019048    713934.4309
0.0160    915467.669561     0.000019048    561156.4671
0.0180    797202.223610     0.000027211    442891.0211
0.0200    702938.426365     0.000016327    348627.2240
0.0400    292159.098613     0.000013606    -62152.1039
0.0600    164965.190898     0.000013606   -189346.0116
0.0800    106278.976424     0.000005442   -248032.2261
0.1000     73833.402835     0.000019048   -280477.7997
0.1200     53710.777589     0.000016327   -300600.4249
0.1400     40380.964181     0.000021769   -313930.2382
0.1600     31166.526323     0.000013606   -323144.6762
0.1800     24618.311700     0.000016327   -329692.8908
0.2000     19832.479621     0.000016327   -334478.7228
0.2400     13113.092308     0.000021769   -341198.1101
0.2800      9003.763787     0.000027211   -345307.4388
0.3200      6391.532727     0.000024490   -347919.6697
0.3600      4661.110346     0.000019048   -349650.0922    -35284.590
0.4000      3479.037486     0.000016327   -350832.1650    -24681.724
0.4500      2456.670227     0.000024490   -351854.5323    -16855.227
0.5000      1754.396887     0.000019048   -352556.8056    -11565.381
0.5500      1275.387091     0.000016327   -353035.8154     -7884.188
0.6000       946.977506     0.000027211   -353364.2251     -5430.654
0.6500       718.360364     0.000016327   -353592.8422     -3814.606
0.7000       556.265403     0.000010885   -353754.9372     -2749.905
0.7500       437.200667     0.000027211   -353874.0018     -2056.886
0.8000       346.207726     0.000027211   -353964.9948     -1595.744
0.8500       274.487379     0.000013606   -354036.7151     -1263.355
0.9000       217.529780     0.000005442   -354093.6729     -1000.059
0.9500       173.121775     0.000008163   -354138.0808      -782.654
1.0000       138.513734     0.000008163   -354172.6888      -607.505
1.1000        91.085789     0.000021769   -354220.1169      -361.309
1.2000        63.152676     0.000013606   -354248.0499      -218.165
1.3000        46.227345     0.000024490   -354264.9751      -141.626
1.4000        34.556769     0.000027211   -354276.6458      -103.468
1.5000        25.554834     0.000016327   -354285.6476       -79.767
1.6000        18.783760     0.000010885   -354292.4186       -61.857
1.7000        13.607929     0.000013606   -354297.5945       -46.505
1.8000         9.712218     0.000013606   -354301.4904       -34.330
1.9000         6.851862     0.000024490   -354304.3506       -24.918
2.0000         4.778479     0.000024490   -354306.4241       -17.892
2.1000         3.294650     0.000016327   -354307.9079       -12.699
2.2000         2.245025     0.000021769   -354308.9575        -8.955
2.3000         1.508292     0.000019048   -354309.6943        -6.245
2.4000         0.995172     0.000013606   -354310.2073        -4.352
2.5000         0.638973     0.000024490   -354310.5635        -3.011
2.6000         0.392016     0.000021769   -354310.8106        -2.101
2.7000         0.220154     0.000019048   -354310.9823        -1.469
2.8000         0.100086     0.000013606   -354311.1025        -1.034
2.9000         0.014863     0.000024490   -354311.1877        -0.749
3.0000        -0.046379     0.000024490   -354311.2489        -0.541
3.1000        -0.091191     0.000019048   -354311.2938        -0.404
3.2000        -0.124623     0.000021769   -354311.3270        -0.293
3.3000        -0.150150     0.000019048   -354311.3526        -0.234
3.4000        -0.169775     0.000010885   -354311.3722        -0.180
3.5000        -0.185021     0.000019048   -354311.3874        -0.137
3.6000        -0.196825     0.000013606   -354311.3994        -0.110
3.7000        -0.205920     0.000016327   -354311.4084        -0.083
3.8000        -0.212989     0.000008163   -354311.4155        -0.062
3.9000        -0.218306     0.000016327   -354311.4209        -0.047
4.0000        -0.222031     0.000013606   -354311.4244        -0.033
5.0000        -0.220298     0.000021769   -354311.4228         0.015
6.0000        -0.207277     0.000024490   -354311.4097         0.008
7.0000        -0.202126     0.000024490   -354311.4046         0.002
8.0000        -0.200790     0.000000000   -354311.4032         0.000
9.0000        -0.200502     0.000000000   -354311.4029        -0.000
10.0000        -0.200453     0.000000000   -354311.4029        -0.000
100.0000        -0.200436     0.000000000   -354311.4029
1000.0000        -0.200434     0.000000000   -354311.4029
