0.0020         0.000000     0.000013606  31648378.7467
0.0040  15771021.367091     0.000002721  14979436.3660
0.0060  10234040.246785     0.000005442   9442455.2438
0.0080   7480582.308053     0.000005442   6688997.3055
0.0100   5835855.669564     0.000013606   5044270.6688
0.0120   4743808.366859     0.000010885   3952223.3653
0.0140   3967261.099789     0.000016327   3175676.0975
0.0160   3388661.455349     0.000008163   2597076.4534
0.0180   2942077.423122     0.000027211   2150492.4211
0.0200   2587690.230284     0.000013606   1796105.2281
0.0400   1048450.605379     0.000013606    256865.6034
0.0600    580072.334454     0.000021769   -211512.6676
0.0800    367523.945345     0.000013606   -424061.0567
0.1000    252232.704174     0.000013606   -539352.2980
0.1200    181173.199553     0.000005442   -610411.8025
0.1400    134975.640223     0.000008163   -656609.3618
0.1600    103813.980489     0.000024490   -687771.0214
0.1800     81428.904058     0.000013606   -710156.0978
0.2000     64747.950913     0.000021769   -726837.0512
0.2400     42226.300135     0.000016327   -749358.7019
0.2800     29125.519117     0.000024490   -762459.4829
0.3200     20764.102692     0.000016327   -770820.8995
0.3600     15025.671505     0.000024490   -776559.3306
0.4000     11254.562195     0.000005442   -780330.4399
0.4500      8176.465840     0.000024490   -783408.5361    -49273.205
0.5000      6124.578146     0.000021769   -785460.4240    -34213.197
0.5500      4660.855370     0.000019048   -786924.1467    -24952.758
0.6000      3583.076648     0.000024490   -788001.9254    -18513.707
0.6500      2779.433050     0.000013606   -788805.5690    -13888.072
0.7000      2172.453090     0.000013606   -789412.5489    -10577.364
0.7500      1706.389089     0.000019048   -789878.6129     -8184.699
0.8000      1344.165595     0.000010885   -790240.8363     -6376.079
0.8500      1061.940985     0.000024490   -790523.0609     -4956.234
0.9000       843.310300     0.000019048   -790741.6917     -3834.429
0.9500       674.310997     0.000013606   -790910.6911     -2962.800
1.0000       543.616638     0.000010885   -791041.3855     -2294.868
1.1000       362.808969     0.000013606   -791222.1930     -1403.432
1.2000       250.422118     0.000019048   -791334.5799      -890.588
1.3000       177.747799     0.000019048   -791407.2542      -588.311
1.4000       128.946901     0.000013606   -791456.0551      -401.847
1.5000        95.398705     0.000021769   -791489.6032      -281.345
1.6000        71.775758     0.000024490   -791513.2262      -201.030
1.7000        54.709829     0.000010885   -791530.2921      -146.756
1.8000        41.837647     0.000016327   -791543.1645      -108.995
1.9000        31.789341     0.000013606   -791553.2128       -82.858
2.0000        23.617067     0.000024490   -791561.3849       -64.762
2.1000        17.599389     0.000024490   -791567.4027       -49.546
2.2000        13.277387     0.000008163   -791571.7247       -37.486
2.3000        10.003589     0.000019048   -791574.9985       -28.455
2.4000         7.516174     0.000021769   -791577.4859       -21.631
2.5000         5.624152     0.000010885   -791579.3779       -16.477
2.6000         4.185170     0.000019048   -791580.8169       -12.504
2.7000         3.092526     0.000019048   -791581.9094        -9.496
2.8000         2.265324     0.000021769   -791582.7366        -7.180
2.9000         1.641639     0.000016327   -791583.3603        -5.398
3.0000         1.173521     0.000013606   -791583.8286        -4.048
3.1000         0.824557     0.000008163   -791584.1775        -3.001
3.2000         0.566288     0.000024490   -791584.4357        -2.216
3.3000         0.376837     0.000019048   -791584.6251        -1.620
3.4000         0.239474     0.000024490   -791584.7625        -1.166
3.5000         0.141189     0.000021769   -791584.8608        -0.831
3.6000         0.071985     0.000016327   -791584.9302        -0.582
3.7000         0.024281     0.000010885   -791584.9778        -0.398
3.8000        -0.007584     0.000008163   -791585.0096        -0.261
3.9000        -0.028014     0.000021769   -791585.0300        -0.166
4.0000        -0.040360     0.000024490   -791585.0423        -0.097
5.0000        -0.030439     0.000027211   -791585.0325         0.023
6.0000        -0.016017     0.000010885   -791585.0180         0.003
7.0000        -0.013464     0.000021769   -791585.0156        -0.001
8.0000        -0.013113     0.000024490   -791585.0150        -0.001
9.0000        -0.013070     0.000024490   -791585.0150        -0.001
10.0000        -0.013061     0.000027211   -791585.0150        -0.001
100.0000        -0.013061     0.000027211   -791585.0150
1000.0000        -0.013061     0.000027211   -791585.0150
