0.0020  12824881.787664     0.000016327  12513904.2442
0.0040   6251102.525883     0.000013606   5940124.9826
0.0060   4071887.840107     0.000013606   3760910.2960
0.0080   2985459.960360     0.000013606   2674482.4174
0.0100   2335901.274832     0.000024490   2024923.7319
0.0120   1903983.082046     0.000019048   1593005.5391
0.0140   1596933.339637     0.000016327   1285955.7968
0.0160   1367682.375518     0.000016327   1056704.8327
0.0180   1190185.653799     0.000013606    879208.1110
0.0200   1048957.624396     0.000016327    737980.0814
0.0400    433865.176156     0.000021769    122887.6333
0.0600    243851.535277     0.000027211    -67126.0076
0.0800    156194.855856     0.000010885   -154782.6870
0.1000    107692.331989     0.000005442   -203285.2109
0.1200     77965.554669     0.000019048   -233011.9882
0.1400     58660.841390     0.000008163   -252316.7015
0.1600     45502.663198     0.000024490   -265474.8797
0.1800     35954.237161     0.000021769   -275023.3056
0.2000     28723.082758     0.000016327   -282254.4601
0.2400     18812.686384     0.000019048   -292164.8565
0.2800     12904.628462     0.000027211   -298072.9145
0.3200      9261.185827     0.000008163   -301716.3571
0.3600      6835.796741     0.000010885   -304141.7462
0.4000      5059.732072     0.000008163   -305917.8108    -37532.533
0.4500      3537.773613     0.000016327   -307439.7693    -24300.169
0.5000      2542.076005     0.000024490   -308435.4669    -16172.197
0.5500      1868.163654     0.000013606   -309109.3791    -11169.311
0.6000      1396.402476     0.000024490   -309581.1404     -7943.952
0.6500      1055.405613     0.000024490   -309922.1373     -5868.159
0.7000       799.864419     0.000019048   -310177.6784     -4443.372
0.7500       607.020184     0.000016327   -310370.5226     -3340.458
0.8000       462.828912     0.000013606   -310514.7139     -2474.972
0.8500       356.233629     0.000024490   -310621.3093     -1821.296
0.9000       277.625465     0.000024490   -310699.9174     -1343.247
0.9500       219.346298     0.000019048   -310758.1965      -999.688
1.0000       175.866792     0.000021769   -310801.6760      -755.312
1.1000       117.703468     0.000021769   -310859.8395      -457.744
1.2000        81.259354     0.000010885   -310896.2835      -292.715
1.3000        57.406701     0.000013606   -310920.1362      -194.660
1.4000        41.255883     0.000013606   -310936.2870      -132.287
1.5000        30.125519     0.000010885   -310947.4172       -89.992
1.6000        22.732101     0.000019048   -310954.8109       -61.171
1.7000        17.669502     0.000008163   -310959.8733       -42.091
1.8000        14.148530     0.000024490   -310963.3944       -29.544
1.9000        11.645348     0.000019048   -310965.8976       -21.213
2.0000         9.821360     0.000010885   -310967.7216       -15.607
2.1000         8.458828     0.000021769   -310969.0840       -11.715
2.2000         7.419644     0.000027211   -310970.1233        -8.931
2.3000         6.613264     0.000021769   -310970.9295        -6.914
2.4000         5.979669     0.000013606   -310971.5633        -5.369
2.5000         5.478030     0.000016327   -310972.0648        -4.193
2.6000         5.079875     0.000016327   -310972.4629        -3.271
2.7000         4.764098     0.000010885   -310972.7788        -2.542
2.8000         4.515865     0.000024490   -310973.0270        -1.979
2.9000         4.322079     0.000013606   -310973.2207        -1.509
3.0000         4.172764     0.000021769   -310973.3701        -1.147
3.1000         4.059480     0.000019048   -310973.4833        -0.857
3.2000         3.974935     0.000027211   -310973.5679        -0.622
3.3000         3.912999     0.000016327   -310973.6300        -0.442
3.4000         3.868824     0.000010885   -310973.6741        -0.307
3.5000         3.838361     0.000024490   -310973.7045        -0.197
3.6000         3.818371     0.000021769   -310973.7244        -0.119
3.7000         3.806281     0.000021769   -310973.7367        -0.058
3.8000         3.800055     0.000013606   -310973.7429        -0.015
3.9000         3.798202     0.000013606   -310973.7445         0.021
4.0000         3.799601     0.000027211   -310973.7432         0.042
5.0000         3.863243     0.000010885   -310973.6795         0.066
6.0000         3.908710     0.000016327   -310973.6341         0.028
7.0000         3.925823     0.000008163   -310973.6169         0.008
8.0000         3.930858     0.000013606   -310973.6120         0.002
9.0000         3.932156     0.000019048   -310973.6107         0.000
10.0000         3.932488     0.000024490   -310973.6104        -0.000
100.0000         3.932580     0.000021769   -310973.6104
1000.0000         3.932580     0.000021769   -310973.6104
