0.0020         0.000000     0.000024490  41511298.7808
0.0040  20657363.701161     0.000024490  19710338.1058
0.0060  13410311.115927     0.000021769  12463285.5210
0.0080   9797689.024140     0.000016327   8850663.4281
0.0100   7636214.760674     0.000005442   6689189.1649
0.0120   6203039.306755     0.000010885   5256013.7113
0.0140   5185498.532508     0.000013606   4238472.9353
0.0160   4426792.326312     0.000024490   3479766.7295
0.0180   3841471.336026     0.000027211   2894445.7402
0.0200   3376858.764774     0.000016327   2429833.1687
0.0400   1358443.957280     0.000024490    411418.3613
0.0600    750651.046131     0.000024490   -196374.5499
0.0800    475358.305232     0.000016327   -471667.2909
0.1000    325893.609077     0.000024490   -621131.9870
0.1200    236482.731954     0.000024490   -710542.8640
0.1400    177896.592614     0.000027211   -769129.0034
0.1600    136300.789335     0.000013606   -810724.8068
0.1800    106004.650284     0.000016327   -841020.9457
0.2000     83759.625667     0.000010885   -863265.9705
0.2400     54797.243667     0.000013606   -892228.3523
0.2800     36893.977734     0.000019048   -910131.6182
0.3200     25707.386725     0.000010885   -921318.2092
0.3600     18266.356811     0.000013606   -928759.2392
0.4000     13307.601122     0.000019048   -933717.9950
0.4500      9174.324434     0.000027211   -937851.2716
0.5000      6339.719242     0.000024490   -940685.8768    -44894.389
0.5500      4518.419282     0.000021769   -942507.1769    -29268.953
0.6000      3310.298566     0.000019048   -943715.2975    -19820.727
0.6500      2475.918069     0.000019048   -944549.6779    -13958.792
0.7000      1880.071173     0.000010885   -945145.5250    -10112.732
0.7500      1444.580884     0.000027211   -945581.0151     -7463.216
0.8000      1121.009685     0.000016327   -945904.5863     -5585.033
0.8500       877.452888     0.000013606   -946148.1433     -4230.672
0.9000       691.970241     0.000013606   -946333.6257     -3240.995
0.9500       549.187926     0.000005442   -946476.4082     -2508.713
1.0000       438.164541     0.000021769   -946587.4315     -1960.566
1.1000       282.095682     0.000008163   -946743.5003     -1227.289
1.2000       183.190212     0.000021769   -946842.4059      -786.124
1.3000       119.761291     0.000024490   -946905.8348      -511.651
1.4000        78.607258     0.000008163   -946946.9888      -335.108
1.5000        51.559432     0.000019048   -946974.0366      -221.002
1.6000        33.886101     0.000016327   -946991.7099      -149.170
1.7000        21.779822     0.000021769   -947003.8162      -101.708
1.8000        13.417357     0.000027211   -947012.1786       -69.798
1.9000         7.624576     0.000019048   -947017.9713       -47.814
2.0000         3.645013     0.000010885   -947021.9510       -32.394
2.1000         0.984693     0.000024490   -947024.6115       -21.463
2.2000        -0.601298     0.000019048   -947026.1973       -14.013
2.3000        -1.597521     0.000013606   -947027.1936        -8.858
2.4000        -2.184531     0.000019048   -947027.7805        -5.167
2.5000        -2.284331     0.000027211   -947027.8804        -2.752
2.6000        -2.194575     0.000019048   -947027.7906        -1.159
2.7000        -2.008182     0.000027211   -947027.6042        -0.074
2.8000        -1.769410     0.000021769   -947027.3655         0.592
2.9000        -1.505304     0.000019048   -947027.1013         1.033
3.0000        -1.235014     0.000010885   -947026.8311         1.276
3.1000        -0.967664     0.000024490   -947026.5636         1.412
3.2000        -0.711050     0.000010885   -947026.3070         1.474
3.3000        -0.467848     0.000019048   -947026.0640         1.446
3.4000        -0.239719     0.000024490   -947025.8357         1.422
3.5000         0.016852     0.000008163   -947025.5791         1.342
3.6000         0.265012     0.000024490   -947025.3309         1.215
3.7000         0.490673     0.000016327   -947025.1054         1.115
3.8000         0.693861     0.000019048   -947024.9021         1.012
3.9000         0.875823     0.000013606   -947024.7203         0.904
4.0000         1.038463     0.000021769   -947024.5576         0.791
5.0000         1.882580     0.000008163   -947023.7135         0.194
6.0000         2.064885     0.000013606   -947023.5312         0.040
7.0000         2.098328     0.000005442   -947023.4977         0.006
8.0000         2.104176     0.000008163   -947023.4920         0.000
9.0000         2.105049     0.000008163   -947023.4909        -0.001
10.0000         2.105076     0.000008163   -947023.4909        -0.001
100.0000         2.103729     0.000008163   -947023.4923
1000.0000         2.103612     0.000024490   -947023.4925
