0.0020   8337668.206361     0.000021769   8201334.4326
0.0040   4080912.424577     0.000010885   3944578.6529
0.0060   2663720.047043     0.000016327   2527386.2745
0.0080   1956453.381337     0.000016327   1820119.6086
0.0100   1533050.230125     0.000016327   1396716.4573
0.0120   1251885.359245     0.000013606   1115551.5865
0.0140   1051948.449132     0.000021769    915614.6764
0.0160    902355.713832     0.000010885    766021.9412
0.0180    786283.812614     0.000016327    649950.0398
0.0200    693891.279172     0.000005442    557557.5064
0.0400    289107.733193     0.000024490    152773.9605
0.0600    163876.145659     0.000002721     27542.3730
0.0800    105556.992288     0.000024490    -30776.7804
0.1000     73355.748504     0.000008163    -62978.0242
0.1200     53556.161566     0.000010885    -82777.6111
0.1400     40345.835321     0.000013606    -95987.9373
0.1600     31072.736486     0.000013606   -105261.0362
0.1800     24431.393290     0.000019048   -111902.3794
0.2000     19596.416601     0.000013606   -116737.3561
0.2400     13323.512232     0.000008163   -123010.2604
0.2800      9376.087675     0.000010885   -126957.6850
0.3200      6711.984032     0.000002721   -129621.7886
0.3600      4954.374603     0.000024490   -131379.3981    -36309.859
0.4000      3713.740242     0.000008163   -132620.0324    -26306.256
0.4500      2636.733118     0.000024490   -133697.0395    -17279.533
0.5000      1931.391703     0.000024490   -134402.3809    -11427.162
0.5500      1456.843662     0.000008163   -134876.9290     -7870.106
0.6000      1095.605596     0.000016327   -135238.1671     -6638.736
0.6500       811.027026     0.000021769   -135522.7456     -4773.861
0.7000       609.287489     0.000024490   -135724.4852     -3367.529
0.7500       466.304006     0.000024490   -135867.4687     -2401.347
0.8000       363.433293     0.000024490   -135970.3394     -1744.437
0.8500       287.852648     0.000021769   -136045.9200     -1296.757
0.9000       230.955066     0.000024490   -136102.8176      -988.336
0.9500       187.029247     0.000021769   -136146.7434      -771.407
1.0000       152.394637     0.000019048   -136181.3780      -613.917
1.1000       102.434819     0.000021769   -136231.3378      -402.559
1.2000        69.280195     0.000024490   -136264.4925      -269.849
1.3000        46.982579     0.000024490   -136286.7901      -182.009
1.4000        31.944701     0.000019048   -136301.8280      -122.944
1.5000        21.795335     0.000016327   -136311.9773       -83.238
1.6000        14.928286     0.000013606   -136318.8444       -56.638
1.7000        10.259347     0.000024490   -136323.5133       -38.856
1.8000         7.064843     0.000019048   -136326.7078       -26.935
1.9000         4.869161     0.000016327   -136328.9035       -18.958
2.0000         3.360142     0.000008163   -136330.4125       -13.688
2.1000         2.310228     0.000013606   -136331.4624       -10.198
2.2000         1.542549     0.000027211   -136332.2301        -7.794
2.3000         0.952549     0.000010885   -136332.8201        -6.002
2.4000         0.490102     0.000013606   -136333.2826        -4.600
2.5000         0.127347     0.000010885   -136333.6453        -3.481
2.6000        -0.152150     0.000019048   -136333.9248        -2.579
2.7000        -0.358488     0.000019048   -136334.1311        -1.852
2.8000        -0.475582     0.000010885   -136334.2482        -1.299
2.9000        -0.550220     0.000013606   -136334.3229        -0.858
3.0000        -0.590610     0.000021769   -136334.3633        -0.525
3.1000        -0.604327     0.000021769   -136334.3770        -0.266
3.2000        -0.596980     0.000016327   -136334.3696        -0.068
3.3000        -0.574599     0.000019048   -136334.3473         0.079
3.4000        -0.540277     0.000024490   -136334.3129         0.180
3.5000        -0.497253     0.000021769   -136334.2699         0.255
3.6000        -0.448825     0.000016327   -136334.2215         0.313
3.7000        -0.396786     0.000024490   -136334.1694         0.347
3.8000        -0.342660     0.000016327   -136334.1153         0.360
3.9000        -0.287771     0.000013606   -136334.0604         0.366
4.0000        -0.232979     0.000016327   -136334.0056         0.367
5.0000         0.198630     0.000019048   -136333.5740         0.213
6.0000         0.401891     0.000024490   -136333.3708         0.099
7.0000         0.481484     0.000021769   -136333.2912         0.039
8.0000         0.514532     0.000016327   -136333.2581         0.019
9.0000         0.531063     0.000013606   -136333.2416         0.011
10.0000         0.541172     0.000016327   -136333.2315         0.008
100.0000         0.592648     0.000008163   -136333.1800         0.000
1000.0000         0.596338     0.000008163   -136333.1763
