0.0020  11612607.881837     0.000027211  11105945.8089
0.0040   5654945.145458     0.000019048   5148283.0707
0.0060   3676588.077232     0.000010885   3169926.0030
0.0080   2692123.017557     0.000008163   2185460.9439
0.0100   2104374.590987     0.000019048   1597712.5174
0.0120   1714555.411469     0.000024490   1207893.3380
0.0140   1437492.543508     0.000008163    930830.4700
0.0160   1230904.724375     0.000013606    724242.6509
0.0180   1070707.513596     0.000016327    564045.4401
0.0200    943522.838035     0.000016327    436860.7643
0.0400    390712.953833     0.000024490   -115949.1197
0.0600    219665.171032     0.000019048   -286996.9024
0.0800    141163.920778     0.000019048   -365498.1529
0.1000     97758.067661     0.000016327   -408904.0060
0.1200     71073.746769     0.000021769   -435588.3268
0.1400     53614.689622     0.000019048   -453047.3841
0.1600     41430.477307     0.000021769   -465231.5963
0.1800     32541.055480     0.000016327   -474121.0181
0.2000     25896.656724     0.000021769   -480765.4168
0.2400     17048.663118     0.000019048   -489613.4104
0.2800     11787.530761     0.000019048   -494874.5428
0.3200      8467.649225     0.000010885   -498194.4242
0.3600      6208.405594     0.000019048   -500453.6681    -47435.424
0.4000      4597.267352     0.000021769   -502064.8061    -33766.695
0.4500      3231.573962     0.000019048   -503430.4996    -21753.839
0.5000      2345.920387     0.000024490   -504316.1532    -14352.188
0.5500      1751.595226     0.000027211   -504910.4784     -9832.994
0.6000      1335.467616     0.000019048   -505326.6060     -7082.438
0.6500      1026.150247     0.000024490   -505635.9233     -5414.094
0.7000       787.542528     0.000021769   -505874.5311     -4124.977
0.7500       608.236111     0.000019048   -506053.8373     -3093.140
0.8000       473.726581     0.000016327   -506188.3471     -2323.978
0.8500       372.289922     0.000016327   -506289.7835     -1761.010
0.9000       294.976243     0.000016327   -506367.0974     -1351.113
0.9500       235.266143     0.000016327   -506426.8073     -1051.132
1.0000       188.517373     0.000021769   -506473.5562      -828.438
1.1000       121.934562     0.000021769   -506540.1390      -529.017
1.2000        79.100766     0.000024490   -506582.9727      -343.267
1.3000        51.284303     0.000010885   -506610.7893      -222.520
1.4000        33.258119     0.000010885   -506628.8155      -143.733
1.5000        21.586860     0.000008163   -506640.4867       -92.988
1.6000        13.990598     0.000019048   -506648.0831       -60.778
1.7000         8.990855     0.000016327   -506653.0826       -40.389
1.8000         5.644971     0.000024490   -506656.4285       -27.236
1.9000         3.369884     0.000024490   -506658.7037       -18.571
2.0000         1.803794     0.000021769   -506660.2697       -12.886
2.1000         0.731687     0.000021769   -506661.3418        -8.819
2.2000         0.008348     0.000016327   -506662.0651        -6.141
2.3000        -0.484039     0.000019048   -506662.5576        -4.031
2.4000        -0.807732     0.000016327   -506662.8812        -2.649
2.5000        -1.007404     0.000021769   -506663.0809        -1.533
2.6000        -1.117243     0.000013606   -506663.1908        -0.766
2.7000        -1.160985     0.000019048   -506663.2346        -0.226
2.8000        -1.157981     0.000024490   -506663.2316         0.201
2.9000        -1.079737     0.000019048   -506663.1533         0.438
3.0000        -0.954725     0.000008163   -506663.0284         0.585
3.1000        -0.822073     0.000010885   -506662.8956         0.693
3.2000        -0.686788     0.000021769   -506662.7603         0.757
3.3000        -0.551934     0.000008163   -506662.6254         0.740
3.4000        -0.420484     0.000027211   -506662.4939         0.766
3.5000        -0.294738     0.000016327   -506662.3682         0.729
3.6000        -0.175949     0.000021769   -506662.2496         0.697
3.7000        -0.064665     0.000019048   -506662.1383         0.632
3.8000         0.038670     0.000021769   -506662.0349         0.598
3.9000         0.133396     0.000010885   -506661.9402         0.549
4.0000         0.219542     0.000021769   -506661.8539         0.495
5.0000         0.705268     0.000013606   -506661.3682         0.147
6.0000         0.830397     0.000016327   -506661.2430         0.029
7.0000         0.860272     0.000008163   -506661.2134         0.010
8.0000         0.868740     0.000005442   -506661.2049         0.003
9.0000         0.872155     0.000024490   -506661.2014         0.002
10.0000         0.874128     0.000021769   -506661.1995         0.001
100.0000         0.884452     0.000010885   -506661.1892
1000.0000         0.885222     0.000010885   -506661.1883
