0.0020   2971288.488199     0.000016327   2932255.7138
0.0040   1460060.611861     0.000021769   1421027.8366
0.0060    956543.523294     0.000010885    917510.7482
0.0080    705022.822964     0.000027211    665990.0478
0.0100    554385.113409     0.000027211    515352.3384
0.0120    454099.403832     0.000024490    415066.6288
0.0140    382582.799060     0.000010885    343550.0240
0.0160    329108.509199     0.000019048    290075.7342
0.0180    287788.630570     0.000019048    248755.8555
0.0200    254812.303143     0.000019048    215779.5281
0.0400    108725.744876     0.000019048     69692.9698
0.0600     62493.271001     0.000019048     23460.4959
0.0800     40921.894648     0.000021769      1889.1196
0.1000     28822.082193     0.000024490    -10210.6929
0.1200     21220.705656     0.000019048    -17812.0694
0.1400     16124.522958     0.000016327    -22908.2521
0.1600     12581.468508     0.000021769    -26451.3066
0.1800     10051.641988     0.000013606    -28981.1331
0.2000      8204.241913     0.000016327    -30828.5332
0.2400      5711.142723     0.000021769    -33321.6324    -50512.587
0.2800      4051.955662     0.000013606    -34980.8194    -33589.040
0.3200      2947.324647     0.000021769    -36085.4504    -22487.008
0.3600      2195.297481     0.000008163    -36837.4776    -15649.659
0.4000      1664.171424     0.000019048    -37368.6037    -11136.178
0.4500      1208.870164     0.000021769    -37823.9049     -7378.255
0.5000       904.981656     0.000013606    -38127.7934     -4962.362
0.5500       697.501161     0.000005442    -38335.2739     -3476.771
0.6000       547.273743     0.000021769    -38485.5013     -2608.875
0.6500       430.538411     0.000019048    -38602.2367     -2097.982
0.7000       336.624678     0.000021769    -38696.1504     -1700.444
0.7500       261.174073     0.000016327    -38771.6010     -1324.999
0.8000       203.510112     0.000019048    -38829.2650      -993.531
0.8500       160.960877     0.000021769    -38871.8142      -731.549
0.9000       129.621708     0.000021769    -38903.1534      -539.404
0.9500       106.668223     0.000010885    -38926.1069      -405.759
1.0000        88.865238     0.000008163    -38943.9099      -333.759
1.1000        59.372322     0.000010885    -38973.4028      -236.451
1.2000        39.862164     0.000010885    -38992.9129      -157.928
1.3000        26.711144     0.000019048    -39006.0639      -106.976
1.4000        17.918914     0.000019048    -39014.8562       -72.299
1.5000        12.034926     0.000019048    -39020.7402       -48.288
1.6000         8.131274     0.000016327    -39024.6438       -31.910
1.7000         5.610788     0.000021769    -39027.1643       -20.906
1.8000         4.082066     0.000024490    -39028.6930       -13.612
1.9000         3.104687     0.000027211    -39029.6704        -8.877
2.0000         2.471625     0.000021769    -39030.3035        -5.934
2.1000         2.034898     0.000019048    -39030.7402        -4.179
2.2000         1.694533     0.000019048    -39031.0806        -3.205
2.3000         1.394987     0.000021769    -39031.3801        -2.610
2.4000         1.115768     0.000019048    -39031.6593        -2.201
2.5000         0.857213     0.000016327    -39031.9179        -1.823
2.6000         0.627144     0.000024490    -39032.1479        -1.458
2.7000         0.433167     0.000021769    -39032.3419        -1.109
2.8000         0.325799     0.000019048    -39032.4493        -0.758
2.9000         0.257354     0.000019048    -39032.5178        -0.461
3.0000         0.210352     0.000019048    -39032.5647        -0.209
3.1000         0.181067     0.000021769    -39032.5940         0.007
3.2000         0.166735     0.000019048    -39032.6084         0.173
3.3000         0.165187     0.000016327    -39032.6099         0.293
3.4000         0.174006     0.000019048    -39032.6011         0.396
3.5000         0.190017     0.000010885    -39032.5851         0.470
3.6000         0.211721     0.000013606    -39032.5634         0.519
3.7000         0.238230     0.000024490    -39032.5369         0.544
3.8000         0.268239     0.000019048    -39032.5069         0.565
3.9000         0.300131     0.000024490    -39032.4750         0.572
4.0000         0.332676     0.000016327    -39032.4424         0.567
5.0000         0.853045     0.000021769    -39031.9220         0.279
6.0000         1.067141     0.000021769    -39031.7080         0.087
7.0000         1.118865     0.000016327    -39031.6562         0.024
8.0000         1.130016     0.000010885    -39031.6451         0.007
9.0000         1.132005     0.000013606    -39031.6431         0.002
10.0000         1.132000     0.000013606    -39031.6431         0.001
100.0000         1.127855     0.000024490    -39031.6472
1000.0000         1.127510     0.000024490    -39031.6476
