0.0020   8081929.251563     0.000024490   7773271.4370
0.0040   3942232.003543     0.000016327   3633574.1902
0.0060   2567693.821548     0.000024490   2259036.0070
0.0080   1883205.234592     0.000013606   1574547.4198
0.0100   1474263.683694     0.000010885   1165605.8691
0.0120   1203145.575320     0.000021769    894487.7608
0.0140   1010373.369854     0.000019048    701715.5552
0.0160    866453.630174     0.000019048    557795.8154
0.0180    755074.726206     0.000016327    446416.9116
0.0200    666310.485560     0.000016327    357652.6709
0.0400    278691.890123     0.000016327    -29965.9245
0.0600    158109.064632     0.000019048   -150548.7500
0.0800    101917.385391     0.000016327   -206740.4293
0.1000     70769.743469     0.000008163   -237888.0712
0.1200     51407.099613     0.000024490   -257250.7150
0.1400     38552.017898     0.000013606   -270105.7968
0.1600     29668.966791     0.000013606   -278988.8479
0.1800     23358.515577     0.000027211   -285299.2991
0.2000     18771.294784     0.000019048   -289886.5197
0.2400     12573.263847     0.000024490   -296084.5508
0.2800      8630.861110     0.000019048   -300026.9537
0.3200      6125.794444     0.000013606   -302532.0201    -50152.090
0.3600      4476.888730     0.000019048   -304180.9259    -33567.506
0.4000      3358.605091     0.000021769   -305299.2095    -23194.387
0.4500      2405.681214     0.000019048   -306252.1333    -15752.055
0.5000      1738.520038     0.000021769   -306919.2947    -11191.126
0.5500      1266.714876     0.000016327   -307391.0998     -7854.647
0.6000       936.255479     0.000021769   -307721.5593     -5484.451
0.6500       706.036807     0.000008163   -307951.7778     -3843.924
0.7000       543.529515     0.000016327   -308114.2851     -2740.987
0.7500       426.207023     0.000019048   -308231.6075     -2007.360
0.8000       338.577800     0.000021769   -308319.2369     -1528.845
0.8500       270.335529     0.000019048   -308387.4790     -1212.964
0.9000       215.944820     0.000002721   -308441.8697      -976.314
0.9500       172.186231     0.000019048   -308485.6284      -781.555
1.0000       137.373144     0.000010885   -308520.4415      -617.406
1.1000        88.952979     0.000021769   -308568.8618      -373.502
1.2000        60.598954     0.000005442   -308597.2158      -225.278
1.3000        43.669564     0.000013606   -308614.1451      -144.440
1.4000        32.246106     0.000005442   -308625.5684      -100.475
1.5000        23.901962     0.000008163   -308633.9128       -72.420
1.6000        17.804803     0.000021769   -308640.0098       -52.333
1.7000        13.452492     0.000013606   -308644.3622       -37.955
1.8000        10.344309     0.000013606   -308647.4703       -27.639
1.9000         8.082876     0.000027211   -308649.7319       -19.924
2.0000         6.448508     0.000013606   -308651.3662       -14.270
2.1000         5.279310     0.000027211   -308652.5355       -10.078
2.2000         4.475363     0.000019048   -308653.3393        -7.054
2.3000         3.944550     0.000024490   -308653.8702        -4.870
2.4000         3.576911     0.000010885   -308654.2378        -3.319
2.5000         3.325020     0.000019048   -308654.4895        -2.209
2.6000         3.153461     0.000005442   -308654.6612        -1.467
2.7000         3.036005     0.000024490   -308654.7788        -0.946
2.8000         2.954292     0.000008163   -308654.8604        -0.607
2.9000         2.894912     0.000010885   -308654.9197        -0.389
3.0000         2.849449     0.000010885   -308654.9652        -0.248
3.1000         2.812793     0.000019048   -308655.0019        -0.167
3.2000         2.781674     0.000002721   -308655.0329        -0.100
3.3000         2.754060     0.000005442   -308655.0607        -0.079
3.4000         2.729496     0.000016327   -308655.0852        -0.060
3.5000         2.707640     0.000010885   -308655.1069        -0.045
3.6000         2.688295     0.000016327   -308655.1263        -0.042
3.7000         2.671378     0.000021769   -308655.1434        -0.028
3.8000         2.656687     0.000008163   -308655.1581        -0.021
3.9000         2.644297     0.000024490   -308655.1703        -0.016
4.0000         2.635851     0.000016327   -308655.1788        -0.011
5.0000         2.622879     0.000016327   -308655.1918         0.018
6.0000         2.636839     0.000013606   -308655.1777         0.010
7.0000         2.643579     0.000008163   -308655.1712         0.003
8.0000         2.645484     0.000010885   -308655.1692         0.001
9.0000         2.645906     0.000019048   -308655.1687         0.000
10.0000         2.645982     0.000016327   -308655.1687        -0.000
100.0000         2.646025     0.000016327   -308655.1687
1000.0000         2.646017     0.000005442   -308655.1687
