0.0020         0.000000     0.000021769  31718844.1805
0.0040  15802994.366070     0.000008163  15069163.8898
0.0060  10272970.270625     0.000013606   9539139.7937
0.0080   7516285.439301     0.000013606   6782454.9621
0.0100   5866018.058541     0.000010885   5132187.5817
0.0120   4768998.184331     0.000013606   4035167.7086
0.0140   3989001.795864     0.000024490   3255171.3201
0.0160   3407760.309135     0.000013606   2673929.8323
0.0180   2958949.573060     0.000019048   2225119.0961
0.0200   2602685.905122     0.000027211   1868855.4281
0.0400   1053672.932988     0.000024490    319842.4561
0.0600    582053.087442     0.000013606   -151777.3895
0.0800    368754.349198     0.000016327   -365076.1278
0.1000    253258.922602     0.000021769   -480571.5544
0.1200    182184.954144     0.000021769   -551645.5229
0.1400    136088.867334     0.000019048   -597741.6095
0.1600    104953.366636     0.000013606   -628877.1103
0.1800     82416.114272     0.000013606   -651414.3626
0.2000     65441.258491     0.000013606   -668389.2184
0.2400     42482.318347     0.000021769   -691348.1586
0.2800     28912.498630     0.000024490   -704917.9781
0.3200     20431.068270     0.000024490   -713399.4086
0.3600     14490.144102     0.000024490   -719340.3328
0.4000     10575.461617     0.000021769   -723255.0152
0.4500      7414.282780     0.000013606   -726416.1941    -50032.711
0.5000      5360.356413     0.000013606   -728470.1206    -33637.882
0.5500      3943.114375     0.000016327   -729887.3625    -23801.994
0.6000      2928.684686     0.000021769   -730901.7921    -17110.886
0.6500      2203.835038     0.000019048   -731626.6420    -12189.513
0.7000      1686.508467     0.000021769   -732143.9684     -8777.378
0.7500      1310.763666     0.000016327   -732519.7132     -6428.988
0.8000      1031.044167     0.000008163   -732799.4327     -4927.903
0.8500       811.319796     0.000019048   -733019.1571     -3875.932
0.9000       640.102109     0.000027211   -733190.3748     -3021.819
0.9500       506.873057     0.000021769   -733323.6039     -2347.729
1.0000       403.253694     0.000008163   -733427.2233     -1821.694
1.1000       259.956327     0.000019048   -733570.5207     -1103.933
1.2000       172.345110     0.000013606   -733658.1319      -682.290
1.3000       117.561527     0.000019048   -733712.9155      -432.724
1.4000        82.445776     0.000005442   -733748.0312      -281.887
1.5000        59.515356     0.000013606   -733770.9615      -189.985
1.6000        43.826729     0.000027211   -733786.6502      -132.072
1.7000        32.705997     0.000008163   -733797.7709       -94.218
1.8000        24.638286     0.000027211   -733805.8386       -68.624
1.9000        18.606788     0.000019048   -733811.8700       -50.441
2.0000        14.082646     0.000019048   -733816.3942       -37.189
2.1000        10.787893     0.000016327   -733819.6889       -27.342
2.2000         8.383562     0.000021769   -733822.0933       -20.200
2.3000         6.589242     0.000021769   -733823.8876       -15.035
2.4000         5.237337     0.000016327   -733825.2395       -11.281
2.5000         4.207461     0.000016327   -733826.2694        -8.527
2.6000         3.414992     0.000013606   -733827.0618        -6.476
2.7000         2.799253     0.000021769   -733827.6776        -4.959
2.8000         2.317309     0.000005442   -733828.1595        -3.779
2.9000         1.937865     0.000016327   -733828.5391        -2.879
3.0000         1.638774     0.000005442   -733828.8382        -2.198
3.1000         1.403028     0.000008163   -733829.0738        -1.649
3.2000         1.218202     0.000013606   -733829.2586        -1.266
3.3000         1.074537     0.000010885   -733829.4023        -0.926
3.4000         0.964339     0.000019048   -733829.5125        -0.653
3.5000         0.881015     0.000024490   -733829.5958        -0.476
3.6000         0.819618     0.000013606   -733829.6573        -0.327
3.7000         0.775832     0.000019048   -733829.7011        -0.205
3.8000         0.745424     0.000010885   -733829.7315        -0.101
3.9000         0.725641     0.000010885   -733829.7511        -0.052
4.0000         0.714487     0.000019048   -733829.7623         0.004
5.0000         0.763644     0.000010885   -733829.7133         0.090
6.0000         0.827477     0.000005442   -733829.6494         0.041
7.0000         0.853888     0.000024490   -733829.6230         0.015
8.0000         0.862245     0.000021769   -733829.6145         0.004
9.0000         0.864525     0.000021769   -733829.6124         0.000
10.0000         0.865113     0.000021769   -733829.6118        -0.000
100.0000         0.865314     0.000024490   -733829.6115
1000.0000         0.865314     0.000019048   -733829.6115
