0.0020  22079364.450331     0.000024490  21632009.2370
0.0040  10763820.971950     0.000016327  10316465.7565
0.0060   6999325.614501     0.000024490   6551970.3998
0.0080   5122667.291400     0.000021769   4675312.0769
0.0100   4000689.900192     0.000016327   3553334.6869
0.0120   3254746.380637     0.000013606   2807391.1673
0.0140   2724282.239569     0.000027211   2276927.0250
0.0160   2328743.764053     0.000010885   1881388.5495
0.0180   2023069.633512     0.000019048   1575714.4189
0.0200   1780171.432356     0.000010885   1332816.2178
0.0400    725271.209682     0.000021769    277915.9951
0.0600    403765.693986     0.000019048    -43589.5206
0.0800    256894.353018     0.000010885   -190460.8615
0.1000    176311.957812     0.000019048   -271043.2568
0.1200    127560.677580     0.000019048   -319794.5371
0.1400     95415.650674     0.000010885   -351939.5638
0.1600     72974.909683     0.000013606   -374380.3049
0.1800     56932.299259     0.000010885   -390422.9154
0.2000     45303.423422     0.000019048   -402051.7912
0.2400     30183.042324     0.000016327   -417172.1724
0.2800     20510.037624     0.000013606   -426845.1768
0.3200     14499.035984     0.000013606   -432856.1786
0.3600     10520.401218     0.000024490   -436834.8134
0.4000      7840.168981     0.000024490   -439515.0455
0.4500      5619.194004     0.000008163   -441736.0206    -36671.030
0.5000      4035.661367     0.000005442   -443319.5533    -25996.339
0.5500      2968.020715     0.000016327   -444387.1938    -17387.540
0.6000      2241.164156     0.000021769   -445114.0504    -12098.457
0.6500      1726.344280     0.000013606   -445628.8702     -8752.088
0.7000      1341.486671     0.000016327   -446013.7280     -6797.125
0.7500      1042.724294     0.000010885   -446312.4904     -5245.851
0.8000       813.635903     0.000016327   -446541.5787     -4013.334
0.8500       638.890911     0.000021769   -446716.3235     -3053.277
0.9000       505.708847     0.000010885   -446849.5056     -2321.715
0.9500       404.037042     0.000005442   -446951.1775     -1773.529
1.0000       325.986165     0.000021769   -447029.2285     -1365.570
1.1000       218.369959     0.000021769   -447136.8446      -835.351
1.2000       151.231192     0.000021769   -447203.9833      -537.113
1.3000       107.605117     0.000013606   -447247.6094      -363.108
1.4000        77.736341     0.000027211   -447277.4783      -252.089
1.5000        56.817955     0.000021769   -447298.3965      -175.387
1.6000        42.210192     0.000008163   -447313.0044      -121.539
1.7000        32.070647     0.000013606   -447323.1439       -84.239
1.8000        25.043524     0.000019048   -447330.1710       -58.760
1.9000        20.149992     0.000010885   -447335.0647       -41.499
2.0000        16.707332     0.000021769   -447338.5072       -29.803
2.1000        14.245541     0.000013606   -447340.9690       -21.797
2.2000        12.448729     0.000010885   -447342.7658       -16.231
2.3000        11.108356     0.000019048   -447344.1062       -12.270
2.4000        10.090886     0.000024490   -447345.1237        -9.294
2.5000         9.354565     0.000013606   -447345.8600        -7.121
2.6000         8.866012     0.000013606   -447346.3484        -5.468
2.7000         8.483384     0.000024490   -447346.7313        -4.210
2.8000         8.189468     0.000010885   -447347.0252        -3.117
2.9000         7.968765     0.000013606   -447347.2459        -2.304
3.0000         7.808751     0.000010885   -447347.4059        -1.636
3.1000         7.697503     0.000010885   -447347.5172        -1.114
3.2000         7.626552     0.000005442   -447347.5879        -0.728
3.3000         7.587699     0.000008163   -447347.6268        -0.401
3.4000         7.573732     0.000008163   -447347.6407        -0.159
3.5000         7.579645     0.000005442   -447347.6350         0.010
3.6000         7.600880     0.000024490   -447347.6138         0.147
3.7000         7.633150     0.000021769   -447347.5814         0.244
3.8000         7.673295     0.000019048   -447347.5414         0.307
3.9000         7.718815     0.000027211   -447347.4957         0.338
4.0000         7.768168     0.000005442   -447347.4464         0.365
5.0000         8.196796     0.000016327   -447347.0178         0.217
6.0000         8.377853     0.000024490   -447346.8366         0.092
7.0000         8.434602     0.000021769   -447346.7800         0.035
8.0000         8.452869     0.000002721   -447346.7618         0.017
9.0000         8.459852     0.000010885   -447346.7547         0.011
10.0000         8.463365     0.000013606   -447346.7512         0.007
100.0000         8.477493     0.000013606   -447346.7370         0.000
1000.0000         8.478380     0.000005442   -447346.7362
