0.0020   4014436.847297     0.000016327   3949815.7718
0.0040   1968565.190692     0.000021769   1903944.1159
0.0060   1287228.096519     0.000008163   1222607.0217
0.0080    947626.062308     0.000027211    883004.9873
0.0100    744499.428481     0.000010885    679878.3536
0.0120    609424.742803     0.000008163    544803.6680
0.0140    513174.160039     0.000010885    448553.0851
0.0160    441130.411753     0.000010885    376509.3368
0.0180    385292.858027     0.000008163    320671.7832
0.0200    340793.776932     0.000019048    276172.7022
0.0400    143988.368894     0.000019048     79367.2940
0.0600     82409.866740     0.000024490     17788.7919
0.0800     53848.135143     0.000021769    -10772.9397
0.1000     37746.679264     0.000024490    -26874.3956
0.1200     27704.483465     0.000019048    -36916.5914
0.1400     21095.978064     0.000024490    -43525.0968
0.1600     16535.072231     0.000021769    -48086.0026
0.1800     13233.445724     0.000008163    -51387.6291
0.2000     10741.956192     0.000027211    -53879.1187
0.2400      7236.451033     0.000016327    -57384.6238
0.2800      5029.111401     0.000013606    -59591.9635    -43698.776
0.3200      3611.102834     0.000019048    -61009.9720    -28443.367
0.3600      2676.895233     0.000024490    -61944.1796    -19045.380
0.4000      2041.162774     0.000021769    -62579.9121    -13197.432
0.4500      1500.555303     0.000010885    -63120.5196     -8947.121
0.5000      1105.904446     0.000010885    -63515.1704     -7000.383
0.5500       802.547131     0.000016327    -63818.5277     -5111.764
0.6000       586.993698     0.000016327    -64034.0812     -3563.546
0.6500       437.527982     0.000021769    -64183.5469     -2482.774
0.7000       332.759748     0.000019048    -64288.3151     -1753.506
0.7500       258.093968     0.000010885    -64362.9809     -1262.983
0.8000       203.691588     0.000021769    -64417.3833      -932.055
0.8500       163.042916     0.000016327    -64458.0320      -706.294
0.9000       131.862096     0.000010885    -64489.2128      -549.009
0.9500       107.376131     0.000027211    -64513.6987      -435.934
1.0000        87.793248     0.000013606    -64533.2816      -351.354
1.1000        59.047597     0.000016327    -64562.0273      -232.594
1.2000        40.002483     0.000021769    -64581.0724      -153.818
1.3000        27.457871     0.000013606    -64593.6170      -100.891
1.4000        19.236416     0.000013606    -64601.8384       -66.197
1.5000        13.812962     0.000013606    -64607.2619       -44.025
1.6000        10.166387     0.000005442    -64610.9085       -29.958
1.7000         7.649004     0.000016327    -64613.4259       -20.947
1.8000         5.858497     0.000019048    -64615.2164       -15.074
1.9000         4.547013     0.000010885    -64616.5279       -11.102
2.0000         3.560668     0.000021769    -64617.5142        -8.381
2.1000         2.802681     0.000010885    -64618.2722        -6.384
2.2000         2.208915     0.000024490    -64618.8659        -4.950
2.3000         1.735644     0.000024490    -64619.3392        -3.834
2.4000         1.352069     0.000021769    -64619.7228        -3.014
2.5000         1.035214     0.000021769    -64620.0397        -2.346
2.6000         0.769337     0.000005442    -64620.3055        -1.857
2.7000         0.541972     0.000024490    -64620.5329        -1.463
2.8000         0.344921     0.000019048    -64620.7300        -1.151
2.9000         0.211443     0.000008163    -64620.8634        -0.891
3.0000         0.135360     0.000019048    -64620.9395        -0.650
3.1000         0.080056     0.000013606    -64620.9948        -0.463
3.2000         0.041429     0.000010885    -64621.0334        -0.320
3.3000         0.015271     0.000024490    -64621.0596        -0.213
3.4000        -0.001159     0.000010885    -64621.0760        -0.126
3.5000        -0.010036     0.000010885    -64621.0849        -0.063
3.6000        -0.013840     0.000027211    -64621.0887        -0.012
3.7000        -0.013260     0.000010885    -64621.0881         0.016
3.8000        -0.009774     0.000010885    -64621.0847         0.045
3.9000        -0.004324     0.000024490    -64621.0792         0.061
4.0000         0.002631     0.000021769    -64621.0722         0.071
5.0000         0.079743     0.000016327    -64620.9951         0.059
6.0000         0.121836     0.000024490    -64620.9530         0.024
7.0000         0.137812     0.000027211    -64620.9371         0.010
8.0000         0.143135     0.000024490    -64620.9317         0.004
9.0000         0.144732     0.000019048    -64620.9301         0.001
10.0000         0.145165     0.000019048    -64620.9297         0.001
100.0000         0.145347     0.000019048    -64620.9295
1000.0000         0.145352     0.000019048    -64620.9295
