0.0020  17136952.240960     0.000027211  16722117.4051
0.0040   8349995.677502     0.000027211   7935160.8428
0.0060   5433510.286936     0.000019048   5018675.4501
0.0080   3979799.049008     0.000019048   3564964.2144
0.0100   3110144.635862     0.000008163   2695309.8000
0.0120   2532535.578744     0.000010885   2117700.7430
0.0140   2122003.675979     0.000016327   1707168.8402
0.0160   1815434.783199     0.000021769   1400599.9475
0.0180   1578237.656509     0.000010885   1163402.8206
0.0200   1389824.788147     0.000021769    974989.9525
0.0400    570580.513724     0.000013606    155745.6780
0.0600    318964.230550     0.000019048    -95870.6052
0.0800    203712.926652     0.000027211   -211121.9091
0.1000    140371.837259     0.000013606   -274462.9985
0.1200    101832.032306     0.000019048   -313002.8034
0.1400     76552.242193     0.000010885   -338282.5935
0.1600     58912.979293     0.000021769   -355921.8564
0.1800     46070.756652     0.000008163   -368764.0790
0.2000     36580.102404     0.000024490   -378254.7334
0.2400     24129.679598     0.000008163   -390705.1561
0.2800     16821.388861     0.000027211   -398013.4470
0.3200     11858.506754     0.000021769   -402976.3289
0.3600      8555.680763     0.000016327   -406279.1550
0.4000      6322.222891     0.000024490   -408512.6128    -46289.842
0.4500      4437.471744     0.000019048   -410397.3639    -30338.905
0.5000      3189.321067     0.000010885   -411645.5147    -20400.479
0.5500      2328.004189     0.000024490   -412506.8316    -14687.089
0.6000      1697.157239     0.000019048   -413137.6786    -10621.725
0.6500      1251.507387     0.000005442   -413583.3283     -7379.719
0.7000       942.089009     0.000027211   -413892.7466     -5155.831
0.7500       724.073283     0.000016327   -414110.7624     -3670.548
0.8000       566.873121     0.000019048   -414267.9627     -2682.644
0.8500       450.050204     0.000024490   -414384.7855     -2023.513
0.9000       360.185891     0.000024490   -414474.6498     -1574.569
0.9500       289.154607     0.000013606   -414545.6811     -1248.407
1.0000       233.268035     0.000013606   -414601.5676      -990.518
1.1000       154.009445     0.000013606   -414680.8262      -621.963
1.2000       104.232806     0.000021769   -414730.6029      -391.309
1.3000        73.154638     0.000008163   -414761.6811      -253.111
1.4000        52.669992     0.000016327   -414782.1658      -172.399
1.5000        38.250752     0.000027211   -414796.5851      -123.147
1.6000        27.949029     0.000010885   -414806.8868       -90.497
1.7000        20.431878     0.000021769   -414814.4040       -67.501
1.8000        14.784975     0.000027211   -414820.0509       -49.880
1.9000        10.603960     0.000021769   -414824.2319       -36.548
2.0000         7.557018     0.000016327   -414827.2788       -26.563
2.1000         5.342650     0.000024490   -414829.4932       -19.168
2.2000         3.746843     0.000024490   -414831.0889       -13.767
2.3000         2.604909     0.000024490   -414832.2310        -9.797
2.4000         1.792461     0.000024490   -414833.0432        -6.974
2.5000         1.216597     0.000024490   -414833.6190        -4.925
2.6000         0.809705     0.000010885   -414834.0261        -3.499
2.7000         0.521966     0.000013606   -414834.3137        -2.474
2.8000         0.317783     0.000016327   -414834.5181        -1.771
2.9000         0.172221     0.000008163   -414834.6634        -1.273
3.0000         0.067533     0.000024490   -414834.7682        -0.918
3.1000        -0.008887     0.000021769   -414834.8446        -0.684
3.2000        -0.065305     0.000019048   -414834.9009        -0.506
3.3000        -0.107414     0.000008163   -414834.9431        -0.385
3.4000        -0.139252     0.000019048   -414834.9750        -0.292
3.5000        -0.163965     0.000013606   -414834.9997        -0.216
3.6000        -0.182774     0.000016327   -414835.0185        -0.164
3.7000        -0.197087     0.000002721   -414835.0329        -0.132
3.8000        -0.208170     0.000008163   -414835.0438        -0.100
3.9000        -0.216676     0.000016327   -414835.0525        -0.075
4.0000        -0.222948     0.000021769   -414835.0588        -0.055
5.0000        -0.227212     0.000021769   -414835.0629         0.016
6.0000        -0.211490     0.000019048   -414835.0473         0.010
7.0000        -0.204624     0.000019048   -414835.0403         0.003
8.0000        -0.202728     0.000019048   -414835.0384         0.000
9.0000        -0.202309     0.000019048   -414835.0381        -0.000
10.0000        -0.202219     0.000019048   -414835.0381        -0.000
100.0000        -0.202197     0.000019048   -414835.0378
1000.0000        -0.202197     0.000019048   -414835.0378
