0.0020         0.000000     0.000019048  37808715.1216
0.0040  18785877.964518     0.000010885  17935553.2985
0.0060  12186272.327259     0.000024490  11335947.6601
0.0080   8899291.760960     0.000008163   8048967.0943
0.0100   6935275.243558     0.000010885   6084950.5764
0.0120   5633117.165671     0.000016327   4782792.5006
0.0140   4710765.301910     0.000019048   3860440.6355
0.0160   4023489.052365     0.000021769   3173164.3850
0.0180   3493369.390557     0.000016327   2643044.7243
0.0200   3072759.296382     0.000019048   2222434.6301
0.0400   1246003.691761     0.000024490    395679.0254
0.0600    692826.960058     0.000021769   -157497.7064
0.0800    441332.903168     0.000013606   -408991.7633
0.1000    302071.451808     0.000019048   -548253.2147
0.1200    217125.246970     0.000019048   -633199.4196
0.1400    162421.992804     0.000016327   -687902.6737
0.1600    124283.438283     0.000010885   -726041.2281
0.1800     96461.045045     0.000013606   -753863.6214
0.2000     76051.639877     0.000019048   -774273.0264
0.2400     49308.955713     0.000021769   -801015.7107
0.2800     33389.935642     0.000016327   -816934.7309
0.3200     23013.730950     0.000024490   -827310.9355
0.3600     16429.920594     0.000024490   -833894.7458
0.4000     12008.102976     0.000008163   -838316.5634
0.4500      8264.464942     0.000027211   -842060.2014
0.5000      5825.409653     0.000021769   -844499.2568    -40779.083
0.5500      4104.328361     0.000024490   -846220.3381    -27931.331
0.6000      2960.117549     0.000010885   -847364.5488    -18558.953
0.6500      2187.829551     0.000013606   -848136.8367    -12765.147
0.7000      1645.965825     0.000010885   -848678.7005     -9135.592
0.7500      1252.583764     0.000016327   -849072.0826     -6727.903
0.8000       960.997609     0.000016327   -849363.6688     -5025.707
0.8500       742.459122     0.000010885   -849582.2073     -3778.470
0.9000       577.695102     0.000016327   -849746.9712     -2857.445
0.9500       452.787188     0.000019048   -849871.8792     -2172.449
1.0000       357.598746     0.000019048   -849967.0676     -1662.675
1.1000       227.825753     0.000027211   -850096.8407      -994.163
1.2000       149.242292     0.000021769   -850175.4242      -613.686
1.3000        99.870874     0.000021769   -850224.7955      -393.000
1.4000        67.836895     0.000019048   -850256.8295      -258.347
1.5000        46.582228     0.000019048   -850278.0841      -173.010
1.6000        32.242438     0.000005442   -850292.4239      -117.625
1.7000        22.429581     0.000024490   -850302.2369       -81.064
1.8000        15.624171     0.000013606   -850309.0422       -56.575
1.9000        10.848275     0.000027211   -850313.8181       -39.961
2.0000         7.466657     0.000027211   -850317.1996       -28.417
2.1000         5.055583     0.000019048   -850319.6108       -20.337
2.2000         3.330392     0.000021769   -850321.3360       -14.539
2.3000         2.094888     0.000016327   -850322.5714       -10.427
2.4000         1.210923     0.000013606   -850323.4555        -7.508
2.5000         0.581075     0.000027211   -850324.0852        -5.277
2.6000         0.135785     0.000005442   -850324.5307        -3.775
2.7000        -0.174863     0.000005442   -850324.8411        -2.590
2.8000        -0.387020     0.000027211   -850325.0534        -1.776
2.9000        -0.526892     0.000005442   -850325.1933        -1.117
3.0000        -0.613987     0.000008163   -850325.2803        -0.695
3.1000        -0.662279     0.000008163   -850325.3288        -0.342
3.2000        -0.682356     0.000013606   -850325.3486        -0.108
3.3000        -0.682124     0.000027211   -850325.3486         0.031
3.4000        -0.667384     0.000008163   -850325.3337         0.193
3.5000        -0.642600     0.000019048   -850325.3089         0.285
3.6000        -0.611211     0.000002721   -850325.2776         0.317
3.7000        -0.575546     0.000027211   -850325.2420         0.342
3.8000        -0.526810     0.000016327   -850325.1933         0.372
3.9000        -0.458085     0.000016327   -850325.1244         0.364
4.0000        -0.394114     0.000013606   -850325.0605         0.341
5.0000        -0.013853     0.000019048   -850324.6803         0.130
6.0000         0.093585     0.000021769   -850324.5728         0.038
7.0000         0.122070     0.000005442   -850324.5443         0.020
8.0000         0.130375     0.000021769   -850324.5361         0.010
9.0000         0.133311     0.000024490   -850324.5331         0.007
10.0000         0.134680     0.000005442   -850324.5318         0.004
100.0000         0.139083     0.000016327   -850324.5274         0.000
1000.0000         0.139276     0.000019048   -850324.5271
