0.0020   5945929.474902     0.000008163   5790253.5306
0.0040   2905282.570786     0.000019048   2749606.6251
0.0060   1894954.417698     0.000013606   1739278.4720
0.0080   1392037.587504     0.000016327   1236361.6420
0.0100   1091271.916868     0.000019048    935595.9713
0.0120    891735.956011     0.000016327    736060.0105
0.0140    749774.397144     0.000019048    594098.4514
0.0160    643626.916804     0.000021769    487950.9712
0.0180    561304.145054     0.000010885    405628.1994
0.0200    495760.293959     0.000005442    340084.3485
0.0400    207964.313942     0.000021769     52288.3684
0.0600    119073.501887     0.000019048    -36602.4437
0.0800     77210.173192     0.000010885    -78465.7724
0.1000     53816.511177     0.000027211   -101859.4344
0.1200     39483.283509     0.000016327   -116192.6621
0.1400     29974.506220     0.000010885   -125701.4394
0.1600     23256.726885     0.000010885   -132419.2187
0.1800     18358.218340     0.000021769   -137317.7272
0.2000     14730.500684     0.000019048   -140945.4449
0.2400      9929.524119     0.000019048   -145746.4215
0.2800      7067.361862     0.000019048   -148608.5837
0.3200      5217.573418     0.000021769   -150458.3722    -38962.257
0.3600      3875.988892     0.000019048   -151799.9567    -28232.866
0.4000      2924.151316     0.000021769   -152751.7943    -19887.923
0.4500      2113.191815     0.000013606   -153562.7538    -13107.956
0.5000      1571.691734     0.000016327   -154104.2538     -8874.213
0.5500      1200.131562     0.000010885   -154475.8140     -6200.301
0.6000       934.540086     0.000027211   -154741.4055     -4586.858
0.6500       728.428725     0.000005442   -154947.5169     -3700.768
0.7000       562.886157     0.000021769   -155113.0594     -2918.830
0.7500       435.168748     0.000024490   -155240.7768     -2215.158
0.8000       338.655037     0.000021769   -155337.2905     -1669.688
0.8500       265.756363     0.000019048   -155410.1892     -1264.172
0.9000       210.333737     0.000019048   -155465.6118      -965.611
0.9500       167.790110     0.000008163   -155508.1555      -745.465
1.0000       134.779546     0.000013606   -155541.1660      -582.057
1.1000        88.334099     0.000013606   -155587.6115      -366.452
1.2000        58.601782     0.000019048   -155617.3438      -238.684
1.3000        39.028938     0.000008163   -155636.9166      -158.448
1.4000        25.979920     0.000010885   -155649.9657      -105.857
1.5000        17.261495     0.000019048   -155658.6841       -70.616
1.6000        11.453334     0.000019048   -155664.4922       -46.944
1.7000         7.597811     0.000010885   -155668.3478       -31.090
1.8000         5.046239     0.000010885   -155670.8994       -20.616
1.9000         3.357620     0.000008163   -155672.5880       -13.637
2.0000         2.239939     0.000021769   -155673.7056        -9.042
2.1000         1.499598     0.000008163   -155674.4460        -5.996
2.2000         1.008220     0.000008163   -155674.9374        -3.977
2.3000         0.682617     0.000016327   -155675.2630        -2.632
2.4000         0.466983     0.000016327   -155675.4786        -1.741
2.5000         0.325176     0.000010885   -155675.6204        -1.138
2.6000         0.232799     0.000002721   -155675.7128        -0.741
2.7000         0.173587     0.000019048   -155675.7720        -0.468
2.8000         0.136775     0.000021769   -155675.8088        -0.283
2.9000         0.114873     0.000016327   -155675.8307        -0.166
3.0000         0.102913     0.000027211   -155675.8427        -0.084
3.1000         0.097553     0.000021769   -155675.8480        -0.031
3.2000         0.096443     0.000019048   -155675.8491         0.002
3.3000         0.098029     0.000016327   -155675.8476         0.024
3.4000         0.101262     0.000027211   -155675.8443         0.037
3.5000         0.105447     0.000019048   -155675.8401         0.043
3.6000         0.110100     0.000013606   -155675.8355         0.049
3.7000         0.114884     0.000021769   -155675.8307         0.046
3.8000         0.119605     0.000016327   -155675.8260         0.046
3.9000         0.124155     0.000013606   -155675.8214         0.044
4.0000         0.128435     0.000010885   -155675.8172         0.041
5.0000         0.154305     0.000027211   -155675.7913         0.013
6.0000         0.161225     0.000013606   -155675.7844         0.003
7.0000         0.162643     0.000002721   -155675.7829         0.000
8.0000         0.162901     0.000002721   -155675.7827        -0.000
9.0000         0.162945     0.000002721   -155675.7826        -0.000
10.0000         0.162953     0.000002721   -155675.7826        -0.000
100.0000         0.162953     0.000002721   -155675.7826
1000.0000         0.162953     0.000002721   -155675.7826
