0.0020  24338760.028896     0.000019048  23781509.7267
0.0040  11851653.502116     0.000027211  11294403.2000
0.0060   7699327.404828     0.000013606   7142077.1036
0.0080   5630689.405076     0.000027211   5073439.1029
0.0100   4394174.093789     0.000024490   3836923.7933
0.0120   3573565.905511     0.000021769   3016315.6045
0.0140   2990172.379486     0.000010885   2432922.0787
0.0160   2555006.411987     0.000002721   1997756.1111
0.0180   2219416.031885     0.000005442   1662165.7312
0.0200   1953119.226050     0.000013606   1395868.9252
0.0400    796615.941291     0.000008163    239365.6405
0.0600    443881.255155     0.000013606   -113369.0457
0.0800    282349.812352     0.000021769   -274900.4886
0.1000    194037.746880     0.000013606   -363212.5540
0.1200    140351.655587     0.000013606   -416898.6453
0.1400    104691.052281     0.000013606   -452559.2486
0.1600     80000.545066     0.000010885   -477249.7559
0.1800     62612.034967     0.000013606   -494638.2660
0.2000     50082.526892     0.000021769   -507167.7739
0.2400     33019.303865     0.000016327   -524230.9971
0.2800     22582.218467     0.000016327   -534668.0823
0.3200     15782.270729     0.000019048   -541468.0300
0.3600     11440.510266     0.000021769   -545809.7906
0.4000      8516.888396     0.000013606   -548733.4123
0.4500      5892.238692     0.000010885   -551358.0622    -42084.750
0.5000      4191.127300     0.000008163   -553059.1734    -27182.755
0.5500      3075.931580     0.000019048   -554174.3693    -18190.922
0.6000      2312.880389     0.000019048   -554937.4204    -12773.326
0.6500      1764.785373     0.000024490   -555485.5153     -9382.113
0.7000      1356.558037     0.000010885   -555893.7429     -7066.805
0.7500      1047.593981     0.000021769   -556202.7068     -5368.921
0.8000       812.424054     0.000010885   -556437.8767     -4092.602
0.8500       632.850541     0.000019048   -556617.4504     -3131.762
0.9000       495.139296     0.000016327   -556755.1615     -2409.110
0.9500       388.959341     0.000008163   -556861.3415     -1864.468
1.0000       306.550295     0.000016327   -556943.7504     -1451.820
1.1000       191.889627     0.000013606   -557058.4110      -893.960
1.2000       120.925536     0.000013606   -557129.3754      -556.925
1.3000        76.707393     0.000008163   -557173.5933      -348.962
1.4000        49.014579     0.000024490   -557201.2861      -220.254
1.5000        31.501107     0.000024490   -557218.7996      -140.722
1.6000        20.271521     0.000019048   -557230.0292       -91.457
1.7000        12.949354     0.000021769   -557237.3516       -60.523
1.8000         8.082840     0.000024490   -557242.2180       -40.474
1.9000         4.813903     0.000019048   -557245.4869       -27.084
2.0000         2.655949     0.000016327   -557247.6448       -17.999
2.1000         1.233827     0.000024490   -557249.0669       -11.785
2.2000         0.317481     0.000016327   -557249.9834        -7.469
2.3000        -0.223580     0.000016327   -557250.5243        -4.582
2.4000        -0.487318     0.000021769   -557250.7880        -2.576
2.5000        -0.593679     0.000016327   -557250.8944        -1.259
2.6000        -0.594555     0.000013606   -557250.8955        -0.377
2.7000        -0.525093     0.000019048   -557250.8258         0.231
2.8000        -0.411077     0.000019048   -557250.7118         0.606
2.9000        -0.269559     0.000021769   -557250.5703         0.799
3.0000        -0.113319     0.000024490   -557250.4141         0.952
3.1000         0.048967     0.000021769   -557250.2519         1.002
3.2000         0.211065     0.000016327   -557250.0897         0.994
3.3000         0.368831     0.000013606   -557249.9319         0.973
3.4000         0.519115     0.000013606   -557249.7817         0.925
3.5000         0.660227     0.000013606   -557249.6405         0.852
3.6000         0.791234     0.000013606   -557249.5096         0.789
3.7000         0.911443     0.000013606   -557249.3893         0.715
3.8000         1.020460     0.000010885   -557249.2802         0.648
3.9000         1.118783     0.000024490   -557249.1820         0.573
4.0000         1.207010     0.000024490   -557249.0938         0.509
5.0000         1.665506     0.000016327   -557248.6353         0.121
6.0000         1.762724     0.000010885   -557248.5382         0.024
7.0000         1.780197     0.000010885   -557248.5207         0.004
8.0000         1.783421     0.000010885   -557248.5175         0.000
9.0000         1.784085     0.000013606   -557248.5167        -0.000
10.0000         1.784259     0.000013606   -557248.5167        -0.001
100.0000         1.784635     0.000013606   -557248.5161
1000.0000         1.784662     0.000024490   -557248.5161
