0.0020   5259425.128581     0.000010885   4826530.1066
0.0040   2564284.002686     0.000013606   2131388.9794
0.0060   1668987.603906     0.000024490   1236092.5806
0.0080   1223432.253848     0.000024490    790537.2305
0.0100    957376.738746     0.000016327    524481.7155
0.0120    780801.570548     0.000016327    347906.5473
0.0140    655319.918590     0.000021769    222424.8953
0.0160    561773.407643     0.000027211    128878.3844
0.0180    489371.279736     0.000021769     56476.2565
0.0200    431851.943685     0.000024490     -1043.0796
0.0400    180131.084930     0.000021769   -252763.9383
0.0600    101959.874993     0.000008163   -330935.1482
0.0800     65970.161671     0.000019048   -366924.8616
0.1000     46169.792253     0.000013606   -386725.2309
0.1200     33772.667794     0.000027211   -399122.3554
0.1400     25369.090413     0.000013606   -407525.9328
0.1600     19514.864779     0.000019048   -413380.1585
0.1800     15356.071842     0.000013606   -417538.9515
0.2000     12340.926954     0.000013606   -420554.0964
0.2400      8348.502457     0.000024490   -424546.5208
0.2800      5791.387029     0.000013606   -427103.6361
0.3200      4102.979201     0.000016327   -428792.0442    -33896.669
0.3600      2990.228121     0.000016327   -429904.7952    -22607.282
0.4000      2237.936104     0.000024490   -430657.0872    -15540.953
0.4500      1604.926917     0.000024490   -431290.0963    -10278.895
0.5000      1173.044217     0.000008163   -431721.9790     -7249.698
0.5500       862.905596     0.000021769   -432032.1176     -5259.251
0.6000       637.963103     0.000010885   -432257.0601     -3792.138
0.6500       475.868991     0.000027211   -432419.1543     -2733.674
0.7000       358.955413     0.000005442   -432536.0678     -1966.646
0.7500       274.762532     0.000013606   -432620.2607     -1426.812
0.8000       213.137763     0.000019048   -432681.8855     -1053.332
0.8500       167.363188     0.000021769   -432727.6600      -788.926
0.9000       132.747726     0.000016327   -432762.2756      -603.476
0.9500       106.022532     0.000021769   -432789.0007      -470.861
1.0000        85.071023     0.000019048   -432809.9521      -372.649
1.1000        55.388769     0.000013606   -432839.6346      -240.336
1.2000        36.407757     0.000021769   -432858.6156      -158.665
1.3000        23.857156     0.000019048   -432871.1661      -104.442
1.4000        15.558306     0.000021769   -432879.4650       -67.392
1.5000        10.183974     0.000016327   -432884.8392       -42.683
1.6000         6.774372     0.000021769   -432888.2488       -26.637
1.7000         4.863615     0.000010885   -432890.1596       -16.700
1.8000         3.750838     0.000016327   -432891.2726       -10.563
1.9000         3.072199     0.000027211   -432891.9509        -6.735
2.0000         2.656632     0.000010885   -432892.3667        -4.334
2.1000         2.399485     0.000013606   -432892.6239        -2.836
2.2000         2.235413     0.000013606   -432892.7880        -1.885
2.3000         2.127768     0.000013606   -432892.8955        -1.260
2.4000         2.055372     0.000010885   -432892.9678        -0.866
2.5000         2.005371     0.000024490   -432893.0179        -0.577
2.6000         1.971319     0.000019048   -432893.0519        -0.403
2.7000         1.948355     0.000010885   -432893.0750        -0.263
2.8000         1.933059     0.000008163   -432893.0903        -0.171
2.9000         1.923786     0.000008163   -432893.0995        -0.111
3.0000         1.918733     0.000021769   -432893.1044        -0.059
3.1000         1.916575     0.000016327   -432893.1066        -0.027
3.2000         1.916412     0.000013606   -432893.1069        -0.003
3.3000         1.917797     0.000019048   -432893.1055         0.009
3.4000         1.920112     0.000024490   -432893.1031         0.020
3.5000         1.922956     0.000005442   -432893.1004         0.026
3.6000         1.925976     0.000013606   -432893.0974         0.030
3.7000         1.929092     0.000024490   -432893.0941         0.030
3.8000         1.932189     0.000021769   -432893.0911         0.030
3.9000         1.935152     0.000021769   -432893.0881         0.029
4.0000         1.937952     0.000019048   -432893.0854         0.026
5.0000         1.953669     0.000024490   -432893.0696         0.008
6.0000         1.957123     0.000024490   -432893.0661         0.001
7.0000         1.957675     0.000010885   -432893.0655
8.0000         1.957754     0.000010885   -432893.0655        -0.000
9.0000         1.957765     0.000010885   -432893.0655        -0.000
10.0000         1.957767     0.000024490   -432893.0655        -0.000
100.0000         1.957767     0.000024490   -432893.0655
1000.0000         1.957767     0.000010885   -432893.0655
