0.0020    825082.016144     0.000024490    734281.1515
0.0040    404306.959045     0.000005442    313506.0945
0.0060    264207.995657     0.000019048    173407.1310
0.0080    194360.448050     0.000021769    103559.5834
0.0100    152620.538024     0.000010885     61819.6734
0.0120    124916.513841     0.000024490     34115.6492
0.0140    105239.665571     0.000021769     14438.8009
0.0160     90544.403489     0.000021769      -256.4612
0.0180     79154.930077     0.000008163    -11645.9346
0.0200     70079.044575     0.000024490    -20721.8201
0.0400     30001.002768     0.000027211    -60799.8619
0.0600     17425.798862     0.000013606    -73375.0658
0.0800     11508.120470     0.000021769    -79292.7442
0.1000      8176.346170     0.000019048    -82624.5185
0.1200      6074.585554     0.000021769    -84726.2791
0.1400      4650.148042     0.000019048    -86150.7166
0.1600      3645.200814     0.000010885    -87155.6638    -42400.018
0.1800      2917.629896     0.000019048    -87883.2348    -31069.137
0.2000      2379.189105     0.000021769    -88421.6755    -23234.123
0.2400      1660.003670     0.000021769    -89140.8610    -13759.812
0.2800      1218.577000     0.000013606    -89582.2876     -8821.704
0.3200       923.902866     0.000016327    -89876.9618     -6165.963
0.3600       711.000120     0.000013606    -90089.8645     -4583.206
0.4000       550.979206     0.000019048    -90249.8855     -3463.257
0.4500       404.701863     0.000024490    -90396.1628     -2436.652
0.5000       301.671566     0.000016327    -90499.1931     -1717.335
0.5500       228.957483     0.000021769    -90571.9072     -1219.913
0.6000       177.055533     0.000016327    -90623.8091      -878.159
0.6500       139.373568     0.000019048    -90661.4911      -644.065
0.7000       111.408639     0.000021769    -90689.4560      -484.056
0.7500        90.106600     0.000024490    -90710.7580      -374.004
0.8000        73.437150     0.000019048    -90727.4275      -296.505
0.8500        60.079728     0.000010885    -90740.7849      -239.913
0.9000        49.208207     0.000021769    -90751.6564      -196.505
0.9500        40.280575     0.000021769    -90760.5841      -161.753
1.0000        32.927901     0.000013606    -90767.9367      -133.262
1.1000        21.920287     0.000024490    -90778.9444       -89.635
1.2000        14.592702     0.000019048    -90786.2719       -59.390
1.3000         9.934796     0.000021769    -90790.9299       -38.876
1.4000         6.970556     0.000013606    -90793.8941       -25.323
1.5000         5.071336     0.000019048    -90795.7933       -16.481
1.6000         3.850728     0.000005442    -90797.0139       -10.921
1.7000         3.045709     0.000008163    -90797.8189        -7.460
1.8000         2.478117     0.000010885    -90798.3865        -5.501
1.9000         2.028087     0.000019048    -90798.8366        -4.359
2.0000         1.660151     0.000019048    -90799.2045        -3.673
2.1000         1.362698     0.000024490    -90799.5020        -3.203
2.2000         1.079109     0.000016327    -90799.7855        -2.724
2.3000         0.824024     0.000019048    -90800.0406        -2.261
2.4000         0.606251     0.000016327    -90800.2584        -1.862
2.5000         0.429197     0.000027211    -90800.4355        -1.454
2.6000         0.292405     0.000021769    -90800.5722        -1.080
2.7000         0.192423     0.000019048    -90800.6722        -0.774
2.8000         0.125657     0.000016327    -90800.7390        -0.532
2.9000         0.086973     0.000010885    -90800.7777        -0.322
3.0000         0.071476     0.000024490    -90800.7932        -0.145
3.1000         0.074633     0.000010885    -90800.7900         0.007
3.2000         0.092870     0.000016327    -90800.7718         0.111
3.3000         0.123251     0.000013606    -90800.7414         0.190
3.4000         0.162414     0.000005442    -90800.7022         0.254
3.5000         0.207887     0.000005442    -90800.6568         0.307
3.6000         0.257058     0.000008163    -90800.6076         0.331
3.7000         0.308749     0.000008163    -90800.5559         0.352
3.8000         0.361623     0.000010885    -90800.5030         0.358
3.9000         0.415099     0.000013606    -90800.4495         0.351
4.0000         0.468066     0.000016327    -90800.3966         0.350
5.0000         0.870675     0.000021769    -90799.9940         0.190
6.0000         1.038319     0.000008163    -90799.8263         0.069
7.0000         1.089759     0.000021769    -90799.7749         0.022
8.0000         1.103863     0.000021769    -90799.7608         0.006
9.0000         1.107814     0.000013606    -90799.7568         0.002
10.0000         1.109009     0.000021769    -90799.7556         0.002
100.0000         1.111134     0.000021769    -90799.7535
1000.0000         1.111273     0.000016327    -90799.7534
