0.0020   8724011.196523     0.000008163   8168069.8888
0.0040   4253126.126462     0.000019048   3697184.8175
0.0060   2766851.502656     0.000008163   2210910.1944
0.0080   2027566.171006     0.000016327   1471624.8628
0.0100   1585975.540175     0.000008163   1030034.2319
0.0120   1293170.687276     0.000013606    737229.3789
0.0140   1084960.976418     0.000024490    529019.6681
0.0160    929505.173160     0.000021769    373563.8648
0.0180    809170.416600     0.000013606    253229.1083
0.0200    713360.800796     0.000024490    157419.4925
0.0400    295218.288384     0.000019048   -260723.0199
0.0600    166468.155851     0.000024490   -389473.1525
0.0800    107600.000201     0.000019048   -448341.3081
0.1000     74644.719314     0.000013606   -481296.5890
0.1200     54158.715976     0.000005442   -501782.5924
0.1400     40806.879247     0.000010885   -515134.4290
0.1600     31715.491737     0.000013606   -524225.8166
0.1800     25096.586707     0.000010885   -530844.7217
0.2000     20065.783788     0.000019048   -535875.5246
0.2400     13289.401596     0.000019048   -542651.9067
0.2800      9185.427165     0.000019048   -546755.8810
0.3200      6585.553956     0.000016327   -549355.7544
0.3600      4863.641694     0.000024490   -551077.6665    -35525.272
0.4000      3659.017931     0.000019048   -552282.2902    -25441.173
0.4500      2612.241332     0.000010885   -553329.0669    -17045.077
0.5000      1906.479474     0.000010885   -554034.8287    -11556.434
0.5500      1424.292849     0.000016327   -554517.0155     -7914.958
0.6000      1092.608288     0.000024490   -554848.7001     -5544.443
0.6500       854.574749     0.000016327   -555086.7334     -4108.069
0.7000       671.259821     0.000021769   -555270.0484     -3254.173
0.7500       526.338620     0.000013606   -555414.9695     -2564.308
0.8000       413.082562     0.000027211   -555528.2258     -1985.440
0.8500       325.779957     0.000016327   -555615.5284     -1524.259
0.9000       258.767603     0.000019048   -555682.5405     -1169.978
0.9500       207.203488     0.000010885   -555734.1048      -902.878
1.0000       167.226763     0.000019048   -555774.0816      -703.304
1.1000       111.036433     0.000021769   -555830.2718      -442.594
1.2000        74.753963     0.000013606   -555866.5543      -292.541
1.3000        50.169732     0.000021769   -555891.1385      -201.238
1.4000        32.902537     0.000019048   -555908.4057      -142.033
1.5000        20.554841     0.000019048   -555920.7535      -101.117
1.6000        11.927781     0.000016327   -555929.3806       -71.403
1.7000         5.930688     0.000016327   -555935.3777       -49.519
1.8000         1.820108     0.000013606   -555939.4882       -33.411
1.9000        -0.915356     0.000021769   -555942.2235       -21.844
2.0000        -2.655293     0.000019048   -555943.9637       -13.437
2.1000        -3.684687     0.000013606   -555944.9928        -7.578
2.2000        -4.211949     0.000027211   -555945.5202        -3.343
2.3000        -4.230447     0.000019048   -555945.5387        -0.727
2.4000        -3.695098     0.000013606   -555945.0034         0.634
2.5000        -3.153390     0.000021769   -555944.4617         1.475
2.6000        -2.630120     0.000024490   -555943.9384         1.932
2.7000        -2.141379     0.000021769   -555943.4497         2.231
2.8000        -1.692228     0.000021769   -555943.0004         2.351
2.9000        -1.274122     0.000019048   -555942.5824         2.356
3.0000        -0.864533     0.000013606   -555942.1729         2.326
3.1000        -0.491857     0.000021769   -555941.8001         2.243
3.2000        -0.153385     0.000019048   -555941.4616         2.103
3.3000         0.153023     0.000013606   -555941.1552         1.978
3.4000         0.515166     0.000019048   -555940.7930         1.744
3.5000         0.904052     0.000013606   -555940.4042         1.447
3.6000         1.222654     0.000010885   -555940.0855         1.192
3.7000         1.483873     0.000010885   -555939.8243         0.976
3.8000         1.697730     0.000008163   -555939.6104         0.815
3.9000         1.872585     0.000008163   -555939.4357         0.680
4.0000         2.015532     0.000008163   -555939.2929         0.565
5.0000         2.574976     0.000019048   -555938.7334         0.090
6.0000         2.653353     0.000013606   -555938.6550         0.023
7.0000         2.665691     0.000010885   -555938.6425         0.004
8.0000         2.668491     0.000010885   -555938.6398         0.001
9.0000         2.669588     0.000010885   -555938.6387         0.001
10.0000         2.670235     0.000010885   -555938.6382         0.000
100.0000         2.674058     0.000016327   -555938.6343
1000.0000         2.674363     0.000016327   -555938.6338
