0.0020  26950821.879627     0.000016327  26278318.1536
0.0040  13119586.503858     0.000016327  12447082.7782
0.0060   8524439.037159     0.000021769   7851935.3106
0.0080   6238522.683025     0.000024490   5566018.9579
0.0100   4872213.544873     0.000016327   4199709.8174
0.0120   3964261.729684     0.000016327   3291758.0026
0.0140   3317844.265543     0.000013606   2645340.5394
0.0160   2835283.956885     0.000021769   2162780.2306
0.0180   2462604.981273     0.000019048   1790101.2551
0.0200   2166809.239427     0.000013606   1494305.5132
0.0400    881131.009821     0.000021769    208627.2836
0.0600    490030.953256     0.000027211   -182472.7729
0.0800    311546.234963     0.000021769   -360957.4912
0.1000    214084.146170     0.000019048   -458419.5800
0.1200    154546.065502     0.000010885   -517957.6606
0.1400    114916.155395     0.000019048   -557587.5709
0.1600     87933.440045     0.000019048   -584570.2862
0.1800     69137.792773     0.000019048   -603365.9334
0.2000     55471.947697     0.000010885   -617031.7784
0.2400     36606.888608     0.000016327   -635896.8376
0.2800     24903.730991     0.000024490   -647599.9951
0.3200     17693.248054     0.000008163   -654810.4782
0.3600     12945.700583     0.000027211   -659558.0257
0.4000      9521.403123     0.000008163   -662982.3230
0.4500      6692.445074     0.000016327   -665811.2812    -44569.109
0.5000      4884.698651     0.000021769   -667619.0276    -29122.888
0.5500      3674.157111     0.000002721   -668829.5690    -20085.199
0.6000      2817.435522     0.000013606   -669686.2907    -14598.724
0.6500      2183.894116     0.000024490   -670319.8321    -10962.493
0.7000      1704.139833     0.000021769   -670799.5864     -8358.399
0.7500      1336.476291     0.000013606   -671167.2499     -6427.775
0.8000      1053.193022     0.000010885   -671450.5331     -4969.786
0.8500       833.555776     0.000019048   -671670.1704     -3864.279
0.9000       662.358713     0.000013606   -671841.3674     -3020.409
0.9500       528.263353     0.000013606   -671975.4629     -2371.722
1.0000       422.766314     0.000021769   -672080.9599     -1869.946
1.1000       273.201899     0.000013606   -672230.5243     -1194.153
1.2000       176.010382     0.000019048   -672327.7158      -782.468
1.3000       113.283436     0.000016327   -672390.4427      -499.261
1.4000        73.250335     0.000024490   -672430.4759      -318.351
1.5000        47.523187     0.000019048   -672456.2029      -205.596
1.6000        30.752366     0.000019048   -672472.9738      -134.489
1.7000        19.692653     0.000021769   -672484.0336       -88.801
1.8000        12.350034     0.000010885   -672491.3760       -58.862
1.9000         7.461893     0.000010885   -672496.2643       -38.998
2.0000         4.211957     0.000005442   -672499.5142       -25.812
2.1000         2.060667     0.000024490   -672501.6655       -16.919
2.2000         0.650173     0.000010885   -672503.0761       -10.936
2.3000        -0.259461     0.000024490   -672503.9855        -6.947
2.4000        -0.829553     0.000027211   -672504.5556        -4.222
2.5000        -1.168803     0.000027211   -672504.8949        -2.395
2.6000        -1.351247     0.000013606   -672505.0775        -1.175
2.7000        -1.427096     0.000013606   -672505.1532        -0.353
2.8000        -1.431257     0.000016327   -672505.1575         0.189
2.9000        -1.387446     0.000016327   -672505.1137         0.525
3.0000        -1.312215     0.000019048   -672505.0383         0.756
3.1000        -1.172270     0.000024490   -672504.8985         0.868
3.2000        -1.015080     0.000019048   -672504.7412         0.886
3.3000        -0.857333     0.000005442   -672504.5836         0.884
3.4000        -0.703621     0.000010885   -672504.4299         0.867
3.5000        -0.556742     0.000010885   -672504.2830         0.799
3.6000        -0.418767     0.000008163   -672504.1450         0.740
3.7000        -0.291263     0.000008163   -672504.0174         0.673
3.8000        -0.174926     0.000027211   -672503.9012         0.616
3.9000        -0.069615     0.000005442   -672503.7959         0.543
4.0000         0.024787     0.000027211   -672503.7014         0.482
5.0000         0.512652     0.000013606   -672503.2135         0.115
6.0000         0.616485     0.000013606   -672503.1096         0.024
7.0000         0.635841     0.000010885   -672503.0903         0.004
8.0000         0.639495     0.000008163   -672503.0867         0.000
9.0000         0.640208     0.000008163   -672503.0859        -0.000
10.0000         0.640336     0.000008163   -672503.0859        -0.001
100.0000         0.640167     0.000008163   -672503.0859
1000.0000         0.640151     0.000008163   -672503.0859
