0.0020  19723913.689117     0.000013606  19111967.8154
0.0040   9599438.533469     0.000024490   8987492.6594
0.0060   6237937.486892     0.000013606   5625991.6121
0.0080   4566718.751647     0.000019048   3954772.8772
0.0100   3569058.002144     0.000016327   2957112.1267
0.0120   2906203.329476     0.000024490   2294257.4554
0.0140   2434777.627438     0.000013606   1822831.7532
0.0160   2083159.509010     0.000013606   1471213.6350
0.0180   1811018.144198     0.000027211   1199072.2701
0.0200   1594807.777921     0.000027211    982861.9038
0.0400    651969.646809     0.000019048     40023.7726
0.0600    363959.526597     0.000005442   -247986.3476
0.0800    232101.478212     0.000010885   -379844.3960
0.1000    159898.182743     0.000010885   -452047.6915
0.1200    115805.865715     0.000019048   -496140.0085
0.1400     86429.732120     0.000019048   -525516.1420
0.1600     65898.013248     0.000013606   -546047.8609
0.1800     51302.637619     0.000016327   -560643.2365
0.2000     40749.125865     0.000010885   -571196.7482
0.2400     27138.126560     0.000027211   -584807.7475
0.2800     18553.789968     0.000021769   -593392.0841
0.3200     13122.564407     0.000021769   -598823.3098
0.3600      9549.454921     0.000019048   -602396.4192
0.4000      7111.960124     0.000021769   -604833.9140    -50431.926
0.4500      5031.109393     0.000005442   -606914.7648    -34588.691
0.5000      3584.594526     0.000027211   -608361.2796    -23727.858
0.5500      2607.022102     0.000024490   -609338.8520    -15897.623
0.6000      1947.014663     0.000010885   -609998.8595    -10869.351
0.6500      1487.246903     0.000021769   -610458.6274     -7721.665
0.7000      1154.658473     0.000010885   -610791.2156     -5711.903
0.7500       904.165240     0.000013606   -611041.7088     -4378.842
0.8000       710.011388     0.000013606   -611235.8626     -3416.393
0.8500       558.324710     0.000016327   -611387.5496     -2665.473
0.9000       440.360128     0.000021769   -611505.5140     -2069.410
0.9500       348.826450     0.000010885   -611597.0477     -1604.227
1.0000       277.771138     0.000013606   -611668.1032     -1246.968
1.1000       178.940401     0.000013606   -611766.9339      -767.339
1.2000       117.420676     0.000010885   -611828.4534      -487.102
1.3000        77.794361     0.000016327   -611868.0797      -319.462
1.4000        51.444007     0.000016327   -611894.4301      -215.501
1.5000        33.488730     0.000013606   -611912.3856      -148.200
1.6000        21.079651     0.000024490   -611924.7945      -102.762
1.7000        12.469312     0.000016327   -611933.4047       -71.248
1.8000         6.521742     0.000027211   -611939.3523       -48.929
1.9000         2.462618     0.000024490   -611943.4115       -33.092
2.0000        -0.251850     0.000008163   -611946.1261       -21.865
2.1000        -2.009523     0.000021769   -611947.8837       -13.820
2.2000        -3.087881     0.000013606   -611948.9620        -8.182
2.3000        -3.688186     0.000021769   -611949.5623        -4.217
2.4000        -3.954447     0.000024490   -611949.8287        -1.418
2.5000        -3.991626     0.000024490   -611949.8657         0.489
2.6000        -3.799505     0.000016327   -611949.6736         1.635
2.7000        -3.310987     0.000010885   -611949.1852         2.063
2.8000        -2.854489     0.000008163   -611948.7286         2.273
2.9000        -2.433627     0.000021769   -611948.3079         2.374
3.0000        -2.049026     0.000027211   -611947.9231         2.395
3.1000        -1.698573     0.000021769   -611947.5726         2.330
3.2000        -1.339571     0.000013606   -611947.2137         2.204
3.3000        -0.920570     0.000008163   -611946.7947         1.931
3.4000        -0.571698     0.000008163   -611946.4458         1.689
3.5000        -0.204374     0.000027211   -611946.0785         1.422
3.6000         0.118413     0.000021769   -611945.7557         1.180
3.7000         0.381591     0.000016327   -611945.4926         0.982
3.8000         0.596433     0.000013606   -611945.2776         0.806
3.9000         0.772044     0.000013606   -611945.1021         0.667
4.0000         0.915348     0.000013606   -611944.9587         0.553
5.0000         1.472425     0.000016327   -611944.4017         0.095
6.0000         1.555763     0.000021769   -611944.3184         0.027
7.0000         1.573948     0.000010885   -611944.3002         0.006
8.0000         1.581287     0.000010885   -611944.2928         0.002
9.0000         1.585750     0.000024490   -611944.2885         0.002
10.0000         1.588941     0.000013606   -611944.2852         0.001
100.0000         1.609233     0.000013606   -611944.2648
1000.0000         1.610879     0.000013606   -611944.2632
