0.0020  25521976.328192     0.000016327  24930162.0537
0.0040  12424035.694876     0.000019048  11832221.4186
0.0060   8069340.393047     0.000013606   7477526.1184
0.0080   5900146.246198     0.000005442   5308331.9712
0.0100   4603630.732487     0.000024490   4011816.4559
0.0120   3743297.557514     0.000005442   3151483.2807
0.0140   3131818.118004     0.000021769   2540003.8423
0.0160   2675819.510673     0.000005442   2084005.2349
0.0180   2324186.933379     0.000021769   1732372.6578
0.0200   2045194.885313     0.000008163   1453380.6096
0.0400    833512.970329     0.000019048    241698.6946
0.0600    464092.841553     0.000019048   -127721.4341
0.0800    294857.129980     0.000024490   -296957.1458
0.1000    202536.034845     0.000013606   -389278.2408
0.1200    146360.409996     0.000016327   -445453.8658
0.1400    109033.686508     0.000019048   -482780.5891
0.1600     83356.938055     0.000024490   -508457.3378
0.1800     65332.689793     0.000019048   -526481.5858
0.2000     52363.530331     0.000024490   -539450.7453
0.2400     34431.320031     0.000016327   -557382.9556
0.2800     23402.278681     0.000013606   -568411.9970
0.3200     16395.051900     0.000010885   -575419.2238
0.3600     11937.879163     0.000027211   -579876.3965
0.4000      8822.985104     0.000019048   -582991.2905
0.4500      6109.925650     0.000024490   -585704.3499    -42876.688
0.5000      4378.009107     0.000019048   -587436.2666    -27710.366
0.5500      3236.017466     0.000027211   -588578.2581    -18741.114
0.6000      2443.746722     0.000005442   -589370.5291    -13376.580
0.6500      1866.730093     0.000010885   -589947.5456     -9923.384
0.7000      1434.917851     0.000024490   -590379.3578     -7476.941
0.7500      1108.648614     0.000021769   -590705.6271     -5659.299
0.8000       861.325850     0.000019048   -590952.9498     -4297.005
0.8500       673.164236     0.000019048   -591141.1115     -3278.252
0.9000       529.203877     0.000024490   -591285.0717     -2517.669
0.9500       418.246588     0.000021769   -591396.0292     -1948.997
1.0000       331.996174     0.000010885   -591482.2795     -1521.439
1.1000       211.043653     0.000010885   -591603.2320      -946.445
1.2000       135.072630     0.000005442   -591679.2030      -598.221
1.3000        86.793776     0.000027211   -591727.4820      -381.355
1.4000        55.918894     0.000021769   -591758.3568      -245.675
1.5000        36.171853     0.000027211   -591778.1039      -161.845
1.6000        23.233874     0.000021769   -591791.0418      -109.509
1.7000        14.395729     0.000019048   -591799.8801       -74.176
1.8000         8.429650     0.000016327   -591805.8462       -49.996
1.9000         4.503285     0.000016327   -591809.7725       -33.429
2.0000         1.932246     0.000010885   -591812.3434       -22.132
2.1000         0.287967     0.000027211   -591813.9878       -14.376
2.2000        -0.730071     0.000027211   -591815.0058        -9.070
2.3000        -1.329875     0.000021769   -591815.6055        -5.548
2.4000        -1.653182     0.000019048   -591815.9288        -3.137
2.5000        -1.796913     0.000016327   -591816.0725        -1.561
2.6000        -1.826260     0.000013606   -591816.1019        -0.517
2.7000        -1.784722     0.000024490   -591816.0605         0.133
2.8000        -1.701237     0.000019048   -591815.9770         0.556
2.9000        -1.595216     0.000013606   -591815.8708         0.768
3.0000        -1.479497     0.000019048   -591815.7552         0.900
3.1000        -1.361783     0.000021769   -591815.6374         0.943
3.2000        -1.247686     0.000013606   -591815.5233         0.930
3.3000        -1.139962     0.000013606   -591815.4156         0.897
3.4000        -1.040275     0.000027211   -591815.3160         0.846
3.5000        -0.949778     0.000016327   -591815.2254         0.772
3.6000        -0.868190     0.000019048   -591815.1437         0.701
3.7000        -0.795373     0.000019048   -591815.0711         0.635
3.8000        -0.731195     0.000019048   -591815.0069         0.571
3.9000        -0.674946     0.000016327   -591814.9505         0.501
4.0000        -0.625663     0.000016327   -591814.9013         0.442
5.0000        -0.388492     0.000010885   -591814.6643         0.097
6.0000        -0.329508     0.000010885   -591814.6052         0.015
7.0000        -0.321821     0.000013606   -591814.5976         0.002
8.0000        -0.321312     0.000024490   -591814.5971        -0.000
9.0000        -0.321701     0.000008163   -591814.5973        -0.001
10.0000        -0.322118     0.000027211   -591814.5979        -0.001
100.0000        -0.325076     0.000024490   -591814.6009
1000.0000        -0.325320     0.000024490   -591814.6009
