0.0020         0.000000     0.000024490  39950464.0452
0.0040  19851210.190449     0.000021769  18949306.9148
0.0060  12879360.225241     0.000021769  11977456.9521
0.0080   9405690.317002     0.000008163   8503787.0420
0.0100   7328492.207524     0.000021769   6426588.9321
0.0120   5952048.803518     0.000013606   5050145.5303
0.0140   4975785.215362     0.000013606   4073881.9413
0.0160   4247709.097655     0.000021769   3345805.8243
0.0180   3686458.904860     0.000016327   2784555.6305
0.0200   3241205.874590     0.000024490   2339302.6000
0.0400   1308847.562274     0.000008163    406944.2878
0.0600    724393.059647     0.000005442   -177510.2148
0.0800    459014.640538     0.000013606   -442888.6339
0.1000    314680.603734     0.000021769   -587222.6707
0.1200    228509.973610     0.000002721   -673393.3008
0.1400    172376.796468     0.000024490   -729526.4778
0.1600    132450.827395     0.000021769   -769452.4471
0.1800    103147.043647     0.000010885   -798756.2307
0.2000     81470.742184     0.000013606   -820432.5322
0.2400     53177.519845     0.000013606   -848725.7545
0.2800     35875.062396     0.000019048   -866028.2121
0.3200     24988.397530     0.000024490   -876914.8769
0.3600     17806.388413     0.000016327   -884096.8859
0.4000     12913.482696     0.000005442   -888989.7918
0.4500      8923.564905     0.000024490   -892979.7096
0.5000      6162.439179     0.000016327   -895740.8352    -44850.533
0.5500      4345.258181     0.000019048   -897558.0163    -29105.372
0.6000      3150.686104     0.000016327   -898752.5885    -19461.899
0.6500      2337.802879     0.000021769   -899565.4715    -13518.198
0.7000      1763.508024     0.000016327   -900139.7664     -9710.508
0.7500      1346.215459     0.000024490   -900557.0591     -7133.832
0.8000      1037.366441     0.000021769   -900865.9079     -5321.525
0.8500       805.588432     0.000016327   -901097.6862     -4018.163
0.9000       629.641365     0.000016327   -901273.6331     -3066.816
0.9500       494.700529     0.000016327   -901408.5739     -2363.274
1.0000       390.266636     0.000027211   -901513.0077     -1836.269
1.1000       245.204845     0.000024490   -901658.0695     -1129.705
1.2000       155.382900     0.000016327   -901747.8916      -705.708
1.3000        99.145208     0.000019048   -901804.1294      -444.018
1.4000        63.786225     0.000016327   -901839.4881      -281.477
1.5000        41.382199     0.000024490   -901861.8924      -180.475
1.6000        26.985166     0.000027211   -901876.2894      -117.398
1.7000        17.572344     0.000021769   -901885.7021       -77.548
1.8000        11.312036     0.000024490   -901891.9623       -51.944
1.9000         7.118452     0.000013606   -901896.1561       -35.084
2.0000         4.316291     0.000021769   -901898.9581       -23.715
2.1000         2.414372     0.000027211   -901900.8602       -15.855
2.2000         1.145929     0.000021769   -901902.1285       -10.357
2.3000         0.322773     0.000016327   -901902.9516        -6.632
2.4000        -0.188676     0.000008163   -901903.4632        -4.008
2.5000        -0.466433     0.000016327   -901903.7408        -2.179
2.6000        -0.537694     0.000019048   -901903.8121        -1.025
2.7000        -0.515789     0.000013606   -901903.7903        -0.194
2.8000        -0.432577     0.000008163   -901903.7070         0.293
2.9000        -0.309832     0.000024490   -901903.5843         0.648
3.0000        -0.163957     0.000021769   -901903.4384         0.823
3.1000        -0.005347     0.000016327   -901903.2798         0.925
3.2000         0.156841     0.000013606   -901903.1176         0.985
3.3000         0.317617     0.000019048   -901902.9568         0.935
3.4000         0.473010     0.000016327   -901902.8014         0.905
3.5000         0.619639     0.000013606   -901902.6548         0.866
3.6000         0.756311     0.000019048   -901902.5182         0.771
3.7000         0.882275     0.000021769   -901902.3922         0.700
3.8000         0.996462     0.000010885   -901902.2779         0.632
3.9000         1.098995     0.000019048   -901902.1756         0.563
4.0000         1.190651     0.000027211   -901902.0839         0.488
5.0000         1.655484     0.000010885   -901901.6191         0.110
6.0000         1.749608     0.000010885   -901901.5249         0.019
7.0000         1.766640     0.000024490   -901901.5078         0.002
8.0000         1.769979     0.000027211   -901901.5045        -0.001
9.0000         1.770782     0.000021769   -901901.5037        -0.001
10.0000         1.771067     0.000024490   -901901.5034        -0.001
100.0000         1.772150     0.000019048   -901901.5024
1000.0000         1.772232     0.000016327   -901901.5021
