0.0020    184596.213251     0.000024490    177952.3879
0.0040     91016.447630     0.000008163     84372.6222
0.0060     59835.671246     0.000008163     53191.8458
0.0080     44254.660173     0.000008163     37610.8348
0.0100     34907.720387     0.000005442     28263.8950
0.0120     28683.444223     0.000005442     22039.6188
0.0140     24245.896883     0.000024490     17602.0715
0.0160     20930.292182     0.000024490     14286.4668
0.0180     18360.948143     0.000010885     11717.1227
0.0200     16310.883907     0.000013606      9667.0585
0.0400      7211.779290     0.000024490       567.9539
0.0600      4316.426230     0.000024490     -2327.3992
0.0800      2926.203102     0.000010885     -3717.6223    -51042.235
0.1000      2120.487506     0.000019048     -4523.3379    -31615.011
0.1200      1602.243528     0.000013606     -5041.5819    -21177.416
0.1400      1246.610378     0.000008163     -5397.2150    -14905.184
0.1600       991.680331     0.000024490     -5652.1451    -10860.598
0.1800       803.560540     0.000010885     -5840.2649     -8115.611
0.2000       661.659763     0.000019048     -5982.1656     -6184.954
0.2400       467.631152     0.000021769     -6176.1942     -3761.264
0.2800       346.771987     0.000019048     -6297.0534     -2404.698
0.3200       267.751331     0.000019048     -6376.0741     -1612.175
0.3600       213.382692     0.000016327     -6430.4427     -1141.366
0.4000       173.633180     0.000019048     -6470.1922      -861.256
0.4500       135.914368     0.000019048     -6507.9110      -653.324
0.5000       106.808335     0.000013606     -6537.0171      -513.876
0.5500        83.946204     0.000016327     -6559.8792      -406.232
0.6000        65.886752     0.000016327     -6577.9386      -319.883
0.6500        51.687317     0.000024490     -6592.1381      -250.696
0.7000        40.571544     0.000019048     -6603.2539      -195.827
0.7500        31.889756     0.000016327     -6611.9356      -152.674
0.8000        25.122315     0.000024490     -6618.7031      -118.934
0.8500        19.848947     0.000021769     -6623.9765       -92.576
0.9000        15.742092     0.000008163     -6628.0833       -72.047
0.9500        12.545689     0.000021769     -6631.2797       -56.106
1.0000        10.053122     0.000024490     -6633.7723       -43.755
1.1000         6.578945     0.000024490     -6637.2465       -26.888
1.2000         4.427319     0.000005442     -6639.3981       -16.801
1.3000         3.069269     0.000002721     -6640.7561       -10.748
1.4000         2.189655     0.000016327     -6641.6357        -7.075
1.5000         1.602188     0.000008163     -6642.2232        -4.822
1.6000         1.196167     0.000019048     -6642.6292        -3.394
1.7000         0.906534     0.000024490     -6642.9189        -2.460
1.8000         0.695006     0.000019048     -6643.1304        -1.815
1.9000         0.538277     0.000021769     -6643.2871        -1.353
2.0000         0.421254     0.000019048     -6643.4041        -1.010
2.1000         0.334208     0.000019048     -6643.4912        -0.748
2.2000         0.270111     0.000019048     -6643.5553        -0.546
2.3000         0.256851     0.000021769     -6643.5685        -0.460
2.4000         0.240413     0.000019048     -6643.5850        -0.383
2.5000         0.223030     0.000016327     -6643.6024        -0.311
2.6000         0.206564     0.000013606     -6643.6188        -0.250
2.7000         0.191908     0.000008163     -6643.6335        -0.197
2.8000         0.179524     0.000019048     -6643.6459        -0.153
2.9000         0.169464     0.000024490     -6643.6559        -0.116
3.0000         0.161589     0.000019048     -6643.6638        -0.086
3.1000         0.155565     0.000016327     -6643.6698        -0.062
3.2000         0.151151     0.000013606     -6643.6742        -0.044
3.3000         0.148000     0.000024490     -6643.6774        -0.030
3.4000         0.145867     0.000019048     -6643.6795        -0.019
3.5000         0.144514     0.000013606     -6643.6809        -0.011
3.6000         0.143766     0.000010885     -6643.6816        -0.006
3.7000         0.143464     0.000021769     -6643.6819        -0.002
3.8000         0.143467     0.000021769     -6643.6819         0.001
3.9000         0.143676     0.000024490     -6643.6817         0.003
4.0000         0.144041     0.000027211     -6643.6814         0.004
5.0000         0.147948     0.000021769     -6643.6775         0.001
6.0000         0.149170     0.000013606     -6643.6762         0.005
7.0000         0.150729     0.000010885     -6643.6747         0.000
8.0000         0.150855     0.000010885     -6643.6745         0.000
9.0000         0.150874     0.000010885     -6643.6745
10.0000         0.150879     0.000010885     -6643.6745
100.0000         0.150882     0.000010885     -6643.6745
1000.0000         0.150882     0.000010885     -6643.6745
