0.0020   2272738.059107     0.000016327   1756499.5482
0.0040   1108069.320334     0.000021769    591830.8096
0.0060    721087.841987     0.000019048    204849.3312
0.0080    528587.037741     0.000021769     12348.5270
0.0100    413784.240522     0.000016327   -102454.2702
0.0120    337581.050642     0.000027211   -178657.4601
0.0140    283412.453097     0.000005442   -232826.0577
0.0160    242959.145061     0.000021769   -273279.3656
0.0180    211630.097761     0.000019048   -304608.4129
0.0200    186669.597314     0.000016327   -329568.9135
0.0400     77785.514530     0.000016327   -438452.9962
0.0600     44213.336805     0.000019048   -472025.1741
0.0800     28642.707204     0.000019048   -487595.8035
0.1000     20019.288726     0.000024490   -496219.2219
0.1200     14646.640938     0.000019048   -501591.8699
0.1400     11046.028954     0.000016327   -505192.4818
0.1600      8534.064969     0.000027211   -507704.4458
0.1800      6736.952702     0.000021769   -509501.5582
0.2000      5422.114010     0.000008163   -510816.3968
0.2400      3685.747402     0.000016327   -512552.7633    -33088.343
0.2800      2623.079264     0.000019048   -513615.4315    -21300.999
0.3200      1914.077149     0.000005442   -514324.4337    -14678.190
0.3600      1419.472448     0.000016327   -514819.0383    -10314.794
0.4000      1071.238262     0.000016327   -515167.2726     -7274.635
0.4500       775.066818     0.000019048   -515463.4439     -4765.956
0.5000       578.508031     0.000010885   -515660.0027     -3217.719
0.5500       443.306216     0.000013606   -515795.2044     -2265.729
0.6000       346.058771     0.000019048   -515892.4520     -1681.924
0.6500       272.097171     0.000005442   -515966.4136     -1325.276
0.7000       212.910700     0.000024490   -516025.6001     -1051.022
0.7500       166.383079     0.000024490   -516072.1277      -815.622
0.8000       130.513151     0.000027211   -516107.9975      -626.504
0.8500       103.010087     0.000013606   -516135.5006      -480.318
0.9000        81.913263     0.000010885   -516156.5976      -368.845
0.9500        65.679145     0.000010885   -516172.8317      -284.578
1.0000        53.117491     0.000008163   -516185.3933      -221.033
1.1000        35.599924     0.000016327   -516202.9109      -137.112
1.2000        24.512110     0.000010885   -516213.9987       -88.827
1.3000        17.177762     0.000008163   -516221.3330       -60.179
1.4000        12.132862     0.000027211   -516226.3780       -42.016
1.5000         8.559998     0.000016327   -516229.9508       -30.026
1.6000         5.975127     0.000013606   -516232.5357       -21.615
1.7000         4.085100     0.000019048   -516234.4258       -15.588
1.8000         2.695109     0.000013606   -516235.8157       -11.137
1.9000         1.672249     0.000013606   -516236.8386        -7.941
2.0000         0.960628     0.000013606   -516237.5502        -5.486
2.1000         0.475718     0.000016327   -516238.0351        -3.757
2.2000         0.115240     0.000019048   -516238.3956        -2.547
2.3000        -0.155467     0.000024490   -516238.6664        -1.536
2.4000        -0.361054     0.000013606   -516238.8718        -0.844
2.5000        -0.515732     0.000008163   -516239.0264        -0.425
2.6000        -0.632132     0.000005442   -516239.1429        -0.078
2.7000        -0.718688     0.000024490   -516239.2294         0.204
2.8000        -0.777617     0.000027211   -516239.2884         0.339
2.9000        -0.755209     0.000019048   -516239.2661         0.442
3.0000        -0.702264     0.000016327   -516239.2131         0.548
3.1000        -0.645307     0.000010885   -516239.1562         0.592
3.2000        -0.586838     0.000016327   -516239.0977         0.612
3.3000        -0.527607     0.000010885   -516239.0384         0.585
3.4000        -0.468730     0.000010885   -516238.9796         0.566
3.5000        -0.412272     0.000013606   -516238.9230         0.550
3.6000        -0.359332     0.000027211   -516238.8702         0.518
3.7000        -0.310321     0.000021769   -516238.8212         0.482
3.8000        -0.265205     0.000021769   -516238.7760         0.444
3.9000        -0.223596     0.000021769   -516238.7344         0.398
4.0000        -0.185125     0.000021769   -516238.6960         0.353
5.0000         0.035067     0.000013606   -516238.4756         0.102
6.0000         0.097869     0.000016327   -516238.4130         0.030
7.0000         0.112998     0.000024490   -516238.3978         0.007
8.0000         0.116389     0.000002721   -516238.3943         0.002
9.0000         0.117140     0.000021769   -516238.3937         0.001
10.0000         0.117308     0.000024490   -516238.3935         0.000
100.0000         0.117363     0.000027211   -516238.3935
1000.0000         0.117365     0.000027211   -516238.3935
