0.0020  23987034.748923     0.000024490  23510890.1649
0.0040  11693446.861067     0.000024490  11217302.2782
0.0060   7606755.321732     0.000021769   7130610.7383
0.0080   5569344.948024     0.000016327   5093200.3643
0.0100   4351327.111567     0.000019048   3875182.5290
0.0120   3540438.650577     0.000024490   3064294.0658
0.0140   2964117.333019     0.000024490   2487972.7492
0.0160   2535154.344626     0.000021769   2059009.7608
0.0180   2202852.115055     0.000024490   1726707.5312
0.0200   1938432.492300     0.000008163   1462287.9085
0.0400    790359.706125     0.000024490    314215.1222
0.0600    440774.189963     0.000021769    -35370.3938
0.0800    280837.290794     0.000019048   -195307.2930
0.1000    193100.426935     0.000016327   -283044.1568
0.1200    139996.459588     0.000019048   -336148.1243
0.1400    104942.351423     0.000024490   -371202.2324
0.1600     80872.681788     0.000024490   -395271.9021
0.1800     63833.178048     0.000013606   -412311.4056
0.2000     51391.146341     0.000021769   -424753.4374
0.2400     34251.138431     0.000019048   -441893.4454
0.2800     23473.636537     0.000024490   -452670.9473
0.3200     16719.182561     0.000008163   -459425.4011
0.3600     12311.785260     0.000019048   -463832.7986
0.4000      9321.426854     0.000016327   -466823.1568
0.4500      6671.773414     0.000019048   -469472.8105    -44180.208
0.5000      4852.526821     0.000021769   -471292.0569    -29698.925
0.5500      3613.601366     0.000027211   -472530.9825    -20527.632
0.6000      2746.267634     0.000010885   -473398.3161    -14699.243
0.6500      2104.160018     0.000019048   -474040.4237    -11160.049
0.7000      1617.788672     0.000021769   -474526.7950     -8490.915
0.7500      1249.108564     0.000008163   -474895.4751     -6354.957
0.8000       974.514149     0.000027211   -475170.0697     -4707.729
0.8500       770.684396     0.000021769   -475373.8994     -3500.600
0.9000       618.339199     0.000010885   -475526.2446     -2636.114
0.9500       502.514371     0.000016327   -475642.0693     -2024.100
1.0000       412.461652     0.000021769   -475732.1222     -1592.406
1.1000       281.945290     0.000008163   -475862.6384     -1044.575
1.2000       194.786721     0.000002721   -475949.7970      -724.676
1.3000       133.956247     0.000024490   -476010.6275      -496.561
1.4000        92.404048     0.000021769   -476052.1796      -336.819
1.5000        65.022757     0.000016327   -476079.5611      -231.447
1.6000        46.221517     0.000013606   -476098.3622      -161.468
1.7000        32.946990     0.000010885   -476111.6368      -114.059
1.8000        23.542402     0.000016327   -476121.0413       -81.267
1.9000        16.851604     0.000021769   -476127.7321       -58.028
2.0000        12.074575     0.000013606   -476132.5093       -41.252
2.1000         8.833769     0.000013606   -476135.7499       -29.219
2.2000         6.754002     0.000010885   -476137.8297       -20.714
2.3000         5.397672     0.000024490   -476139.1861       -14.658
2.4000         4.598176     0.000019048   -476139.9856       -10.514
2.5000         4.047997     0.000010885   -476140.5358        -7.566
2.6000         3.666398     0.000013606   -476140.9173        -5.489
2.7000         3.391188     0.000019048   -476141.1927        -4.093
2.8000         3.180190     0.000019048   -476141.4036        -3.109
2.9000         3.025877     0.000008163   -476141.5579        -2.467
3.0000         2.921979     0.000021769   -476141.6618        -2.064
3.1000         2.816771     0.000005442   -476141.7671        -1.692
3.2000         2.715096     0.000016327   -476141.8686        -1.442
3.3000         2.622139     0.000013606   -476141.9617        -1.182
3.4000         2.541172     0.000005442   -476142.0425        -0.945
3.5000         2.474022     0.000024490   -476142.1097        -0.762
3.6000         2.422043     0.000005442   -476142.1617        -0.589
3.7000         2.384409     0.000024490   -476142.1993        -0.436
3.8000         2.359868     0.000005442   -476142.2240        -0.304
3.9000         2.347369     0.000002721   -476142.2365        -0.206
4.0000         2.345919     0.000005442   -476142.2379        -0.116
5.0000         2.587684     0.000019048   -476141.9960         0.167
6.0000         2.804796     0.000005442   -476141.7791         0.096
7.0000         2.888713     0.000019048   -476141.6950         0.036
8.0000         2.913840     0.000013606   -476141.6700         0.014
9.0000         2.919549     0.000013606   -476141.6643         0.005
10.0000         2.919669     0.000021769   -476141.6640         0.003
100.0000         2.905244     0.000021769   -476141.6784
1000.0000         2.904049     0.000005442   -476141.6798
