0.0020   1300537.431769     0.000019048   1272883.3172
0.0040    638248.516027     0.000016327    610594.4013
0.0060    417868.740010     0.000019048    390214.6255
0.0080    307882.317405     0.000021769    280228.2029
0.0100    242094.036607     0.000005442    214439.9221
0.0120    198430.680323     0.000010885    170776.5658
0.0140    167341.604593     0.000016327    139687.4900
0.0160    144060.281365     0.000024490    116406.1668
0.0180    126065.124959     0.000005442     98411.0104
0.0200    111766.023957     0.000016327     84111.9094
0.0400     48504.537687     0.000019048     20850.4231
0.0600     28242.748943     0.000005442       588.6344
0.0800     18649.438308     0.000016327     -9004.6763
0.1000     13261.814002     0.000008163    -14392.3006
0.1200      9900.981384     0.000021769    -17753.1332
0.1400      7632.922746     0.000019048    -20021.1918
0.1600      6011.109223     0.000010885    -21643.0053
0.1800      4806.463310     0.000019048    -22847.6513
0.2000      3891.513489     0.000027211    -23762.6011    -39957.220
0.2400      2637.879068     0.000027211    -25016.2355    -24238.103
0.2800      1863.940380     0.000024490    -25790.1742    -15273.371
0.3200      1367.792268     0.000019048    -26286.3223    -10000.577
0.3600      1036.179058     0.000016327    -26617.9355     -6863.084
0.4000       801.838258     0.000019048    -26852.2763     -5031.061
0.4500       585.907509     0.000016327    -27068.2071     -3712.546
0.5000       425.482212     0.000027211    -27228.6324     -2737.755
0.5500       309.138414     0.000016327    -27344.9761     -2010.285
0.6000       223.361868     0.000024490    -27430.7527     -1453.447
0.6500       161.098213     0.000021769    -27493.0163     -1044.324
0.7000       116.738775     0.000024490    -27537.3758      -748.295
0.7500        84.801774     0.000024490    -27569.3128      -540.508
0.8000        61.620628     0.000024490    -27592.4939      -394.148
0.8500        44.603835     0.000010885    -27609.5107      -290.878
0.9000        31.955689     0.000010885    -27622.1589      -217.931
0.9500        22.389765     0.000016327    -27631.7248      -166.233
1.0000        15.033061     0.000021769    -27639.0815      -128.981
1.1000         4.763891     0.000021769    -27649.3507       -79.801
1.2000        -1.562511     0.000016327    -27655.6771       -48.410
1.3000        -5.273043     0.000002721    -27659.3876       -27.089
1.4000        -7.217137     0.000008163    -27661.3317       -12.791
1.5000        -7.801891     0.000019048    -27661.9164        -4.099
1.6000        -7.750592     0.000005442    -27661.8652         1.303
1.7000        -7.330641     0.000024490    -27661.4452         4.438
1.8000        -6.708200     0.000027211    -27660.8228         6.153
1.9000        -5.991688     0.000008163    -27660.1063         6.878
2.0000        -5.249108     0.000019048    -27659.3637         7.044
2.1000        -4.218199     0.000024490    -27658.3328         6.239
2.2000        -3.233511     0.000021769    -27657.3481         5.339
2.3000        -2.422192     0.000019048    -27656.5368         4.591
2.4000        -1.755372     0.000016327    -27655.8699         3.966
2.5000        -1.200480     0.000013606    -27655.3150         3.453
2.6000        -0.718892     0.000010885    -27654.8335         3.001
2.7000        -0.267880     0.000013606    -27654.3825         2.568
2.8000         0.114916     0.000019048    -27653.9996         2.201
2.9000         0.440340     0.000024490    -27653.6742         1.884
3.0000         0.717477     0.000016327    -27653.3971         1.606
3.1000         0.953827     0.000024490    -27653.1607         1.371
3.2000         1.154890     0.000016327    -27652.9597         1.172
3.3000         1.325524     0.000013606    -27652.7890         0.998
3.4000         1.470153     0.000019048    -27652.6444         0.851
3.5000         1.593012     0.000010885    -27652.5215         0.724
3.6000         1.697300     0.000021769    -27652.4173         0.617
3.7000         1.785778     0.000027211    -27652.3288         0.529
3.8000         1.860541     0.000010885    -27652.2540         0.456
3.9000         1.923884     0.000019048    -27652.1907         0.393
4.0000         1.977760     0.000010885    -27652.1368         0.338
5.0000         2.241337     0.000019048    -27651.8732         0.094
6.0000         2.327404     0.000010885    -27651.7872         0.054
7.0000         2.371941     0.000013606    -27651.7426         0.029
8.0000         2.401074     0.000024490    -27651.7135         0.020
9.0000         2.422054     0.000024490    -27651.6925         0.015
10.0000         2.437891     0.000013606    -27651.6767         0.012
100.0000         2.545588     0.000021769    -27651.5690         0.000
1000.0000         2.554728     0.000002721    -27651.5598
