0.0020  23812396.876635     0.000013606  23308585.5556
0.0040  11603759.380242     0.000016327  11099948.0608
0.0060   7541946.303279     0.000027211   7038134.9832
0.0080   5517361.711391     0.000019048   5013550.3905
0.0100   4307000.362605     0.000013606   3803189.0420
0.0120   3502768.265572     0.000008163   2998956.9462
0.0140   2931099.972249     0.000013606   2427288.6520
0.0160   2504725.339234     0.000016327   2000914.0189
0.0180   2175449.975245     0.000024490   1671638.6549
0.0200   1914193.377455     0.000013606   1410382.0571
0.0400    779216.580360     0.000021769    275405.2603
0.0600    433702.942779     0.000013606    -70108.3775
0.0800    275665.181425     0.000010885   -228146.1388
0.1000    189277.538222     0.000005442   -314533.7821
0.1200    136837.674434     0.000024490   -366973.6459
0.1400    102103.941906     0.000019048   -401707.3782
0.1600     77938.003209     0.000021769   -425873.3169
0.1800     60871.563221     0.000021769   -442939.7570
0.2000     48549.440333     0.000027211   -455261.8799
0.2400     32033.617155     0.000019048   -471777.7031
0.2800     21814.673817     0.000010885   -481996.6465
0.3200     15311.696649     0.000013606   -488499.6235
0.3600     11053.371117     0.000019048   -492757.9492
0.4000      8245.035804     0.000016327   -495566.2845
0.4500      5762.585122     0.000019048   -498048.7352    -41035.128
0.5000      4104.539105     0.000013606   -499706.7811    -26406.360
0.5500      3021.530522     0.000019048   -500789.7898    -17646.247
0.6000      2279.368839     0.000024490   -501531.9515    -12484.491
0.6500      1740.349988     0.000013606   -502070.9703     -9297.007
0.7000      1333.742142     0.000019048   -502477.5780     -7058.803
0.7500      1025.432900     0.000016327   -502785.8874     -5340.350
0.8000       792.995757     0.000008163   -503018.3245     -4015.947
0.8500       618.361504     0.000021769   -503192.9588     -3018.072
0.9000       486.845358     0.000016327   -503324.4750     -2280.031
0.9500       387.051740     0.000024490   -503424.2684     -1738.981
1.0000       310.507430     0.000021769   -503500.8127     -1341.869
1.1000       204.435896     0.000024490   -503606.8844      -828.295
1.2000       137.730054     0.000010885   -503673.5901      -538.495
1.3000        93.637698     0.000016327   -503717.6827      -361.953
1.4000        63.841845     0.000013606   -503747.4783      -244.537
1.5000        43.715965     0.000024490   -503767.6041      -164.842
1.6000        30.193877     0.000010885   -503781.1263      -111.491
1.7000        21.051560     0.000016327   -503790.2688       -76.048
1.8000        14.806365     0.000019048   -503796.5138       -52.589
1.9000        10.480488     0.000021769   -503800.8399       -37.033
2.0000         7.442763     0.000013606   -503803.8775       -26.636
2.1000         5.273990     0.000005442   -503806.0462       -19.571
2.2000         3.673933     0.000010885   -503807.6463       -14.607
2.3000         2.468446     0.000010885   -503808.8517       -11.038
2.4000         1.548252     0.000016327   -503809.7720        -8.312
2.5000         0.940744     0.000021769   -503810.3794        -6.414
2.6000         0.503471     0.000010885   -503810.8167        -4.844
2.7000         0.165285     0.000010885   -503811.1549        -3.670
2.8000        -0.090614     0.000024490   -503811.4109        -2.678
2.9000        -0.279031     0.000016327   -503811.5992        -1.949
3.0000        -0.411485     0.000016327   -503811.7318        -1.339
3.1000        -0.499378     0.000019048   -503811.8197        -0.872
3.2000        -0.550859     0.000024490   -503811.8711        -0.533
3.3000        -0.573646     0.000024490   -503811.8939        -0.243
3.4000        -0.574220     0.000024490   -503811.8945        -0.034
3.5000        -0.557425     0.000002721   -503811.8776         0.101
3.6000        -0.527343     0.000013606   -503811.8477         0.212
3.7000        -0.488026     0.000010885   -503811.8082         0.298
3.8000        -0.442732     0.000005442   -503811.7631         0.345
3.9000        -0.393303     0.000016327   -503811.7135         0.361
4.0000        -0.341503     0.000016327   -503811.6618         0.372
5.0000         0.076614     0.000019048   -503811.2436         0.198
6.0000         0.239202     0.000016327   -503811.0811         0.082
7.0000         0.286988     0.000002721   -503811.0333         0.031
8.0000         0.301244     0.000016327   -503811.0191         0.015
9.0000         0.306240     0.000002721   -503811.0139         0.010
10.0000         0.308536     0.000002721   -503811.0118         0.006
100.0000         0.316673     0.000008163   -503811.0036         0.000
1000.0000         0.317119     0.000013606   -503811.0030
