0.0020  23228237.866110     0.000019048  22751126.1242
0.0040  11322114.857696     0.000016327  10845003.1148
0.0060   7360598.363714     0.000021769   6883486.6223
0.0080   5385866.407505     0.000027211   4908754.6649
0.0100   4205178.196188     0.000010885   3728066.4540
0.0120   3420241.774552     0.000019048   2943130.0325
0.0140   2862320.197864     0.000019048   2385208.4561
0.0160   2446523.568489     0.000024490   1969411.8269
0.0180   2125004.690417     0.000021769   1647892.9488
0.0200   1869742.656638     0.000005442   1392630.9149
0.0400    761082.741341     0.000019048    283970.9998
0.0600    423503.046807     0.000019048    -53608.6948
0.0800    269255.785704     0.000021769   -207855.9559
0.1000    184846.533792     0.000021769   -292265.2077
0.1200    133787.177031     0.000019048   -343324.5645
0.1400    100006.880043     0.000019048   -377104.8615
0.1600     76463.277249     0.000013606   -400648.4644
0.1800     59749.506638     0.000021769   -417362.2350
0.2000     47661.254876     0.000016327   -429450.4868
0.2400     31597.329224     0.000024490   -445514.4125
0.2800     21512.219929     0.000019048   -455599.5216
0.3200     15141.072534     0.000016327   -461970.6691
0.3600     10937.671029     0.000021769   -466174.0706
0.4000      8165.678663     0.000019048   -468946.0629
0.4500      5786.676916     0.000024490   -471325.0646    -40215.140
0.5000      4148.482397     0.000016327   -472963.2592    -26175.816
0.5500      3075.504258     0.000013606   -474036.2375    -17485.777
0.6000      2341.330951     0.000016327   -474770.4107    -12330.512
0.6500      1805.010176     0.000010885   -475306.7316     -9337.649
0.7000      1393.883139     0.000008163   -475717.8585     -7193.337
0.7500      1078.539256     0.000024490   -476033.2024     -5491.941
0.8000       839.496696     0.000021769   -476272.2450     -4158.842
0.8500       658.688970     0.000021769   -476453.0527     -3139.112
0.9000       522.024621     0.000021769   -476589.7171     -2382.830
0.9500       417.714192     0.000008163   -476694.0273     -1832.452
1.0000       336.870963     0.000021769   -476774.8708     -1424.139
1.1000       223.593807     0.000013606   -476888.1477      -885.052
1.2000       151.991729     0.000024490   -476959.7499      -571.555
1.3000       105.365897     0.000016327   -477006.3758      -383.886
1.4000        74.074487     0.000008163   -477037.6673      -262.882
1.5000        52.497888     0.000019048   -477059.2437      -179.560
1.6000        37.706840     0.000021769   -477074.0347      -122.739
1.7000        27.564932     0.000013606   -477084.1767       -84.509
1.8000        20.557189     0.000027211   -477091.1845       -58.939
1.9000        15.642920     0.000013606   -477096.0988       -41.835
2.0000        12.127567     0.000013606   -477099.6140       -30.268
2.1000         9.693061     0.000019048   -477102.0486       -22.460
2.2000         7.891944     0.000024490   -477103.8497       -16.947
2.3000         6.582371     0.000013606   -477105.1591       -12.933
2.4000         5.694191     0.000010885   -477106.0473        -9.945
2.5000         5.000274     0.000024490   -477106.7415        -7.619
2.6000         4.467034     0.000013606   -477107.2746        -5.701
2.7000         4.066980     0.000010885   -477107.6746        -4.237
2.8000         3.776330     0.000002721   -477107.9652        -3.027
2.9000         3.573926     0.000013606   -477108.1676        -2.120
3.0000         3.443678     0.000027211   -477108.2980        -1.402
3.1000         3.369443     0.000005442   -477108.3723        -0.847
3.2000         3.339538     0.000013606   -477108.4022        -0.452
3.3000         3.344161     0.000024490   -477108.3976        -0.124
3.4000         3.373892     0.000013606   -477108.3676         0.107
3.5000         3.422440     0.000016327   -477108.3192         0.255
3.6000         3.484300     0.000008163   -477108.2574         0.366
3.7000         3.554480     0.000008163   -477108.1872         0.439
3.8000         3.629165     0.000005442   -477108.1124         0.481
3.9000         3.705847     0.000024490   -477108.0357         0.485
4.0000         3.782721     0.000027211   -477107.9589         0.486
5.0000         4.337502     0.000016327   -477107.4041         0.229
6.0000         4.541824     0.000010885   -477107.1997         0.100
7.0000         4.612304     0.000008163   -477107.1292         0.040
8.0000         4.642604     0.000008163   -477107.0990         0.022
9.0000         4.659377     0.000021769   -477107.0822         0.015
10.0000         4.670610     0.000008163   -477107.0710         0.010
100.0000         4.733681     0.000024490   -477107.0079         0.000
1000.0000         4.738337     0.000008163   -477107.0033
