0.0020  18917304.166152     0.000016327  18325412.8438
0.0040   9207453.800488     0.000019048   8615562.4770
0.0060   5984554.419124     0.000016327   5392663.0970
0.0080   4381294.916225     0.000016327   3789403.5937
0.0100   3424810.972555     0.000016327   2832919.6501
0.0120   2789218.586887     0.000013606   2197327.2639
0.0140   2337035.254744     0.000021769   1745143.9317
0.0160   1999751.447324     0.000019048   1407860.1243
0.0180   1738666.310088     0.000016327   1146774.9872
0.0200   1531286.013435     0.000016327    939394.6906
0.0400    626487.835118     0.000016327     34596.5122
0.0600    349935.783009     0.000021769   -241955.5399
0.0800    223314.919069     0.000013606   -368576.4040
0.1000    153925.701147     0.000027211   -437965.6219
0.1200    111555.337868     0.000024490   -480335.9851
0.1400     83403.554311     0.000016327   -508487.7685
0.1600     63668.816228     0.000010885   -528222.5067
0.1800     49559.742605     0.000027211   -542331.5804
0.2000     39333.213710     0.000010885   -552558.1093
0.2400     26117.102535     0.000019048   -565774.2204
0.2800     17933.017319     0.000021769   -573958.3057
0.3200     12645.483660     0.000013606   -579245.8394
0.3600      9194.575990     0.000021769   -582696.7470
0.4000      6838.693715     0.000019048   -585052.6291    -48803.702
0.4500      4843.199593     0.000024490   -587048.1232    -32837.722
0.5000      3454.401216     0.000008163   -588436.9216    -23090.687
0.5500      2497.354173     0.000021769   -589393.9687    -15621.081
0.6000      1849.549800     0.000024490   -590041.7733    -10634.613
0.6500      1403.189186     0.000021769   -590488.1338     -7440.118
0.7000      1085.210979     0.000027211   -590806.1120     -5403.600
0.7500       848.498003     0.000027211   -591042.8250     -4104.422
0.8000       666.905429     0.000016327   -591224.4175     -3202.828
0.8500       524.445934     0.000013606   -591366.8771     -2520.108
0.9000       412.503283     0.000013606   -591478.8196     -1974.037
0.9500       325.011270     0.000024490   -591566.3116     -1538.168
1.0000       256.866552     0.000021769   -591634.4563     -1196.790
1.1000       162.434262     0.000008163   -591728.8888      -730.687
1.2000       104.257256     0.000027211   -591787.0657      -456.324
1.3000        67.500164     0.000008163   -591823.8228      -292.364
1.4000        43.686163     0.000019048   -591847.6369      -191.804
1.5000        27.916479     0.000019048   -591863.4064      -128.197
1.6000        17.307996     0.000016327   -591874.0151       -86.755
1.7000        10.111744     0.000024490   -591881.2111       -58.892
1.8000         5.235881     0.000024490   -591886.0871       -39.742
1.9000         2.085100     0.000024490   -591889.2379       -26.888
2.0000        -0.004547     0.000016327   -591891.3275       -18.102
2.1000        -1.390377     0.000008163   -591892.7134       -11.780
2.2000        -2.277205     0.000021769   -591893.6002        -7.318
2.3000        -2.810823     0.000016327   -591894.1338        -4.146
2.4000        -3.092951     0.000013606   -591894.4160        -1.885
2.5000        -3.198063     0.000016327   -591894.5210        -0.294
2.6000        -3.081623     0.000019048   -591894.4046         0.730
2.7000        -2.668412     0.000019048   -591893.9912         1.197
2.8000        -2.268824     0.000019048   -591893.5918         1.454
2.9000        -1.891048     0.000024490   -591893.2141         1.608
3.0000        -1.539506     0.000024490   -591892.8625         1.674
3.1000        -1.214322     0.000013606   -591892.5373         1.648
3.2000        -0.915993     0.000016327   -591892.2388         1.606
3.3000        -0.643996     0.000021769   -591891.9670         1.558
3.4000        -0.396095     0.000013606   -591891.7191         1.457
3.5000        -0.170757     0.000016327   -591891.4938         1.369
3.6000         0.033168     0.000013606   -591891.2897         1.278
3.7000         0.217297     0.000024490   -591891.1057         1.186
3.8000         0.478708     0.000027211   -591890.8442         0.985
3.9000         0.697931     0.000010885   -591890.6249         0.827
4.0000         0.879875     0.000010885   -591890.4431         0.695
5.0000         1.634150     0.000021769   -591889.6888         0.126
6.0000         1.759736     0.000016327   -591889.5631         0.034
7.0000         1.785234     0.000013606   -591889.5378         0.007
8.0000         1.793457     0.000010885   -591889.5294         0.003
9.0000         1.797702     0.000010885   -591889.5253         0.001
10.0000         1.800554     0.000010885   -591889.5223         0.001
100.0000         1.817895     0.000013606   -591889.5051
1000.0000         1.819275     0.000016327   -591889.5038
