0.0020   1286708.829316     0.000019048   1023874.5008
0.0040    628629.614265     0.000016327    365795.2858
0.0060    409939.766189     0.000010885    147105.4377
0.0080    300958.201080     0.000016327     38123.8726
0.0100    235915.715462     0.000010885    -26918.6130
0.0120    192807.727238     0.000008163    -70026.6012
0.0140    162137.667640     0.000019048   -100696.6608
0.0160    139230.566624     0.000008163   -123603.7618
0.0180    121494.928679     0.000013606   -141339.3998
0.0200    107363.612728     0.000016327   -155470.7158
0.0400     45263.358627     0.000019048   -217570.9698
0.0600     26074.735561     0.000016327   -236759.5929
0.0800     17043.703204     0.000005442   -245790.6253
0.1000     11983.850716     0.000021769   -250850.4778
0.1200      8872.460262     0.000024490   -253961.8682
0.1400      6811.757861     0.000010885   -256022.5706
0.1600      5361.810996     0.000019048   -257472.5175
0.1800      4290.872691     0.000010885   -258543.4558    -46436.844
0.2000      3474.176347     0.000024490   -259360.1521    -35786.373
0.2400      2345.344074     0.000024490   -260488.9844    -21912.061
0.2800      1644.040243     0.000013606   -261190.2882    -13852.174
0.3200      1193.724587     0.000027211   -261640.6039     -9069.485
0.3600       893.654574     0.000021769   -261940.6739     -6175.041
0.4000       685.230642     0.000024490   -262149.0978     -4393.647
0.4500       502.526603     0.000016327   -262331.8019     -3037.491
0.5000       373.714722     0.000008163   -262460.6138     -2180.765
0.5500       280.610838     0.000021769   -262553.7177     -1584.202
0.6000       212.947367     0.000016327   -262621.3811     -1150.413
0.6500       163.848580     0.000027211   -262670.4799      -833.560
0.7000       128.220805     0.000013606   -262706.1077      -604.613
0.7500       102.242007     0.000021769   -262732.0865      -441.944
0.8000        83.094694     0.000019048   -262751.2338      -327.937
0.8500        68.677264     0.000008163   -262765.6512      -249.393
0.9000        57.771742     0.000013606   -262776.5567      -196.635
0.9500        49.215344     0.000016327   -262785.1131      -160.870
1.0000        42.125178     0.000013606   -262792.2033      -135.010
1.1000        31.020537     0.000010885   -262803.3080       -97.687
1.2000        23.006503     0.000016327   -262811.3220       -69.592
1.3000        17.366615     0.000016327   -262816.9619       -48.380
1.4000        13.581532     0.000013606   -262820.7470       -33.250
1.5000        11.100677     0.000005442   -262823.2278       -22.709
1.6000         9.422226     0.000027211   -262824.9063       -15.619
1.7000         8.273380     0.000010885   -262826.0551       -10.769
1.8000         7.465354     0.000005442   -262826.8631        -7.716
1.9000         6.869196     0.000024490   -262827.4593        -5.633
2.0000         6.394898     0.000013606   -262827.9336        -4.377
2.1000         5.989465     0.000016327   -262828.3390        -3.626
2.2000         5.619676     0.000010885   -262828.7088        -3.086
2.3000         5.270447     0.000024490   -262829.0580        -2.709
2.4000         4.938468     0.000005442   -262829.3900        -2.466
2.5000         4.625834     0.000019048   -262829.7027        -2.177
2.6000         4.348672     0.000024490   -262829.9798        -1.924
2.7000         4.162187     0.000013606   -262830.1663        -1.635
2.8000         4.010810     0.000016327   -262830.3177        -1.393
2.9000         3.891453     0.000010885   -262830.4370        -1.127
3.0000         3.800292     0.000008163   -262830.5282        -0.906
3.1000         3.732650     0.000008163   -262830.5958        -0.697
3.2000         3.686170     0.000019048   -262830.6423        -0.529
3.3000         3.658142     0.000021769   -262830.6703        -0.392
3.4000         3.644610     0.000021769   -262830.6839        -0.265
3.5000         3.642376     0.000019048   -262830.6861        -0.170
3.6000         3.648705     0.000005442   -262830.6798        -0.094
3.7000         3.661522     0.000016327   -262830.6669        -0.020
3.8000         3.680064     0.000024490   -262830.6484         0.034
3.9000         3.702815     0.000016327   -262830.6257         0.056
4.0000         3.729110     0.000024490   -262830.5994         0.089
5.0000         3.987147     0.000016327   -262830.3413         0.114
6.0000         4.123939     0.000008163   -262830.2045         0.064
7.0000         4.173659     0.000016327   -262830.1548         0.024
8.0000         4.189366     0.000019048   -262830.1391         0.010
9.0000         4.193755     0.000013606   -262830.1347         0.004
10.0000         4.194732     0.000021769   -262830.1337         0.003
100.0000         4.191703     0.000024490   -262830.1368
1000.0000         4.191407     0.000016327   -262830.1371
