0.0020   4933289.281226     0.000027211   4730015.3341
0.0040   2408079.297681     0.000013606   2204805.3509
0.0060   1570219.913000     0.000021769   1366945.9661
0.0080   1152616.582669     0.000021769    949342.6360
0.0100    902958.717094     0.000013606    699684.7703
0.0120    737287.000111     0.000027211    534013.0534
0.0140    619617.317501     0.000013606    416343.3707
0.0160    531713.030491     0.000024490    328439.0838
0.0180    463682.268554     0.000019048    260408.3218
0.0200    409517.666563     0.000010885    206243.7198
0.0400    171753.084795     0.000013606    -31520.8619
0.0600     98166.203126     0.000019048   -105107.7436
0.0800     63772.341266     0.000016327   -139501.6055
0.1000     44611.949005     0.000021769   -158661.9977
0.1200     32802.396889     0.000019048   -170471.5498
0.1400     24944.010798     0.000021769   -178329.9359
0.1600     19405.344545     0.000019048   -183868.6022
0.1800     15365.637492     0.000010885   -187908.3093
0.2000     12363.268710     0.000021769   -190910.6780
0.2400      8385.494801     0.000024490   -194888.4519
0.2800      6015.211426     0.000016327   -197258.7353    -46520.721
0.3200      4478.308822     0.000010885   -198795.6379    -32015.350
0.3600      3378.934836     0.000021769   -199895.0119    -23360.326
0.4000      2581.108717     0.000024490   -200692.8380    -16826.679
0.4500      1890.864451     0.000024490   -201383.0823    -11204.299
0.5000      1425.247177     0.000024490   -201848.6996     -7687.113
0.5500      1101.152190     0.000021769   -202172.7946     -5441.927
0.6000       865.762583     0.000024490   -202408.1841     -4103.470
0.6500       680.583657     0.000024490   -202593.3631     -3343.705
0.7000       530.646388     0.000013606   -202743.3004     -2665.069
0.7500       413.605943     0.000024490   -202860.3408     -2031.037
0.8000       325.117656     0.000013606   -202948.8291     -1526.650
0.8500       258.596794     0.000013606   -203015.3499     -1148.958
0.9000       208.347025     0.000008163   -203065.5997      -871.245
0.9500       170.016019     0.000010885   -203103.9307      -668.279
1.0000       140.366955     0.000024490   -203133.5798      -520.272
1.1000        98.321536     0.000016327   -203175.6252      -332.978
1.2000        70.336765     0.000024490   -203203.6100      -229.367
1.3000        50.625842     0.000008163   -203223.3209      -165.298
1.4000        36.304846     0.000019048   -203237.6419      -120.569
1.5000        25.906106     0.000002721   -203248.0406       -87.505
1.6000        18.439928     0.000019048   -203255.5068       -62.930
1.7000        13.086758     0.000016327   -203260.8600       -44.925
1.8000         9.273652     0.000021769   -203264.6731       -31.962
1.9000         6.566932     0.000021769   -203267.3798       -22.671
2.0000         4.645723     0.000024490   -203269.3010       -16.106
2.1000         3.280361     0.000024490   -203270.6664       -11.463
2.2000         2.305964     0.000027211   -203271.6408        -8.187
2.3000         1.611187     0.000027211   -203272.3356        -5.874
2.4000         1.112146     0.000027211   -203272.8346        -4.151
2.5000         0.757391     0.000021769   -203273.1893        -3.017
2.6000         0.502703     0.000021769   -203273.4440        -2.146
2.7000         0.322044     0.000010885   -203273.6247        -1.485
2.8000         0.196921     0.000019048   -203273.7498        -1.040
2.9000         0.112565     0.000010885   -203273.8342        -0.682
3.0000         0.060121     0.000021769   -203273.8866        -0.428
3.1000         0.057974     0.000021769   -203273.8888        -0.315
3.2000         0.055963     0.000005442   -203273.8908        -0.226
3.3000         0.054592     0.000027211   -203273.8921        -0.153
3.4000         0.054235     0.000016327   -203273.8925        -0.096
3.5000         0.054962     0.000021769   -203273.8918        -0.056
3.6000         0.056643     0.000013606   -203273.8901        -0.026
3.7000         0.059285     0.000008163   -203273.8874         0.002
3.8000         0.062709     0.000005442   -203273.8840         0.019
3.9000         0.066698     0.000024490   -203273.8800         0.027
4.0000         0.071101     0.000021769   -203273.8756         0.035
5.0000         0.111703     0.000013606   -203273.8350         0.038
6.0000         0.136013     0.000008163   -203273.8107         0.001
7.0000         0.144533     0.000024490   -203273.8022         0.006
8.0000         0.147317     0.000013606   -203273.7994         0.001
9.0000         0.147706     0.000010885   -203273.7990         0.000
10.0000         0.147780     0.000010885   -203273.7990        -0.000
100.0000         0.147801     0.000010885   -203273.7989
1000.0000         0.147801     0.000010885   -203273.7989
