0.0020  14497850.339328     0.000027211  14219088.5592
0.0040   7070485.550107     0.000024490   6791723.7704
0.0060   4608020.024892     0.000010885   4329258.2450
0.0080   3377352.420647     0.000005442   3098590.6399
0.0100   2640826.860281     0.000024490   2362065.0808
0.0120   2151904.460481     0.000021769   1873142.6810
0.0140   1803797.187581     0.000024490   1525035.4080
0.0160   1543997.341154     0.000021769   1265235.5615
0.0180   1342794.348574     0.000024490   1064032.5691
0.0200   1182952.991063     0.000016327    904191.2115
0.0400    486978.191064     0.000010885    208216.4115
0.0600    272705.845431     0.000019048     -6055.9341
0.0800    174488.281350     0.000027211   -104273.4982
0.1000    120135.545582     0.000019048   -158626.2340
0.1200     86704.783232     0.000024490   -192056.9963
0.1400     65092.801882     0.000005442   -213668.9777
0.1600     50475.219351     0.000021769   -228286.5602
0.1800     39875.614336     0.000024490   -238886.1652
0.2000     31925.699528     0.000024490   -246836.0800
0.2400     21184.056213     0.000016327   -257577.7233
0.2800     14843.100774     0.000016327   -263918.6788
0.3200     10841.900319     0.000016327   -267919.8792
0.3600      7991.715150     0.000016327   -270770.0644
0.4000      5955.872041     0.000024490   -272805.9074    -41815.303
0.4500      4280.600002     0.000024490   -274481.1795    -26595.309
0.5000      3186.168681     0.000024490   -275575.6109    -17947.317
0.5500      2427.450315     0.000021769   -276334.3292    -12819.406
0.6000      1870.866274     0.000016327   -276890.9132     -9681.788
0.6500      1444.090323     0.000024490   -277317.6891     -7463.871
0.7000      1118.168374     0.000021769   -277643.6112     -5630.655
0.7500       873.849612     0.000019048   -277887.9301     -4206.779
0.8000       690.970344     0.000027211   -278070.8091     -3164.202
0.8500       552.712406     0.000016327   -278209.0673     -2413.345
0.9000       446.542867     0.000013606   -278315.2366     -1869.518
0.9500       363.756513     0.000002721   -278398.0229     -1470.241
1.0000       298.273059     0.000019048   -278463.5066     -1172.026
1.1000       203.345652     0.000013606   -278558.4338      -768.992
1.2000       140.238310     0.000010885   -278621.5411      -517.471
1.3000        97.776385     0.000016327   -278664.0032      -351.594
1.4000        68.765658     0.000016327   -278693.0138      -244.605
1.5000        47.956121     0.000016327   -278713.8234      -173.496
1.6000        32.720332     0.000027211   -278729.0593      -125.853
1.7000        21.396391     0.000019048   -278740.3831       -91.956
1.8000        13.525680     0.000027211   -278748.2540       -65.528
1.9000         7.945053     0.000016327   -278753.8345       -46.582
2.0000         4.053186     0.000016327   -278757.7263       -32.904
2.1000         1.345908     0.000024490   -278760.4335       -23.071
2.2000        -0.523896     0.000027211   -278762.3035       -15.955
2.3000        -1.789098     0.000008163   -278763.5686       -10.759
2.4000        -2.618365     0.000024490   -278764.3980        -7.032
2.5000        -3.133722     0.000016327   -278764.9134        -4.270
2.6000        -3.424388     0.000021769   -278765.2040        -2.379
2.7000        -3.554954     0.000021769   -278765.3346        -0.952
2.8000        -3.572652     0.000024490   -278765.3523         0.015
2.9000        -3.505641     0.000019048   -278765.2851         0.689
3.0000        -3.384777     0.000010885   -278765.1642         1.172
3.1000        -3.230431     0.000008163   -278765.0100         1.442
3.2000        -3.054887     0.000005442   -278764.8344         1.631
3.3000        -2.868125     0.000008163   -278764.6478         1.733
3.4000        -2.619576     0.000024490   -278764.3991         1.702
3.5000        -2.329268     0.000008163   -278764.1087         1.594
3.6000        -2.067277     0.000013606   -278763.8469         1.475
3.7000        -1.831526     0.000010885   -278763.6110         1.355
3.8000        -1.619745     0.000005442   -278763.3993         1.235
3.9000        -1.429774     0.000024490   -278763.2094         1.122
4.0000        -1.259308     0.000016327   -278763.0388         1.020
5.0000        -0.231368     0.000027211   -278762.0110         0.297
6.0000         0.069609     0.000021769   -278761.7100         0.077
7.0000         0.171478     0.000021769   -278761.6080         0.037
8.0000         0.221863     0.000016327   -278761.5576         0.021
9.0000         0.253942     0.000013606   -278761.5255         0.014
10.0000         0.276857     0.000010885   -278761.5027         0.011
100.0000         0.417281     0.000021769   -278761.3623         0.000
1000.0000         0.428305     0.000019048   -278761.3514
