0.0020   3715614.061650     0.000021769   3589402.6032
0.0040   1816406.841596     0.000016327   1690195.3823
0.0060   1185218.411371     0.000024490   1059006.9521
0.0080    871039.824393     0.000013606    744828.3650
0.0100    683132.535181     0.000021769    556921.0759
0.0120    558276.159777     0.000010885    432064.7006
0.0140    469672.730119     0.000013606    343461.2708
0.0160    403570.392801     0.000005442    277358.9334
0.0180    352325.320923     0.000010885    226113.8616
0.0200    311500.482843     0.000027211    185289.0235
0.0400    131560.892014     0.000019048      5349.4327
0.0600     75649.109198     0.000013606    -50562.3501
0.0800     49449.306891     0.000021769    -76762.1524
0.1000     34637.820706     0.000021769    -91573.6386
0.1200     25483.865004     0.000013606   -100727.5943
0.1400     19475.593725     0.000024490   -106735.8656
0.1600     15292.074851     0.000021769   -110919.3845
0.1800     12220.165752     0.000027211   -113991.2936
0.2000      9887.006813     0.000013606   -116324.4525
0.2400      6675.824522     0.000013606   -119535.6348
0.2800      4679.218450     0.000010885   -121532.2409    -39476.604
0.3200      3397.252851     0.000016327   -122814.2065    -25705.847
0.3600      2550.769061     0.000010885   -123660.6903    -17308.071
0.4000      1965.328668     0.000010885   -124246.1307    -12437.115
0.4500      1430.236334     0.000013606   -124781.2230     -9092.211
0.5000      1045.206047     0.000027211   -125166.2533     -6422.103
0.5500       776.698917     0.000019048   -125434.7604     -4444.532
0.6000       590.570307     0.000013606   -125620.8890     -3136.229
0.6500       456.864718     0.000013606   -125754.5946     -2276.026
0.7000       358.307382     0.000024490   -125853.1520     -1690.285
0.7500       284.111911     0.000016327   -125927.3474     -1283.228
0.8000       226.997634     0.000008163   -125984.4617      -998.157
0.8500       181.940675     0.000016327   -126029.5187      -795.217
0.9000       145.613290     0.000019048   -126065.8460      -644.457
0.9500       115.945024     0.000019048   -126095.5143      -525.787
1.0000        92.002810     0.000027211   -126119.4565      -424.740
1.1000        57.811751     0.000013606   -126153.6476      -271.340
1.2000        36.603252     0.000013606   -126174.8561      -170.478
1.3000        23.443956     0.000027211   -126188.0154      -107.785
1.4000        15.092618     0.000024490   -126196.3667       -69.066
1.5000         9.708528     0.000010885   -126201.7508       -45.390
1.6000         6.083225     0.000013606   -126205.3761       -30.657
1.7000         3.527389     0.000010885   -126207.9320       -21.010
1.8000         1.790148     0.000010885   -126209.6692       -14.612
1.9000         0.693303     0.000010885   -126210.7660        -9.967
2.0000         0.118854     0.000021769   -126211.3405        -6.671
2.1000        -0.229596     0.000019048   -126211.6890        -4.294
2.2000        -0.418389     0.000021769   -126211.8777        -2.664
2.3000        -0.495422     0.000016327   -126211.9548        -1.446
2.4000        -0.495359     0.000010885   -126211.9547        -0.585
2.5000        -0.443494     0.000008163   -126211.9028        -0.024
2.6000        -0.358208     0.000013606   -126211.8176         0.392
2.7000        -0.252568     0.000021769   -126211.7119         0.661
2.8000        -0.136133     0.000021769   -126211.5955         0.794
2.9000        -0.015538     0.000027211   -126211.4749         0.900
3.0000         0.104519     0.000024490   -126211.3548         0.944
3.1000         0.220921     0.000019048   -126211.2384         0.941
3.2000         0.331851     0.000019048   -126211.1275         0.909
3.3000         0.435799     0.000016327   -126211.0236         0.877
3.4000         0.532026     0.000013606   -126210.9273         0.826
3.5000         0.620423     0.000013606   -126210.8389         0.770
3.6000         0.701099     0.000010885   -126210.7582         0.705
3.7000         0.774191     0.000027211   -126210.6851         0.647
3.8000         0.839872     0.000016327   -126210.6195         0.589
3.9000         0.907873     0.000002721   -126210.5515         0.526
4.0000         0.978203     0.000010885   -126210.4811         0.468
5.0000         1.319048     0.000010885   -126210.1403         0.119
6.0000         1.379844     0.000021769   -126210.0795         0.023
7.0000         1.386347     0.000010885   -126210.0730         0.007
8.0000         1.384578     0.000024490   -126210.0748         0.002
9.0000         1.382127     0.000016327   -126210.0772         0.001
10.0000         1.380053     0.000016327   -126210.0793         0.001
100.0000         1.366075     0.000005442   -126210.0933
1000.0000         1.364935     0.000005442   -126210.0944
