0.0020  13796409.900076     0.000021769  13356235.8047
0.0040   6720601.996774     0.000010885   6280427.9009
0.0060   4372202.593086     0.000013606   3932028.4985
0.0080   3203417.368708     0.000024490   2763243.2733
0.0100   2505155.909776     0.000013606   2064981.8152
0.0120   2041207.262607     0.000024490   1601033.1679
0.0140   1710888.798277     0.000008163   1270714.7034
0.0160   1464409.936064     0.000010885   1024235.8412
0.0180   1273803.698674     0.000016327    833629.6040
0.0200   1122251.030761     0.000016327    682076.9361
0.0400    462925.432435     0.000008163     22751.3377
0.0600    259531.678228     0.000013606   -180642.4165
0.0800    166331.522929     0.000016327   -273842.5718
0.1000    114734.513127     0.000019048   -325439.5817
0.1200     83366.113999     0.000021769   -356807.9808
0.1400     62909.260063     0.000019048   -377264.8348
0.1600     48558.485608     0.000016327   -391615.6091
0.1800     37967.088178     0.000024490   -402207.0066
0.2000     30069.805408     0.000019048   -410104.2893
0.2400     19635.645221     0.000013606   -420538.4495
0.2800     13491.000336     0.000013606   -426683.0943
0.3200      9637.836762     0.000010885   -430536.2579
0.3600      6973.251603     0.000013606   -433200.8430
0.4000      5097.633893     0.000008163   -435076.4609    -38554.120
0.4500      3549.534939     0.000027211   -436624.5599    -24596.043
0.5000      2542.724953     0.000008163   -437631.3699    -16403.011
0.5500      1858.386657     0.000021769   -438315.7082    -11389.678
0.6000      1373.399562     0.000005442   -438800.6952     -8285.072
0.6500      1013.455741     0.000013606   -439160.6389     -6227.748
0.7000       744.716626     0.000027211   -439429.3781     -4562.648
0.7500       549.852747     0.000008163   -439624.2419     -3282.209
0.8000       409.705317     0.000027211   -439764.3896     -2365.759
0.8500       308.273592     0.000021769   -439865.8211     -1723.416
0.9000       233.931234     0.000013606   -439940.1635     -1274.762
0.9500       178.537700     0.000021769   -439995.5572      -959.068
1.0000       136.561185     0.000019048   -440037.5335      -733.183
1.1000        79.206559     0.000027211   -440094.8883      -442.356
1.2000        44.307894     0.000019048   -440129.7869      -269.769
1.3000        23.065266     0.000024490   -440151.0295      -162.552
1.4000        10.311848     0.000027211   -440163.7829       -96.320
1.5000         2.775990     0.000008163   -440171.3188       -56.183
1.6000        -1.595230     0.000024490   -440175.6901       -32.076
1.7000        -4.038960     0.000019048   -440178.1337       -17.509
1.8000        -5.289297     0.000019048   -440179.3840        -8.605
1.9000        -5.769126     0.000010885   -440179.8638        -3.222
2.0000        -5.417819     0.000016327   -440179.5125        -0.797
2.1000        -4.994069     0.000024490   -440179.0888         0.682
2.2000        -4.519835     0.000010885   -440178.6145         1.769
2.3000        -3.976301     0.000016327   -440178.0711         2.238
2.4000        -3.447883     0.000019048   -440177.5426         2.534
2.5000        -2.734577     0.000005442   -440176.8294         2.236
2.6000        -2.160228     0.000002721   -440176.2550         2.080
2.7000        -1.692383     0.000002721   -440175.7872         1.926
2.8000        -1.301260     0.000013606   -440175.3959         1.824
2.9000        -0.968998     0.000013606   -440175.0637         1.742
3.0000        -0.680835     0.000008163   -440174.7755         1.625
3.1000        -0.412264     0.000019048   -440174.5069         1.531
3.2000        -0.137875     0.000019048   -440174.2326         1.425
3.3000         0.106680     0.000008163   -440173.9880         1.295
3.4000         0.325916     0.000005442   -440173.7689         1.169
3.5000         0.521517     0.000021769   -440173.5733         1.061
3.6000         0.695518     0.000027211   -440173.3991         0.958
3.7000         0.850351     0.000027211   -440173.2443         0.855
3.8000         0.988136     0.000021769   -440173.1066         0.745
3.9000         1.110108     0.000021769   -440172.9847         0.669
4.0000         1.217476     0.000002721   -440172.8772         0.590
5.0000         1.755100     0.000002721   -440172.3395         0.135
6.0000         1.865690     0.000016327   -440172.2291         0.029
7.0000         1.885774     0.000013606   -440172.2089         0.005
8.0000         1.889826     0.000024490   -440172.2048         0.001
9.0000         1.891007     0.000010885   -440172.2037        -0.000
10.0000         1.891543     0.000008163   -440172.2032        -0.000
100.0000         1.894237     0.000013606   -440172.2005
1000.0000         1.894441     0.000008163   -440172.2002
