0.0020  20941282.156793     0.000024490  20436586.3517
0.0040  10197182.435317     0.000013606   9692486.6308
0.0060   6628403.483195     0.000019048   6123707.6780
0.0080   4849987.500598     0.000021769   4345291.6948
0.0100   3786773.400371     0.000016327   3282077.5947
0.0120   3081314.698550     0.000005442   2576618.8938
0.0140   2580009.188348     0.000027211   2075313.3836
0.0160   2206099.202982     0.000024490   1701403.3982
0.0180   1917157.762660     0.000024490   1412461.9578
0.0200   1687740.438275     0.000019048   1183044.6335
0.0400    691048.651571     0.000010885    186352.8467
0.0600    386444.969663     0.000008163   -118250.8352
0.0800    246967.702631     0.000024490   -257728.1022
0.1000    170082.040041     0.000024490   -334613.7648
0.1200    123290.445613     0.000016327   -381405.3592
0.1400     92421.875659     0.000013606   -412273.9293
0.1600     70772.862176     0.000016327   -433922.9426
0.1800     55213.328478     0.000021769   -449482.4765
0.2000     43947.502406     0.000010885   -460748.3025
0.2400     29355.377436     0.000008163   -475340.4275
0.2800     20036.481095     0.000013606   -484659.3238
0.3200     14158.161226     0.000024490   -490537.6435
0.3600     10237.202576     0.000024490   -494458.6022
0.4000      7574.886749     0.000019048   -497120.9181
0.4500      5336.984325     0.000024490   -499358.8206    -37603.111
0.5000      3750.166861     0.000008163   -500945.6379    -25918.364
0.5500      2686.776119     0.000019048   -502009.0288    -17232.186
0.6000      1974.113804     0.000027211   -502721.6911    -11688.255
0.6500      1483.876521     0.000013606   -503211.9284     -8181.238
0.7000      1134.820905     0.000021769   -503560.9839     -5938.427
0.7500       877.371770     0.000016327   -503818.4331     -4451.809
0.8000       682.229728     0.000024490   -504013.5750     -3408.984
0.8500       531.920165     0.000027211   -504163.8848     -2639.214
0.9000       415.211483     0.000019048   -504280.5934     -2054.370
0.9500       324.200428     0.000024490   -504371.6043     -1604.726
1.0000       253.000692     0.000024490   -504442.8040     -1257.357
1.1000       153.153261     0.000005442   -504542.6516      -779.178
1.2000        90.947438     0.000010885   -504604.8574      -488.297
1.3000        51.855410     0.000008163   -504643.9493      -307.366
1.4000        27.459262     0.000019048   -504668.3457      -192.487
1.5000        12.717224     0.000016327   -504683.0877      -119.475
1.6000         3.718269     0.000021769   -504692.0866       -71.936
1.7000        -1.552334     0.000016327   -504697.3571       -41.447
1.8000        -4.465243     0.000016327   -504700.2701       -22.331
1.9000        -5.882181     0.000016327   -504701.6870       -10.682
2.0000        -6.430921     0.000005442   -504702.2359        -3.697
2.1000        -6.489654     0.000016327   -504702.2946         0.466
2.2000        -5.948958     0.000013606   -504701.7539         2.419
2.3000        -5.103979     0.000013606   -504700.9088         3.171
2.4000        -4.197902     0.000019048   -504700.0029         3.194
2.5000        -3.435983     0.000013606   -504699.2410         3.307
2.6000        -2.780390     0.000008163   -504698.5852         3.283
2.7000        -2.029412     0.000016327   -504697.8341         3.117
2.8000        -1.288585     0.000005442   -504697.0935         2.809
2.9000        -0.638632     0.000021769   -504696.4434         2.523
3.0000        -0.046575     0.000005442   -504695.8515         2.281
3.1000         0.455628     0.000016327   -504695.3492         2.029
3.2000         0.886071     0.000016327   -504694.9187         1.859
3.3000         1.258353     0.000013606   -504694.5465         1.698
3.4000         1.582906     0.000013606   -504694.2218         1.542
3.5000         1.868013     0.000024490   -504693.9369         1.387
3.6000         2.119474     0.000005442   -504693.6855         1.275
3.7000         2.342055     0.000013606   -504693.4629         1.160
3.8000         2.539291     0.000024490   -504693.2656         1.049
3.9000         2.714797     0.000010885   -504693.0901         0.941
4.0000         2.871200     0.000013606   -504692.9336         0.845
5.0000         3.714745     0.000016327   -504692.0901         0.247
6.0000         3.925043     0.000016327   -504691.8797         0.057
7.0000         3.968151     0.000024490   -504691.8368         0.012
8.0000         3.976690     0.000010885   -504691.8280         0.002
9.0000         3.978445     0.000019048   -504691.8264        -0.000
10.0000         3.978826     0.000024490   -504691.8261        -0.000
100.0000         3.978970     0.000013606   -504691.8259
1000.0000         3.978973     0.000016327   -504691.8259
