0.0020  22678882.229845     0.000024490  22161842.6714
0.0040  11042277.028973     0.000021769  10525237.4724
0.0060   7177188.548591     0.000016327   6660148.9917
0.0080   5250525.361228     0.000016327   4733485.8048
0.0100   4098516.147791     0.000016327   3581476.5902
0.0120   3333973.684179     0.000008163   2816934.1277
0.0140   2790433.133133     0.000016327   2273393.5755
0.0160   2384831.856851     0.000008163   1867792.2993
0.0180   2071834.106887     0.000016327   1554794.5494
0.0200   1823474.326832     0.000021769   1306434.7693
0.0400    744867.560798     0.000024490    227828.0033
0.0600    415525.927501     0.000019048   -101513.6300
0.0800    264728.487762     0.000027211   -252311.0698
0.1000    182030.682406     0.000024490   -335008.8751
0.1200    131788.712012     0.000019048   -385250.8456
0.1400     98529.025023     0.000024490   -418510.5325
0.1600     75276.861603     0.000010885   -441762.6960
0.1800     58795.363345     0.000013606   -458244.1942
0.2000     46889.166459     0.000016327   -470150.3911
0.2400     31095.867599     0.000013606   -485943.6900
0.2800     21241.546352     0.000019048   -495798.0113
0.3200     14961.872792     0.000027211   -502077.6847
0.3600     10773.462172     0.000013606   -506266.0955
0.4000      8003.569471     0.000024490   -509035.9881
0.4500      5594.930277     0.000024490   -511444.6274    -40481.044
0.5000      3941.703197     0.000024490   -513097.8544    -26526.799
0.5500      2856.965332     0.000019048   -514182.5921    -17582.595
0.6000      2126.380915     0.000019048   -514913.1767    -12088.629
0.6500      1613.460073     0.000019048   -515426.0974     -8691.045
0.7000      1237.433727     0.000019048   -515802.1238     -6487.176
0.7500       953.611394     0.000008163   -516085.9462     -4936.507
0.8000       736.785271     0.000013606   -516302.7723     -3780.638
0.8500       570.515092     0.000008163   -516469.0424     -2902.927
0.9000       442.703415     0.000024490   -516596.8541     -2235.439
0.9500       344.128604     0.000019048   -516695.4290     -1728.279
1.0000       267.767712     0.000019048   -516771.7899     -1342.389
1.1000       161.840711     0.000021769   -516877.7168      -821.256
1.2000        96.568072     0.000010885   -516942.9896      -509.220
1.3000        55.946589     0.000008163   -516983.6110      -316.633
1.4000        30.645496     0.000016327   -517008.9122      -195.748
1.5000        14.954319     0.000010885   -517024.6033      -119.831
1.6000         5.457104     0.000027211   -517034.1004       -72.225
1.7000        -0.245014     0.000019048   -517039.8025       -42.752
1.8000        -3.596457     0.000019048   -517043.1539       -24.515
1.9000        -5.460674     0.000024490   -517045.0181       -13.186
2.0000        -6.373445     0.000021769   -517045.9311        -6.125
2.1000        -6.635028     0.000010885   -517046.1926        -1.828
2.2000        -6.507559     0.000027211   -517046.0650         0.818
2.3000        -5.950060     0.000010885   -517045.5077         1.924
2.4000        -5.309523     0.000024490   -517044.8671         2.472
2.5000        -4.714761     0.000010885   -517044.2723         2.740
2.6000        -4.167499     0.000013606   -517043.7251         2.845
2.7000        -3.665960     0.000008163   -517043.2235         2.831
2.8000        -3.083922     0.000008163   -517042.6415         2.603
2.9000        -2.530181     0.000019048   -517042.0877         2.287
3.0000        -2.072134     0.000008163   -517041.6298         2.078
3.1000        -1.687664     0.000024490   -517041.2453         1.878
3.2000        -1.359337     0.000019048   -517040.9168         1.698
3.3000        -1.045949     0.000013606   -517040.6034         1.550
3.4000        -0.770066     0.000013606   -517040.3277         1.397
3.5000        -0.529240     0.000016327   -517040.0869         1.242
3.6000        -0.317894     0.000019048   -517039.8755         1.122
3.7000        -0.132413     0.000010885   -517039.6899         1.009
3.8000         0.030488     0.000019048   -517039.5272         0.895
3.9000         0.174542     0.000021769   -517039.3829         0.798
4.0000         0.301780     0.000027211   -517039.2559         0.713
5.0000         0.961874     0.000016327   -517038.5957         0.190
6.0000         1.111912     0.000013606   -517038.4455         0.047
7.0000         1.139088     0.000013606   -517038.4186         0.009
8.0000         1.143488     0.000008163   -517038.4139         0.002
9.0000         1.143967     0.000008163   -517038.4137         0.001
10.0000         1.143869     0.000016327   -517038.4137         0.000
100.0000         1.141883     0.000019048   -517038.4156
1000.0000         1.141722     0.000013606   -517038.4158
