0.0020  20905524.560183     0.000027211  20211992.5560
0.0040  10169703.747584     0.000021769   9476171.7417
0.0060   6607023.862987     0.000016327   5913491.8587
0.0080   4835720.067489     0.000005442   4142188.0637
0.0100   3777916.994767     0.000024490   3084384.9905
0.0120   3075112.257707     0.000016327   2381580.2527
0.0140   2575317.294337     0.000013606   1881785.2892
0.0160   2202405.713627     0.000013606   1508873.7085
0.0180   1914215.528127     0.000008163   1220683.5230
0.0200   1685295.066987     0.000027211    991763.0619
0.0400    688097.190818     0.000024490     -5434.8143
0.0600    384125.660293     0.000010885   -309406.3447
0.0800    244762.889893     0.000008163   -448769.1153
0.1000    168411.663717     0.000021769   -525120.3414
0.1200    121523.067655     0.000024490   -572008.9376
0.1400     90357.071899     0.000024490   -603174.9334
0.1600     68836.002111     0.000021769   -624696.0031
0.1800     53668.488168     0.000013606   -639863.5171
0.2000     42743.282593     0.000013606   -650788.7225
0.2400     28515.021872     0.000027211   -665016.9833
0.2800     19508.035793     0.000019048   -674023.9695
0.3200     13831.852718     0.000008163   -679700.1524
0.3600     10072.082873     0.000008163   -683459.9224
0.4000      7517.274414     0.000005442   -686014.7307
0.4500      5295.407742     0.000019048   -688236.5975    -36374.920
0.5000      3803.560913     0.000021769   -689728.4444    -24070.243
0.5500      2812.290479     0.000027211   -690719.7147    -16180.623
0.6000      2133.782415     0.000016327   -691398.2227    -11355.251
0.6500      1646.375111     0.000019048   -691885.6300     -8355.551
0.7000      1280.626376     0.000021769   -692251.3789     -6372.427
0.7500       999.741554     0.000010885   -692532.2636     -4907.375
0.8000       784.168646     0.000021769   -692747.8364     -3758.353
0.8500       619.419111     0.000010885   -692912.5861     -2869.087
0.9000       493.550766     0.000010885   -693038.4544     -2197.414
0.9500       396.898347     0.000016327   -693135.1068     -1696.696
1.0000       321.926747     0.000019048   -693210.0785     -1323.517
1.1000       216.535108     0.000019048   -693315.4702      -833.151
1.2000       148.788604     0.000024490   -693383.2165      -548.746
1.3000       103.363538     0.000027211   -693428.6416      -374.376
1.4000        71.999822     0.000021769   -693460.0054      -260.481
1.5000        49.999982     0.000019048   -693482.0053      -182.764
1.6000        34.523914     0.000024490   -693497.4812      -129.592
1.7000        23.412533     0.000024490   -693508.5927       -93.346
1.8000        15.179404     0.000016327   -693516.8258       -68.233
1.9000         8.984787     0.000024490   -693523.0205       -50.214
2.0000         4.581980     0.000013606   -693527.4233       -36.456
2.1000         1.350662     0.000013606   -693530.6544       -26.230
2.2000        -0.979099     0.000021769   -693532.9842       -18.548
2.3000        -2.608446     0.000021769   -693534.6136       -12.717
2.4000        -3.694045     0.000021769   -693535.6991        -8.319
2.5000        -4.367598     0.000010885   -693536.3728        -5.011
2.6000        -4.699941     0.000027211   -693536.7051        -2.670
2.7000        -4.723147     0.000019048   -693536.7282        -1.195
2.8000        -4.648762     0.000021769   -693536.6539        -0.142
2.9000        -4.504052     0.000016327   -693536.5092         0.620
3.0000        -4.312059     0.000021769   -693536.3173         1.169
3.1000        -4.056316     0.000016327   -693536.0615         1.499
3.2000        -3.743126     0.000016327   -693535.7483         1.654
3.3000        -3.435773     0.000019048   -693535.4408         1.732
3.4000        -3.137474     0.000019048   -693535.1426         1.742
3.5000        -2.851520     0.000024490   -693534.8566         1.697
3.6000        -2.581605     0.000013606   -693534.5867         1.653
3.7000        -2.328112     0.000013606   -693534.3333         1.568
3.8000        -2.059628     0.000027211   -693534.0648         1.439
3.9000        -1.808366     0.000027211   -693533.8136         1.331
4.0000        -1.582291     0.000013606   -693533.5875         1.216
5.0000        -0.255485     0.000027211   -693532.2607         0.378
6.0000         0.139864     0.000013606   -693531.8653         0.155
7.0000         0.282438     0.000013606   -693531.7227         0.059
8.0000         0.356181     0.000024490   -693531.6489         0.036
9.0000         0.402908     0.000016327   -693531.6021         0.024
10.0000         0.436090     0.000019048   -693531.5689         0.020
100.0000         0.638475     0.000021769   -693531.3668         0.000
1000.0000         0.654178     0.000013606   -693531.3510
