0.0020  16121824.251642     0.000021769  15788559.7375
0.0040   7864274.752767     0.000019048   7531010.2397
0.0060   5122275.661468     0.000019048   4789011.1481
0.0080   3753388.950328     0.000019048   3420124.4380
0.0100   2933995.622491     0.000024490   2600731.1091
0.0120   2389897.669198     0.000021769   2056633.1556
0.0140   2002821.632513     0.000024490   1669557.1189
0.0160   1713688.121488     0.000021769   1380423.6079
0.0180   1489755.561431     0.000021769   1156491.0479
0.0200   1311900.523185     0.000021769    978636.0097
0.0400    538693.914866     0.000016327    205429.4013
0.0600    301250.751843     0.000021769    -32013.7617
0.0800    192439.365907     0.000024490   -140825.1476
0.1000    132295.831683     0.000021769   -200968.6818
0.1200     95778.147786     0.000024490   -237486.3658
0.1400     72244.884221     0.000013606   -261019.6293
0.1600     55906.716427     0.000016327   -277357.7971
0.1800     43876.715583     0.000010885   -289387.7980
0.2000     34979.241838     0.000008163   -298285.2717
0.2400     23199.450255     0.000013606   -310065.0632
0.2800     16138.843200     0.000013606   -317125.6703
0.3200     11579.701876     0.000013606   -321684.8118
0.3600      8352.065006     0.000021769   -324912.4485
0.4000      6187.178564     0.000019048   -327077.3350    -44287.164
0.4500      4404.244980     0.000027211   -328860.2686    -28496.560
0.5000      3228.879101     0.000027211   -330035.6344    -19260.169
0.5500      2415.084613     0.000024490   -330849.4290    -13739.047
0.6000      1820.989562     0.000013606   -331443.5240    -10300.154
0.6500      1375.926228     0.000019048   -331888.5873     -7628.713
0.7000      1049.927069     0.000027211   -332214.5864     -5496.049
0.7500       813.734035     0.000019048   -332450.7794     -4008.410
0.8000       638.991454     0.000013606   -332625.5220     -2985.846
0.8500       508.116525     0.000021769   -332756.3971     -2258.342
0.9000       409.278705     0.000008163   -332855.2349     -1738.417
0.9500       332.015290     0.000027211   -332932.4984     -1385.791
1.0000       269.067897     0.000019048   -332995.4457     -1131.866
1.1000       176.164921     0.000010885   -333088.3487      -739.450
1.2000       117.439667     0.000024490   -333147.0738      -463.311
1.3000        80.838712     0.000016327   -333183.6748      -302.520
1.4000        55.853935     0.000016327   -333208.6595      -208.046
1.5000        39.206106     0.000024490   -333225.3074      -142.738
1.6000        27.724494     0.000016327   -333236.7890       -99.259
1.7000        19.718507     0.000008163   -333244.7951       -69.392
1.8000        14.203075     0.000008163   -333250.3103       -48.697
1.9000        10.317397     0.000019048   -333254.1961       -34.081
2.0000         7.591084     0.000019048   -333256.9224       -23.729
2.1000         5.690776     0.000024490   -333258.8229       -16.424
2.2000         4.430026     0.000008163   -333260.0836       -11.355
2.3000         3.617608     0.000016327   -333260.8958        -7.840
2.4000         3.236777     0.000027211   -333261.2768        -5.671
2.5000         3.048313     0.000005442   -333261.4651        -4.243
2.6000         2.885390     0.000016327   -333261.6281        -3.364
2.7000         2.727766     0.000013606   -333261.7857        -2.726
2.8000         2.566764     0.000002721   -333261.9468        -2.311
2.9000         2.408658     0.000016327   -333262.1048        -1.994
3.0000         2.285031     0.000016327   -333262.2284        -1.712
3.1000         2.159066     0.000008163   -333262.3544        -1.502
3.2000         2.041467     0.000021769   -333262.4722        -1.246
3.3000         1.938194     0.000013606   -333262.5753        -0.998
3.4000         1.853267     0.000013606   -333262.6602        -0.791
3.5000         1.789223     0.000010885   -333262.7245        -0.595
3.6000         1.744474     0.000019048   -333262.7691        -0.412
3.7000         1.717132     0.000019048   -333262.7963        -0.258
3.8000         1.705472     0.000013606   -333262.8080        -0.136
3.9000         1.707768     0.000021769   -333262.8058        -0.036
4.0000         1.721270     0.000021769   -333262.7922         0.048
5.0000         2.063908     0.000010885   -333262.4496         0.225
6.0000         2.305798     0.000005442   -333262.2077         0.111
7.0000         2.394450     0.000013606   -333262.1190         0.039
8.0000         2.421060     0.000010885   -333262.0926         0.014
9.0000         2.428168     0.000010885   -333262.0853         0.006
10.0000         2.429847     0.000005442   -333262.0836         0.003
100.0000         2.428013     0.000005442   -333262.0855
1000.0000         2.427771     0.000005442   -333262.0858
