0.0020         0.000000     0.000005442  37435728.0540
0.0040  18620429.288968     0.000024490  17786401.1879
0.0060  12090361.593812     0.000024490  11256333.4910
0.0080   8834593.541557     0.000008163   8000565.4386
0.0100   6887235.925296     0.000024490   6053207.8245
0.0120   5595820.984570     0.000008163   4761792.8840
0.0140   4680221.380230     0.000024490   3846193.2792
0.0160   3997202.228190     0.000005442   3163174.1264
0.0180   3470406.535216     0.000010885   2636378.4332
0.0200   3052594.167194     0.000019048   2218566.0654
0.0400   1238818.423955     0.000005442    404790.3221
0.0600    690921.492080     0.000010885   -143106.6098
0.0800    441729.325936     0.000016327   -392298.7760
0.1000    303255.391952     0.000021769   -530772.7100
0.1200    218997.503256     0.000016327   -615030.5988
0.1400    164520.761695     0.000021769   -669507.3401
0.1600    126415.207607     0.000021769   -707612.8944
0.1800     98456.780486     0.000027211   -735571.3213
0.2000     77801.763094     0.000019048   -756226.3388
0.2400     50689.816956     0.000013606   -783338.2850
0.2800     34340.469980     0.000008163   -799687.6319
0.3200     23789.073102     0.000013606   -810239.0289
0.3600     16990.203932     0.000027211   -817037.8980
0.4000     12314.919567     0.000019048   -821713.1824
0.4500      8436.198759     0.000013606   -825591.9032
0.5000      5912.747632     0.000005442   -828115.3542    -42606.909
0.5500      4126.275773     0.000019048   -829901.8261    -28801.104
0.6000      2947.987299     0.000005442   -831080.1147    -19076.688
0.6500      2157.400818     0.000016327   -831870.7010    -13009.212
0.7000      1609.310352     0.000019048   -832418.7915     -9189.930
0.7500      1216.111378     0.000021769   -832811.9905     -6686.540
0.8000       927.326024     0.000027211   -833100.7758     -4952.067
0.8500       712.331037     0.000019048   -833315.7709     -3708.658
0.9000       550.629466     0.000027211   -833477.4724     -2803.348
0.9500       427.878530     0.000019048   -833600.2233     -2138.226
1.0000       333.845733     0.000016327   -833694.2561     -1645.674
1.1000       204.478911     0.000024490   -833823.6229     -1000.077
1.2000       124.821272     0.000024490   -833903.2807      -624.452
1.3000        74.593950     0.000010885   -833953.5080      -395.512
1.4000        42.785607     0.000021769   -833985.3162      -250.583
1.5000        22.651977     0.000027211   -834005.4499      -158.049
1.6000         9.930160     0.000019048   -834018.1718       -99.116
1.7000         1.918496     0.000010885   -834026.1834       -61.689
1.8000        -3.087740     0.000013606   -834031.1897       -37.842
1.9000        -6.147234     0.000021769   -834034.2491       -22.584
2.0000        -7.921240     0.000021769   -834036.0230       -12.689
2.1000        -8.836860     0.000010885   -834036.9387        -6.314
2.2000        -9.185822     0.000008163   -834037.2878        -2.152
2.3000        -9.036567     0.000016327   -834037.1384         0.166
2.4000        -8.588047     0.000019048   -834036.6900         1.414
2.5000        -8.099197     0.000010885   -834036.2010         2.221
2.6000        -7.601895     0.000021769   -834035.7038         2.583
2.7000        -7.116422     0.000024490   -834035.2184         2.795
2.8000        -6.607360     0.000019048   -834034.7093         2.762
2.9000        -5.988382     0.000024490   -834034.0902         2.497
3.0000        -5.460119     0.000019048   -834033.5620         2.228
3.1000        -5.019806     0.000019048   -834033.1218         2.019
3.2000        -4.650441     0.000016327   -834032.7522         1.827
3.3000        -4.336446     0.000019048   -834032.4382         1.645
3.4000        -4.066645     0.000019048   -834032.1685         1.504
3.5000        -3.827838     0.000021769   -834031.9296         1.371
3.6000        -3.590857     0.000019048   -834031.6929         1.220
3.7000        -3.363878     0.000016327   -834031.4657         1.090
3.8000        -3.164819     0.000008163   -834031.2668         0.977
3.9000        -2.990336     0.000021769   -834031.0923         0.866
4.0000        -2.836519     0.000016327   -834030.9383         0.760
5.0000        -2.050727     0.000013606   -834030.1527         0.197
6.0000        -1.877007     0.000016327   -834029.9788         0.041
7.0000        -1.845412     0.000027211   -834029.9473         0.012
8.0000        -1.840652     0.000013606   -834029.9427         0.004
9.0000        -1.840467     0.000008163   -834029.9424         0.002
10.0000        -1.840873     0.000021769   -834029.9427         0.001
100.0000        -1.845765     0.000019048   -834029.9475
1000.0000        -1.846203     0.000021769   -834029.9481
