0.0020  13144824.292423     0.000010885  12905583.9870
0.0040   6418158.281749     0.000024490   6178917.9759
0.0060   4182364.444081     0.000027211   3943124.1384
0.0080   3066788.550062     0.000019048   2827548.2429
0.0100   2399132.292640     0.000019048   2159891.9864
0.0120   1955960.181323     0.000019048   1716719.8751
0.0140   1640320.591723     0.000005442   1401080.2852
0.0160   1404463.477491     0.000008163   1165223.1710
0.0180   1221992.499539     0.000021769    982752.1932
0.0200   1077010.677560     0.000021769    837770.3711
0.0400    444232.291290     0.000010885    204991.9849
0.0600    249219.618348     0.000019048      9979.3120
0.0800    159712.742067     0.000024490    -79527.5643
0.1000    110283.401889     0.000019048   -128956.9045
0.1200     79670.001838     0.000024490   -159570.3045
0.1400     59672.122756     0.000010885   -179568.1836
0.1600     46183.013353     0.000019048   -193057.2930
0.1800     36658.420410     0.000019048   -202581.8860
0.2000     29471.936659     0.000024490   -209768.3697
0.2400     19737.410220     0.000021769   -219502.8962
0.2800     13694.719059     0.000013606   -225545.5873
0.3200      9892.565217     0.000008163   -229347.7412
0.3600      7400.486969     0.000021769   -231839.8194
0.4000      5520.249567     0.000016327   -233720.0568    -40162.786
0.4500      3901.655680     0.000019048   -235338.6507    -25658.544
0.5000      2858.542880     0.000019048   -236381.7635    -16826.798
0.5500      2159.227478     0.000016327   -237081.0789    -11590.239
0.6000      1665.983366     0.000024490   -237574.3230     -8391.619
0.6500      1300.626654     0.000016327   -237939.6797     -6372.740
0.7000      1017.886002     0.000016327   -238222.4204     -4994.883
0.7500       796.020584     0.000021769   -238444.2858     -3894.191
0.8000       624.397155     0.000021769   -238615.9092     -2996.177
0.8500       492.688660     0.000019048   -238747.6177     -2300.052
0.9000       391.374151     0.000024490   -238848.9322     -1774.703
0.9500       312.916493     0.000008163   -238927.3899     -1380.258
1.0000       251.652928     0.000027211   -238988.6535     -1082.411
1.1000       165.217855     0.000024490   -239075.0885      -680.860
1.2000       110.258506     0.000027211   -239130.0479      -438.707
1.3000        74.542501     0.000024490   -239165.7639      -287.656
1.4000        50.959279     0.000010885   -239189.3471      -191.169
1.5000        35.176517     0.000008163   -239205.1299      -128.573
1.6000        24.483386     0.000013606   -239215.8230       -87.463
1.7000        17.158119     0.000013606   -239223.1483       -60.123
1.8000        12.091283     0.000016327   -239228.2151       -41.729
1.9000         8.555777     0.000019048   -239231.7506       -29.236
2.0000         6.081641     0.000019048   -239234.2247       -20.625
2.1000         4.381337     0.000013606   -239235.9250       -14.721
2.2000         3.171107     0.000021769   -239237.1353       -10.532
2.3000         2.309752     0.000021769   -239237.9966        -7.491
2.4000         1.698119     0.000021769   -239238.6083        -5.334
2.5000         1.266848     0.000019048   -239239.0395        -3.681
2.6000         0.966198     0.000013606   -239239.3402        -2.533
2.7000         0.760814     0.000008163   -239239.5456        -1.626
2.8000         0.624289     0.000016327   -239239.6821        -0.987
2.9000         0.538005     0.000019048   -239239.7684        -0.523
3.0000         0.487759     0.000016327   -239239.8186        -0.158
3.1000         0.462898     0.000027211   -239239.8435         0.060
3.2000         0.456411     0.000021769   -239239.8500         0.222
3.3000         0.462088     0.000016327   -239239.8443         0.349
3.4000         0.475941     0.000010885   -239239.8305         0.400
3.5000         0.495683     0.000008163   -239239.8107         0.434
3.6000         0.518679     0.000021769   -239239.7877         0.455
3.7000         0.543148     0.000016327   -239239.7632         0.454
3.8000         0.568277     0.000021769   -239239.7381         0.437
3.9000         0.593725     0.000019048   -239239.7127         0.417
4.0000         0.618632     0.000027211   -239239.6878         0.396
5.0000         0.790894     0.000008163   -239239.5155         0.143
6.0000         0.852084     0.000024490   -239239.4543         0.038
7.0000         0.869083     0.000008163   -239239.4373         0.008
8.0000         0.873374     0.000013606   -239239.4330         0.001
9.0000         0.874392     0.000010885   -239239.4320        -0.000
10.0000         0.874629     0.000010885   -239239.4317        -0.001
100.0000         0.874691     0.000010885   -239239.4317
1000.0000         0.874694     0.000010885   -239239.4317
