0.0020   8832535.396036     0.000019048   8453916.1887
0.0040   4306267.425610     0.000019048   3927648.2175
0.0060   2803337.457232     0.000019048   2424718.2499
0.0080   2055042.308626     0.000013606   1676423.1013
0.0100   1608147.754514     0.000016327   1229528.5472
0.0120   1311968.954037     0.000010885    933349.7467
0.0140   1101361.485896     0.000010885    722742.2784
0.0160    944231.101105     0.000019048    565611.8938
0.0180    822606.946450     0.000021769    443987.7392
0.0200    725631.742159     0.000019048    347012.5348
0.0400    303023.922030     0.000008163    -75595.2854
0.0600    171228.149616     0.000008163   -207391.0578
0.0800    109894.098899     0.000027211   -268725.1085
0.1000     75911.616716     0.000021769   -302707.5908
0.1200     54861.707749     0.000024490   -323757.4997
0.1400     41029.459318     0.000013606   -337589.7481
0.1600     31614.909538     0.000019048   -347004.2979
0.1800     25001.320115     0.000024490   -353617.8873
0.2000     20154.597316     0.000021769   -358464.6100
0.2400     13330.796347     0.000016327   -365288.4110
0.2800      9152.631239     0.000024490   -369466.5761
0.3200      6483.344470     0.000019048   -372135.8630
0.3600      4726.970104     0.000027211   -373892.2372    -35729.212
0.4000      3529.351757     0.000019048   -375089.8557    -25084.370
0.4500      2487.390609     0.000016327   -376131.8168    -17191.402
0.5000      1773.291762     0.000008163   -376845.9156    -11647.566
0.5500      1292.368733     0.000008163   -377326.8387     -7844.937
0.6000       967.122587     0.000021769   -377652.0848     -5373.694
0.6500       741.708719     0.000010885   -377877.4986     -3783.055
0.7000       580.520461     0.000013606   -378038.6869     -2758.318
0.7500       460.740100     0.000021769   -378158.4674     -2091.317
0.8000       368.308321     0.000024490   -378250.8991     -1633.815
0.8500       295.253347     0.000008163   -378323.9540     -1292.193
0.9000       237.527070     0.000019048   -378381.6803     -1015.986
0.9500       192.775138     0.000016327   -378426.4322      -799.065
1.0000       157.460506     0.000013606   -378461.7468      -620.833
1.1000       108.699791     0.000016327   -378510.5077      -380.125
1.2000        77.091047     0.000016327   -378542.1162      -249.668
1.3000        54.803327     0.000024490   -378564.4040      -179.530
1.4000        39.595449     0.000024490   -378579.6119      -128.116
1.5000        28.602238     0.000027211   -378590.6053       -93.472
1.6000        20.562942     0.000013606   -378598.6444       -68.311
1.7000        14.698325     0.000021769   -378604.5090       -49.636
1.8000        10.451326     0.000024490   -378608.7561       -35.806
1.9000         7.405794     0.000024490   -378611.8016       -25.518
2.0000         5.240684     0.000005442   -378613.9668       -18.100
2.1000         3.711814     0.000024490   -378615.4956       -12.737
2.2000         2.638662     0.000021769   -378616.5688        -8.940
2.3000         1.886887     0.000024490   -378617.3206        -6.251
2.4000         1.360300     0.000024490   -378617.8472        -4.402
2.5000         0.989382     0.000024490   -378618.2181        -3.111
2.6000         0.725687     0.000008163   -378618.4818        -2.236
2.7000         0.535512     0.000005442   -378618.6720        -1.624
2.8000         0.395961     0.000005442   -378618.8116        -1.206
2.9000         0.291527     0.000024490   -378618.9158        -0.914
3.0000         0.211748     0.000019048   -378618.9958        -0.704
3.1000         0.149878     0.000019048   -378619.0575        -0.551
3.2000         0.101224     0.000008163   -378619.1063        -0.429
3.3000         0.062562     0.000005442   -378619.1449        -0.347
3.4000         0.031816     0.000010885   -378619.1756        -0.276
3.5000         0.007453     0.000024490   -378619.1999        -0.215
3.6000        -0.011788     0.000016327   -378619.2192        -0.171
3.7000        -0.026830     0.000021769   -378619.2341        -0.135
3.8000        -0.038412     0.000019048   -378619.2458        -0.102
3.9000        -0.047081     0.000016327   -378619.2546        -0.074
4.0000        -0.053334     0.000013606   -378619.2608        -0.053
5.0000        -0.055821     0.000016327   -378619.2633         0.016
6.0000        -0.042281     0.000027211   -378619.2497         0.008
7.0000        -0.037378     0.000008163   -378619.2448         0.002
8.0000        -0.036175     0.000005442   -378619.2437         0.000
9.0000        -0.035922     0.000002721   -378619.2434        -0.000
10.0000        -0.035876     0.000002721   -378619.2434        -0.000
100.0000        -0.035862     0.000002721   -378619.2434
1000.0000        -0.035859     0.000002721   -378619.2434
