0.0020   6860093.792046     0.000019048   6210341.5164
0.0040   3344006.789772     0.000016327   2694254.5141
0.0060   2175897.093402     0.000019048   1526144.8177
0.0080   1595000.947297     0.000013606    945248.6714
0.0100   1247895.783555     0.000016327    598143.5079
0.0120   1017571.508150     0.000019048    367819.2324
0.0140    853918.142740     0.000016327    204165.8670
0.0160    731779.805046     0.000008163     82027.5293
0.0180    637305.031636     0.000021769    -12447.2441
0.0200    562166.800150     0.000021769    -87585.4756
0.0400    233540.243093     0.000021769   -416212.0327
0.0600    132026.728800     0.000021769   -517725.5469
0.0800     85244.980649     0.000013606   -564507.2950
0.1000     59205.850563     0.000019048   -590546.4252
0.1200     43056.515604     0.000021769   -606695.7601
0.1400     32494.714347     0.000019048   -617257.5614
0.1600     25315.916711     0.000021769   -624436.3590
0.1800     20214.459155     0.000013606   -629537.8166
0.2000     16320.869746     0.000019048   -633431.4060
0.2400     10850.370391     0.000008163   -638901.9053
0.2800      7496.690816     0.000019048   -642255.5849
0.3200      5384.810302     0.000016327   -644367.4655    -42164.951
0.3600      3994.057382     0.000013606   -645758.2184    -28600.787
0.4000      3027.076074     0.000013606   -646725.1996    -20360.849
0.4500      2186.310782     0.000008163   -647565.9651    -13736.106
0.5000      1615.811339     0.000027211   -648136.4645     -9381.687
0.5500      1223.053908     0.000016327   -648529.2218     -6526.716
0.6000       946.736272     0.000019048   -648805.5394     -4653.092
0.6500       746.982900     0.000013606   -649005.2928     -3429.710
0.7000       593.911222     0.000021769   -649158.3645     -2747.029
0.7500       469.627706     0.000021769   -649282.6480     -2239.827
0.8000       369.510485     0.000016327   -649382.7652     -1780.002
0.8500       290.867815     0.000008163   -649461.4081     -1380.286
0.9000       230.161696     0.000027211   -649522.1140     -1059.937
0.9500       183.542363     0.000019048   -649568.7333      -812.585
1.0000       147.733760     0.000024490   -649604.5419      -624.422
1.1000        98.716814     0.000024490   -649653.5589      -375.757
1.2000        68.635514     0.000019048   -649683.6403      -237.255
1.3000        49.106961     0.000027211   -649703.1688      -159.833
1.4000        35.593516     0.000024490   -649716.6822      -113.806
1.5000        25.820091     0.000024490   -649726.4558       -83.239
1.6000        18.635330     0.000013606   -649733.6404       -61.165
1.7000        13.362023     0.000019048   -649738.9137       -44.541
1.8000         9.556226     0.000021769   -649742.7195       -32.288
1.9000         6.854425     0.000008163   -649745.4213       -23.174
2.0000         4.942806     0.000019048   -649747.3329       -16.734
2.1000         3.579082     0.000019048   -649748.6967       -12.085
2.2000         2.585752     0.000021769   -649749.6899        -8.922
2.3000         1.845148     0.000019048   -649750.4306        -6.567
2.4000         1.280465     0.000016327   -649750.9953        -4.940
2.5000         0.840405     0.000016327   -649751.4353        -3.795
2.6000         0.491612     0.000019048   -649751.7841        -2.897
2.7000         0.220807     0.000024490   -649752.0549        -2.237
2.8000         0.019989     0.000016327   -649752.2557        -1.753
2.9000        -0.135673     0.000019048   -649752.4114        -1.335
3.0000        -0.253346     0.000027211   -649752.5292        -0.993
3.1000        -0.339217     0.000016327   -649752.6149        -0.769
3.2000        -0.397341     0.000019048   -649752.6731        -0.551
3.3000        -0.432944     0.000024490   -649752.7088        -0.359
3.4000        -0.450240     0.000019048   -649752.7259        -0.208
3.5000        -0.451742     0.000005442   -649752.7275        -0.109
3.6000        -0.441004     0.000013606   -649752.7167        -0.021
3.7000        -0.420291     0.000013606   -649752.6960         0.059
3.8000        -0.392527     0.000010885   -649752.6682         0.121
3.9000        -0.359590     0.000013606   -649752.6353         0.152
4.0000        -0.322833     0.000019048   -649752.5986         0.183
5.0000         0.056053     0.000019048   -649752.2198         0.172
6.0000         0.258255     0.000024490   -649752.0176         0.070
7.0000         0.330156     0.000024490   -649751.9455         0.026
8.0000         0.351982     0.000021769   -649751.9237         0.009
9.0000         0.358031     0.000024490   -649751.9177         0.002
10.0000         0.359484     0.000027211   -649751.9164         0.001
100.0000         0.357756     0.000016327   -649751.9180
1000.0000         0.357590     0.000021769   -649751.9183
