0.0020  26198501.269769     0.000008163  25653040.4729
0.0040  12758616.107489     0.000021769  12213155.3104
0.0060   8291231.875213     0.000019048   7745771.0777
0.0080   6065518.235624     0.000013606   5520057.4379
0.0100   4735182.502009     0.000021769   4189721.7057
0.0120   3850961.599018     0.000021769   3305500.8025
0.0140   3222619.892656     0.000010885   2677159.0963
0.0160   2754611.129849     0.000019048   2209150.3335
0.0180   2392738.417610     0.000024490   1847277.6211
0.0200   2105574.481042     0.000019048   1560113.6845
0.0400    857572.326787     0.000008163    312111.5303
0.0600    477184.622290     0.000024490    -68276.1742
0.0800    303178.260069     0.000019048   -242282.5364
0.1000    208433.338998     0.000010885   -337027.4576
0.1200    150654.281668     0.000021769   -394806.5148
0.1400    112497.416313     0.000021769   -432963.3800
0.1600     86458.440404     0.000021769   -459002.3562
0.1800     68072.793494     0.000010885   -477388.0028
0.2000     54745.464598     0.000016327   -490715.3318
0.2400     35972.261190     0.000005442   -509488.5354
0.2800     24490.386713     0.000021769   -520970.4098
0.3200     17232.059061     0.000024490   -528228.7373
0.3600     12550.291492     0.000019048   -532910.5050
0.4000      9274.903702     0.000016327   -536185.8929
0.4500      6422.738495     0.000021769   -539038.0581    -45165.049
0.5000      4585.600845     0.000019048   -540875.1957    -29680.913
0.5500      3354.724808     0.000024490   -542106.0717    -20298.121
0.6000      2494.938808     0.000013606   -542965.8576    -14478.975
0.6500      1870.187072     0.000013606   -543590.6092    -10666.430
0.7000      1409.822408     0.000021769   -544050.9741     -7876.463
0.7500      1071.461145     0.000024490   -544389.3353     -5774.399
0.8000       823.852125     0.000027211   -544636.9443     -4227.609
0.8500       641.961472     0.000013606   -544818.8351     -3118.630
0.9000       506.836591     0.000010885   -544953.9598     -2333.448
0.9500       404.744756     0.000024490   -545056.0518     -1778.142
1.0000       326.008979     0.000024490   -545134.7874     -1382.390
1.1000       214.763445     0.000024490   -545246.0330      -874.487
1.2000       144.019927     0.000013606   -545316.7764      -564.667
1.3000        98.052249     0.000024490   -545362.7443      -365.475
1.4000        68.305222     0.000019048   -545392.4913      -238.260
1.5000        48.588753     0.000016327   -545412.2076      -160.100
1.6000        35.273926     0.000010885   -545425.5227      -113.192
1.7000        25.755774     0.000021769   -545435.0407       -82.553
1.8000        18.788283     0.000019048   -545442.0081       -60.875
1.9000        13.664320     0.000024490   -545447.1320       -44.918
2.0000         9.984316     0.000013606   -545450.8121       -33.210
2.1000         7.299392     0.000019048   -545453.4971       -24.391
2.2000         5.374819     0.000008163   -545455.4217       -17.898
2.3000         3.980268     0.000024490   -545456.8163       -13.062
2.4000         2.975539     0.000008163   -545457.8209        -9.539
2.5000         2.264775     0.000024490   -545458.5317        -7.082
2.6000         1.745889     0.000021769   -545459.0506        -5.288
2.7000         1.352670     0.000005442   -545459.4438        -4.093
2.8000         1.047397     0.000016327   -545459.7491        -3.215
2.9000         0.795746     0.000019048   -545460.0006        -2.641
3.0000         0.584773     0.000021769   -545460.2117        -2.222
3.1000         0.399809     0.000016327   -545460.3965        -1.879
3.2000         0.239953     0.000024490   -545460.5565        -1.634
3.3000         0.099749     0.000010885   -545460.6966        -1.388
3.4000        -0.020964     0.000019048   -545460.8175        -1.199
3.5000        -0.122604     0.000019048   -545460.9190        -1.024
3.6000        -0.209228     0.000005442   -545461.0058        -0.861
3.7000        -0.278185     0.000019048   -545461.0746        -0.730
3.8000        -0.333887     0.000016327   -545461.1304        -0.571
3.9000        -0.378630     0.000019048   -545461.1750        -0.497
4.0000        -0.410016     0.000013606   -545461.2066        -0.404
5.0000        -0.404108     0.000024490   -545461.2006         0.026
6.0000        -0.259806     0.000024490   -545461.0564         0.058
7.0000        -0.173407     0.000010885   -545460.9699         0.043
8.0000        -0.135673     0.000013606   -545460.9320         0.023
9.0000        -0.121439     0.000013606   -545460.9179         0.001
10.0000        -0.116204     0.000008163   -545460.9127         0.007
100.0000        -0.108612     0.000008163   -545460.9051        -0.000
1000.0000        -0.108195     0.000008163   -545460.9045
