0.0020   6952204.319832     0.000010885   6801707.9309
0.0040   3397922.518328     0.000008163   3247426.1296
0.0060   2216651.361336     0.000008163   2066154.9730
0.0080   1628395.851980     0.000008163   1477899.4638
0.0100   1276552.476130     0.000021769   1126056.0879
0.0120   1042731.140712     0.000010885    892234.7524
0.0140    876179.713833     0.000008163    725683.3256
0.0160    751708.250529     0.000010885    601211.8622
0.0180    655439.619591     0.000019048    504943.2314
0.0200    578729.209360     0.000024490    428232.8212
0.0400    242084.739981     0.000008163     91588.3517
0.0600    138035.996433     0.000021769    -12460.3918
0.0800     89404.508647     0.000019048    -61091.8796
0.1000     62234.072026     0.000019048    -88262.3162
0.1200     45561.695203     0.000021769   -104934.6930
0.1400     34458.283406     0.000021769   -116038.1049
0.1600     26639.608914     0.000021769   -123856.7793
0.1800     20974.310307     0.000010885   -129522.0780
0.2000     16811.799845     0.000016327   -133684.5884
0.2400     11351.841105     0.000010885   -139144.5472
0.2800      8113.629371     0.000019048   -142382.7589
0.3200      5840.067904     0.000008163   -144656.3204    -47173.685
0.3600      4287.629041     0.000010885   -146208.7592    -31600.829
0.4000      3235.090012     0.000013606   -147261.2983    -21862.226
0.4500      2341.944252     0.000019048   -148154.4440    -14493.230
0.5000      1742.329732     0.000024490   -148754.0585     -9889.857
0.5500      1326.034563     0.000008163   -149170.3537     -7032.026
0.6000      1017.967456     0.000013606   -149478.4208     -5503.284
0.6500       769.086355     0.000016327   -149727.3019     -4344.464
0.7000       580.226300     0.000013606   -149916.1620     -3246.646
0.7500       439.831114     0.000013606   -150056.5572     -2408.941
0.8000       335.462049     0.000019048   -150160.9262     -1796.865
0.8500       257.267071     0.000027211   -150239.1212     -1353.557
0.9000       198.047310     0.000019048   -150298.3409     -1031.369
0.9500       152.673456     0.000019048   -150343.7148      -794.947
1.0000       117.528014     0.000013606   -150378.8603      -618.996
1.1000        68.490071     0.000016327   -150427.8982      -382.673
1.2000        38.168636     0.000024490   -150458.2196      -237.614
1.3000        19.316812     0.000024490   -150477.0715      -145.610
1.4000         7.990352     0.000013606   -150488.3979       -87.095
1.5000         1.242761     0.000013606   -150495.1455       -50.888
1.6000        -2.685441     0.000010885   -150499.0737       -28.855
1.7000        -4.871874     0.000016327   -150501.2601       -15.560
1.8000        -5.969035     0.000005442   -150502.3573        -7.446
1.9000        -6.321977     0.000024490   -150502.7102        -2.630
2.0000        -6.247239     0.000013606   -150502.6355         0.216
2.1000        -5.842676     0.000010885   -150502.2309         1.687
2.2000        -5.181232     0.000021769   -150501.5695         2.155
2.3000        -4.584984     0.000013606   -150500.9732         2.452
2.4000        -4.023646     0.000010885   -150500.4119         2.558
2.5000        -3.511454     0.000019048   -150499.8997         2.580
2.6000        -2.955226     0.000016327   -150499.3435         2.418
2.7000        -2.412113     0.000013606   -150498.8004         2.101
2.8000        -1.968968     0.000016327   -150498.3572         1.913
2.9000        -1.600000     0.000024490   -150497.9883         1.749
3.0000        -1.286332     0.000005442   -150497.6746         1.595
3.1000        -1.005254     0.000005442   -150497.3935         1.476
3.2000        -0.739200     0.000010885   -150497.1275         1.349
3.3000        -0.506050     0.000021769   -150496.8943         1.207
3.4000        -0.300544     0.000024490   -150496.6888         1.100
3.5000        -0.119036     0.000016327   -150496.5073         0.998
3.6000         0.041522     0.000016327   -150496.3467         0.898
3.7000         0.183810     0.000021769   -150496.2044         0.799
3.8000         0.309970     0.000010885   -150496.0783         0.716
3.9000         0.421706     0.000016327   -150495.9666         0.642
4.0000         0.520344     0.000010885   -150495.8679         0.570
5.0000         1.028098     0.000019048   -150495.3602         0.149
6.0000         1.138473     0.000016327   -150495.2498         0.030
7.0000         1.157546     0.000019048   -150495.2307         0.008
8.0000         1.160084     0.000027211   -150495.2282         0.002
9.0000         1.160011     0.000008163   -150495.2283         0.001
10.0000         1.159586     0.000021769   -150495.2287         0.000
100.0000         1.155731     0.000013606   -150495.2325
1000.0000         1.155431     0.000016327   -150495.2328
