0.0020         0.000000     0.000021769  36727253.9437
0.0040  18249358.969837     0.000021769  17423342.3070
0.0060  11838387.257699     0.000024490  11012370.5964
0.0080   8645804.268504     0.000021769   7819787.6069
0.0100   6738276.865432     0.000016327   5912260.2029
0.0120   5473254.741170     0.000021769   4647238.0797
0.0140   4576808.524812     0.000019048   3750791.8636
0.0160   3908621.027407     0.000019048   3082604.3666
0.0180   3393076.064861     0.000010885   2567059.4033
0.0200   2984043.420531     0.000016327   2158026.7589
0.0400   1206108.069550     0.000027211    380091.4079
0.0600    667335.771875     0.000010885   -158680.8897
0.0800    422979.289157     0.000016327   -403037.3725
0.1000    289953.417092     0.000021769   -536063.2443
0.1200    209199.902663     0.000021769   -616816.7589
0.1400    157206.940443     0.000024490   -668809.7210
0.1600    121208.120987     0.000019048   -704808.5404
0.1800     94547.089009     0.000021769   -731469.5726
0.2000     74782.422227     0.000010885   -751234.2392
0.2400     48671.453117     0.000008163   -777345.2085
0.2800     33098.522958     0.000021769   -792918.1386
0.3200     22838.815441     0.000016327   -803177.8461
0.3600     16284.135115     0.000024490   -809732.5263
0.4000     11892.987198     0.000021769   -814123.6742
0.4500      8173.224541     0.000019048   -817843.4369
0.5000      5748.954550     0.000021769   -820267.7070    -39538.209
0.5500      4063.685483     0.000021769   -821952.9760    -27978.503
0.6000      2917.575495     0.000016327   -823099.0860    -18547.355
0.6500      2149.860143     0.000013606   -823866.8014    -12618.807
0.7000      1618.028029     0.000005442   -824398.6334     -8931.427
0.7500      1234.594112     0.000010885   -824782.0675     -6559.181
0.8000       950.210438     0.000021769   -825066.4511     -4903.643
0.8500       736.708486     0.000019048   -825279.9531     -3696.907
0.9000       575.228310     0.000021769   -825441.4331     -2807.700
0.9500       452.178929     0.000021769   -825564.4825     -2147.838
1.0000       357.723072     0.000024490   -825658.9385     -1654.449
1.1000       227.951617     0.000013606   -825788.7099     -1001.657
1.2000       148.446856     0.000016327   -825868.2148      -622.818
1.3000        98.562675     0.000019048   -825918.0990      -397.889
1.4000        66.526429     0.000019048   -825950.1352      -261.502
1.5000        45.295290     0.000002721   -825971.3664      -174.876
1.6000        31.047049     0.000021769   -825985.6145      -118.791
1.7000        21.265997     0.000016327   -825995.3957       -81.657
1.8000        14.492033     0.000016327   -826002.1694       -56.794
1.9000         9.747699     0.000010885   -826006.9137       -39.895
2.0000         6.419636     0.000016327   -826010.2419       -28.215
2.1000         4.074047     0.000024490   -826012.5875       -20.097
2.2000         2.409790     0.000027211   -826014.2518       -14.328
2.3000         1.223522     0.000002721   -826015.4379       -10.262
2.4000         0.377104     0.000010885   -826016.2845        -7.396
2.5000        -0.224513     0.000019048   -826016.8861        -5.195
2.6000        -0.647887     0.000013606   -826017.3095        -3.718
2.7000        -0.941008     0.000019048   -826017.6026        -2.537
2.8000        -1.137529     0.000008163   -826017.7991        -1.723
2.9000        -1.245999     0.000005442   -826017.9076        -1.072
3.0000        -1.282367     0.000005442   -826017.9438        -0.693
3.1000        -1.282283     0.000019048   -826017.9438        -0.326
3.2000        -1.256990     0.000016327   -826017.9185        -0.080
3.3000        -1.213743     0.000016327   -826017.8753         0.055
3.4000        -1.158653     0.000013606   -826017.8203         0.169
3.5000        -1.096459     0.000024490   -826017.7580         0.259
3.6000        -1.030259     0.000005442   -826017.6919         0.287
3.7000        -0.962777     0.000019048   -826017.6244         0.329
3.8000        -0.895932     0.000019048   -826017.5574         0.337
3.9000        -0.831150     0.000021769   -826017.4927         0.338
4.0000        -0.769212     0.000019048   -826017.4306         0.321
5.0000        -0.366257     0.000021769   -826017.0279         0.134
6.0000        -0.231814     0.000005442   -826016.8935         0.039
7.0000        -0.188363     0.000013606   -826016.8499         0.021
8.0000        -0.171206     0.000005442   -826016.8328         0.010
9.0000        -0.162370     0.000005442   -826016.8238         0.007
10.0000        -0.156721     0.000021769   -826016.8184         0.005
100.0000        -0.126190     0.000024490   -826016.7876         0.000
1000.0000        -0.123983     0.000021769   -826016.7855
