0.0020  19700458.075341     0.000021769  19264123.4927
0.0040   9598590.278037     0.000021769   9162255.6951
0.0060   6243922.002326     0.000019048   5807587.4211
0.0080   4570648.380754     0.000013606   4134313.7986
0.0100   3569788.338151     0.000016327   3133453.7553
0.0120   2905358.956154     0.000024490   2469024.3741
0.0140   2432980.026637     0.000021769   1996645.4448
0.0160   2080300.007875     0.000021769   1643965.4260
0.0180   1807710.637826     0.000019048   1371376.0560
0.0200   1591405.947688     0.000016327   1155071.3657
0.0400    651487.842455     0.000016327    215153.2606
0.0600    363518.379369     0.000021769    -72816.2026
0.0800    231874.273611     0.000005442   -204460.3083
0.1000    159559.005745     0.000019048   -276775.5761
0.1200    115681.618046     0.000016327   -320652.9638
0.1400     86776.582816     0.000010885   -349557.9990
0.1600     66441.316307     0.000016327   -369893.2657
0.1800     51841.341429     0.000019048   -384493.2404
0.2000     41116.545432     0.000027211   -395218.0366
0.2400     27208.544355     0.000013606   -409126.0377
0.2800     18676.958205     0.000019048   -417657.6237
0.3200     13114.690828     0.000024490   -423219.8910
0.3600      9484.235967     0.000024490   -426850.3459
0.4000      6997.743650     0.000005442   -429336.8384
0.4500      4924.354858     0.000016327   -431410.2270    -33092.693
0.5000      3537.167659     0.000021769   -432797.4142    -23612.836
0.5500      2536.762909     0.000010885   -433797.8191    -16493.194
0.6000      1855.425205     0.000016327   -434479.1568    -11123.434
0.6500      1392.407125     0.000019048   -434942.1748     -7654.696
0.7000      1068.913764     0.000016327   -435265.6682     -5454.162
0.7500       833.317731     0.000021769   -435501.2642     -4064.541
0.8000       653.534378     0.000005442   -435681.0475     -3156.596
0.8500       513.614612     0.000016327   -435820.9674     -2477.334
0.9000       403.352882     0.000024490   -435931.2290     -1943.357
0.9500       316.953015     0.000010885   -436017.6288     -1520.424
1.0000       249.698994     0.000010885   -436084.8828     -1181.194
1.1000       157.161069     0.000016327   -436177.4209      -713.845
1.2000       100.867510     0.000013606   -436233.7145      -438.163
1.3000        65.927544     0.000021769   -436268.6544      -276.726
1.4000        44.304327     0.000024490   -436290.2777      -181.721
1.5000        30.084669     0.000021769   -436304.4973      -121.145
1.6000        20.611060     0.000005442   -436313.9709       -80.822
1.7000        14.306079     0.000010885   -436320.2758       -53.577
1.8000        10.148275     0.000021769   -436324.4337       -35.138
1.9000         7.450712     0.000019048   -436327.1312       -22.756
2.0000         5.885063     0.000010885   -436328.6969       -14.896
2.1000         5.049627     0.000016327   -436329.5323       -10.098
2.2000         4.496634     0.000002721   -436330.0852        -6.919
2.3000         4.197581     0.000008163   -436330.3843        -5.006
2.4000         4.162372     0.000010885   -436330.4194        -4.098
2.5000         4.084169     0.000016327   -436330.4978        -3.375
2.6000         3.982287     0.000002721   -436330.5995        -2.756
2.7000         3.876906     0.000024490   -436330.7051        -2.190
2.8000         3.782637     0.000019048   -436330.7993        -1.676
2.9000         3.709479     0.000008163   -436330.8725        -1.250
3.0000         3.660605     0.000024490   -436330.9212        -0.852
3.1000         3.635720     0.000013606   -436330.9462        -0.551
3.2000         3.633652     0.000024490   -436330.9484        -0.299
3.3000         3.650194     0.000005442   -436330.9318        -0.080
3.4000         3.681471     0.000021769   -436330.9005         0.074
3.5000         3.724971     0.000021769   -436330.8570         0.180
3.6000         3.776974     0.000024490   -436330.8050         0.275
3.7000         3.834429     0.000002721   -436330.7476         0.338
3.8000         3.895159     0.000021769   -436330.6866         0.367
3.9000         3.957862     0.000002721   -436330.6240         0.383
4.0000         4.020818     0.000005442   -436330.5612         0.391
5.0000         4.497132     0.000008163   -436330.0847         0.206
6.0000         4.682393     0.000019048   -436329.8994         0.082
7.0000         4.739071     0.000016327   -436329.8428         0.029
8.0000         4.757393     0.000002721   -436329.8246         0.013
9.0000         4.764694     0.000019048   -436329.8172         0.008
10.0000         4.768552     0.000010885   -436329.8134         0.005
100.0000         4.785853     0.000016327   -436329.7960         0.000
1000.0000         4.787029     0.000024490   -436329.7949
