0.0020   9129576.782795     0.000019048   8979906.0569
0.0040   4467153.191143     0.000010885   4317482.4645
0.0060   2915272.124755     0.000021769   2765601.3993
0.0080   2141144.611653     0.000019048   1991473.8850
0.0100   1677746.242965     0.000019048   1528075.5164
0.0120   1370532.715694     0.000008163   1220861.9889
0.0140   1151826.175380     0.000005442   1002155.4486
0.0160    988098.526802     0.000024490    838427.8000
0.0180    860991.168638     0.000013606    711320.4419
0.0200    760071.694508     0.000013606    610400.9678
0.0400    316243.403644     0.000010885    166572.6770
0.0600    178594.651228     0.000008163     28923.9246
0.0800    114851.152548     0.000027211    -34819.5741
0.1000     79766.168596     0.000021769    -69904.5581
0.1200     58155.745022     0.000019048    -91514.9816
0.1400     43726.156529     0.000019048   -105944.5701
0.1600     33695.200876     0.000024490   -115975.5258
0.1800     26584.613526     0.000005442   -123086.1131
0.2000     21445.258281     0.000008163   -128225.4684
0.2400     14742.561768     0.000024490   -134928.1649
0.2800     10327.030535     0.000013606   -139343.6961
0.3200      7483.308363     0.000027211   -142187.4183
0.3600      5478.233411     0.000019048   -144192.4932    -41762.760
0.4000      4088.044948     0.000010885   -145582.6817    -28623.302
0.4500      2936.188724     0.000016327   -146734.5379    -18317.666
0.5000      2186.159342     0.000002721   -147484.5673    -12218.154
0.5500      1615.380240     0.000021769   -148055.3464    -10229.177
0.6000      1185.352084     0.000027211   -148485.3746     -7108.995
0.6500       887.849464     0.000016327   -148782.8772     -4930.840
0.7000       680.190487     0.000024490   -148990.5362     -3471.868
0.7500       532.551129     0.000005442   -149138.1755     -2497.867
0.8000       425.043197     0.000010885   -149245.6835     -1845.127
0.8500       344.540685     0.000019048   -149326.1860     -1402.495
0.9000       282.542034     0.000010885   -149388.1846     -1095.019
0.9500       233.606028     0.000008163   -149437.1206      -873.543
1.0000       194.275022     0.000002721   -149476.4516      -706.947
1.1000       136.196613     0.000002721   -149534.5300      -471.658
1.2000        97.582322     0.000027211   -149573.1443      -318.511
1.3000        71.508030     0.000005442   -149599.2186      -215.718
1.4000        53.363681     0.000008163   -149617.3630      -151.451
1.5000        39.674798     0.000010885   -149631.0519      -111.941
1.6000        28.709005     0.000013606   -149642.0176       -86.873
1.7000        21.065294     0.000016327   -149649.6613       -64.298
1.8000        15.511040     0.000019048   -149655.2156       -47.638
1.9000        11.386334     0.000019048   -149659.3403       -35.442
2.0000         8.316796     0.000010885   -149662.4099       -26.370
2.1000         6.034541     0.000016327   -149664.6921       -19.559
2.2000         4.344893     0.000013606   -149666.3818       -14.463
2.3000         3.100037     0.000016327   -149667.6266       -10.619
2.4000         2.187949     0.000024490   -149668.5387        -7.761
2.5000         1.524312     0.000021769   -149669.2023        -5.619
2.6000         1.044852     0.000021769   -149669.6818        -4.048
2.7000         0.701605     0.000019048   -149670.0250        -2.883
2.8000         0.458322     0.000016327   -149670.2683        -2.034
2.9000         0.287823     0.000021769   -149670.4388        -1.417
3.0000         0.170131     0.000013606   -149670.5565        -0.969
3.1000         0.090282     0.000027211   -149670.6364        -0.650
3.2000         0.037386     0.000016327   -149670.6893        -0.426
3.3000         0.003467     0.000005442   -149670.7232        -0.268
3.4000        -0.017287     0.000019048   -149670.7439        -0.160
3.5000        -0.029078     0.000024490   -149670.7557        -0.086
3.6000        -0.034863     0.000019048   -149670.7615        -0.037
3.7000        -0.036733     0.000021769   -149670.7634        -0.006
3.8000        -0.036178     0.000019048   -149670.7628         0.012
3.9000        -0.034210     0.000019048   -149670.7609         0.023
4.0000        -0.031473     0.000016327   -149670.7581         0.028
5.0000        -0.009831     0.000005442   -149670.7365         0.009
6.0000        -0.005538     0.000016327   -149670.7322         0.001
7.0000        -0.005010     0.000010885   -149670.7317        -0.000
8.0000        -0.004952     0.000010885   -149670.7316        -0.000
9.0000        -0.004947     0.000010885   -149670.7316        -0.000
10.0000        -0.004947     0.000010885   -149670.7316        -0.000
100.0000        -0.004947     0.000010885   -149670.7316
1000.0000        -0.004947     0.000010885   -149670.7316
