0.0020   1525992.806984     0.000024490   1494935.5555
0.0040    748591.768611     0.000010885    717534.5174
0.0060    489920.226989     0.000019048    458862.9756
0.0080    360838.522012     0.000016327    329781.2707
0.0100    283660.081661     0.000013606    252602.8304
0.0120    232448.114193     0.000005442    201390.8629
0.0140    195950.973017     0.000013606    164893.7217
0.0160    168670.010866     0.000019048    137612.7596
0.0180    147576.834405     0.000021769    116519.5831
0.0200    130805.075849     0.000016327     99747.8245
0.0400     56544.391075     0.000021769     25487.1398
0.0600     32828.330419     0.000019048      1771.0791
0.0800     21648.087052     0.000013606     -9409.1643
0.1000     15373.200700     0.000016327    -15684.0506
0.1200     11451.363574     0.000019048    -19605.8877
0.1400      8798.245825     0.000024490    -22259.0055
0.1600      6901.285643     0.000021769    -24155.9657
0.1800      5498.434128     0.000027211    -25558.8172
0.2000      4440.262387     0.000019048    -26616.9889    -45999.106
0.2400      3007.865614     0.000027211    -28049.3857    -27472.728
0.2800      2135.065546     0.000019048    -28922.1858    -17149.002
0.3200      1578.236197     0.000016327    -29479.0151    -11253.935
0.3600      1201.209424     0.000024490    -29856.0419     -7942.097
0.4000       923.821460     0.000013606    -30133.4299     -6075.873
0.4500       658.713542     0.000008163    -30398.5378     -4521.746
0.5000       467.671019     0.000016327    -30589.5803     -3156.027
0.5500       335.870073     0.000021769    -30721.3812     -2178.958
0.6000       244.477723     0.000019048    -30812.7736     -1517.509
0.6500       180.673944     0.000021769    -30876.5774     -1069.551
0.7000       135.395120     0.000013606    -30921.8562      -763.659
0.7500       102.839272     0.000021769    -30954.4120      -553.639
0.8000        79.015309     0.000024490    -30978.2360      -409.518
0.8500        61.212060     0.000016327    -30996.0392      -310.757
0.9000        47.583346     0.000027211    -31009.6680      -242.439
0.9500        36.929380     0.000019048    -31020.3219      -193.503
1.0000        28.459673     0.000019048    -31028.7916      -156.494
1.1000        16.156086     0.000019048    -31041.0952      -102.449
1.2000         8.242155     0.000019048    -31049.0092       -64.916
1.3000         3.350300     0.000010885    -31053.9010       -39.158
1.4000         0.488638     0.000016327    -31056.7627       -22.177
1.5000        -1.055704     0.000016327    -31058.3070       -11.331
1.6000        -1.771745     0.000016327    -31059.0230        -4.630
1.7000        -1.868522     0.000016327    -31059.1198        -0.768
1.8000        -1.712946     0.000010885    -31058.9643         1.488
1.9000        -1.421885     0.000013606    -31058.6732         2.726
2.0000        -1.061976     0.000027211    -31058.3133         3.349
2.1000        -0.675980     0.000016327    -31057.9273         3.595
2.2000        -0.287178     0.000016327    -31057.5385         3.613
2.3000         0.088894     0.000021769    -31057.1624         3.499
2.4000         0.445682     0.000021769    -31056.8056         3.320
2.5000         0.818530     0.000010885    -31056.4328         3.027
2.6000         1.230254     0.000019048    -31056.0211         2.604
2.7000         1.579752     0.000024490    -31055.6715         2.243
2.8000         1.878237     0.000024490    -31055.3731         1.937
2.9000         2.133681     0.000008163    -31055.1176         1.676
3.0000         2.353255     0.000024490    -31054.8981         1.449
3.1000         2.543359     0.000010885    -31054.7079         1.253
3.2000         2.721488     0.000024490    -31054.5298         1.078
3.3000         2.877262     0.000027211    -31054.3741         0.915
3.4000         3.008998     0.000016327    -31054.2423         0.781
3.5000         3.121025     0.000021769    -31054.1303         0.665
3.6000         3.216613     0.000016327    -31054.0347         0.570
3.7000         3.298217     0.000019048    -31053.9531         0.493
3.8000         3.367750     0.000021769    -31053.8836         0.428
3.9000         3.427275     0.000024490    -31053.8240         0.374
4.0000         3.478904     0.000016327    -31053.7724         0.326
5.0000         3.755578     0.000013606    -31053.4957         0.107
6.0000         3.867172     0.000021769    -31053.3841         0.067
7.0000         3.930825     0.000013606    -31053.3205         0.038
8.0000         3.973718     0.000024490    -31053.2776         0.027
9.0000         4.004883     0.000013606    -31053.2464         0.020
10.0000         4.028677     0.000013606    -31053.2226         0.016
100.0000         4.192599     0.000027211    -31053.0587         0.000
1000.0000         4.206724     0.000010885    -31053.0446
