0.0020   8846211.641338     0.000024490   8677801.6745
0.0040   4324566.199561     0.000013606   4156156.2338
0.0060   2821370.943379     0.000021769   2652960.9766
0.0080   2071868.262832     0.000008163   1903458.2962
0.0100   1623328.451113     0.000013606   1454918.4845
0.0120   1324963.679697     0.000021769   1156553.7131
0.0140   1112614.239545     0.000019048    944204.2727
0.0160    953989.006367     0.000021769    785579.0398
0.0180    831158.650126     0.000019048    662748.6835
0.0200    733232.239798     0.000016327    564822.2732
0.0400    304841.392086     0.000005442    136431.4254
0.0600    172913.823708     0.000013606      4503.8570
0.0800    111380.948757     0.000013606    -57029.0179
0.1000     77361.769665     0.000016327    -91048.1970
0.1200     56395.967063     0.000008163   -112013.9996
0.1400     42398.125020     0.000013606   -126011.8417
0.1600     32656.598629     0.000019048   -135753.3681
0.1800     25730.699405     0.000005442   -142679.2673
0.2000     20700.373290     0.000013606   -147709.5934
0.2400     14101.390224     0.000016327   -154308.5765
0.2800      9757.494599     0.000024490   -158652.4721
0.3200      6971.881185     0.000024490   -161438.0855
0.3600      5111.148710     0.000019048   -163298.8180    -38336.416
0.4000      3827.992398     0.000016327   -164581.9743    -26574.945
0.4500      2753.919340     0.000008163   -165656.0473    -17217.405
0.5000      2038.575446     0.000013606   -166371.3912    -12118.750
0.5500      1494.116572     0.000021769   -166915.8501     -9497.064
0.6000      1091.561183     0.000024490   -167318.4055     -6719.255
0.6500       808.288235     0.000016327   -167601.6785     -4726.430
0.7000       607.758581     0.000021769   -167802.2081     -3370.653
0.7500       463.393159     0.000024490   -167946.5735     -2450.808
0.8000       357.337549     0.000027211   -168052.6291     -1820.409
0.8500       277.749222     0.000021769   -168132.2175     -1380.991
0.9000       216.833808     0.000019048   -168193.1329     -1066.821
0.9500       169.472601     0.000024490   -168240.4941      -834.874
1.0000       132.272803     0.000021769   -168277.6939      -657.922
1.1000        79.737279     0.000016327   -168330.2294      -410.208
1.2000        47.033913     0.000010885   -168362.9328      -254.666
1.3000        26.799048     0.000021769   -168383.1676      -158.236
1.4000        14.324242     0.000016327   -168395.6424       -99.334
1.5000         6.671453     0.000016327   -168403.2952       -62.695
1.6000         1.961784     0.000021769   -168408.0049       -39.500
1.7000        -0.987537     0.000019048   -168410.9542       -24.358
1.8000        -2.748188     0.000019048   -168412.7149       -14.599
1.9000        -3.763932     0.000021769   -168413.7306        -8.278
2.0000        -4.300206     0.000021769   -168414.2669        -4.221
2.1000        -4.531424     0.000016327   -168414.4981        -1.641
2.2000        -4.523329     0.000005442   -168414.4900        -0.113
2.3000        -4.408777     0.000010885   -168414.3755         0.819
2.4000        -4.241519     0.000016327   -168414.2082         1.381
2.5000        -3.995145     0.000019048   -168413.9618         1.662
2.6000        -3.743406     0.000008163   -168413.7101         1.815
2.7000        -3.495200     0.000008163   -168413.4619         1.834
2.8000        -3.221867     0.000021769   -168413.1885         1.751
2.9000        -2.948635     0.000013606   -168412.9153         1.616
3.0000        -2.706592     0.000019048   -168412.6733         1.470
3.1000        -2.489984     0.000013606   -168412.4567         1.340
3.2000        -2.295635     0.000019048   -168412.2623         1.217
3.3000        -2.104399     0.000010885   -168412.0711         1.074
3.4000        -1.932219     0.000016327   -168411.8989         0.937
3.5000        -1.781497     0.000021769   -168411.7482         0.816
3.6000        -1.650102     0.000019048   -168411.6168         0.714
3.7000        -1.535808     0.000019048   -168411.5025         0.619
3.8000        -1.436351     0.000013606   -168411.4030         0.531
3.9000        -1.350121     0.000005442   -168411.3168         0.459
4.0000        -1.275768     0.000013606   -168411.2425         0.396
5.0000        -0.933988     0.000021769   -168410.9007         0.075
6.0000        -0.874931     0.000008163   -168410.8416         0.013
7.0000        -0.865842     0.000019048   -168410.8325         0.002
8.0000        -0.864307     0.000019048   -168410.8310        -0.000
9.0000        -0.863916     0.000016327   -168410.8306        -0.000
10.0000        -0.863747     0.000013606   -168410.8304        -0.000
100.0000        -0.862833     0.000008163   -168410.8295
1000.0000        -0.862759     0.000019048   -168410.8295
