0.0020  18633017.584834     0.000019048  17985843.5719
0.0040   9066010.132757     0.000010885   8418836.1195
0.0060   5890407.553602     0.000013606   5243233.5390
0.0080   4312572.502622     0.000016327   3665398.4893
0.0100   3370628.076758     0.000019048   2723454.0626
0.0120   2744733.156462     0.000013606   2097559.1428
0.0140   2299366.781430     0.000021769   1652192.7676
0.0160   1967110.959613     0.000019048   1319936.9459
0.0180   1710099.590183     0.000027211   1062925.5763
0.0200   1505980.207578     0.000005442    858806.1938
0.0400    615872.898054     0.000024490    -31301.1157
0.0600    344478.107277     0.000021769   -302695.9065
0.0800    220156.592370     0.000024490   -427017.4214
0.1000    151784.679562     0.000019048   -495389.3342
0.1200    109810.871954     0.000024490   -537363.1417
0.1400     81909.309755     0.000013606   -565264.7041
0.1600     62493.031954     0.000024490   -584680.9818
0.1800     48700.345921     0.000024490   -598473.6679
0.2000     38720.961852     0.000016327   -608453.0520
0.2400     25795.494107     0.000008163   -621378.5198
0.2800     17705.471593     0.000021769   -629468.5421
0.3200     12505.399910     0.000019048   -634668.6137
0.3600      9103.280597     0.000016327   -638070.7332
0.4000      6790.934928     0.000024490   -640383.0787    -47866.584
0.4500      4819.525529     0.000008163   -642354.4883    -32568.284
0.5000      3453.756306     0.000021769   -643720.2574    -22531.794
0.5500      2520.860939     0.000016327   -644653.1527    -15241.971
0.6000      1886.701706     0.000016327   -645287.3122    -10463.436
0.6500      1445.893815     0.000024490   -645728.1199     -7406.340
0.7000      1127.571977     0.000016327   -646046.4418     -5480.166
0.7500       885.622540     0.000021769   -646288.3911     -4246.276
0.8000       696.665937     0.000013606   -646477.3479     -3346.288
0.8500       547.788044     0.000027211   -646626.2258     -2623.392
0.9000       431.605541     0.000024490   -646742.4081     -2033.832
0.9500       341.722439     0.000021769   -646832.2914     -1568.541
1.0000       272.389064     0.000019048   -646901.6247     -1210.770
1.1000       177.174061     0.000005442   -646996.8398      -734.807
1.2000       118.395992     0.000027211   -647055.6178      -462.524
1.3000        80.766564     0.000008163   -647093.2471      -301.175
1.4000        55.912338     0.000021769   -647118.1014      -201.596
1.5000        39.068656     0.000027211   -647134.9450      -137.776
1.6000        27.423767     0.000010885   -647146.5901       -95.537
1.7000        19.251040     0.000016327   -647154.7628       -66.892
1.8000        13.558293     0.000021769   -647160.4554       -47.070
1.9000         9.579573     0.000019048   -647164.4343       -33.268
2.0000         6.761994     0.000024490   -647167.2517       -23.685
2.1000         4.757874     0.000021769   -647169.2558       -16.875
2.2000         3.327317     0.000021769   -647170.6863       -12.046
2.3000         2.303896     0.000019048   -647171.7098        -8.658
2.4000         1.571654     0.000016327   -647172.4420        -6.171
2.5000         1.048822     0.000013606   -647172.9650        -4.425
2.6000         0.678032     0.000013606   -647173.3356        -3.111
2.7000         0.417787     0.000027211   -647173.5961        -2.165
2.8000         0.238282     0.000024490   -647173.7754        -1.491
2.9000         0.117523     0.000021769   -647173.8962        -0.975
3.0000         0.039699     0.000021769   -647173.9740        -0.613
3.1000         0.004234     0.000010885   -647174.0094        -0.390
3.2000         0.005026     0.000008163   -647174.0089        -0.254
3.3000         0.007304     0.000010885   -647174.0064        -0.159
3.4000         0.010732     0.000010885   -647174.0031        -0.100
3.5000         0.015309     0.000024490   -647173.9985        -0.043
3.6000         0.020781     0.000019048   -647173.9931        -0.005
3.7000         0.026988     0.000024490   -647173.9868         0.023
3.8000         0.033690     0.000019048   -647173.9800         0.039
3.9000         0.040706     0.000016327   -647173.9729         0.051
4.0000         0.047900     0.000016327   -647173.9659         0.059
5.0000         0.105695     0.000016327   -647173.9082         0.036
6.0000         0.128645     0.000005442   -647173.8850         0.010
7.0000         0.134939     0.000016327   -647173.8788         0.002
8.0000         0.136495     0.000005442   -647173.8772         0.000
9.0000         0.136846     0.000008163   -647173.8769        -0.000
10.0000         0.136928     0.000008163   -647173.8769        -0.000
100.0000         0.136952     0.000008163   -647173.8769
1000.0000         0.136952     0.000008163   -647173.8769
