0.0020    212096.103984     0.000024490    163740.0250
0.0040    104129.051989     0.000013606     55772.9730
0.0060     68178.381082     0.000027211     19822.3021
0.0080     50230.399877     0.000021769      1874.3209
0.0100     39491.537667     0.000024490     -8864.5413
0.0120     32362.473472     0.000027211    -15993.6055
0.0140     27291.525055     0.000019048    -21064.5540
0.0160     23508.023363     0.000010885    -24848.0557
0.0180     20580.078960     0.000019048    -27776.0001
0.0200     18248.885642     0.000019048    -30107.1934
0.0400      7938.705081     0.000013606    -40417.3739
0.0600      4644.776297     0.000019048    -43711.3027
0.0800      3082.473534     0.000013606    -45273.6055
0.1000      2203.640351     0.000010885    -46152.4387    -34231.521
0.1200      1653.339188     0.000021769    -46702.7398    -22334.940
0.1400      1281.364915     0.000010885    -47074.7141    -15535.578
0.1600      1015.012470     0.000005442    -47341.0665    -11372.401
0.1800       816.229029     0.000016327    -47539.8500     -8631.410
0.2000       663.660843     0.000005442    -47692.4182     -6702.351
0.2400       449.965827     0.000019048    -47906.1132     -4204.960
0.2800       313.755491     0.000016327    -48042.3235     -2729.767
0.3200       224.336977     0.000019048    -48131.7420     -1817.853
0.3600       164.210116     0.000013606    -48191.8689     -1237.063
0.4000       122.878917     0.000021769    -48233.2001      -859.787
0.4500        87.981409     0.000016327    -48268.0976      -562.719
0.5000        64.730523     0.000019048    -48291.3485      -381.757
0.5500        48.655786     0.000005442    -48307.4232      -268.638
0.6000        37.134859     0.000013606    -48318.9441      -195.549
0.6500        28.598453     0.000010885    -48327.4805      -146.591
0.7000        22.103588     0.000021769    -48333.9754      -112.437
0.7500        17.059300     0.000016327    -48339.0197       -87.554
0.8000        13.086652     0.000013606    -48342.9924       -68.940
0.8500        10.008678     0.000021769    -48346.0703       -54.481
0.9000         7.578243     0.000024490    -48348.5008       -43.129
0.9500         5.650016     0.000024490    -48350.4290       -34.251
1.0000         4.122282     0.000021769    -48351.9567       -27.187
1.1000         1.948584     0.000024490    -48354.1304       -16.958
1.2000         0.605829     0.000016327    -48355.4732       -10.340
1.3000        -0.197857     0.000005442    -48356.2769        -5.969
1.4000        -0.643707     0.000010885    -48356.7227        -3.156
1.5000        -0.859586     0.000013606    -48356.9386        -1.262
1.6000        -0.925514     0.000021769    -48357.0045        -0.129
1.7000        -0.896226     0.000024490    -48356.9753         0.635
1.8000        -0.811185     0.000024490    -48356.8902         1.063
1.9000        -0.691961     0.000019048    -48356.7710         1.281
2.0000        -0.556821     0.000021769    -48356.6358         1.390
2.1000        -0.417872     0.000019048    -48356.4969         1.403
2.2000        -0.280291     0.000021769    -48356.3593         1.342
2.3000        -0.148743     0.000010885    -48356.2278         1.270
2.4000        -0.026961     0.000019048    -48356.1060         1.171
2.5000         0.083980     0.000013606    -48355.9950         1.066
2.6000         0.184621     0.000008163    -48355.8944         0.948
2.7000         0.275028     0.000010885    -48355.8040         0.846
2.8000         0.355008     0.000008163    -48355.7240         0.748
2.9000         0.425194     0.000021769    -48355.6538         0.663
3.0000         0.486684     0.000008163    -48355.5923         0.581
3.1000         0.546024     0.000019048    -48355.5330         0.499
3.2000         0.621927     0.000024490    -48355.4571         0.413
3.3000         0.683539     0.000010885    -48355.3955         0.342
3.4000         0.733230     0.000019048    -48355.3458         0.285
3.5000         0.773111     0.000010885    -48355.3059         0.238
3.6000         0.805106     0.000008163    -48355.2739         0.198
3.7000         0.830818     0.000008163    -48355.2482         0.163
3.8000         0.851668     0.000019048    -48355.2274         0.133
3.9000         0.868520     0.000010885    -48355.2105         0.109
4.0000         0.882063     0.000013606    -48355.1970         0.092
5.0000         0.929620     0.000013606    -48355.1494         0.014
6.0000         0.934309     0.000008163    -48355.1447         0.013
7.0000         0.934118     0.000019048    -48355.1449         0.004
8.0000         0.933476     0.000027211    -48355.1455         0.003
9.0000         0.932935     0.000013606    -48355.1461         0.002
10.0000         0.932486     0.000019048    -48355.1465         0.001
100.0000         0.929174     0.000008163    -48355.1498
1000.0000         0.928875     0.000005442    -48355.1501
