0.0020  21875203.826360     0.000016327  21377581.4435
0.0040  10656771.106112     0.000019048  10159148.7223
0.0060   6929902.321916     0.000013606   6432279.9371
0.0080   5072134.285931     0.000008163   4574511.9014
0.0100   3961380.151045     0.000008163   3463757.7673
0.0120   3224215.303103     0.000010885   2726592.9189
0.0140   2700069.970790     0.000013606   2202447.5871
0.0160   2308845.056272     0.000010885   1811222.6724
0.0180   2006807.102765     0.000005442   1509184.7190
0.0200   1767036.897724     0.000010885   1269414.5141
0.0400    724289.832634     0.000013606    226667.4488
0.0600    405786.754153     0.000008163    -91835.6296
0.0800    260152.000757     0.000008163   -237470.3830
0.1000    179335.532391     0.000016327   -318286.8513
0.1200    129699.286674     0.000021769   -367923.0972
0.1400     96672.060703     0.000021769   -400950.3231
0.1600     73663.452692     0.000021769   -423958.9310
0.1800     57413.263383     0.000021769   -440209.1204
0.2000     45725.968109     0.000021769   -451896.4158
0.2400     30432.831929     0.000024490   -467189.5517
0.2800     20800.198949     0.000010885   -476822.1848
0.3200     14687.371413     0.000013606   -482935.0124
0.3600     10562.962342     0.000008163   -487059.4214
0.4000      7817.580646     0.000019048   -489804.8031
0.4500      5486.470450     0.000027211   -492135.9133    -39423.336
0.5000      3852.146967     0.000024490   -493770.2368    -26358.430
0.5500      2775.406876     0.000013606   -494846.9768    -17405.327
0.6000      2055.112715     0.000010885   -495567.2712    -11846.908
0.6500      1555.407531     0.000021769   -496066.9764     -8405.790
0.7000      1193.577166     0.000019048   -496428.8066     -6212.010
0.7500       922.420555     0.000024490   -496699.9632     -4712.320
0.8000       715.405514     0.000024490   -496906.9783     -3614.946
0.8500       556.226505     0.000016327   -497066.1573     -2784.789
0.9000       433.452370     0.000010885   -497188.9313     -2151.570
0.9500       338.457809     0.000008163   -497283.9260     -1668.690
1.0000       264.621604     0.000027211   -497357.7623     -1300.679
1.1000       161.581629     0.000019048   -497460.8023      -803.661
1.2000        97.347893     0.000016327   -497525.0359      -505.458
1.3000        56.809531     0.000008163   -497565.5743      -319.324
1.4000        31.276300     0.000008163   -497591.1076      -199.919
1.5000        15.411830     0.000027211   -497606.9718      -122.928
1.6000         5.762182     0.000008163   -497616.6215       -73.729
1.7000         0.060956     0.000016327   -497622.3229       -42.703
1.8000        -3.166843     0.000016327   -497625.5507       -23.410
1.9000        -4.696306     0.000016327   -497627.0800       -12.657
2.0000        -5.467874     0.000019048   -497627.8517        -6.163
2.1000        -5.677454     0.000013606   -497628.0612        -2.310
2.2000        -5.606511     0.000016327   -497627.9902         0.174
2.3000        -5.360985     0.000027211   -497627.7447         1.667
2.4000        -4.960542     0.000021769   -497627.3442         2.538
2.5000        -4.268823     0.000021769   -497626.6525         2.688
2.6000        -3.591931     0.000027211   -497625.9757         2.615
2.7000        -2.998851     0.000021769   -497625.3825         2.543
2.8000        -2.429371     0.000013606   -497624.8133         2.389
2.9000        -1.877048     0.000010885   -497624.2609         2.103
3.0000        -1.419654     0.000019048   -497623.8034         1.959
3.1000        -1.037788     0.000019048   -497623.4217         1.789
3.2000        -0.684881     0.000013606   -497623.0687         1.628
3.3000        -0.373950     0.000021769   -497622.7577         1.502
3.4000        -0.098503     0.000021769   -497622.4823         1.372
3.5000         0.163413     0.000019048   -497622.2203         1.224
3.6000         0.394671     0.000010885   -497621.9890         1.112
3.7000         0.598906     0.000005442   -497621.7849         1.012
3.8000         0.779367     0.000027211   -497621.6045         0.909
3.9000         0.939637     0.000010885   -497621.4442         0.805
4.0000         1.081860     0.000024490   -497621.3019         0.724
5.0000         1.827686     0.000024490   -497620.5560         0.205
6.0000         2.005292     0.000016327   -497620.3786         0.060
7.0000         2.041285     0.000016327   -497620.3424         0.015
8.0000         2.048273     0.000021769   -497620.3356         0.005
9.0000         2.049486     0.000019048   -497620.3343         0.003
10.0000         2.049584     0.000013606   -497620.3343         0.002
100.0000         2.047609     0.000010885   -497620.3362
1000.0000         2.047375     0.000010885   -497620.3364
