0.0020  14016373.171026     0.000013606  13312996.0665
0.0040   6830166.492920     0.000024490   6126789.3903
0.0060   4443442.947298     0.000008163   3740065.8442
0.0080   3255901.819440     0.000019048   2552524.7161
0.0100   2546650.716464     0.000021769   1843273.6130
0.0120   2075640.273609     0.000024490   1372263.1701
0.0140   1740486.519608     0.000021769   1037109.4160
0.0160   1490312.630056     0.000008163    786935.5265
0.0180   1296952.372912     0.000013606    593575.2694
0.0200   1143219.338262     0.000008163    439842.2348
0.0400    471503.269898     0.000016327   -231873.8336
0.0600    263960.697655     0.000024490   -439416.4059
0.0800    168710.523070     0.000010885   -534666.5805
0.1000    116050.585277     0.000027211   -587326.5181
0.1200     84108.461658     0.000002721   -619268.6417
0.1400     63022.062361     0.000021769   -640355.0412
0.1600     48227.334140     0.000019048   -655149.7694
0.1800     37585.846697     0.000024490   -665791.2569
0.2000     29819.567639     0.000024490   -673557.5357
0.2400     19690.661336     0.000008163   -683686.4421
0.2800     13662.796823     0.000021769   -689714.3067
0.3200      9679.613638     0.000013606   -693697.4899
0.3600      6999.193432     0.000021769   -696377.9101
0.4000      5205.596902     0.000008163   -698171.5065    -36774.386
0.4500      3723.906645     0.000019048   -699653.1967    -23776.091
0.5000      2731.425783     0.000024490   -700645.6777    -16701.597
0.5500      2012.119624     0.000016327   -701364.9837    -12283.713
0.6000      1487.137285     0.000024490   -701889.9661     -8847.583
0.6500      1110.950715     0.000019048   -702266.1528     -6333.029
0.7000       840.678531     0.000008163   -702536.4248     -4569.566
0.7500       644.590479     0.000027211   -702732.5131     -3341.440
0.8000       499.718925     0.000019048   -702877.3844     -2538.028
0.8500       385.405807     0.000016327   -702991.6976     -2014.391
0.9000       296.181455     0.000016327   -703080.9221     -1572.806
0.9500       226.635031     0.000005442   -703150.4684     -1223.138
1.0000       172.724946     0.000013606   -703204.3786      -943.760
1.1000        99.687801     0.000016327   -703277.4156      -549.782
1.2000        57.378605     0.000021769   -703319.7250      -317.849
1.3000        33.035092     0.000013606   -703344.0683      -193.702
1.4000        17.782231     0.000010885   -703359.3213      -124.777
1.5000         7.939899     0.000019048   -703369.1634       -80.835
1.6000         1.781647     0.000019048   -703375.3219       -52.128
1.7000        -1.779549     0.000019048   -703378.8831       -34.103
1.8000        -3.849370     0.000024490   -703380.9528       -21.610
1.9000        -4.991457     0.000027211   -703382.0948       -12.830
2.0000        -5.398687     0.000021769   -703382.5022        -6.960
2.1000        -5.419264     0.000016327   -703382.5226        -3.106
2.2000        -5.197480     0.000024490   -703382.3008        -0.772
2.3000        -4.852984     0.000027211   -703381.9563         0.610
2.4000        -4.474283     0.000024490   -703381.5778         1.300
2.5000        -4.104722     0.000016327   -703381.2083         1.597
2.6000        -3.771323     0.000021769   -703380.8747         1.721
2.7000        -3.479287     0.000019048   -703380.5827         1.629
2.8000        -3.229035     0.000010885   -703380.3324         1.596
2.9000        -3.015415     0.000024490   -703380.1187         1.497
3.0000        -2.827933     0.000019048   -703379.9313         1.395
3.1000        -2.661155     0.000024490   -703379.7647         1.368
3.2000        -2.453339     0.000019048   -703379.5568         1.298
3.3000        -2.263694     0.000002721   -703379.3672         1.180
3.4000        -2.090347     0.000027211   -703379.1938         1.138
3.5000        -1.931005     0.000013606   -703379.0344         1.108
3.6000        -1.783171     0.000024490   -703378.8866         1.067
3.7000        -1.602392     0.000019048   -703378.7059         0.970
3.8000        -1.435208     0.000013606   -703378.5386         0.907
3.9000        -1.281926     0.000024490   -703378.3854         0.865
4.0000        -1.137425     0.000013606   -703378.2409         0.813
5.0000        -0.161086     0.000010885   -703377.2645         0.328
6.0000         0.192257     0.000013606   -703376.9111         0.124
7.0000         0.301728     0.000013606   -703376.8017         0.034
8.0000         0.338902     0.000010885   -703376.7647         0.012
9.0000         0.355435     0.000019048   -703376.7481         0.007
10.0000         0.365174     0.000013606   -703376.7383         0.003
100.0000         0.416011     0.000013606   -703376.6874
1000.0000         0.419801     0.000005442   -703376.6836
