0.0020  17630310.713182     0.000019048  16974295.2243
0.0040   8581058.562945     0.000016327   7925043.0744
0.0060   5575905.048784     0.000021769   4919889.5600
0.0080   4081047.839686     0.000010885   3425032.3507
0.0100   3189238.427962     0.000024490   2533222.9401
0.0120   2597299.225152     0.000019048   1941283.7372
0.0140   2176101.350707     0.000024490   1520085.8630
0.0160   1861785.605808     0.000010885   1205770.1179
0.0180   1618842.421542     0.000019048    962826.9336
0.0200   1425901.320286     0.000019048    769885.8324
0.0400    584552.611506     0.000008163    -71462.8763
0.0600    327769.120366     0.000027211   -328246.3675
0.0800    210030.453607     0.000024490   -445985.0341
0.1000    145037.124766     0.000013606   -510978.3631
0.1200    105065.834152     0.000016327   -550949.6537
0.1400     78470.241029     0.000016327   -577545.2469
0.1600     59907.901431     0.000024490   -596107.5864
0.1800     46682.202399     0.000027211   -609333.2854
0.2000     37095.132542     0.000021769   -618920.3552
0.2400     24690.949507     0.000019048   -631324.5383
0.2800     17070.189125     0.000016327   -638945.2988
0.3200     12098.214303     0.000016327   -643917.2736
0.3600      8853.574177     0.000024490   -647161.9137
0.4000      6647.069453     0.000021769   -649368.4183    -45843.206
0.4500      4760.459068     0.000010885   -651255.0287    -31147.581
0.5000      3447.121933     0.000027211   -652568.3658    -21883.086
0.5500      2529.517159     0.000019048   -653485.9708    -15194.354
0.6000      1891.719926     0.000021769   -654123.7678    -10619.062
0.6500      1442.418242     0.000013606   -654573.0696     -7565.111
0.7000      1118.608165     0.000027211   -654896.8798     -5518.750
0.7500       878.729037     0.000021769   -655136.7588     -4152.905
0.8000       692.797103     0.000024490   -655322.6908     -3350.576
0.8500       540.936495     0.000016327   -655474.5513     -2698.256
0.9000       421.599582     0.000019048   -655593.8883     -2085.176
0.9500       329.992994     0.000019048   -655685.4949     -1592.699
1.0000       259.996840     0.000021769   -655755.4910     -1217.208
1.1000       164.897699     0.000021769   -655850.5902      -725.996
1.2000       107.248052     0.000013606   -655908.2397      -449.308
1.3000        71.061312     0.000016327   -655944.4266      -287.103
1.4000        47.650278     0.000021769   -655967.8376      -188.428
1.5000        32.171993     0.000008163   -655983.3157      -126.249
1.6000        21.734501     0.000013606   -655993.7535       -85.598
1.7000        14.639862     0.000010885   -656000.8480       -58.171
1.8000         9.807488     0.000008163   -656005.6802       -39.616
1.9000         6.512226     0.000005442   -656008.9755       -26.959
2.0000         4.258962     0.000005442   -656011.2289       -18.379
2.1000         2.707716     0.000010885   -656012.7802       -12.656
2.2000         1.625206     0.000019048   -656013.8627        -8.800
2.3000         0.856533     0.000013606   -656014.6314        -6.278
2.4000         0.300866     0.000027211   -656015.1871        -4.554
2.5000        -0.110786     0.000005442   -656015.5985        -3.413
2.6000        -0.417719     0.000010885   -656015.9054        -2.566
2.7000        -0.650633     0.000013606   -656016.1384        -1.969
2.8000        -0.823673     0.000016327   -656016.3114        -1.541
2.9000        -0.952475     0.000016327   -656016.4404        -1.151
3.0000        -1.042697     0.000024490   -656016.5305        -0.880
3.1000        -1.097120     0.000019048   -656016.5849        -0.659
3.2000        -1.123844     0.000010885   -656016.6116        -0.454
3.3000        -1.134644     0.000016327   -656016.6225        -0.293
3.4000        -1.130666     0.000024490   -656016.6184        -0.178
3.5000        -1.112154     0.000021769   -656016.5999        -0.066
3.6000        -1.086312     0.000010885   -656016.5740         0.028
3.7000        -1.052512     0.000013606   -656016.5403         0.096
3.8000        -1.013464     0.000013606   -656016.5014         0.136
3.9000        -0.970992     0.000010885   -656016.4589         0.178
4.0000        -0.925215     0.000021769   -656016.4129         0.209
5.0000        -0.505873     0.000008163   -656015.9936         0.177
6.0000        -0.276171     0.000024490   -656015.7639         0.097
7.0000        -0.173021     0.000019048   -656015.6608         0.034
8.0000        -0.120609     0.000016327   -656015.6086         0.019
9.0000        -0.089912     0.000010885   -656015.5778         0.012
10.0000        -0.069441     0.000010885   -656015.5574         0.011
100.0000         0.044730     0.000021769   -656015.4431         0.000
1000.0000         0.053187     0.000002721   -656015.4347
