0.0020         0.000000     0.000008163  30898767.3459
0.0040  15439668.163525     0.000013606  14622593.7870
0.0060  10034001.207921     0.000008163   9216926.8319
0.0080   7344143.904062     0.000021769   6527069.5289
0.0100   5734530.959460     0.000024490   4917456.5836
0.0120   4664922.441100     0.000024490   3847848.0640
0.0140   3903994.522346     0.000021769   3086920.1457
0.0160   3336760.199218     0.000024490   2519685.8233
0.0180   2898902.977902     0.000016327   2081828.6018
0.0200   2551567.235057     0.000019048   1734492.8590
0.0400   1040404.001467     0.000019048    223329.6255
0.0600    576953.726622     0.000024490   -240120.6494
0.0800    365280.938580     0.000013606   -451793.4375
0.1000    249777.596161     0.000019048   -567296.7799
0.1200    178770.227473     0.000016327   -638304.1485
0.1400    132893.649476     0.000016327   -684180.7264
0.1600    102275.381140     0.000016327   -714798.9949
0.1800     80285.239267     0.000027211   -736789.1366
0.2000     63737.698715     0.000021769   -753336.6774
0.2400     41712.422326     0.000016327   -775361.9536
0.2800     28870.035853     0.000019048   -788204.3401
0.3200     20630.762354     0.000021769   -796443.6136
0.3600     14890.363162     0.000016327   -802184.0127
0.4000     11108.441159     0.000013606   -805965.9347
0.4500      8034.222246     0.000019048   -809040.1536    -48914.199
0.5000      6008.097564     0.000019048   -811066.2785    -33577.562
0.5500      4575.172458     0.000008163   -812499.2034    -24397.147
0.6000      3521.383607     0.000019048   -813552.9925    -18128.101
0.6500      2734.727178     0.000019048   -814339.6489    -13620.074
0.7000      2139.503932     0.000019048   -814934.8720    -10398.742
0.7500      1680.222499     0.000024490   -815394.1533     -8094.177
0.8000      1321.427263     0.000016327   -815752.9487     -6334.979
0.8500      1040.804555     0.000016327   -816033.5713     -4939.811
0.9000       822.516622     0.000002721   -816251.8593     -3827.931
0.9500       653.501986     0.000024490   -816420.8739     -2959.209
1.0000       522.860735     0.000016327   -816551.5152     -2291.646
1.1000       342.321849     0.000010885   -816732.0541     -1400.823
1.2000       230.149903     0.000024490   -816844.2260      -888.305
1.3000       157.827591     0.000024490   -816916.5485      -585.309
1.4000       109.495496     0.000019048   -816964.8806      -398.190
1.5000        76.261793     0.000010885   -816998.1141      -277.149
1.6000        52.962672     0.000013606   -817021.4133      -195.625
1.7000        36.422467     0.000016327   -817037.9535      -139.193
1.8000        24.667122     0.000008163   -817049.7088       -99.913
1.9000        16.156960     0.000024490   -817058.2189       -72.022
2.0000         9.955322     0.000021769   -817064.4207       -51.983
2.1000         5.432916     0.000024490   -817068.9429       -37.361
2.2000         2.158285     0.000019048   -817072.2175       -26.636
2.3000        -0.174768     0.000013606   -817074.5506       -18.655
2.4000        -1.769875     0.000021769   -817076.1458       -12.736
2.5000        -2.569175     0.000010885   -817076.9452        -8.799
2.6000        -3.065347     0.000027211   -817077.4413        -5.811
2.7000        -3.341532     0.000013606   -817077.7175        -3.672
2.8000        -3.457994     0.000016327   -817077.8340        -2.040
2.9000        -3.459785     0.000024490   -817077.8359        -0.883
3.0000        -3.378319     0.000021769   -817077.7542        -0.034
3.1000        -3.239664     0.000019048   -817077.6157         0.584
3.2000        -3.011580     0.000013606   -817077.3874         0.934
3.3000        -2.680176     0.000019048   -817077.0563         1.126
3.4000        -2.368398     0.000024490   -817076.7444         1.216
3.5000        -2.077985     0.000024490   -817076.4538         1.249
3.6000        -1.808507     0.000021769   -817076.1844         1.241
3.7000        -1.560791     0.000021769   -817075.9368         1.225
3.8000        -1.334150     0.000027211   -817075.7101         1.187
3.9000        -1.126446     0.000010885   -817075.5025         1.118
4.0000        -0.936222     0.000008163   -817075.3123         1.055
5.0000         0.386113     0.000010885   -817073.9898         0.353
6.0000         0.778945     0.000019048   -817073.5969         0.112
7.0000         0.890790     0.000027211   -817073.4850         0.032
8.0000         0.932619     0.000008163   -817073.4434         0.013
9.0000         0.954159     0.000016327   -817073.4219         0.009
10.0000         0.968094     0.000027211   -817073.4078         0.005
100.0000         1.046855     0.000013606   -817073.3291         0.000
1000.0000         1.052749     0.000005442   -817073.3231
