0.0020  22004045.259699     0.000016327  21574972.1373
0.0040  10733402.059700     0.000010885  10304328.9378
0.0060   6985929.884743     0.000013606   6556856.7638
0.0080   5117401.586491     0.000019048   4688328.4632
0.0100   4000319.408779     0.000019048   3571246.2863
0.0120   3256765.399754     0.000016327   2827692.2783
0.0140   2727293.165390     0.000019048   2298220.0434
0.0160   2333707.621297     0.000019048   1904634.4992
0.0180   2028666.161468     0.000021769   1599593.0393
0.0200   1785711.663262     0.000024490   1356638.5410
0.0400    729582.996935     0.000027211    300509.8749
0.0600    407590.441784     0.000013606    -21482.6803
0.0800    260560.108708     0.000024490   -168513.0134
0.1000    179740.180416     0.000005442   -249332.9417
0.1200    130794.560993     0.000019048   -298278.5611
0.1400     98324.847322     0.000021769   -330748.2747
0.1600     75998.928273     0.000008163   -353074.1938
0.1800     60166.938509     0.000016327   -368906.1835
0.2000     48578.637889     0.000021769   -380494.4841
0.2400     32934.769111     0.000016327   -396138.3529
0.2800     22649.704046     0.000019048   -406423.4182
0.3200     16252.926208     0.000021769   -412820.1959
0.3600     12108.142775     0.000013606   -416964.9794
0.4000      9266.752816     0.000027211   -419806.3694
0.4500      6762.633387     0.000013606   -422310.4886    -41960.487
0.5000      4984.463803     0.000019048   -424088.6583    -29648.572
0.5500      3736.230844     0.000019048   -425336.8913    -20884.993
0.6000      2849.670917     0.000021769   -426223.4511    -14969.612
0.6500      2206.903485     0.000021769   -426866.2186    -11072.553
0.7000      1718.479806     0.000019048   -427354.6422     -8692.044
0.7500      1334.667825     0.000019048   -427738.4543     -6730.513
0.8000      1038.421751     0.000013606   -428034.7004     -5103.063
0.8500       816.467395     0.000024490   -428256.6548     -3822.632
0.9000       649.953772     0.000019048   -428423.1684     -2873.556
0.9500       524.350069     0.000016327   -428548.7721     -2181.527
1.0000       428.422807     0.000019048   -428644.6994     -1681.560
1.1000       294.962006     0.000016327   -428778.1601     -1063.868
1.2000       207.816473     0.000013606   -428865.3057      -714.526
1.3000       148.161629     0.000019048   -428924.9604      -494.308
1.4000       107.198288     0.000016327   -428965.9239      -351.320
1.5000        77.561861     0.000013606   -428995.5601      -255.016
1.6000        55.131831     0.000019048   -429017.9902      -188.531
1.7000        39.237962     0.000008163   -429033.8841      -135.823
1.8000        27.736062     0.000013606   -429045.3861       -97.951
1.9000        19.416504     0.000013606   -429053.7054       -70.621
2.0000        13.411542     0.000016327   -429059.7105       -50.777
2.1000         9.097553     0.000016327   -429064.0245       -36.323
2.2000         6.017098     0.000010885   -429067.1049       -25.792
2.3000         3.840821     0.000013606   -429069.2812       -18.093
2.4000         2.389846     0.000027211   -429070.7322       -12.559
2.5000         1.410593     0.000027211   -429071.7115        -8.594
2.6000         0.763680     0.000024490   -429072.3583        -5.714
2.7000         0.349381     0.000013606   -429072.7727        -3.755
2.8000         0.107931     0.000024490   -429073.0141        -2.367
2.9000        -0.009440     0.000019048   -429073.1317        -1.494
3.0000        -0.066388     0.000016327   -429073.1885        -0.936
3.1000        -0.093504     0.000008163   -429073.2155        -0.559
3.2000        -0.104070     0.000010885   -429073.2261        -0.391
3.3000        -0.110968     0.000010885   -429073.2332        -0.254
3.4000        -0.118604     0.000010885   -429073.2408        -0.180
3.5000        -0.127232     0.000027211   -429073.2492        -0.135
3.6000        -0.138141     0.000024490   -429073.2601        -0.094
3.7000        -0.147284     0.000021769   -429073.2693        -0.068
3.8000        -0.155535     0.000013606   -429073.2775        -0.018
3.9000        -0.161576     0.000016327   -429073.2838         0.004
4.0000        -0.161829     0.000016327   -429073.2840         0.037
5.0000        -0.010577     0.000016327   -429073.1327         0.169
6.0000         0.195647     0.000027211   -429072.9265         0.122
7.0000         0.312452     0.000019048   -429072.8097         0.072
8.0000         0.362894     0.000016327   -429072.7591         0.036
9.0000         0.382010     0.000016327   -429072.7401         0.010
10.0000         0.389368     0.000016327   -429072.7327         0.012
100.0000         0.401447     0.000013606   -429072.7208
1000.0000         0.402051     0.000008163   -429072.7199
