0.0020  12929184.651658     0.000021769  12443626.1200
0.0040   6296005.871989     0.000016327   5810447.3389
0.0060   4094411.974439     0.000013606   3608853.4424
0.0080   2998825.827337     0.000019048   2513267.2953
0.0100   2344601.268091     0.000010885   1859042.7361
0.0120   1910088.992655     0.000019048   1424530.4606
0.0140   1600856.681575     0.000008163   1115298.1496
0.0160   1370145.930867     0.000021769    884587.3988
0.0180   1191612.949172     0.000016327    706054.4172
0.0200   1049869.450395     0.000013606    564310.9186
0.0400    433283.494819     0.000013606    -52275.0371
0.0600    243191.537888     0.000008163   -242366.9941
0.0800    156190.789029     0.000013606   -329367.7429
0.1000    107969.645274     0.000010885   -377588.8866
0.1200     78413.928180     0.000024490   -407144.6037
0.1400     59057.551483     0.000008163   -426500.9804
0.1600     45558.644879     0.000024490   -439999.8870
0.1800     35672.475020     0.000016327   -449886.0569
0.2000     28304.947895     0.000024490   -457253.5840
0.2400     18550.866920     0.000019048   -467007.6651
0.2800     12761.914328     0.000005442   -472796.6177
0.3200      9119.633857     0.000005442   -476438.8982
0.3600      6629.757239     0.000016327   -478928.7747
0.4000      4869.430668     0.000013606   -480689.1014    -36431.423
0.4500      3404.846121     0.000019048   -482153.6859    -23293.849
0.5000      2453.614698     0.000021769   -483104.9171    -15429.933
0.5500      1811.650374     0.000008163   -483746.8816    -10649.026
0.6000      1358.512072     0.000016327   -484200.0199     -7742.395
0.6500      1019.941066     0.000021769   -484538.5909     -5898.957
0.7000       763.898725     0.000021769   -484794.6332     -4377.079
0.7500       575.931735     0.000016327   -484982.6003     -3210.469
0.8000       437.714513     0.000013606   -485120.8173     -2367.621
0.8500       335.198384     0.000019048   -485223.3336     -1766.059
0.9000       258.190177     0.000021769   -485300.3418     -1335.424
0.9500       199.568095     0.000013606   -485358.9639     -1023.331
1.0000       154.384935     0.000021769   -485404.1470      -792.972
1.1000        91.667071     0.000024490   -485466.8649      -485.595
1.2000        53.011576     0.000013606   -485505.5204      -298.545
1.3000        29.191376     0.000005442   -485529.3407      -181.976
1.4000        14.751336     0.000019048   -485543.7807      -109.516
1.5000         6.418828     0.000027211   -485552.1131       -65.901
1.6000         1.472523     0.000019048   -485557.0596       -39.606
1.7000        -1.468572     0.000021769   -485560.0006       -23.277
1.8000        -3.009352     0.000024490   -485561.5413       -13.077
1.9000        -3.743646     0.000008163   -485562.2757        -6.752
2.0000        -3.989830     0.000027211   -485562.5217        -2.603
2.1000        -3.906275     0.000019048   -485562.4382        -0.087
2.2000        -3.467222     0.000010885   -485561.9992         1.089
2.3000        -2.999093     0.000019048   -485561.5309         1.859
2.4000        -2.546467     0.000027211   -485561.0784         2.292
2.5000        -2.114603     0.000019048   -485560.6466         2.525
2.6000        -1.709077     0.000013606   -485560.2411         2.614
2.7000        -1.193364     0.000008163   -485559.7252         2.335
2.8000        -0.745410     0.000019048   -485559.2773         2.153
2.9000        -0.368940     0.000021769   -485558.9009         1.971
3.0000        -0.046727     0.000019048   -485558.5788         1.768
3.1000         0.233183     0.000027211   -485558.2988         1.640
3.2000         0.497411     0.000016327   -485558.0345         1.491
3.3000         0.743677     0.000005442   -485557.7883         1.312
3.4000         0.959449     0.000021769   -485557.5725         1.166
3.5000         1.148283     0.000008163   -485557.3836         1.045
3.6000         1.313753     0.000016327   -485557.2182         0.931
3.7000         1.459151     0.000019048   -485557.0729         0.813
3.8000         1.586550     0.000019048   -485556.9453         0.716
3.9000         1.697844     0.000024490   -485556.8340         0.627
4.0000         1.794981     0.000010885   -485556.7371         0.550
5.0000         2.265591     0.000021769   -485556.2663         0.122
6.0000         2.354009     0.000005442   -485556.1779         0.021
7.0000         2.367285     0.000005442   -485556.1646         0.006
8.0000         2.368657     0.000010885   -485556.1632         0.001
9.0000         2.368352     0.000008163   -485556.1635        -0.000
10.0000         2.367903     0.000005442   -485556.1640         0.000
100.0000         2.364597     0.000008163   -485556.1673
1000.0000         2.364308     0.000024490   -485556.1676
