0.0020  21267296.026199     0.000016327  20816312.1555
0.0040  10366510.794259     0.000016327   9915526.9225
0.0060   6740831.578918     0.000016327   6289847.7080
0.0080   4933484.301620     0.000008163   4482500.4298
0.0100   3852782.989202     0.000005442   3401799.1166
0.0120   3134750.151615     0.000021769   2683766.2796
0.0140   2624263.715503     0.000008163   2173279.8435
0.0160   2243172.815161     0.000021769   1792188.9431
0.0180   1948874.717186     0.000010885   1497890.8451
0.0200   1715224.491192     0.000008163   1264240.6192
0.0400    700096.265001     0.000016327    249112.3930
0.0600    390247.327707     0.000021769    -60736.5443
0.0800    248583.687762     0.000008163   -202400.1842
0.1000    170906.286443     0.000019048   -280077.5857
0.1200    123881.317389     0.000016327   -327102.5547
0.1400     92807.194319     0.000021769   -358176.6778
0.1600     71055.826427     0.000024490   -379928.0457
0.1800     55427.897394     0.000016327   -395555.9746
0.2000     44061.757572     0.000013606   -406922.1143
0.2400     29309.621790     0.000010885   -421674.2502
0.2800     19930.844475     0.000021769   -431053.0277
0.3200     14029.465168     0.000027211   -436954.4069
0.3600     10119.890071     0.000008163   -440863.9819
0.4000      7464.715600     0.000010885   -443519.1565
0.4500      5278.514382     0.000019048   -445705.3576    -35362.118
0.5000      3756.160454     0.000019048   -447227.7116    -25456.749
0.5500      2713.662417     0.000002721   -448270.2096    -16830.959
0.6000      2019.281029     0.000005442   -448964.5911    -11380.777
0.6500      1541.024409     0.000016327   -449442.8477     -8014.568
0.7000      1197.930244     0.000024490   -449785.9418     -5975.802
0.7500       931.444112     0.000016327   -450052.4279     -4717.836
0.8000       723.180267     0.000016327   -450260.6917     -3661.460
0.8500       561.998036     0.000016327   -450421.8740     -2822.594
0.9000       437.982053     0.000024490   -450545.8900     -2164.724
0.9500       342.991415     0.000013606   -450640.8806     -1657.440
1.0000       270.215761     0.000010885   -450713.6564     -1271.150
1.1000       171.289849     0.000019048   -450812.5820      -765.539
1.2000       110.801145     0.000005442   -450873.0708      -476.657
1.3000        72.572110     0.000013606   -450911.2998      -304.041
1.4000        48.098328     0.000021769   -450935.7738      -197.044
1.5000        32.512034     0.000021769   -450951.3599      -130.180
1.6000        22.274081     0.000010885   -450961.5979       -87.003
1.7000        15.354825     0.000010885   -450968.5172       -58.434
1.8000        10.656478     0.000021769   -450973.2155       -39.343
1.9000         7.460603     0.000008163   -450976.4115       -26.534
2.0000         5.287365     0.000016327   -450978.5846       -17.949
2.1000         3.811315     0.000021769   -450980.0606       -12.188
2.2000         2.813789     0.000019048   -450981.0581        -8.257
2.3000         2.148016     0.000019048   -450981.7240        -5.592
2.4000         1.712710     0.000016327   -450982.1594        -3.722
2.5000         1.438286     0.000024490   -450982.4337        -2.432
2.6000         1.319845     0.000013606   -450982.5520        -1.554
2.7000         1.278946     0.000010885   -450982.5931        -0.942
2.8000         1.277485     0.000013606   -450982.5945        -0.473
2.9000         1.304291     0.000013606   -450982.5678        -0.147
3.0000         1.351299     0.000005442   -450982.5208         0.107
3.1000         1.429257     0.000010885   -450982.4427         0.270
3.2000         1.515993     0.000024490   -450982.3561         0.378
3.3000         1.603870     0.000013606   -450982.2682         0.457
3.4000         1.691401     0.000013606   -450982.1806         0.505
3.5000         1.777750     0.000016327   -450982.0944         0.523
3.6000         1.863338     0.000027211   -450982.0086         0.535
3.7000         1.947408     0.000010885   -450981.9246         0.525
3.8000         2.027069     0.000019048   -450981.8448         0.512
3.9000         2.102426     0.000008163   -450981.7694         0.491
4.0000         2.172980     0.000010885   -450981.6990         0.452
5.0000         2.617184     0.000019048   -450981.2549         0.177
6.0000         2.758340     0.000010885   -450981.1137         0.069
7.0000         2.796240     0.000021769   -450981.0758         0.024
8.0000         2.807035     0.000002721   -450981.0649         0.012
9.0000         2.810967     0.000002721   -450981.0611         0.009
10.0000         2.812935     0.000010885   -450981.0590         0.007
100.0000         2.820328     0.000013606   -450981.0516         0.000
1000.0000         2.820701     0.000010885   -450981.0513
