0.0020  23039956.981782     0.000013606  22578825.5621
0.0040  11229096.891808     0.000027211  10767965.4703
0.0060   7301780.930403     0.000019048   6840649.5094
0.0080   5343699.598070     0.000005442   4882568.1780
0.0100   4173076.024974     0.000021769   3711944.6053
0.0120   3394437.425971     0.000024490   2933306.0056
0.0140   2840797.868708     0.000024490   2379666.4482
0.0160   2428432.543217     0.000010885   1967301.1227
0.0180   2109388.513831     0.000019048   1648257.0934
0.0200   1855779.568881     0.000016327   1394648.1482
0.0400    755190.621141     0.000013606    294059.2007
0.0600    420173.272446     0.000019048    -40958.1481
0.0800    267115.628478     0.000005442   -194015.7921
0.1000    183157.295760     0.000013606   -277974.1249
0.1200    132434.364312     0.000013606   -328697.0563
0.1400     99026.988388     0.000021769   -362104.4322
0.1600     75779.459627     0.000027211   -385351.9610
0.1800     59240.819759     0.000024490   -401890.6007
0.2000     47269.770628     0.000013606   -413861.6500
0.2400     31443.692819     0.000021769   -429687.7277
0.2800     21430.375710     0.000024490   -439701.0450
0.3200     15167.658607     0.000021769   -445963.7619
0.3600     11028.132079     0.000013606   -450103.2884
0.4000      8289.789660     0.000016327   -452841.6308
0.4500      5966.280272     0.000019048   -455165.1404    -39685.095
0.5000      4327.484168     0.000016327   -456803.9363    -26475.985
0.5500      3231.488249     0.000008163   -457899.9322    -18028.991
0.6000      2470.341064     0.000005442   -458661.0796    -12811.269
0.6500      1912.286337     0.000024490   -459219.1341     -9762.197
0.7000      1483.040397     0.000021769   -459648.3803     -7550.851
0.7500      1151.877250     0.000010885   -459979.5433     -5773.853
0.8000       899.755922     0.000024490   -460231.6647     -4377.529
0.8500       709.219518     0.000021769   -460422.2011     -3307.374
0.9000       565.211125     0.000027211   -460566.2095     -2511.928
0.9500       455.216344     0.000016327   -460676.2042     -1929.478
1.0000       370.084918     0.000019048   -460761.3356     -1501.276
1.1000       250.307629     0.000016327   -460881.1129      -941.838
1.2000       173.659404     0.000013606   -460957.7611      -616.503
1.3000       123.298969     0.000016327   -461008.1215      -420.890
1.4000        88.784322     0.000021769   -461042.6362      -291.031
1.5000        64.750401     0.000027211   -461066.6701      -199.846
1.6000        48.069459     0.000024490   -461083.3512      -138.821
1.7000        36.269327     0.000016327   -461095.1512       -99.779
1.8000        27.701688     0.000010885   -461103.7189       -74.419
1.9000        21.124718     0.000005442   -461110.2959       -56.606
2.0000        16.202008     0.000024490   -461115.2185       -43.083
2.1000        12.522627     0.000008163   -461118.8980       -32.611
2.2000         9.737100     0.000016327   -461121.6834       -24.522
2.3000         7.646593     0.000021769   -461123.7740       -18.274
2.4000         6.096977     0.000021769   -461125.3237       -13.412
2.5000         4.964583     0.000013606   -461126.4560        -9.732
2.6000         4.151308     0.000019048   -461127.2693        -6.877
2.7000         3.582163     0.000016327   -461127.8383        -4.758
2.8000         3.197012     0.000005442   -461128.2236        -3.130
2.9000         2.949718     0.000005442   -461128.4707        -1.939
3.0000         2.805435     0.000008163   -461128.6152        -1.050
3.1000         2.737602     0.000008163   -461128.6830        -0.394
3.2000         2.786118     0.000010885   -461128.6345         0.010
3.3000         2.862002     0.000008163   -461128.5586         0.299
3.4000         2.955247     0.000008163   -461128.4653         0.495
3.5000         3.059339     0.000021769   -461128.3613         0.609
3.6000         3.169167     0.000005442   -461128.2514         0.679
3.7000         3.280124     0.000013606   -461128.1404         0.710
3.8000         3.389454     0.000013606   -461128.0310         0.715
3.9000         3.495516     0.000010885   -461127.9251         0.698
4.0000         3.597129     0.000024490   -461127.8233         0.673
5.0000         4.326851     0.000027211   -461127.0938         0.285
6.0000         4.615265     0.000024490   -461126.8054         0.133
7.0000         4.740606     0.000024490   -461126.6799         0.060
8.0000         4.810618     0.000024490   -461126.6100         0.037
9.0000         4.856663     0.000002721   -461126.5640         0.026
10.0000         4.889921     0.000013606   -461126.5305         0.020
100.0000         5.093783     0.000019048   -461126.3267         0.000
1000.0000         5.109546     0.000010885   -461126.3109
