0.0020   1938312.264725     0.000008163   1585890.9373
0.0040    946009.761136     0.000021769    593588.4337
0.0060    616173.012576     0.000027211    263751.6852
0.0080    451934.558472     0.000008163     99513.2311
0.0100    354002.695066     0.000027211      1581.3677
0.0120    289016.351257     0.000016327    -63404.9761
0.0140    242819.512599     0.000010885   -109601.8148
0.0160    208328.251996     0.000019048   -144093.0754
0.0180    181627.392039     0.000005442   -170793.9353
0.0200    160357.653009     0.000024490   -192063.6744
0.0400     67241.404812     0.000024490   -285179.9224
0.0600     38388.070137     0.000027211   -314033.2573
0.0800     24889.627392     0.000019048   -327531.7000
0.1000     17429.196746     0.000027211   -334992.1306
0.1200     12826.813929     0.000013606   -339594.5134
0.1400      9750.523853     0.000019048   -342670.8034
0.1600      7565.995240     0.000019048   -344855.3321
0.1800      5962.419236     0.000016327   -346458.9081
0.2000      4766.684127     0.000021769   -347654.6432
0.2400      3170.178655     0.000016327   -349251.1486    -30365.447
0.2800      2208.235208     0.000013606   -350213.0921    -18839.711
0.3200      1595.940724     0.000021769   -350825.3866    -12368.059
0.3600      1183.122673     0.000013606   -351238.2048     -8583.489
0.4000       890.924346     0.000019048   -351530.4029     -6182.553
0.4500       635.067062     0.000024490   -351786.2602     -4184.975
0.5000       461.041425     0.000008163   -351960.2858     -2856.185
0.5500       341.605906     0.000013606   -352079.7215     -1969.702
0.6000       258.484735     0.000019048   -352162.8425     -1382.617
0.6500       199.725834     0.000010885   -352221.6015      -993.840
0.7000       156.953286     0.000016327   -352264.3740      -736.972
0.7500       124.737466     0.000021769   -352296.5898      -564.034
0.8000        99.767726     0.000021769   -352321.5595      -441.878
0.8500        80.057848     0.000010885   -352341.2696      -350.723
0.9000        64.369953     0.000019048   -352356.9575      -279.433
0.9500        51.861936     0.000008163   -352369.4655      -222.689
1.0000        41.904891     0.000005442   -352379.4224      -177.147
1.1000        27.696798     0.000021769   -352393.6306      -111.823
1.2000        18.754910     0.000010885   -352402.5725       -70.742
1.3000        13.098687     0.000021769   -352408.2287       -45.219
1.4000         9.437772     0.000021769   -352411.8897       -29.496
1.5000         7.065700     0.000013606   -352414.2617       -20.142
1.6000         5.460758     0.000027211   -352415.8666       -14.418
1.7000         4.278981     0.000024490   -352417.0484       -11.117
1.8000         3.343410     0.000013606   -352417.9839        -8.909
1.9000         2.617532     0.000008163   -352418.7099        -7.570
2.0000         1.990394     0.000019048   -352419.3369        -6.342
2.1000         1.459864     0.000024490   -352419.8675        -5.359
2.2000         1.003622     0.000013606   -352420.3238        -4.492
2.3000         0.605141     0.000024490   -352420.7222        -3.638
2.4000         0.263219     0.000008163   -352421.0643        -2.903
2.5000        -0.021415     0.000021769   -352421.3489        -2.306
2.6000        -0.255246     0.000008163   -352421.5826        -1.744
2.7000        -0.446321     0.000010885   -352421.7737        -1.290
2.8000        -0.598860     0.000013606   -352421.9263        -0.934
2.9000        -0.715798     0.000019048   -352422.0431        -0.656
3.0000        -0.804987     0.000005442   -352422.1323        -0.414
3.1000        -0.871978     0.000019048   -352422.1993        -0.229
3.2000        -0.920034     0.000021769   -352422.2474        -0.077
3.3000        -0.952178     0.000013606   -352422.2795         0.010
3.4000        -0.970587     0.000010885   -352422.2980         0.081
3.5000        -0.979088     0.000021769   -352422.3065         0.139
3.6000        -0.980032     0.000008163   -352422.3073         0.179
3.7000        -0.975314     0.000005442   -352422.3027         0.206
3.8000        -0.966176     0.000016327   -352422.2934         0.214
3.9000        -0.953357     0.000013606   -352422.2806         0.212
4.0000        -0.937607     0.000027211   -352422.2648         0.206
5.0000        -0.766948     0.000024490   -352422.0942         0.096
6.0000        -0.686304     0.000024490   -352422.0137         0.043
7.0000        -0.669183     0.000002721   -352421.9965         0.011
8.0000        -0.669180     0.000016327   -352421.9965         0.004
9.0000        -0.672247     0.000002721   -352421.9995         0.002
10.0000        -0.675210     0.000002721   -352422.0025         0.001
100.0000        -0.696111     0.000010885   -352422.0235
1000.0000        -0.697793     0.000008163   -352422.0251
