0.0020   4859244.380635     0.000016327   4399349.0296
0.0040   2368652.207115     0.000024490   1908756.8554
0.0060   1541558.993144     0.000019048   1081663.6415
0.0080   1130044.055873     0.000013606    670148.7042
0.0100    884245.817043     0.000013606    424350.4654
0.0120    721114.393428     0.000013606    261219.0417
0.0140    605215.163535     0.000016327    145319.8118
0.0160    518688.321878     0.000013606     58792.9702
0.0180    451756.006508     0.000019048     -8139.3452
0.0200    398628.014092     0.000013606    -61267.3376
0.0400    166183.236739     0.000010885   -293712.1149
0.0600     94134.269677     0.000024490   -365761.0819
0.0800     60936.049626     0.000016327   -398959.3020
0.1000     42630.875002     0.000021769   -417264.4767
0.1200     31147.324490     0.000019048   -428748.0273
0.1400     23384.055143     0.000010885   -436511.2965
0.1600     17987.912454     0.000021769   -441907.4394
0.1800     14165.359274     0.000010885   -445729.9923
0.2000     11396.326387     0.000016327   -448499.0253
0.2400      7725.974237     0.000016327   -452169.3774
0.2800      5378.993558     0.000019048   -454516.3581    -47727.456
0.3200      3817.069265     0.000021769   -456078.2824    -31477.030
0.3600      2782.306443     0.000021769   -457113.0453    -21042.889
0.4000      2081.951628     0.000021769   -457813.4002    -14468.688
0.4500      1492.624762     0.000013606   -458402.7269     -9572.001
0.5000      1090.173489     0.000016327   -458805.1783     -6761.495
0.5500       800.832056     0.000021769   -459094.5195     -4905.191
0.6000       591.043845     0.000013606   -459304.3080     -3544.463
0.6500       439.644618     0.000005442   -459455.7070     -2561.067
0.7000       329.887452     0.000019048   -459565.4642     -1862.576
0.7500       249.661889     0.000013606   -459645.6899     -1368.870
0.8000       190.343944     0.000008163   -459705.0078     -1018.795
0.8500       145.909201     0.000024490   -459749.4426      -768.934
0.9000       112.158765     0.000013606   -459783.1929      -588.476
0.9500        86.211602     0.000005442   -459809.1401      -456.466
1.0000        66.040629     0.000024490   -459829.3110      -358.164
1.1000        37.589673     0.000016327   -459857.7619      -225.039
1.2000        19.628162     0.000024490   -459875.7236      -142.103
1.3000         8.301176     0.000019048   -459887.0506       -88.496
1.4000         1.268535     0.000005442   -459894.0831       -53.925
1.5000        -2.982813     0.000005442   -459898.3347       -31.847
1.6000        -5.346471     0.000016327   -459900.6982       -18.387
1.7000        -6.647469     0.000005442   -459901.9992        -9.974
1.8000        -7.295536     0.000024490   -459902.6471        -4.669
1.9000        -7.540112     0.000027211   -459902.8917        -1.424
2.0000        -7.539957     0.000010885   -459902.8917         0.548
2.1000        -7.397813     0.000021769   -459902.7494         1.675
2.2000        -7.177457     0.000024490   -459902.5293         2.265
2.3000        -6.921477     0.000010885   -459902.2732         2.532
2.4000        -6.655015     0.000005442   -459902.0068         2.581
2.5000        -6.393475     0.000002721   -459901.7451         2.488
2.6000        -6.147394     0.000021769   -459901.4991         2.324
2.7000        -5.920500     0.000016327   -459901.2721         2.118
2.8000        -5.648642     0.000013606   -459901.0003         1.845
2.9000        -5.395320     0.000021769   -459900.7469         1.581
3.0000        -5.182370     0.000008163   -459900.5341         1.346
3.1000        -5.001038     0.000019048   -459900.3526         1.148
3.2000        -4.846409     0.000005442   -459900.1981         0.982
3.3000        -4.708984     0.000005442   -459900.0607         0.846
3.4000        -4.579980     0.000021769   -459899.9317         0.708
3.5000        -4.472038     0.000002721   -459899.8237         0.584
3.6000        -4.380983     0.000010885   -459899.7328         0.487
3.7000        -4.304489     0.000005442   -459899.6563         0.415
3.8000        -4.240232     0.000019048   -459899.5918         0.361
3.9000        -4.186016     0.000008163   -459899.5377         0.316
4.0000        -4.139841     0.000010885   -459899.4917         0.269
5.0000        -3.894079     0.000002721   -459899.2457         0.070
6.0000        -3.788319     0.000005442   -459899.1401         0.078
7.0000        -3.724930     0.000002721   -459899.0767         0.032
8.0000        -3.680948     0.000005442   -459899.0326         0.023
9.0000        -3.648648     0.000024490   -459899.0002         0.017
10.0000        -3.623897     0.000010885   -459898.9755         0.013
100.0000        -3.452030     0.000002721   -459898.8038         0.000
1000.0000        -3.437169     0.000002721   -459898.7888
