0.0020   6306165.061392     0.000019048   5639973.4968
0.0040   3073829.498820     0.000019048   2407637.9334
0.0060   2000276.850847     0.000027211   1334085.2854
0.0080   1466397.580686     0.000013606    800206.0152
0.0100   1147421.678110     0.000013606    481230.1126
0.0120    935662.293820     0.000024490    269470.7283
0.0140    785273.051914     0.000016327    119081.4864
0.0160    673031.894454     0.000021769      6840.3290
0.0180    586238.589849     0.000027211    -79952.9757
0.0200    517242.663991     0.000024490   -148948.9015
0.0400    215514.254554     0.000019048   -450677.3109
0.0600    122332.569368     0.000024490   -543858.9961
0.0800     78992.277811     0.000008163   -587199.2877
0.1000     54706.120013     0.000021769   -611485.4456
0.1200     39657.675185     0.000021769   -626533.8904
0.1400     29867.440039     0.000024490   -636324.1254
0.1600     23230.248088     0.000027211   -642961.3174
0.1800     18488.269030     0.000010885   -647703.2964
0.2000     14915.434665     0.000008163   -651276.1309
0.2400      9955.341497     0.000010885   -656236.2239
0.2800      6918.083904     0.000027211   -659273.4815
0.3200      5008.936296     0.000027211   -661182.6293    -38101.718
0.3600      3750.135800     0.000013606   -662441.4298    -25916.402
0.4000      2871.331074     0.000021769   -663320.2344    -18577.601
0.4500      2099.251912     0.000021769   -664092.3136    -12742.480
0.5000      1563.963077     0.000013606   -664627.6023     -8939.988
0.5500      1185.263981     0.000019048   -665006.3014     -6373.494
0.6000       913.351930     0.000024490   -665278.2135     -4609.426
0.6500       714.963862     0.000019048   -665476.6017     -3402.654
0.7000       566.189824     0.000024490   -665625.3757     -2607.567
0.7500       448.768830     0.000024490   -665742.7966     -2108.413
0.8000       353.224146     0.000005442   -665838.3413     -1709.779
0.8500       277.001002     0.000013606   -665914.5645     -1353.559
0.9000       217.235388     0.000016327   -665974.3302     -1041.937
0.9500       171.341412     0.000013606   -666020.2242      -793.264
1.0000       136.313668     0.000016327   -666055.2518      -604.500
1.1000        88.793019     0.000008163   -666102.7724      -360.731
1.2000        59.895611     0.000013606   -666131.6698      -226.950
1.3000        41.402259     0.000008163   -666150.1632      -151.478
1.4000        28.898998     0.000013606   -666162.6666      -105.915
1.5000        20.089983     0.000013606   -666171.4754       -75.693
1.6000        13.773894     0.000027211   -666177.7915       -54.271
1.7000         9.252389     0.000019048   -666182.3132       -38.479
1.8000         6.052514     0.000027211   -666185.5130       -26.887
1.9000         3.823887     0.000021769   -666187.7416       -18.486
2.0000         2.296454     0.000019048   -666189.2690       -12.494
2.1000         1.268380     0.000019048   -666190.2970        -8.282
2.2000         0.600164     0.000019048   -666190.9653        -5.430
2.3000         0.256957     0.000016327   -666191.3085        -3.649
2.4000         0.030477     0.000016327   -666191.5351        -2.464
2.5000        -0.119493     0.000013606   -666191.6851        -1.660
2.6000        -0.219082     0.000013606   -666191.7847        -1.122
2.7000        -0.285725     0.000013606   -666191.8513        -0.760
2.8000        -0.330940     0.000021769   -666191.8965        -0.510
2.9000        -0.361601     0.000019048   -666191.9270        -0.345
3.0000        -0.382366     0.000019048   -666191.9479        -0.232
3.1000        -0.396652     0.000024490   -666191.9621        -0.151
3.2000        -0.406274     0.000013606   -666191.9719        -0.102
3.3000        -0.412430     0.000016327   -666191.9779        -0.065
3.4000        -0.416005     0.000024490   -666191.9814        -0.039
3.5000        -0.417861     0.000016327   -666191.9833        -0.018
3.6000        -0.418590     0.000019048   -666191.9841        -0.006
3.7000        -0.418304     0.000021769   -666191.9839         0.004
3.8000        -0.417273     0.000019048   -666191.9828         0.010
3.9000        -0.415741     0.000019048   -666191.9811         0.014
4.0000        -0.413866     0.000016327   -666191.9795         0.018
5.0000        -0.394886     0.000019048   -666191.9605         0.014
6.0000        -0.386579     0.000024490   -666191.9520         0.003
7.0000        -0.384383     0.000021769   -666191.9498        -0.000
8.0000        -0.383936     0.000019048   -666191.9496        -0.000
9.0000        -0.383833     0.000019048   -666191.9493        -0.000
10.0000        -0.383836     0.000019048   -666191.9493
100.0000        -0.383822     0.000019048   -666191.9493
1000.0000        -0.383822     0.000019048   -666191.9493
