0.0020         0.000000     0.000016327  29355872.1314
0.0040  14684563.964300     0.000027211  13844996.8695
0.0060   9532151.278778     0.000019048   8692584.1864
0.0080   6969479.004459     0.000005442   6129911.9116
0.0100   5437590.891956     0.000024490   4598023.7992
0.0120   4420822.812121     0.000013606   3581255.7180
0.0140   3698107.760700     0.000027211   2858540.6679
0.0160   3159334.020445     0.000005442   2319766.9269
0.0180   2743549.340873     0.000010885   1903982.2473
0.0200   2413816.554828     0.000021769   1574249.4613
0.0400    977717.130932     0.000016327    138150.0373
0.0600    541681.856614     0.000013606   -297885.2369
0.0800    344128.338676     0.000002721   -495438.7550
0.1000    236191.112711     0.000016327   -603375.9810
0.1200    169401.899939     0.000024490   -670165.1938
0.1400    125486.143991     0.000013606   -714080.9496
0.1600     95960.795090     0.000010885   -743606.2985
0.1800     75363.537399     0.000016327   -764203.5563
0.2000     59735.937300     0.000024490   -779831.1562
0.2400     39094.860366     0.000013606   -800472.2333
0.2800     26687.806054     0.000019048   -812879.2875
0.3200     18971.348388     0.000019048   -820595.7453
0.3600     13663.119893     0.000027211   -825903.9738
0.4000     10084.410473     0.000016327   -829482.6833
0.4500      7174.821229     0.000019048   -832392.2724    -46126.091
0.5000      5276.048564     0.000024490   -834291.0450    -31221.984
0.5500      3949.868926     0.000008163   -835617.2247    -22502.404
0.6000      2980.724334     0.000005442   -836586.3692    -16563.007
0.6500      2267.537289     0.000021769   -837299.5562    -12191.664
0.7000      1742.160896     0.000021769   -837824.9326     -9004.062
0.7500      1352.094539     0.000019048   -838214.9990     -6748.253
0.8000      1056.799422     0.000019048   -838510.2941     -5201.500
0.8500       825.791698     0.000027211   -838741.3020     -4093.158
0.9000       643.876248     0.000016327   -838923.2175     -3206.894
0.9500       502.634436     0.000019048   -839064.4591     -2494.513
1.0000       392.977931     0.000019048   -839174.1158     -1933.105
1.1000       242.160251     0.000019048   -839324.9334     -1157.304
1.2000       151.290159     0.000024490   -839415.8034      -701.003
1.3000        95.682972     0.000016327   -839471.4107      -433.174
1.4000        61.012113     0.000008163   -839506.0815      -272.969
1.5000        39.389054     0.000008163   -839527.7045      -175.758
1.6000        25.535101     0.000016327   -839541.5587      -115.493
1.7000        16.380248     0.000010885   -839550.7134       -76.816
1.8000        10.189536     0.000013606   -839556.9040       -51.619
1.9000         5.965824     0.000016327   -839561.1277       -34.961
2.0000         3.038580     0.000024490   -839564.0551       -23.824
2.1000         0.994038     0.000005442   -839566.0995       -16.345
2.2000        -0.436348     0.000016327   -839567.5300       -11.151
2.3000        -1.431820     0.000010885   -839568.5254        -7.585
2.4000        -2.115028     0.000010885   -839569.2087        -5.082
2.5000        -2.572789     0.000008163   -839569.6664        -3.312
2.6000        -2.866761     0.000013606   -839569.9603        -2.071
2.7000        -3.041600     0.000024490   -839570.1353        -1.202
2.8000        -3.130219     0.000013606   -839570.2240        -0.577
2.9000        -3.155746     0.000024490   -839570.2493        -0.148
3.0000        -3.135964     0.000019048   -839570.2297         0.163
3.1000        -3.083851     0.000016327   -839570.1774         0.380
3.2000        -3.008312     0.000016327   -839570.1021         0.529
3.3000        -2.916594     0.000019048   -839570.0104         0.619
3.4000        -2.814883     0.000010885   -839569.9086         0.688
3.5000        -2.706622     0.000010885   -839569.8003         0.704
3.6000        -2.594993     0.000019048   -839569.6887         0.714
3.7000        -2.483015     0.000010885   -839569.5766         0.719
3.8000        -2.372472     0.000019048   -839569.4661         0.696
3.9000        -2.259955     0.000024490   -839569.3537         0.660
4.0000        -2.146337     0.000010885   -839569.2400         0.625
5.0000        -1.374181     0.000010885   -839568.4677         0.265
6.0000        -1.088461     0.000019048   -839568.1820         0.106
7.0000        -0.991240     0.000005442   -839568.0849         0.036
8.0000        -0.950407     0.000021769   -839568.0441         0.017
9.0000        -0.927993     0.000013606   -839568.0217         0.012
10.0000        -0.913027     0.000013606   -839568.0068         0.008
100.0000        -0.827752     0.000008163   -839567.9213         0.000
1000.0000        -0.821335     0.000010885   -839567.9151
