0.0020  24407287.524172     0.000027211  23921730.2354
0.0040  11897826.259783     0.000021769  11412268.9727
0.0060   7739419.055228     0.000016327   7253861.7659
0.0080   5666259.329974     0.000024490   5180702.0422
0.0100   4426923.993133     0.000024490   3941366.7040
0.0120   3601755.376114     0.000027211   3116198.0866
0.0140   3015308.799023     0.000019048   2529751.5108
0.0160   2578811.479833     0.000016327   2093254.1916
0.0180   2240626.523210     0.000013606   1755069.2348
0.0200   1971503.755540     0.000024490   1485946.4673
0.0400    802878.096241     0.000010885    317320.8078
0.0600    447168.984445     0.000019048    -38388.3039
0.0800    284441.636849     0.000016327   -201115.6515
0.1000    195308.561502     0.000019048   -290248.7268
0.1200    141506.502811     0.000016327   -344050.7855
0.1400    105974.793681     0.000016327   -379582.4947
0.1600     81519.360442     0.000008163   -404037.9279
0.1800     64218.797130     0.000021769   -421338.4913
0.2000     51599.175621     0.000019048   -433958.1128
0.2400     34191.402649     0.000016327   -451365.8858
0.2800     23268.842923     0.000016327   -462288.4454
0.3200     16351.463048     0.000021769   -469205.8253
0.3600     11848.535725     0.000024490   -473708.7527
0.4000      8818.013440     0.000019048   -476739.2750
0.4500      6081.864382     0.000021769   -479475.4238    -44046.465
0.5000      4296.305650     0.000010885   -481260.9826    -28597.199
0.5500      3119.489768     0.000019048   -482437.7985    -19257.553
0.6000      2311.712304     0.000021769   -483245.5761    -13463.672
0.6500      1738.173602     0.000010885   -483819.1148     -9748.693
0.7000      1317.724154     0.000024490   -484239.5640     -7225.265
0.7500      1005.385511     0.000024490   -484551.9027     -5363.888
0.8000       774.206481     0.000013606   -484783.0817     -3965.529
0.8500       601.416870     0.000013606   -484955.8714     -2992.612
0.9000       471.847122     0.000024490   -485085.4412     -2240.297
0.9500       374.520631     0.000010885   -485182.7676     -1687.495
1.0000       300.852351     0.000013606   -485256.4359     -1283.310
1.1000       199.908382     0.000013606   -485357.3799      -794.312
1.2000       134.038896     0.000019048   -485423.2494      -530.587
1.3000        91.398442     0.000013606   -485465.8899      -335.962
1.4000        64.439998     0.000005442   -485492.8483      -215.777
1.5000        46.887083     0.000024490   -485510.4013      -153.203
1.6000        34.912809     0.000027211   -485522.3754      -104.698
1.7000        26.815737     0.000027211   -485530.4727       -74.391
1.8000        20.951654     0.000024490   -485536.3367       -54.258
1.9000        16.699326     0.000013606   -485540.5890       -40.476
2.0000        13.598963     0.000008163   -485543.6892       -30.599
2.1000        11.225030     0.000008163   -485546.0632       -22.975
2.2000         9.534011     0.000021769   -485547.7543       -17.322
2.3000         8.336671     0.000013606   -485548.9516       -13.125
2.4000         7.519113     0.000019048   -485549.7691       -10.126
2.5000         6.923077     0.000027211   -485550.3653        -7.972
2.6000         6.429862     0.000008163   -485550.8583        -6.353
2.7000         6.004031     0.000008163   -485551.2842        -5.180
2.8000         5.631760     0.000021769   -485551.6565        -4.278
2.9000         5.299430     0.000027211   -485551.9890        -3.613
3.0000         5.000377     0.000008163   -485552.2880        -3.118
3.1000         4.729787     0.000005442   -485552.5585        -2.671
3.2000         4.485831     0.000027211   -485552.8026        -2.356
3.3000         4.267337     0.000021769   -485553.0208        -2.042
3.4000         4.073473     0.000024490   -485553.2149        -1.755
3.5000         3.902835     0.000002721   -485553.3855        -1.519
3.6000         3.754579     0.000010885   -485553.5338        -1.292
3.7000         3.627148     0.000013606   -485553.6611        -1.092
3.8000         3.518395     0.000002721   -485553.7700        -0.911
3.9000         3.426562     0.000005442   -485553.8617        -0.760
4.0000         3.350251     0.000008163   -485553.9381        -0.625
5.0000         3.139896     0.000008163   -485554.1485         0.009
6.0000         3.288274     0.000024490   -485553.9999         0.049
7.0000         3.363919     0.000013606   -485553.9243         0.029
8.0000         3.392507     0.000019048   -485553.8957         0.012
9.0000         3.402148     0.000016327   -485553.8862         0.003
10.0000         3.405177     0.000016327   -485553.8832         0.002
100.0000         3.406342     0.000010885   -485553.8821
1000.0000         3.406331     0.000010885   -485553.8821
