0.0020  15930694.809290     0.000013606  15219117.8059
0.0040   7763286.841271     0.000024490   7051709.8398
0.0060   5051578.760946     0.000013606   4340001.7586
0.0080   3702241.202365     0.000024490   2990664.1997
0.0100   2895988.187744     0.000013606   2184411.1854
0.0120   2360595.488740     0.000019048   1649018.4862
0.0140   1979403.739765     0.000016327   1267826.7373
0.0160   1695234.455471     0.000010885    983657.4529
0.0180   1475449.441263     0.000019048    763872.4387
0.0200   1300578.721527     0.000024490    589001.7191
0.0400    535555.924356     0.000013606   -176021.0781
0.0600    299716.390999     0.000021769   -411860.6116
0.0800    191738.164061     0.000019048   -519838.8383
0.1000    132104.637405     0.000024490   -579472.3650
0.1200     95615.395774     0.000019048   -615961.6067
0.1400     71408.677899     0.000010885   -640168.3245
0.1600     54524.548376     0.000024490   -657052.4542
0.1800     42467.441616     0.000013606   -669109.5609
0.2000     33695.977100     0.000019048   -677881.0254
0.2400     22283.413289     0.000019048   -689293.5891
0.2800     15404.425225     0.000019048   -696172.5772
0.3200     10843.520888     0.000008163   -700733.4815
0.3600      7874.413630     0.000010885   -703702.5887
0.4000      5883.335123     0.000010885   -705693.6673    -41074.738
0.4500      4206.290921     0.000013606   -707370.7116    -27480.963
0.5000      3041.357656     0.000024490   -708535.6448    -19606.596
0.5500      2211.810170     0.000016327   -709365.1924    -13846.297
0.6000      1628.498819     0.000024490   -709948.5037     -9753.904
0.6500      1215.814131     0.000010885   -710361.1882     -6961.476
0.7000       917.114613     0.000016327   -710659.8877     -5119.592
0.7500       694.348873     0.000008163   -710882.6536     -3847.161
0.8000       526.578429     0.000021769   -711050.4241     -2919.529
0.8500       398.506173     0.000021769   -711178.4964     -2234.607
0.9000       300.374535     0.000010885   -711276.6280     -1708.328
0.9500       225.476879     0.000024490   -711351.5255     -1298.404
1.0000       168.609440     0.000019048   -711408.3930      -982.365
1.1000        93.007920     0.000010885   -711483.9947      -561.175
1.2000        49.771126     0.000024490   -711527.2314      -322.915
1.3000        24.904536     0.000016327   -711552.0980      -189.164
1.4000        10.317016     0.000027211   -711566.6855      -112.060
1.5000         1.745929     0.000005442   -711575.2565       -66.000
1.6000        -3.194389     0.000024490   -711580.1967       -37.336
1.7000        -5.804025     0.000024490   -711582.8066       -19.023
1.8000        -6.384838     0.000016327   -711583.3873        -9.052
1.9000        -6.372558     0.000008163   -711583.3750        -2.740
2.0000        -6.014717     0.000021769   -711583.0172         1.206
2.1000        -5.457074     0.000013606   -711582.4596         3.453
2.2000        -4.723917     0.000024490   -711581.7263         4.449
2.3000        -3.732609     0.000013606   -711580.7350         4.199
2.4000        -2.872587     0.000013606   -711579.8751         3.822
2.5000        -2.158136     0.000019048   -711579.1605         3.244
2.6000        -1.572881     0.000005442   -711578.5755         2.842
2.7000        -1.071977     0.000024490   -711578.0745         2.410
2.8000        -0.591780     0.000013606   -711577.5942         2.076
2.9000        -0.166624     0.000024490   -711577.1692         1.829
3.0000         0.236007     0.000021769   -711576.7665         1.559
3.1000         0.575581     0.000027211   -711576.4269         1.412
3.2000         0.866664     0.000016327   -711576.1357         1.308
3.3000         1.121907     0.000013606   -711575.8805         1.193
3.4000         1.351304     0.000010885   -711575.6511         1.101
3.5000         1.558141     0.000013606   -711575.4443         1.052
3.6000         1.746237     0.000024490   -711575.2562         0.994
3.7000         1.919203     0.000010885   -711575.0832         0.917
3.8000         2.089593     0.000010885   -711574.9128         0.847
3.9000         2.252695     0.000010885   -711574.7498         0.785
4.0000         2.401637     0.000024490   -711574.6007         0.733
5.0000         3.312277     0.000016327   -711573.6902         0.269
6.0000         3.615970     0.000010885   -711573.3865         0.103
7.0000         3.711041     0.000019048   -711573.2916         0.030
8.0000         3.748223     0.000016327   -711573.2543         0.013
9.0000         3.767853     0.000016327   -711573.2347         0.009
10.0000         3.780798     0.000016327   -711573.2216         0.005
100.0000         3.854845     0.000021769   -711573.1476         0.000
1000.0000         3.860486     0.000016327   -711573.1419
