0.0020         0.000000     0.000016327  32360915.7906
0.0040  16131024.798887     0.000008163  15306042.1315
0.0060  10467165.762681     0.000021769   9642183.0945
0.0080   7651237.399022     0.000024490   6826254.7299
0.0100   5968538.723600     0.000016327   5143556.0567
0.0120   4851184.870513     0.000008163   4026202.2012
0.0140   4056544.285616     0.000027211   3231561.6163
0.0160   3464649.101802     0.000013606   2639666.4338
0.0180   3007883.646064     0.000016327   2182900.9779
0.0200   2645385.619908     0.000016327   1820402.9517
0.0400   1071075.570492     0.000013606    246092.9024
0.0600    592539.769416     0.000016327   -232442.8987
0.0800    375573.306656     0.000027211   -449409.3614
0.1000    257619.951031     0.000021769   -567362.7172
0.1200    184869.280981     0.000016327   -640113.3871
0.1400    137805.860647     0.000019048   -687176.8075
0.1600    106130.476124     0.000021769   -718852.1920
0.1800     83176.759766     0.000027211   -741805.9085
0.2000     66004.158286     0.000008163   -758978.5097
0.2400     43115.288975     0.000010885   -781867.3793
0.2800     29938.413838     0.000010885   -795044.2542
0.3200     21320.768631     0.000002721   -803661.8995
0.3600     15488.360112     0.000013606   -809494.3080
0.4000     11646.501184     0.000024490   -813336.1669
0.4500      8486.382187     0.000013606   -816496.2859    -50775.725
0.5000      6366.795636     0.000027211   -818615.8724    -35401.174
0.5500      4851.151889     0.000008163   -820131.5162    -25861.248
0.6000      3732.839842     0.000010885   -821249.8283    -19234.734
0.6500      2895.967655     0.000024490   -822086.7004    -14501.095
0.7000      2260.416461     0.000013606   -822722.2517    -11108.872
0.7500      1770.692649     0.000021769   -823211.9754     -8600.760
0.8000      1391.207922     0.000002721   -823591.4601     -6658.848
0.8500      1098.260452     0.000019048   -823884.4077     -5132.928
0.9000       872.905373     0.000016327   -824109.7627     -3945.839
0.9500       699.548936     0.000019048   -824283.1191     -3036.275
1.0000       565.831145     0.000016327   -824416.8370     -2347.746
1.1000       380.786610     0.000021769   -824601.8816     -1440.642
1.2000       265.046986     0.000008163   -824717.6212      -923.685
1.3000       189.408062     0.000008163   -824793.2601      -618.213
1.4000       138.205306     0.000016327   -824844.4627      -428.310
1.5000       102.544929     0.000016327   -824880.1233      -305.784
1.6000        76.661757     0.000016327   -824906.0065      -222.570
1.7000        57.350844     0.000024490   -824925.3173      -164.843
1.8000        42.530506     0.000019048   -824940.1377      -124.449
1.9000        31.245902     0.000013606   -824951.4223       -93.583
2.0000        23.090959     0.000016327   -824959.5773       -69.119
2.1000        17.150935     0.000021769   -824965.5172       -51.423
2.2000        12.739665     0.000021769   -824969.9285       -38.364
2.3000         9.434722     0.000019048   -824973.2333       -28.558
2.4000         6.972161     0.000016327   -824975.6959       -21.124
2.5000         5.151738     0.000019048   -824977.5164       -15.542
2.6000         3.819171     0.000016327   -824978.8489       -11.306
2.7000         2.854538     0.000013606   -824979.8136        -8.141
2.8000         2.165994     0.000016327   -824980.5020        -5.795
2.9000         1.681855     0.000010885   -824980.9864        -4.051
3.0000         1.348042     0.000019048   -824981.3200        -2.768
3.1000         1.122557     0.000008163   -824981.5456        -1.839
3.2000         0.974794     0.000019048   -824981.6933        -1.179
3.3000         0.880547     0.000013606   -824981.7875        -0.725
3.4000         0.823145     0.000016327   -824981.8449        -0.404
3.5000         0.789326     0.000021769   -824981.8789        -0.208
3.6000         0.780953     0.000019048   -824981.8871        -0.101
3.7000         0.783201     0.000010885   -824981.8849        -0.051
3.8000         0.783334     0.000008163   -824981.8849        -0.021
3.9000         0.781171     0.000024490   -824981.8871        -0.007
4.0000         0.777783     0.000024490   -824981.8903         0.004
5.0000         0.748537     0.000008163   -824981.9195         0.022
6.0000         0.761437     0.000027211   -824981.9067         0.016
7.0000         0.775334     0.000010885   -824981.8928         0.006
8.0000         0.781215     0.000008163   -824981.8868         0.001
9.0000         0.782970     0.000005442   -824981.8852        -0.001
10.0000         0.783394     0.000005442   -824981.8846        -0.001
100.0000         0.783555     0.000005442   -824981.8846
1000.0000         0.783560     0.000005442   -824981.8846
