0.0020  11492400.454977     0.000008163  11292892.5240
0.0040   5616673.483656     0.000021769   5417165.5523
0.0060   3661124.057235     0.000016327   3461616.1270
0.0080   2685519.127408     0.000019048   2486011.1958
0.0100   2101714.208682     0.000021769   1902206.2773
0.0120   1714603.685737     0.000027211   1515095.7542
0.0140   1438852.383128     0.000010885   1239344.4515
0.0160   1232572.681294     0.000024490   1033064.7498
0.0180   1072982.619993     0.000024490    873474.6884
0.0200    946270.916591     0.000016327    746762.9851
0.0400    391482.795087     0.000008163    191974.8636
0.0600    220153.591593     0.000027211     20645.6601
0.0800    141313.873140     0.000013606    -58194.0584
0.1000     97946.992139     0.000016327   -101560.9394
0.1200     71018.595939     0.000010885   -128489.3356
0.1400     53176.823764     0.000016327   -146331.1077
0.1600     40995.987081     0.000010885   -158511.9444
0.1800     32488.830762     0.000016327   -167019.1008
0.2000     26344.730434     0.000024490   -173163.2011
0.2400     17770.682081     0.000019048   -181737.2494
0.2800     12322.430233     0.000019048   -187185.5013
0.3200      8798.354532     0.000027211   -190709.5770
0.3600      6510.544777     0.000016327   -192997.3867    -46189.739
0.4000      4966.943819     0.000027211   -194540.9877    -32819.433
0.4500      3514.829138     0.000024490   -195993.1024    -24406.110
0.5000      2516.808675     0.000021769   -196991.1228    -16078.040
0.5500      1855.820037     0.000027211   -197652.1115    -10766.002
0.6000      1406.766312     0.000019048   -198101.1652     -7450.535
0.6500      1090.157271     0.000021769   -198417.7742     -5367.528
0.7000       857.637198     0.000024490   -198650.2943     -4025.334
0.7500       680.266663     0.000016327   -198827.6649     -3124.331
0.8000       540.957257     0.000008163   -198966.9742     -2479.065
0.8500       429.998763     0.000016327   -199077.9327     -1976.817
0.9000       341.697067     0.000008163   -199166.2345     -1568.486
0.9500       271.936675     0.000016327   -199235.9948     -1241.035
1.0000       216.757711     0.000024490   -199291.1738      -986.613
1.1000       137.332982     0.000008163   -199370.5985      -626.960
1.2000        86.903841     0.000024490   -199421.0277      -399.315
1.3000        54.646097     0.000013606   -199453.2854      -259.646
1.4000        33.489495     0.000027211   -199474.4420      -169.645
1.5000        19.601038     0.000013606   -199488.3305      -110.349
1.6000        10.629182     0.000016327   -199497.3023       -70.384
1.7000         5.289740     0.000010885   -199502.6418       -44.228
1.8000         2.034874     0.000013606   -199505.8966       -26.924
1.9000         0.194978     0.000010885   -199507.7365       -15.773
2.0000        -0.676783     0.000010885   -199508.6083        -8.888
2.1000        -1.048371     0.000021769   -199508.9799        -4.752
2.2000        -1.106062     0.000027211   -199509.0376        -2.399
2.3000        -0.969330     0.000021769   -199508.9008        -1.161
2.4000        -0.802940     0.000010885   -199508.7344        -0.484
2.5000        -0.640423     0.000016327   -199508.5719        -0.061
2.6000        -0.491514     0.000024490   -199508.4230         0.196
2.7000        -0.353179     0.000021769   -199508.2847         0.430
2.8000        -0.221558     0.000013606   -199508.1531         0.601
2.9000        -0.091047     0.000010885   -199508.0226         0.749
3.0000         0.039307     0.000021769   -199507.8922         0.859
3.1000         0.170107     0.000024490   -199507.7614         0.918
3.2000         0.301992     0.000010885   -199507.6295         0.965
3.3000         0.432411     0.000005442   -199507.4991         1.002
3.4000         0.560255     0.000024490   -199507.3713         0.995
3.5000         0.685594     0.000016327   -199507.2459         0.975
3.6000         0.806516     0.000024490   -199507.1250         0.960
3.7000         0.921579     0.000021769   -199507.0099         0.929
3.8000         1.030643     0.000021769   -199506.9009         0.884
3.9000         1.134193     0.000016327   -199506.7973         0.837
4.0000         1.231438     0.000013606   -199506.7001         0.794
5.0000         1.889448     0.000008163   -199506.0421         0.340
6.0000         2.170520     0.000016327   -199505.7610         0.102
7.0000         2.243041     0.000010885   -199505.6885         0.035
8.0000         2.260304     0.000013606   -199505.6712         0.014
9.0000         2.265289     0.000016327   -199505.6662         0.008
10.0000         2.267482     0.000024490   -199505.6640         0.005
100.0000         2.274889     0.000002721   -199505.6566         0.000
1000.0000         2.275297     0.000021769   -199505.6562
