0.0020   5986266.687066     0.000024490   5880738.6007
0.0040   2930780.024238     0.000005442   2825251.9358
0.0060   1914107.086175     0.000021769   1808578.9985
0.0080   1407291.751185     0.000021769   1301763.6635
0.0100   1104133.364112     0.000021769    998605.2766
0.0120    902567.537023     0.000010885    797039.4493
0.0140    758917.108156     0.000013606    653389.0204
0.0160    651595.221260     0.000021769    546067.1336
0.0180    568432.040938     0.000013606    462903.9533
0.0200    502191.681648     0.000010885    396663.5938
0.0400    210384.098496     0.000021769    104856.0108
0.0600    120135.865201     0.000021769     14607.7775
0.0800     78001.979425     0.000013606    -27526.1083
0.1000     54409.975683     0.000021769    -51118.1120
0.1200     39891.324879     0.000005442    -65636.7628
0.1400     30284.138459     0.000016327    -75243.9492
0.1600     23524.139927     0.000005442    -82003.9478
0.1800     18579.154276     0.000021769    -86948.9334
0.2000     14891.963271     0.000019048    -90636.1244
0.2400      9973.323786     0.000016327    -95554.7639
0.2800      7018.887149     0.000024490    -98509.2005
0.3200      5160.296094     0.000013606   -100367.7916    -37232.694
0.3600      3819.276079     0.000019048   -101708.8116    -29748.790
0.4000      2823.505892     0.000021769   -102704.5818    -20580.649
0.4500      1995.445133     0.000019048   -103532.6426    -13143.952
0.5000      1459.614998     0.000021769   -104068.4727     -8659.207
0.5500      1098.603906     0.000019048   -104429.4838     -5989.943
0.6000       844.002161     0.000013606   -104684.0855     -4335.497
0.6500       656.407466     0.000013606   -104871.6802     -3230.867
0.7000       514.846940     0.000021769   -105013.2408     -2463.871
0.7500       405.856050     0.000019048   -105122.2316     -1921.752
0.8000       320.673602     0.000024490   -105207.4141     -1513.806
0.8500       253.686658     0.000019048   -105274.4010     -1189.168
0.9000       201.144304     0.000019048   -105326.9434      -918.344
0.9500       160.864442     0.000021769   -105367.2233      -701.758
1.0000       130.900663     0.000024490   -105397.1870      -546.724
1.1000        86.630981     0.000008163   -105441.4567      -358.408
1.2000        57.440062     0.000019048   -105470.6476      -232.807
1.3000        38.366172     0.000005442   -105489.7215      -154.671
1.4000        25.586516     0.000016327   -105502.5012      -104.059
1.5000        17.015017     0.000024490   -105511.0727       -70.030
1.6000        11.355133     0.000016327   -105516.7326       -46.873
1.7000         7.733789     0.000027211   -105520.3539       -31.149
1.8000         5.368308     0.000024490   -105522.7194       -20.426
1.9000         3.851471     0.000024490   -105524.2362       -13.239
2.0000         2.893976     0.000021769   -105525.1937        -8.487
2.1000         2.297836     0.000019048   -105525.7899        -5.486
2.2000         1.981844     0.000016327   -105526.1058        -3.689
2.3000         1.765372     0.000016327   -105526.3223        -2.632
2.4000         1.596789     0.000010885   -105526.4909        -2.011
2.5000         1.449410     0.000013606   -105526.6383        -1.649
2.6000         1.313418     0.000019048   -105526.7743        -1.372
2.7000         1.188665     0.000019048   -105526.8990        -1.169
2.8000         1.079490     0.000016327   -105527.0082        -0.964
2.9000         0.987923     0.000021769   -105527.0998        -0.780
3.0000         0.917560     0.000008163   -105527.1701        -0.621
3.1000         0.867401     0.000010885   -105527.2203        -0.456
3.2000         0.836233     0.000024490   -105527.2515        -0.313
3.3000         0.822124     0.000021769   -105527.2656        -0.199
3.4000         0.823047     0.000024490   -105527.2646        -0.099
3.5000         0.835893     0.000019048   -105527.2518        -0.008
3.6000         0.857439     0.000013606   -105527.2303         0.062
3.7000         0.886705     0.000013606   -105527.2010         0.112
3.8000         0.921606     0.000027211   -105527.1661         0.149
3.9000         0.960089     0.000013606   -105527.1276         0.177
4.0000         1.000892     0.000016327   -105527.0868         0.207
5.0000         1.376559     0.000024490   -105526.7111         0.166
6.0000         1.575711     0.000016327   -105526.5120         0.081
7.0000         1.655620     0.000016327   -105526.4321         0.029
8.0000         1.687809     0.000019048   -105526.3999         0.011
9.0000         1.702938     0.000021769   -105526.3847         0.006
10.0000         1.711687     0.000021769   -105526.3760         0.003
100.0000         1.754485     0.000016327   -105526.3332
1000.0000         1.757579     0.000021769   -105526.3301
