0.0020    637853.263963     0.000021769    627581.6198
0.0040    313856.841576     0.000005442    303585.1975
0.0060    205947.041432     0.000008163    195675.3973
0.0080    152022.613894     0.000013606    141750.9697
0.0100    119718.532032     0.000021769    109446.8879
0.0120     98232.268646     0.000021769     87960.6245
0.0140     82932.184980     0.000016327     72660.5408
0.0160     71501.592223     0.000019048     61229.9481
0.0180     62620.982466     0.000019048     52349.3383
0.0200     55529.570291     0.000027211     45257.9261
0.0400     24331.595667     0.000019048     14059.9515
0.0600     14420.060675     0.000013606      4148.4165
0.0800      9666.189151     0.000019048      -605.4550
0.1000      6933.803353     0.000016327     -3337.8408
0.1200      5206.015441     0.000024490     -5065.6287
0.1400      4046.872457     0.000010885     -6224.7717    -47938.831
0.1600      3233.836448     0.000010885     -7037.8077    -34360.806
0.1800      2640.517300     0.000019048     -7631.1269    -25572.299
0.2000      2191.396810     0.000008163     -8080.2473    -19707.127
0.2400      1557.570750     0.000024490     -8714.0734    -12728.665
0.2800      1133.792371     0.000019048     -9137.8518     -8772.476
0.3200       837.753420     0.000010885     -9433.8907     -6197.098
0.3600       627.440655     0.000010885     -9644.2035     -4427.324
0.4000       476.516092     0.000027211     -9795.1281     -3192.620
0.4500       344.819942     0.000021769     -9926.8242     -2151.908
0.5000       255.359653     0.000021769    -10016.2845     -1476.328
0.5500       193.449177     0.000019048    -10078.1950     -1033.124
0.6000       149.681636     0.000016327    -10121.9625      -739.971
0.6500       117.942348     0.000010885    -10153.7018      -544.962
0.7000        94.208688     0.000024490    -10177.4355      -415.058
0.7500        75.840272     0.000021769    -10195.8039      -333.627
0.8000        60.331072     0.000019048    -10211.3131      -287.516
0.8500        46.515136     0.000005442    -10225.1290      -250.600
0.9000        35.072455     0.000013606    -10236.5717      -208.536
0.9500        25.632278     0.000016327    -10246.0119      -170.618
1.0000        17.972700     0.000016327    -10253.6715      -137.387
1.1000         7.021035     0.000010885    -10264.6231       -85.447
1.2000         0.379033     0.000024490    -10271.2651       -50.253
1.3000        -3.399803     0.000027211    -10275.0440       -27.315
1.4000        -5.215649     0.000027211    -10276.8598       -13.370
1.5000        -5.945875     0.000016327    -10277.5900        -4.864
1.6000        -6.063583     0.000016327    -10277.7077         0.248
1.7000        -5.826746     0.000024490    -10277.4709         3.187
1.8000        -5.399492     0.000013606    -10277.0436         4.759
1.9000        -4.881180     0.000008163    -10276.5253         5.507
2.0000        -4.326977     0.000010885    -10275.9711         5.771
2.1000        -3.766778     0.000024490    -10275.4109         5.764
2.2000        -2.977289     0.000005442    -10274.6214         5.295
2.3000        -2.089525     0.000016327    -10273.7337         4.565
2.4000        -1.353435     0.000013606    -10272.9976         3.943
2.5000        -0.740215     0.000016327    -10272.3844         3.414
2.6000        -0.226108     0.000016327    -10271.8703         2.970
2.7000         0.207403     0.000021769    -10271.4368         2.592
2.8000         0.574759     0.000013606    -10271.0694         2.268
2.9000         0.887777     0.000021769    -10270.7564         1.986
3.0000         1.162835     0.000021769    -10270.4813         1.732
3.1000         1.514360     0.000019048    -10270.1298         1.363
3.2000         1.790099     0.000024490    -10269.8541         1.075
3.3000         2.006900     0.000024490    -10269.6373         0.851
3.4000         2.177679     0.000024490    -10269.4665         0.676
3.5000         2.312495     0.000027211    -10269.3317         0.539
3.6000         2.419050     0.000005442    -10269.2251         0.432
3.7000         2.503380     0.000005442    -10269.1408         0.347
3.8000         2.570193     0.000021769    -10269.0740         0.279
3.9000         2.623192     0.000010885    -10269.0210         0.225
4.0000         2.665315     0.000005442    -10268.9788         0.182
5.0000         2.813101     0.000016327    -10268.8311         0.024
6.0000         2.828938     0.000013606    -10268.8152         0.004
7.0000         2.830693     0.000021769    -10268.8135         0.001
8.0000         2.830810     0.000013606    -10268.8133         0.000
9.0000         2.830725     0.000013606    -10268.8134         0.000
10.0000         2.830633     0.000013606    -10268.8135         0.000
100.0000         2.829931     0.000024490    -10268.8142
1000.0000         2.829882     0.000010885    -10268.8143
