0.0020         0.000000     0.000019048  29779962.0645
0.0040  14815154.715757     0.000010885  14152724.6012
0.0060   9620554.621460     0.000021769   8958124.5072
0.0080   7032465.345498     0.000027211   6370035.2320
0.0100   5485487.120625     0.000016327   4823057.0073
0.0120   4458230.435687     0.000019048   3795800.3208
0.0140   3728506.601070     0.000008163   3066076.4884
0.0160   3185157.453449     0.000016327   2522727.3398
0.0180   2765811.756834     0.000016327   2103381.6430
0.0200   2433051.994135     0.000010885   1770621.8804
0.0400    987841.316377     0.000024490    325411.2027
0.0600    547664.016741     0.000024490   -114766.0970
0.0800    347118.155545     0.000027211   -315311.9584
0.1000    238450.830731     0.000019048   -423979.2830
0.1200    171713.239224     0.000005442   -490716.8747
0.1400    128287.443520     0.000024490   -534142.6702
0.1600     98851.146903     0.000021769   -563578.9668
0.1800     78025.122657     0.000005442   -584404.9911
0.2000     62070.146495     0.000008163   -600359.9673
0.2400     40449.782770     0.000016327   -621980.3311
0.2800     27443.913123     0.000019048   -634986.2006
0.3200     19407.234575     0.000008163   -643022.8791
0.3600     13882.407010     0.000016327   -648547.7068
0.4000     10070.074892     0.000024490   -652360.0389
0.4500      6982.336492     0.000005442   -655447.7772    -48600.721
0.5000      5001.772656     0.000024490   -657428.3413    -32128.083
0.5500      3658.712306     0.000021769   -658771.4013    -22380.572
0.6000      2706.686468     0.000010885   -659723.4274    -16105.620
0.6500      2019.370108     0.000010885   -660410.7437    -11681.185
0.7000      1518.520887     0.000013606   -660911.5929     -8492.421
0.7500      1155.835499     0.000013606   -661274.2783     -6141.863
0.8000       892.722244     0.000010885   -661537.3916     -4508.935
0.8500       696.458630     0.000016327   -661733.6551     -3415.894
0.9000       545.103708     0.000019048   -661885.0101     -2661.123
0.9500       426.538034     0.000013606   -662003.5759     -2088.691
1.0000       333.659071     0.000024490   -662096.4546     -1635.611
1.1000       203.663623     0.000019048   -662226.4502     -1001.462
1.2000       124.759192     0.000019048   -662305.3546      -608.681
1.3000        76.606510     0.000005442   -662353.5073      -374.417
1.4000        46.756664     0.000019048   -662383.3571      -234.305
1.5000        27.960441     0.000021769   -662402.1534      -148.538
1.6000        16.030168     0.000021769   -662414.0837       -94.712
1.7000         8.490565     0.000019048   -662421.6232       -60.157
1.8000         4.178397     0.000008163   -662425.9354       -38.486
1.9000         1.651985     0.000005442   -662428.4617       -24.195
2.0000         0.170191     0.000019048   -662429.9436       -14.588
2.1000        -0.507833     0.000008163   -662430.6217        -8.428
2.2000        -0.772763     0.000008163   -662430.8865        -4.580
2.3000        -0.626559     0.000008163   -662430.7403        -2.408
2.4000        -0.096927     0.000010885   -662430.2108        -1.725
2.5000         0.336061     0.000010885   -662429.7776        -1.492
2.6000         0.678927     0.000010885   -662429.4347        -1.384
2.7000         0.896836     0.000016327   -662429.2171        -1.284
2.8000         1.029889     0.000010885   -662429.0840        -1.074
2.9000         1.112271     0.000024490   -662429.0015        -0.839
3.0000         1.169464     0.000027211   -662428.9444        -0.624
3.1000         1.218869     0.000024490   -662428.8949        -0.380
3.2000         1.269325     0.000019048   -662428.8445        -0.185
3.3000         1.325682     0.000008163   -662428.7882         0.008
3.4000         1.389457     0.000024490   -662428.7243         0.163
3.5000         1.459456     0.000024490   -662428.6543         0.270
3.6000         1.534954     0.000019048   -662428.5789         0.361
3.7000         1.614534     0.000027211   -662428.4992         0.426
3.8000         1.695349     0.000021769   -662428.4184         0.467
3.9000         1.776150     0.000019048   -662428.3376         0.479
4.0000         1.856359     0.000021769   -662428.2573         0.485
5.0000         2.446552     0.000013606   -662427.6671         0.244
6.0000         2.669326     0.000019048   -662427.4445         0.078
7.0000         2.737638     0.000013606   -662427.3762         0.037
8.0000         2.760411     0.000008163   -662427.3533         0.018
9.0000         2.769821     0.000021769   -662427.3441         0.011
10.0000         2.774991     0.000019048   -662427.3389         0.008
100.0000         2.799293     0.000005442   -662427.3144         0.000
1000.0000         2.800951     0.000010885   -662427.3128
