0.0020  13761394.807909     0.000024490  13509034.3947
0.0040   6717837.107157     0.000010885   6465476.6919
0.0060   4376781.474101     0.000021769   4124421.0602
0.0080   3208414.555264     0.000027211   2956054.1422
0.0100   2509478.769770     0.000021769   2257118.3557
0.0120   2045507.396947     0.000027211   1793146.9828
0.0140   1715050.712461     0.000016327   1462690.2984
0.0160   1468272.308202     0.000024490   1215911.8942
0.0180   1277397.829907     0.000027211   1025037.4157
0.0200   1125716.071644     0.000024490    873355.6576
0.0400    463941.926280     0.000005442    211581.5121
0.0600    260001.680309     0.000016327      7641.2662
0.0800    166545.946775     0.000013606    -85814.4674
0.1000    114927.643325     0.000016327   -137432.7708
0.1200     83030.511762     0.000016327   -169329.9024
0.1400     62259.846555     0.000013606   -190100.5676
0.1600     48270.874156     0.000021769   -204089.5400
0.1800     38219.088949     0.000021769   -214141.3252
0.2000     30722.748572     0.000024490   -221637.6656
0.2400     20503.155720     0.000019048   -231857.2584
0.2800     14213.333251     0.000016327   -238147.0809
0.3200     10300.308405     0.000010885   -242060.1057
0.3600      7672.723631     0.000013606   -244687.6905
0.4000      5698.928061     0.000010885   -246661.4861    -41020.086
0.4500      4054.025745     0.000019048   -248306.3884    -26017.925
0.5000      2993.084321     0.000013606   -249367.3298    -17205.909
0.5500      2272.900734     0.000024490   -250087.5134    -12041.203
0.6000      1755.941220     0.000027211   -250604.4729     -8888.697
0.6500      1365.470956     0.000013606   -250994.9432     -6857.295
0.7000      1061.926775     0.000013606   -251298.4874     -5331.144
0.7500       827.577131     0.000016327   -251532.8370     -4085.321
0.8000       648.638697     0.000010885   -251711.7754     -3111.570
0.8500       512.203993     0.000016327   -251848.2101     -2378.007
0.9000       407.562191     0.000016327   -251952.8519     -1832.077
0.9500       326.573719     0.000021769   -252033.8404     -1425.298
1.0000       263.263081     0.000019048   -252097.1511     -1119.977
1.1000       173.561198     0.000016327   -252186.8529      -710.521
1.2000       115.936262     0.000013606   -252244.4779      -463.446
1.3000        77.977058     0.000019048   -252282.4371      -307.855
1.4000        52.538016     0.000024490   -252307.8761      -207.194
1.5000        35.292383     0.000016327   -252325.1217      -140.766
1.6000        23.522097     0.000016327   -252336.8920       -96.178
1.7000        15.492770     0.000019048   -252344.9214       -65.971
1.8000        10.171304     0.000016327   -252350.2428       -45.866
1.9000         6.502759     0.000013606   -252353.9114       -32.041
2.0000         3.967500     0.000021769   -252356.4466       -22.500
2.1000         2.210591     0.000013606   -252358.2036       -15.828
2.2000         0.993825     0.000021769   -252359.4203       -11.041
2.3000         0.159584     0.000008163   -252360.2546        -7.593
2.4000        -0.402663     0.000010885   -252360.8168        -5.095
2.5000        -0.769078     0.000008163   -252361.1832        -3.242
2.6000        -0.995450     0.000010885   -252361.4096        -1.924
2.7000        -1.120856     0.000008163   -252361.5350        -0.948
2.8000        -1.174711     0.000005442   -252361.5888        -0.256
2.9000        -1.177345     0.000010885   -252361.5915         0.212
3.0000        -1.144111     0.000024490   -252361.5582         0.573
3.1000        -1.086121     0.000024490   -252361.5002         0.777
3.2000        -0.939024     0.000008163   -252361.3532         0.880
3.3000        -0.788801     0.000010885   -252361.2029         0.946
3.4000        -0.641694     0.000016327   -252361.0558         0.954
3.5000        -0.499318     0.000024490   -252360.9135         0.932
3.6000        -0.363577     0.000024490   -252360.7777         0.908
3.7000        -0.235901     0.000024490   -252360.6500         0.867
3.8000        -0.105289     0.000027211   -252360.5194         0.808
3.9000         0.024213     0.000021769   -252360.3899         0.745
4.0000         0.143766     0.000021769   -252360.2704         0.690
5.0000         0.867720     0.000013606   -252359.5464         0.234
6.0000         1.084483     0.000013606   -252359.3296         0.064
7.0000         1.135333     0.000008163   -252359.2788         0.015
8.0000         1.145894     0.000016327   -252359.2682         0.003
9.0000         1.147766     0.000027211   -252359.2664         0.000
10.0000         1.147842     0.000013606   -252359.2663        -0.000
100.0000         1.145129     0.000024490   -252359.2690
1000.0000         1.144925     0.000016327   -252359.2692
