0.0020  12408029.337299     0.000024490  12191798.7401
0.0040   6063391.366283     0.000021769   5847160.7693
0.0060   3952431.815781     0.000010885   3736201.2192
0.0080   2899451.877235     0.000013606   2683221.2802
0.0100   2269948.405865     0.000021769   2053717.8088
0.0120   1852486.200274     0.000013606   1636255.6032
0.0140   1554818.622506     0.000027211   1338588.0256
0.0160   1331960.264296     0.000013606   1115729.6674
0.0180   1159913.378663     0.000024490    943682.7816
0.0200   1023051.894589     0.000005442    806821.2975
0.0400    422055.307558     0.000019048    205824.7106
0.0600    236825.892992     0.000021769     20595.2960
0.0800    152193.238887     0.000016327    -64037.3581
0.1000    105397.267897     0.000024490   -110833.3291
0.1200     76266.623946     0.000013606   -139963.9731
0.1400     57123.665184     0.000008163   -159106.9318
0.1600     44159.128379     0.000019048   -172071.4686
0.1800     35133.516402     0.000021769   -181097.0806
0.2000     28353.525625     0.000008163   -187877.0714
0.2400     19106.509590     0.000019048   -197124.0874
0.2800     13187.835515     0.000016327   -203042.7615
0.3200      9490.984350     0.000027211   -206739.6126
0.3600      7106.970841     0.000027211   -209123.6262    -48386.557
0.4000      5385.635787     0.000016327   -210844.9612    -39294.966
0.4500      3781.756427     0.000008163   -212448.8406    -25554.247
0.5000      2742.743108     0.000008163   -213487.8539    -16710.901
0.5500      2053.606722     0.000008163   -214176.9903    -11299.885
0.6000      1577.838506     0.000016327   -214652.7585     -8002.974
0.6500      1232.765013     0.000013606   -214997.8320     -5953.594
0.7000       970.672692     0.000021769   -215259.9243     -4608.477
0.7500       765.192330     0.000024490   -215465.4047     -3645.442
0.8000       602.065092     0.000005442   -215628.5319     -2896.503
0.8500       472.652841     0.000016327   -215757.9442     -2293.870
0.9000       370.403476     0.000021769   -215860.1935     -1810.258
0.9500       289.830797     0.000005442   -215940.7662     -1426.582
1.0000       226.360289     0.000013606   -216004.2367     -1124.738
1.1000       136.764746     0.000021769   -216093.8323      -702.276
1.2000        80.712723     0.000019048   -216149.8843      -439.920
1.3000        45.633922     0.000019048   -216184.9631      -273.890
1.4000        24.047165     0.000010885   -216206.5498      -167.222
1.5000        11.025843     0.000016327   -216219.5712       -99.127
1.6000         3.423468     0.000013606   -216227.1735       -56.254
1.7000        -0.803874     0.000024490   -216231.4009       -29.780
1.8000        -2.958096     0.000005442   -216233.5551       -13.703
1.9000        -3.589842     0.000010885   -216234.1868        -4.746
2.0000        -3.189938     0.000016327   -216233.7869        -0.315
2.1000        -2.618705     0.000024490   -216233.2157         2.393
2.2000        -1.942001     0.000024490   -216232.5390         4.049
2.3000        -1.075438     0.000016327   -216231.6724         4.751
2.4000        -0.209813     0.000005442   -216230.8068         4.963
2.5000         0.904330     0.000027211   -216229.6927         4.428
2.6000         1.937239     0.000016327   -216228.6598         3.770
2.7000         2.812453     0.000027211   -216227.7845         3.231
2.8000         3.566592     0.000021769   -216227.0304         2.783
2.9000         4.197891     0.000016327   -216226.3991         2.440
3.0000         4.721438     0.000010885   -216225.8756         2.165
3.1000         5.161468     0.000010885   -216225.4355         1.918
3.2000         5.536782     0.000013606   -216225.0602         1.728
3.3000         5.859220     0.000008163   -216224.7378         1.555
3.4000         6.138437     0.000019048   -216224.4586         1.395
3.5000         6.382827     0.000010885   -216224.2142         1.247
3.6000         6.597332     0.000021769   -216223.9997         1.127
3.7000         6.785763     0.000027211   -216223.8112         1.013
3.8000         6.951951     0.000021769   -216223.6451         0.906
3.9000         7.099290     0.000016327   -216223.4977         0.805
4.0000         7.229608     0.000019048   -216223.3674         0.715
5.0000         7.911634     0.000010885   -216222.6854         0.191
6.0000         8.071330     0.000008163   -216222.5257         0.042
7.0000         8.102713     0.000008163   -216222.4943         0.009
8.0000         8.108795     0.000019048   -216222.4882         0.002
9.0000         8.110030     0.000027211   -216222.4870         0.000
10.0000         8.110299     0.000002721   -216222.4867        -0.000
100.0000         8.110381     0.000013606   -216222.4866
1000.0000         8.110381     0.000002721   -216222.4866
