0.0020   3277330.236542     0.000016327   3215781.9319
0.0040   1605513.550943     0.000019048   1543965.2456
0.0060   1048968.896210     0.000019048    987420.5909
0.0080    771854.553790     0.000010885    710306.2487
0.0100    606205.310123     0.000019048    544657.0048
0.0120    496296.092172     0.000016327    434747.7869
0.0140    418035.031795     0.000024490    356486.7266
0.0160    359522.482478     0.000019048    297974.1774
0.0180    314138.017919     0.000019048    252589.7127
0.0200    277932.529976     0.000016327    216384.2248
0.0400    118018.394710     0.000019048     56470.0895
0.0600     67774.656615     0.000016327      6226.3514
0.0800     44397.869353     0.000005442    -17150.4359
0.1000     31263.875852     0.000002721    -30284.4294
0.1200     22972.853401     0.000008163    -38575.4518
0.1400     17442.723969     0.000016327    -44105.5812
0.1600     13641.324662     0.000019048    -47906.9806
0.1800     10949.791877     0.000019048    -50598.5133
0.2000      8926.109070     0.000010885    -52622.1961
0.2400      6113.577428     0.000019048    -55434.7278
0.2800      4301.171401     0.000008163    -57247.1338    -36755.817
0.3200      3087.251534     0.000021769    -58461.0537    -24720.791
0.3600      2268.665441     0.000013606    -59279.6398    -16763.851
0.4000      1708.876338     0.000019048    -59839.4289    -11578.243
0.4500      1239.113973     0.000013606    -60309.1913     -7539.728
0.5000       923.776224     0.000016327    -60624.5290     -5234.395
0.5500       696.708270     0.000019048    -60851.5969     -3968.521
0.6000       521.243942     0.000019048    -61027.0613     -3066.683
0.6500       388.338502     0.000024490    -61159.9667     -2272.245
0.7000       291.030805     0.000019048    -61257.2744     -1648.881
0.7500       220.539056     0.000027211    -61327.7662     -1194.750
0.8000       169.302971     0.000010885    -61379.0023      -872.371
0.8500       131.677360     0.000021769    -61416.6279      -645.175
0.9000       103.643707     0.000019048    -61444.6615      -485.005
0.9500        82.386248     0.000013606    -61465.9190      -371.515
1.0000        65.954214     0.000024490    -61482.3510      -290.180
1.1000        42.628840     0.000016327    -61505.6764      -186.530
1.2000        27.279762     0.000027211    -61521.0254      -125.352
1.3000        16.869017     0.000024490    -61531.4362       -85.518
1.4000        10.034322     0.000027211    -61538.2709       -58.752
1.5000         5.600840     0.000010885    -61542.7044       -40.518
1.6000         2.571833     0.000021769    -61545.7334       -27.410
1.7000         0.556002     0.000013606    -61547.7492       -18.057
1.8000        -0.738544     0.000013606    -61549.0438       -11.471
1.9000        -1.530627     0.000021769    -61549.8358        -6.953
2.0000        -1.979430     0.000019048    -61550.2847        -3.819
2.1000        -2.199587     0.000027211    -61550.5048        -1.785
2.2000        -2.270508     0.000019048    -61550.5757        -0.398
2.3000        -2.246695     0.000021769    -61550.5519         0.462
2.4000        -2.163314     0.000016327    -61550.4685         1.026
2.5000        -2.043802     0.000021769    -61550.3490         1.369
2.6000        -1.901241     0.000024490    -61550.2064         1.567
2.7000        -1.745197     0.000021769    -61550.0504         1.689
2.8000        -1.581235     0.000013606    -61549.8864         1.744
2.9000        -1.412516     0.000013606    -61549.7177         1.750
3.0000        -1.227084     0.000019048    -61549.5323         1.722
3.1000        -0.926031     0.000024490    -61549.2312         1.561
3.2000        -0.659874     0.000019048    -61548.9651         1.408
3.3000        -0.424179     0.000021769    -61548.7294         1.271
3.4000        -0.215672     0.000019048    -61548.5209         1.142
3.5000        -0.031056     0.000008163    -61548.3363         1.027
3.6000         0.132813     0.000010885    -61548.1724         0.916
3.7000         0.278669     0.000008163    -61548.0265         0.818
3.8000         0.408318     0.000013606    -61547.8969         0.733
3.9000         0.523384     0.000010885    -61547.7818         0.653
4.0000         0.625631     0.000005442    -61547.6796         0.582
5.0000         1.242606     0.000019048    -61547.0626         0.117
6.0000         1.373365     0.000027211    -61546.9319         0.039
7.0000         1.413926     0.000024490    -61546.8913         0.014
8.0000         1.433692     0.000019048    -61546.8715         0.008
9.0000         1.446288     0.000021769    -61546.8589         0.005
10.0000         1.455431     0.000010885    -61546.8498         0.004
100.0000         1.512564     0.000010885    -61546.7926
1000.0000         1.517103     0.000013606    -61546.7881
