0.0020   8138395.426000     0.000010885   7886983.0336
0.0040   3970502.524584     0.000024490   3719090.1301
0.0060   2586010.223542     0.000005442   2334597.8302
0.0080   1897311.453598     0.000019048   1645899.0605
0.0100   1485986.460064     0.000021769   1234574.0669
0.0120   1213131.324066     0.000024490    961718.9308
0.0140   1018873.820722     0.000019048    767461.4276
0.0160    873591.149126     0.000016327    622178.7560
0.0180    761070.936267     0.000013606    509658.5429
0.0200    671535.075273     0.000010885    420122.6820
0.0400    279865.758282     0.000005442     28453.3651
0.0600    158613.729893     0.000016327    -92798.6633
0.0800    102157.234870     0.000016327   -149255.1584
0.1000     71098.544882     0.000010885   -180313.8483
0.1200     51885.489391     0.000016327   -199526.9038
0.1400     39038.140853     0.000010885   -212374.2524
0.1600     30148.265986     0.000021769   -221264.1272
0.1800     23830.755276     0.000019048   -227581.6379
0.2000     19221.261035     0.000008163   -232191.1322
0.2400     13057.747153     0.000016327   -238354.6461
0.2800      9025.216424     0.000024490   -242387.1768
0.3200      6426.467164     0.000016327   -244985.9261
0.3600      4713.511304     0.000019048   -246698.8819    -34864.536
0.4000      3554.365065     0.000016327   -247858.0282    -23943.725
0.4500      2580.784210     0.000019048   -248831.6090    -15921.033
0.5000      1900.045682     0.000021769   -249512.3475    -11656.659
0.5500      1399.462556     0.000024490   -250012.9307     -8425.469
0.6000      1044.103322     0.000027211   -250368.2899     -5936.058
0.6500       793.121378     0.000021769   -250619.2718     -4218.485
0.7000       613.641908     0.000013606   -250798.7513     -3038.892
0.7500       483.189366     0.000021769   -250929.2038     -2230.233
0.8000       386.428553     0.000019048   -251025.9647     -1675.146
0.8500       312.782591     0.000019048   -251099.6106     -1297.749
0.9000       254.980873     0.000013606   -251157.4124     -1049.761
0.9500       207.499814     0.000021769   -251204.8934      -872.099
1.0000       168.053478     0.000019048   -251244.3398      -719.340
1.1000       110.646853     0.000016327   -251301.7464      -447.881
1.2000        75.964960     0.000024490   -251336.4283      -267.035
1.3000        55.216698     0.000016327   -251357.1765      -170.059
1.4000        40.705239     0.000019048   -251371.6880      -123.611
1.5000        29.792212     0.000019048   -251382.6010       -91.362
1.6000        22.177897     0.000024490   -251390.2153       -66.173
1.7000        16.779186     0.000021769   -251395.6140       -47.913
1.8000        12.851496     0.000016327   -251399.5417       -34.367
1.9000        10.020689     0.000021769   -251402.3725       -24.494
2.0000         7.988643     0.000021769   -251404.4046       -17.444
2.1000         6.533271     0.000024490   -251405.8600       -12.377
2.2000         5.488449     0.000021769   -251406.9048        -8.908
2.3000         4.730356     0.000027211   -251407.6629        -6.463
2.4000         4.164761     0.000016327   -251408.2285        -4.914
2.5000         3.722397     0.000019048   -251408.6708        -3.869
2.6000         3.353788     0.000024490   -251409.0394        -3.231
2.7000         3.029260     0.000016327   -251409.3640        -2.836
2.8000         2.731953     0.000021769   -251409.6613        -2.500
2.9000         2.455750     0.000013606   -251409.9375        -2.252
3.0000         2.201369     0.000008163   -251410.1919        -1.997
3.1000         1.969177     0.000010885   -251410.4241        -1.733
3.2000         1.761092     0.000021769   -251410.6321        -1.477
3.3000         1.578898     0.000027211   -251410.8143        -1.264
3.4000         1.421531     0.000021769   -251410.9717        -1.038
3.5000         1.287828     0.000021769   -251411.1054        -0.831
3.6000         1.180596     0.000016327   -251411.2126        -0.647
3.7000         1.109820     0.000027211   -251411.2834        -0.523
3.8000         1.055963     0.000002721   -251411.3373        -0.391
3.9000         1.013320     0.000019048   -251411.3799        -0.280
4.0000         0.980225     0.000016327   -251411.4130        -0.197
5.0000         0.940693     0.000005442   -251411.4525         0.130
6.0000         1.059598     0.000002721   -251411.3336         0.088
7.0000         1.146120     0.000021769   -251411.2471         0.033
8.0000         1.173339     0.000019048   -251411.2199         0.011
9.0000         1.181867     0.000005442   -251411.2114         0.003
10.0000         1.184822     0.000008163   -251411.2084         0.001
100.0000         1.191361     0.000016327   -251411.2019
1000.0000         1.191786     0.000021769   -251411.2014
