0.0020   6514938.088491     0.000027211   6271117.6306
0.0040   3179246.356887     0.000016327   2935425.8985
0.0060   2071442.199246     0.000021769   1827621.7399
0.0080   1519832.374063     0.000010885   1276011.9148
0.0100   1190139.284185     0.000024490    946318.8249
0.0120    971582.255969     0.000010885    727761.7968
0.0140    816199.662869     0.000024490    572379.2036
0.0160    700114.448976     0.000005442    456293.9899
0.0180    610223.151652     0.000021769    366402.6923
0.0200    538645.645335     0.000021769    294825.1862
0.0400    225254.774629     0.000013606    -18565.6846
0.0600    128253.153681     0.000021769   -115567.3055
0.0800     82999.480392     0.000019048   -160820.9788
0.1000     57969.449035     0.000016327   -185851.0102
0.1200     42509.286335     0.000010885   -201311.1729
0.1400     32160.329967     0.000010885   -211660.1293
0.1600     24894.282389     0.000013606   -218926.1768
0.1800     19641.963288     0.000019048   -224178.4959
0.2000     15772.501011     0.000016327   -228047.9582
0.2400     10669.469153     0.000010885   -233150.9901
0.2800      7537.812675     0.000021769   -236282.6465
0.3200      5400.852010     0.000008163   -238419.6072    -43670.109
0.3600      3958.271836     0.000021769   -239862.1874    -29487.324
0.4000      2973.151389     0.000008163   -240847.3078    -20393.262
0.4500      2146.171801     0.000019048   -241674.2874    -13291.211
0.5000      1592.184901     0.000027211   -242228.2743     -9207.224
0.5500      1195.564586     0.000013606   -242624.8946     -6797.298
0.6000       901.945451     0.000021769   -242918.5138     -5016.743
0.6500       687.570667     0.000016327   -243132.8885     -3633.022
0.7000       533.009233     0.000024490   -243287.4500     -2618.980
0.7500       421.977368     0.000010885   -243398.4819     -1914.887
0.8000       340.107100     0.000008163   -243480.3521     -1449.567
0.8500       276.657939     0.000024490   -243543.8013     -1121.798
0.9000       226.558127     0.000013606   -243593.9011      -897.274
0.9500       185.851935     0.000021769   -243634.6073      -726.533
1.0000       153.520081     0.000019048   -243666.9391      -590.839
1.1000       104.837465     0.000021769   -243715.6218      -409.194
1.2000        70.724603     0.000019048   -243749.7346      -284.771
1.3000        47.032601     0.000021769   -243773.4266      -189.384
1.4000        31.418199     0.000021769   -243789.0410      -122.568
1.5000        21.380658     0.000010885   -243799.0786       -80.246
1.6000        14.689424     0.000019048   -243805.7698       -54.650
1.7000         9.961257     0.000027211   -243810.4980       -39.688
1.8000         6.449351     0.000027211   -243814.0099       -30.022
1.9000         3.795356     0.000013606   -243816.6639       -22.944
2.0000         1.807419     0.000024490   -243818.6518       -17.301
2.1000         0.346937     0.000013606   -243820.1123       -12.747
2.2000        -0.690209     0.000021769   -243821.1494        -9.039
2.3000        -1.285540     0.000024490   -243821.7448        -6.371
2.4000        -1.527153     0.000021769   -243821.9864        -4.650
2.5000        -1.694418     0.000021769   -243822.1536        -3.190
2.6000        -1.787737     0.000013606   -243822.2470        -2.070
2.7000        -1.816802     0.000013606   -243822.2760        -1.158
2.8000        -1.794211     0.000024490   -243822.2534        -0.466
2.9000        -1.728650     0.000019048   -243822.1879         0.029
3.0000        -1.631489     0.000002721   -243822.0907         0.404
3.1000        -1.513207     0.000010885   -243821.9724         0.662
3.2000        -1.380129     0.000008163   -243821.8394         0.813
3.3000        -1.237675     0.000021769   -243821.6969         0.905
3.4000        -1.092548     0.000021769   -243821.5518         0.958
3.5000        -0.948633     0.000016327   -243821.4079         0.970
3.6000        -0.808674     0.000002721   -243821.2679         0.945
3.7000        -0.673678     0.000005442   -243821.1329         0.902
3.8000        -0.546078     0.000010885   -243821.0053         0.859
3.9000        -0.427423     0.000016327   -243820.8867         0.797
4.0000        -0.318145     0.000008163   -243820.7774         0.740
5.0000         0.341811     0.000005442   -243820.1174         0.263
6.0000         0.574770     0.000016327   -243819.8845         0.138
7.0000         0.674279     0.000019048   -243819.7849         0.061
8.0000         0.729910     0.000000000   -243819.7293         0.039
9.0000         0.766591     0.000013606   -243819.6926         0.027
10.0000         0.793038     0.000021769   -243819.6662         0.021
100.0000         0.958100     0.000021769   -243819.5011         0.000
1000.0000         0.971031     0.000016327   -243819.4882
