0.0020   3592240.599891     0.000010885   3517731.9685
0.0040   1759042.864745     0.000013606   1684534.2342
0.0060   1148666.056789     0.000024490   1074157.4264
0.0080    844883.692838     0.000024490    770375.0622
0.0100    663311.960701     0.000024490    588803.3301
0.0120    542740.303033     0.000016327    468231.6726
0.0140    456913.826237     0.000021769    382405.1957
0.0160    392760.629660     0.000024490    318251.9992
0.0180    343014.345654     0.000013606    268505.7151
0.0200    303364.538089     0.000019048    228855.9076
0.0400    128495.416748     0.000024490     53986.7862
0.0600     73775.258474     0.000010885      -733.3720
0.0800     48297.933310     0.000021769    -26210.6972
0.1000     33954.962304     0.000013606    -40553.6682
0.1200     24922.096805     0.000019048    -49586.5337
0.1400     18966.182228     0.000027211    -55542.4483
0.1600     14887.350256     0.000010885    -59621.2802
0.1800     11941.447807     0.000005442    -62567.1827
0.2000      9724.525097     0.000008163    -64784.1054
0.2400      6623.229310     0.000021769    -67885.4012
0.2800      4626.716763     0.000016327    -69881.9137    -39785.958
0.3200      3330.104898     0.000019048    -71178.5256    -26113.272
0.3600      2468.753654     0.000019048    -72039.8769    -17571.671
0.4000      1881.577136     0.000013606    -72627.0534    -12148.405
0.4500      1385.801893     0.000013606    -73122.8286     -8076.918
0.5000      1040.346778     0.000019048    -73468.2837     -5976.430
0.5500       777.844402     0.000021769    -73730.7861     -4554.234
0.6000       581.358958     0.000010885    -73927.2716     -3336.322
0.6500       438.894895     0.000013606    -74069.7356     -2387.852
0.7000       336.780052     0.000016327    -74171.8505     -1718.663
0.7500       262.769286     0.000005442    -74245.8612     -1257.155
0.8000       208.189577     0.000016327    -74300.4409      -939.280
0.8500       167.062279     0.000024490    -74341.5682      -718.297
0.9000       135.278674     0.000016327    -74373.3518      -562.876
0.9500       110.075762     0.000027211    -74398.5548      -451.879
1.0000        89.633302     0.000019048    -74418.9972      -370.317
1.1000        58.664366     0.000016327    -74449.9661      -257.529
1.2000        36.991172     0.000016327    -74471.6393      -180.135
1.3000        21.946266     0.000027211    -74486.6842      -123.694
1.4000        11.733217     0.000021769    -74496.8973       -82.884
1.5000         4.971791     0.000010885    -74503.6587       -54.102
1.6000         0.620303     0.000021769    -74508.0102       -34.221
1.7000        -2.077963     0.000010885    -74510.7085       -20.639
1.8000        -3.654705     0.000016327    -74512.2852       -11.491
1.9000        -4.479703     0.000016327    -74513.1102        -5.410
2.0000        -4.805816     0.000008163    -74513.4363        -1.369
2.1000        -4.806199     0.000021769    -74513.4367         1.191
2.2000        -4.598658     0.000024490    -74513.2292         2.836
2.3000        -4.263563     0.000024490    -74512.8941         3.788
2.4000        -3.764087     0.000019048    -74512.3946         4.178
2.5000        -3.021959     0.000010885    -74511.6525         3.939
2.6000        -2.385395     0.000008163    -74511.0159         3.672
2.7000        -1.837673     0.000019048    -74510.4682         3.404
2.8000        -1.363759     0.000016327    -74509.9943         3.147
2.9000        -0.951501     0.000021769    -74509.5820         2.897
3.0000        -0.446427     0.000013606    -74509.0769         2.454
3.1000        -0.023677     0.000019048    -74508.6542         2.081
3.2000         0.365950     0.000024490    -74508.2646         1.729
3.3000         0.744243     0.000008163    -74507.8863         1.384
3.4000         1.043979     0.000027211    -74507.5865         1.108
3.5000         1.281757     0.000016327    -74507.3487         0.890
3.6000         1.470515     0.000019048    -74507.1600         0.717
3.7000         1.620509     0.000019048    -74507.0100         0.579
3.8000         1.739853     0.000016327    -74506.8907         0.468
3.9000         1.834960     0.000013606    -74506.7956         0.380
4.0000         1.910784     0.000010885    -74506.7197         0.309
5.0000         2.181584     0.000013606    -74506.4489         0.044
6.0000         2.214033     0.000013606    -74506.4165         0.005
7.0000         2.219764     0.000016327    -74506.4107         0.001
8.0000         2.221696     0.000016327    -74506.4088         0.000
9.0000         2.222815     0.000016327    -74506.4077         0.000
10.0000         2.223606     0.000016327    -74506.4069         0.000
100.0000         2.228785     0.000027211    -74506.4017
1000.0000         2.229215     0.000027211    -74506.4013
