0.0020   7188757.285169     0.000013606   7075157.6330
0.0040   3520859.842239     0.000019048   3407260.1907
0.0060   2299583.103976     0.000027211   2185983.4519
0.0080   1689928.152779     0.000010885   1576328.5009
0.0100   1324912.574714     0.000005442   1211312.9228
0.0120   1082343.116950     0.000024490    968743.4650
0.0140    909965.412074     0.000013606    796365.7602
0.0160    781001.645412     0.000016327    667401.9935
0.0180    680937.941147     0.000024490    567338.2892
0.0200    601174.981719     0.000019048    487575.3299
0.0400    251338.982194     0.000024490    137739.3303
0.0600    142864.861840     0.000021769     29265.2099
0.0800     92240.637631     0.000008163    -21359.0143
0.1000     64153.680360     0.000027211    -49445.9716
0.1200     46929.463756     0.000021769    -66670.1882
0.1400     35469.708440     0.000021769    -78129.9435
0.1600     27400.504277     0.000010885    -86199.1477
0.1800     21545.492990     0.000008163    -92054.1589
0.2000     17208.478381     0.000024490    -96391.1736
0.2400     11511.549623     0.000008163   -102088.1023
0.2800      8161.542664     0.000019048   -105438.1093
0.3200      5873.546395     0.000010885   -107726.1055    -48794.811
0.3600      4265.666029     0.000021769   -109333.9859    -32681.959
0.4000      3185.088732     0.000024490   -110414.5632    -22152.132
0.4500      2287.344799     0.000016327   -111312.3071    -14724.815
0.5000      1664.871059     0.000027211   -111934.7809    -10357.185
0.5500      1228.827304     0.000019048   -112370.8246     -7245.401
0.6000       923.460008     0.000019048   -112676.1919     -5099.214
0.6500       706.089627     0.000010885   -112893.5623     -3690.159
0.7000       542.232375     0.000024490   -113057.4195     -2988.370
0.7500       406.534585     0.000016327   -113193.1173     -2369.658
0.8000       304.637407     0.000019048   -113295.0145     -1731.857
0.8500       230.394411     0.000021769   -113369.2575     -1261.394
0.9000       176.117815     0.000013606   -113423.5341      -926.692
0.9500       136.007009     0.000005442   -113463.6449      -689.619
1.0000       105.948504     0.000013606   -113493.7034      -520.757
1.1000        65.462151     0.000010885   -113534.1898      -309.869
1.2000        40.832790     0.000021769   -113558.8191      -193.085
1.3000        25.253416     0.000021769   -113574.3985      -124.080
1.4000        15.155760     0.000027211   -113584.4962       -80.965
1.5000         8.598151     0.000016327   -113591.0538       -52.948
1.6000         4.638634     0.000027211   -113595.0133       -34.846
1.7000         2.078815     0.000019048   -113597.5731       -22.553
1.8000         0.473195     0.000021769   -113599.1787       -14.229
1.9000        -0.486466     0.000019048   -113600.1384        -8.621
2.0000        -1.014520     0.000005442   -113600.6664        -4.892
2.1000        -1.259659     0.000024490   -113600.9116        -2.439
2.2000        -1.324117     0.000019048   -113600.9760        -0.865
2.3000        -1.278016     0.000016327   -113600.9299         0.105
2.4000        -1.167880     0.000013606   -113600.8198         0.690
2.5000        -1.025489     0.000019048   -113600.6774         1.004
2.6000        -0.870234     0.000013606   -113600.5222         1.154
2.7000        -0.714868     0.000013606   -113600.3668         1.196
2.8000        -0.566405     0.000010885   -113600.2183         1.169
2.9000        -0.428623     0.000013606   -113600.0806         1.110
3.0000        -0.303407     0.000019048   -113599.9553         1.028
3.1000        -0.190785     0.000024490   -113599.8427         0.938
3.2000        -0.090437     0.000013606   -113599.7424         0.849
3.3000        -0.001703     0.000016327   -113599.6536         0.763
3.4000         0.076581     0.000016327   -113599.5753         0.678
3.5000         0.145537     0.000010885   -113599.5064         0.602
3.6000         0.205982     0.000013606   -113599.4459         0.533
3.7000         0.258867     0.000013606   -113599.3931         0.471
3.8000         0.310234     0.000021769   -113599.3417         0.410
3.9000         0.370935     0.000013606   -113599.2810         0.343
4.0000         0.420587     0.000010885   -113599.2313         0.286
5.0000         0.609949     0.000008163   -113599.0420         0.049
6.0000         0.634355     0.000013606   -113599.0176         0.008
7.0000         0.638045     0.000013606   -113599.0139         0.004
8.0000         0.638771     0.000027211   -113599.0132         0.002
9.0000         0.639024     0.000019048   -113599.0129         0.002
10.0000         0.639158     0.000013606   -113599.0128         0.001
100.0000         0.639696     0.000010885   -113599.0122
1000.0000         0.639734     0.000016327   -113599.0122
