0.0020  17543705.004621     0.000021769  17215869.3747
0.0040   8554625.025639     0.000024490   8226789.3956
0.0060   5565211.813399     0.000005442   5237376.1827
0.0080   4076500.818440     0.000021769   3748665.1896
0.0100   3187250.900096     0.000016327   2859415.2693
0.0120   2596129.489797     0.000021769   2268293.8597
0.0140   2174895.271039     0.000019048   1847059.6409
0.0160   1861243.324766     0.000019048   1533407.6944
0.0180   1618735.527217     0.000016327   1290899.8971
0.0200   1425492.326519     0.000010885   1097656.6963
0.0400    583542.509716     0.000027211    255706.8795
0.0600    326099.936998     0.000019048     -1735.6932
0.0800    208508.742903     0.000019048   -119326.8873
0.1000    143104.155374     0.000016327   -184731.4748
0.1200    103326.570865     0.000021769   -224509.0594
0.1400     77660.176171     0.000016327   -250175.4540
0.1600     59879.550865     0.000021769   -267956.0793
0.1800     46933.014538     0.000013606   -280902.6156
0.2000     37441.925098     0.000008163   -290393.7051
0.2400     25154.427620     0.000013606   -302681.2025
0.2800     18027.734637     0.000010885   -309807.8957
0.3200     12929.551442     0.000021769   -314906.0789
0.3600      9504.357333     0.000024490   -318331.2728
0.4000      7221.551945     0.000021769   -320614.0782    -46817.967
0.4500      5327.204887     0.000013606   -322508.4254    -30600.443
0.5000      4039.409671     0.000013606   -323796.2205    -21755.912
0.5500      3093.888905     0.000013606   -324741.7414    -16396.008
0.6000      2377.717058     0.000021769   -325457.9132    -12431.799
0.6500      1835.970812     0.000019048   -325999.6595     -9380.135
0.7000      1426.873536     0.000024490   -326408.7567     -7088.067
0.7500      1116.967152     0.000021769   -326718.6632     -5382.759
0.8000       880.935813     0.000021769   -326954.6943     -4116.449
0.8500       699.196303     0.000008163   -327136.4340     -3216.673
0.9000       554.058042     0.000013606   -327281.5723     -2586.565
0.9500       436.966241     0.000021769   -327398.6640     -2074.367
1.0000       344.603652     0.000008163   -327491.0265     -1634.785
1.1000       215.316171     0.000010885   -327620.3141      -999.569
1.2000       136.206724     0.000021769   -327699.4234      -613.901
1.3000        87.232353     0.000021769   -327748.3979      -384.047
1.4000        56.284013     0.000019048   -327779.3462      -245.635
1.5000        36.307390     0.000019048   -327799.3230      -160.150
1.6000        23.377732     0.000005442   -327812.2524      -106.241
1.7000        15.035864     0.000019048   -327820.5944       -71.794
1.8000         9.397815     0.000024490   -327826.2323       -48.985
1.9000         5.560766     0.000016327   -327830.0694       -33.594
2.0000         2.943253     0.000019048   -327832.6868       -23.018
2.1000         1.163649     0.000016327   -327834.4665       -15.692
2.2000        -0.034308     0.000010885   -327835.6646       -10.553
2.3000        -0.825069     0.000027211   -327836.4553        -6.943
2.4000        -1.330937     0.000027211   -327836.9612        -4.361
2.5000        -1.637745     0.000010885   -327837.2679        -2.577
2.6000        -1.805588     0.000019048   -327837.4358        -1.289
2.7000        -1.877107     0.000010885   -327837.5073        -0.427
2.8000        -1.881839     0.000019048   -327837.5120         0.206
2.9000        -1.840783     0.000021769   -327837.4709         0.612
3.0000        -1.767274     0.000019048   -327837.3974         0.906
3.1000        -1.672293     0.000021769   -327837.3024         1.106
3.2000        -1.534837     0.000010885   -327837.1650         1.191
3.3000        -1.294016     0.000010885   -327836.9242         1.178
3.4000        -1.072298     0.000019048   -327836.7024         1.136
3.5000        -0.868307     0.000021769   -327836.4986         1.074
3.6000        -0.681232     0.000019048   -327836.3114         1.009
3.7000        -0.510586     0.000008163   -327836.1408         0.942
3.8000        -0.355223     0.000010885   -327835.9854         0.874
3.9000        -0.213677     0.000027211   -327835.8439         0.799
4.0000        -0.084834     0.000016327   -327835.7149         0.735
5.0000         0.761456     0.000027211   -327834.8687         0.191
6.0000         0.980070     0.000016327   -327834.6501         0.041
7.0000         1.035628     0.000016327   -327834.5946         0.014
8.0000         1.056254     0.000010885   -327834.5740         0.006
9.0000         1.067563     0.000027211   -327834.5625         0.003
10.0000         1.075212     0.000019048   -327834.5549         0.002
100.0000         1.120364     0.000005442   -327834.5097
1000.0000         1.123839     0.000002721   -327834.5065
