0.0020         0.000000     0.000008163  26531220.1388
0.0040  13290257.042312     0.000008163  12495585.1052
0.0060   8632893.964897     0.000024490   7838222.0269
0.0080   6317217.782540     0.000013606   5522545.8439
0.0100   4933723.973258     0.000013606   4139052.0347
0.0120   4015981.075211     0.000013606   3221309.1378
0.0140   3364161.048687     0.000008163   2569489.1113
0.0160   2878389.173941     0.000019048   2083717.2365
0.0180   2503240.592870     0.000010885   1708568.6554
0.0200   2205569.262852     0.000013606   1410897.3253
0.0400    902558.726718     0.000019048    107886.7892
0.0600    499443.604097     0.000005442   -295228.3334
0.0800    315829.537830     0.000021769   -478842.3997
0.1000    216270.880500     0.000010885   -578401.0570
0.1200    155203.281865     0.000013606   -639468.6555
0.1400    115023.144979     0.000027211   -679648.7925
0.1600     87829.144748     0.000016327   -706842.7928
0.1800     68877.013043     0.000008163   -725794.9244
0.2000     54885.108551     0.000013606   -739786.8289
0.2400     35847.205813     0.000019048   -758824.7316
0.2800     24426.039492     0.000016327   -770245.8979
0.3200     17297.398581     0.000019048   -777374.5389
0.3600     12548.091140     0.000019048   -782123.8464
0.4000      9218.161609     0.000016327   -785453.7760
0.4500      6483.889441     0.000016327   -788188.0480    -43139.114
0.5000      4724.928838     0.000010885   -789947.0087    -28544.460
0.5500      3529.704275     0.000013606   -791142.2331    -20002.598
0.6000      2669.688763     0.000013606   -792002.2487    -14808.729
0.6500      2023.786997     0.000016327   -792648.1504    -11088.764
0.7000      1544.997423     0.000013606   -793126.9401     -8203.946
0.7500      1191.732087     0.000013606   -793480.2055     -6080.511
0.8000       928.027542     0.000010885   -793743.9101     -4586.370
0.8500       725.945271     0.000016327   -793945.9922     -3552.344
0.9000       567.378483     0.000021769   -794104.5590     -2795.842
0.9500       443.182915     0.000019048   -794228.7546     -2203.051
1.0000       345.129564     0.000008163   -794326.8078     -1737.740
1.1000       206.484157     0.000010885   -794465.4534     -1078.767
1.2000       120.671910     0.000010885   -794551.2657      -664.447
1.3000        68.087846     0.000021769   -794603.8498      -409.293
1.4000        35.753519     0.000019048   -794636.1840      -252.828
1.5000        15.832551     0.000027211   -794656.1049      -155.505
1.6000         3.686377     0.000016327   -794668.2513       -94.447
1.7000        -3.559623     0.000016327   -794675.4971       -55.614
1.8000        -7.695083     0.000013606   -794679.6327       -30.759
1.9000        -9.844068     0.000005442   -794681.7816       -14.794
2.0000       -10.166066     0.000002721   -794682.1035        -6.211
2.1000        -9.968489     0.000027211   -794681.9059        -0.952
2.2000        -9.486829     0.000005442   -794681.4243         2.237
2.3000        -8.850218     0.000013606   -794680.7878         4.025
2.4000        -8.080835     0.000019048   -794680.0183         4.874
2.5000        -7.150178     0.000013606   -794679.0876         4.884
2.6000        -6.202228     0.000016327   -794678.1399         4.408
2.7000        -5.388915     0.000021769   -794677.3265         3.930
2.8000        -4.700709     0.000008163   -794676.6384         3.501
2.9000        -4.116350     0.000013606   -794676.0538         3.061
3.0000        -3.551351     0.000021769   -794675.4889         2.708
3.1000        -3.057687     0.000027211   -794674.9953         2.377
3.2000        -2.633685     0.000024490   -794674.5711         2.128
3.3000        -2.267398     0.000005442   -794674.2048         1.926
3.4000        -1.914689     0.000024490   -794673.8522         1.745
3.5000        -1.577088     0.000021769   -794673.5145         1.536
3.6000        -1.285208     0.000021769   -794673.2228         1.401
3.7000        -1.030294     0.000008163   -794672.9678         1.284
3.8000        -0.805748     0.000021769   -794672.7433         1.159
3.9000        -0.605032     0.000013606   -794672.5425         1.045
4.0000        -0.424933     0.000027211   -794672.3624         0.958
5.0000         0.716922     0.000016327   -794671.2206         0.354
6.0000         1.097621     0.000016327   -794670.8399         0.129
7.0000         1.211291     0.000021769   -794670.7261         0.038
8.0000         1.251349     0.000010885   -794670.6861         0.016
9.0000         1.270587     0.000013606   -794670.6668         0.010
10.0000         1.282786     0.000013606   -794670.6548         0.006
100.0000         1.349302     0.000008163   -794670.5882         0.000
1000.0000         1.354276     0.000024490   -794670.5833
