0.0020   3932024.751679     0.000013606   3865416.7481
0.0040   1926824.419594     0.000010885   1860216.4164
0.0060   1259372.160204     0.000024490   1192764.1572
0.0080    926930.756852     0.000013606    860322.7538
0.0100    728037.268807     0.000013606    661429.2657
0.0120    595871.619822     0.000010885    529263.6169
0.0140    501716.471891     0.000013606    435108.4688
0.0160    431260.415602     0.000016327    364652.4126
0.0180    376614.415859     0.000019048    310006.4129
0.0200    333101.240276     0.000013606    266493.2373
0.0400    140823.052589     0.000013606     74215.0496
0.0600     80692.709495     0.000021769     14084.7065
0.0800     52772.831980     0.000024490    -13835.1710
0.1000     37016.458402     0.000016327    -29591.5446
0.1200     27179.367523     0.000010885    -39428.6355
0.1400     20697.889953     0.000016327    -45910.1131
0.1600     16223.521263     0.000010885    -50384.4818
0.1800     12986.430868     0.000019048    -53621.5721
0.2000     10550.535836     0.000021769    -56057.4672
0.2400      7123.940123     0.000027211    -59484.0629
0.2800      4957.229038     0.000013606    -61650.7740    -42959.673
0.3200      3560.894647     0.000024490    -63047.1084    -28035.049
0.3600      2639.138499     0.000021769    -63968.8645    -18791.073
0.4000      2011.617976     0.000021769    -64596.3850    -12999.799
0.4500      1479.801051     0.000010885    -65128.2020     -8752.429
0.5000      1097.286469     0.000013606    -65510.7165     -6736.337
0.5500       803.410723     0.000010885    -65804.5923     -5010.190
0.6000       591.416236     0.000013606    -66016.5868     -3520.957
0.6500       442.684446     0.000013606    -66165.3186     -2467.606
0.7000       338.428763     0.000010885    -66269.5743     -1747.847
0.7500       263.953505     0.000013606    -66344.0495     -1262.358
0.8000       209.567399     0.000021769    -66398.4356      -934.202
0.8500       168.798219     0.000010885    -66439.2048      -710.585
0.9000       137.377108     0.000016327    -66470.6259      -555.398
0.9500       112.529106     0.000013606    -66495.4739      -444.325
1.0000        92.472084     0.000027211    -66515.5309      -361.565
1.1000        62.538564     0.000019048    -66545.4645      -245.193
1.2000        42.172880     0.000008163    -66565.8301      -166.669
1.3000        28.388177     0.000010885    -66579.6148      -112.258
1.4000        19.136401     0.000013606    -66588.8666       -75.098
1.5000        12.955112     0.000008163    -66595.0479       -50.139
1.6000         8.825671     0.000021769    -66599.1774       -33.554
1.7000         6.055009     0.000016327    -66601.9480       -22.606
1.8000         4.179820     0.000016327    -66603.8232       -15.392
1.9000         2.897078     0.000027211    -66605.1059       -10.577
2.0000         2.010930     0.000024490    -66605.9921        -7.353
2.1000         1.393506     0.000021769    -66606.6095        -5.136
2.2000         0.961569     0.000019048    -66607.0414        -3.599
2.3000         0.659441     0.000019048    -66607.3436        -2.512
2.4000         0.449293     0.000024490    -66607.5537        -1.741
2.5000         0.304964     0.000019048    -66607.6981        -1.184
2.6000         0.207664     0.000013606    -66607.7953        -0.791
2.7000         0.174422     0.000008163    -66607.8286        -0.577
2.8000         0.152125     0.000005442    -66607.8509        -0.426
2.9000         0.134155     0.000027211    -66607.8689        -0.310
3.0000         0.120380     0.000019048    -66607.8826        -0.218
3.1000         0.110383     0.000019048    -66607.8926        -0.149
3.2000         0.103665     0.000013606    -66607.8993        -0.096
3.3000         0.099618     0.000021769    -66607.9034        -0.056
3.4000         0.097751     0.000016327    -66607.9053        -0.026
3.5000         0.097599     0.000010885    -66607.9054        -0.005
3.6000         0.098685     0.000021769    -66607.9043         0.010
3.7000         0.100685     0.000016327    -66607.9023         0.021
3.8000         0.103278     0.000024490    -66607.8998         0.027
3.9000         0.106255     0.000019048    -66607.8968         0.030
4.0000         0.109425     0.000013606    -66607.8936         0.032
5.0000         0.134650     0.000005442    -66607.8684         0.015
6.0000         0.143404     0.000019048    -66607.8596         0.004
7.0000         0.145584     0.000016327    -66607.8574         0.001
8.0000         0.146079     0.000016327    -66607.8569         0.000
9.0000         0.146188     0.000016327    -66607.8568        -0.000
10.0000         0.146210     0.000016327    -66607.8568        -0.000
100.0000         0.146218     0.000016327    -66607.8568
1000.0000         0.146218     0.000016327    -66607.8568
