0.0020         0.000000     0.000021769  48877072.8142
0.0040  24348397.471428     0.000024490  23207346.5854
0.0060  15811626.248108     0.000008163  14670575.3613
0.0080  11552700.336965     0.000019048  10411649.4509
0.0100   9004868.366997     0.000021769   7863817.4796
0.0120   7318360.399082     0.000008163   6177309.5130
0.0140   6119055.669561     0.000019048   4978004.7833
0.0160   5224902.716426     0.000024490   4083851.8294
0.0180   4534102.485692     0.000008163   3393051.5997
0.0200   3984936.608870     0.000008163   2843885.7229
0.0400   1598734.437636     0.000019048    457683.5515
0.0600    878761.523633     0.000008163   -262289.3625
0.0800    555841.611552     0.000021769   -585209.2745
0.1000    383538.856803     0.000016327   -757512.0294
0.1200    278960.956061     0.000019048   -862089.9301
0.1400    208894.178264     0.000013606   -932156.7077
0.1600    158916.848923     0.000027211   -982134.0371
0.1800    123445.977761     0.000024490  -1017604.9084
0.2000     97943.014470     0.000013606  -1043107.8717
0.2400     63677.798111     0.000008163  -1077373.0879
0.2800     42805.355662     0.000024490  -1098245.5305
0.3200     29690.519398     0.000019048  -1111360.3667
0.3600     21427.771329     0.000021769  -1119623.1147
0.4000     15488.213802     0.000019048  -1125562.6724
0.4500     10669.593983     0.000024490  -1130381.2920
0.5000      7642.489704     0.000016327  -1133408.3962    -48334.906
0.5500      5652.046486     0.000019048  -1135398.8397    -32618.064
0.6000      4279.034868     0.000013606  -1136771.8513    -23020.365
0.6500      3294.398365     0.000019048  -1137756.4878    -16802.792
0.7000      2567.746604     0.000013606  -1138483.1396    -12546.970
0.7500      2020.924712     0.000016327  -1139029.9613     -9542.633
0.8000      1600.558998     0.000016327  -1139450.3270     -7410.263
0.8500      1270.428872     0.000005442  -1139780.4573     -5842.861
0.9000      1009.853023     0.000016327  -1140041.0331     -4616.943
0.9500       804.152249     0.000013606  -1140246.7338     -3643.848
1.0000       641.887732     0.000024490  -1140408.9984     -2868.408
1.1000       413.602697     0.000008163  -1140637.2835     -1773.612
1.2000       271.839253     0.000019048  -1140779.0469     -1107.986
1.3000       182.756353     0.000013606  -1140868.1297      -707.699
1.4000       125.076978     0.000016327  -1140925.8092      -465.702
1.5000        86.583680     0.000024490  -1140964.3024      -315.721
1.6000        60.165041     0.000021769  -1140990.7211      -219.473
1.7000        41.634957     0.000019048  -1141009.2510      -155.308
1.8000        28.453936     0.000027211  -1141022.4322      -111.007
1.9000        19.013269     0.000019048  -1141031.8729       -79.556
2.0000        12.247245     0.000019048  -1141038.6388       -56.930
2.1000         7.417965     0.000027211  -1141043.4682       -40.488
2.2000         4.001346     0.000016327  -1141046.8846       -28.499
2.3000         1.616191     0.000008163  -1141049.2700       -19.717
2.4000        -0.016740     0.000005442  -1141050.9029       -13.318
2.5000        -1.102911     0.000002721  -1141051.9889        -8.699
2.6000        -1.792758     0.000008163  -1141052.6788        -5.349
2.7000        -2.198303     0.000002721  -1141053.0845        -2.953
2.8000        -2.305037     0.000010885  -1141053.1911        -1.385
2.9000        -2.197489     0.000024490  -1141053.0837        -0.459
3.0000        -2.053677     0.000024490  -1141052.9397         0.191
3.1000        -1.890019     0.000016327  -1141052.7762         0.612
3.2000        -1.716666     0.000019048  -1141052.6028         0.902
3.3000        -1.528287     0.000024490  -1141052.4143         1.055
3.4000        -1.216382     0.000024490  -1141052.1024         0.956
3.5000        -0.960598     0.000005442  -1141051.8466         0.878
3.6000        -0.749021     0.000008163  -1141051.6352         0.799
3.7000        -0.572117     0.000005442  -1141051.4583         0.735
3.8000        -0.422811     0.000008163  -1141051.3089         0.675
3.9000        -0.295755     0.000010885  -1141051.1819         0.622
4.0000        -0.186706     0.000016327  -1141051.0727         0.567
5.0000         0.430065     0.000013606  -1141050.4561         0.100
6.0000         0.514769     0.000008163  -1141050.3712         0.013
7.0000         0.527931     0.000016327  -1141050.3582         0.001
8.0000         0.531202     0.000013606  -1141050.3549        -0.001
9.0000         0.532701     0.000024490  -1141050.3533        -0.001
10.0000         0.533722     0.000016327  -1141050.3525        -0.001
100.0000         0.539850     0.000019048  -1141050.3462
1000.0000         0.540356     0.000024490  -1141050.3457
