0.0020   3417775.848230     0.000016327   3218371.5506
0.0040   1669942.573185     0.000021769   1470538.2764
0.0060   1089089.783716     0.000019048    889685.4871
0.0080    799760.048180     0.000016327    600355.7514
0.0100    626893.392969     0.000021769    427489.0962
0.0120    512155.160550     0.000021769    312750.8639
0.0140    430594.253762     0.000021769    231189.9571
0.0160    369721.339182     0.000024490    170317.0425
0.0180    322655.083790     0.000024490    123250.7871
0.0200    285232.431402     0.000027211     85828.1347
0.0400    120711.394464     0.000024490    -78692.9022
0.0600     69392.683895     0.000016327   -130011.6128
0.0800     45214.737490     0.000021769   -154189.5592
0.1000     31646.360192     0.000024490   -167757.9365
0.1200     23325.597764     0.000019048   -176078.6989
0.1400     17829.739502     0.000021769   -181574.5572
0.1600     13967.332566     0.000010885   -185436.9641
0.1800     11129.265905     0.000013606   -188275.0308
0.2000      8993.900048     0.000016327   -190410.3967
0.2400      6121.154381     0.000008163   -193283.1423
0.2800      4393.929959     0.000016327   -195010.3667    -33744.472
0.3200      3295.621496     0.000016327   -196108.6752    -22372.700
0.3600      2534.258440     0.000013606   -196870.0383    -16264.346
0.4000      1965.927318     0.000021769   -197438.3694    -12355.990
0.4500      1442.321726     0.000013606   -197961.9750     -8767.091
0.5000      1071.826137     0.000021769   -198332.4706     -6201.398
0.5500       808.660489     0.000021769   -198595.6362     -4426.105
0.6000       619.369553     0.000010885   -198784.9272     -3207.275
0.6500       480.914615     0.000021769   -198923.3821     -2369.206
0.7000       377.574422     0.000013606   -199026.7223     -1793.212
0.7500       298.312741     0.000021769   -199105.9840     -1399.180
0.8000       235.672260     0.000010885   -199168.6244     -1118.307
0.8500       185.386591     0.000008163   -199218.9101      -898.581
0.9000       145.099006     0.000010885   -199259.1977      -716.244
0.9500       113.155483     0.000027211   -199291.1412      -564.651
1.0000        88.070693     0.000021769   -199316.2260      -441.501
1.1000        53.300262     0.000013606   -199350.9964      -266.626
1.2000        32.312145     0.000024490   -199371.9846      -160.932
1.3000        19.579282     0.000024490   -199384.7174       -98.112
1.4000        11.758243     0.000021769   -199392.5385       -60.748
1.5000         6.881074     0.000005442   -199397.4156       -38.207
1.6000         3.793176     0.000024490   -199400.5035       -24.360
1.7000         1.820429     0.000016327   -199402.4763       -15.580
1.8000         0.567140     0.000016327   -199403.7296        -9.789
1.9000        -0.207743     0.000010885   -199404.5044        -5.907
2.0000        -0.659490     0.000024490   -199404.9562        -3.272
2.1000        -0.893296     0.000021769   -199405.1900        -1.501
2.2000        -0.979564     0.000016327   -199405.2763        -0.352
2.3000        -0.858013     0.000021769   -199405.1547         0.004
2.4000        -0.751225     0.000024490   -199405.0479         0.230
2.5000        -0.654633     0.000013606   -199404.9513         0.386
2.6000        -0.566152     0.000027211   -199404.8629         0.487
2.7000        -0.484219     0.000013606   -199404.7809         0.525
2.8000        -0.408353     0.000013606   -199404.7051         0.546
2.9000        -0.338951     0.000016327   -199404.6356         0.540
3.0000        -0.275885     0.000013606   -199404.5726         0.508
3.1000        -0.218546     0.000008163   -199404.5152         0.472
3.2000        -0.157742     0.000013606   -199404.4544         0.418
3.3000        -0.102938     0.000010885   -199404.3996         0.364
3.4000        -0.057928     0.000010885   -199404.3546         0.312
3.5000        -0.020368     0.000024490   -199404.3171         0.264
3.6000         0.011195     0.000010885   -199404.2855         0.225
3.7000         0.037598     0.000021769   -199404.2591         0.194
3.8000         0.062562     0.000021769   -199404.2341         0.162
3.9000         0.083046     0.000010885   -199404.2137         0.135
4.0000         0.098992     0.000010885   -199404.1977         0.110
5.0000         0.160142     0.000002721   -199404.1366         0.019
6.0000         0.176031     0.000019048   -199404.1207         0.022
7.0000         0.184088     0.000019048   -199404.1126         0.008
8.0000         0.189639     0.000024490   -199404.1071         0.006
9.0000         0.193702     0.000008163   -199404.1030         0.004
10.0000         0.196820     0.000002721   -199404.0999         0.003
100.0000         0.218744     0.000008163   -199404.0780         0.000
1000.0000         0.220665     0.000008163   -199404.0760
