0.0020   5608579.937286     0.000024490   5484186.6165
0.0040   2743390.113356     0.000013606   2618996.7937
0.0060   1789594.850676     0.000016327   1665201.5311
0.0080   1315111.043693     0.000016327   1190717.7242
0.0100   1031463.569477     0.000013606    907070.2499
0.0120    842985.821208     0.000027211    718592.5016
0.0140    708803.051006     0.000013606    584409.7313
0.0160    608480.927942     0.000016327    484087.6083
0.0180    530811.879016     0.000016327    406418.5593
0.0200    468968.263219     0.000021769    344574.9437
0.0400    197057.450600     0.000010885     72664.1310
0.0600    112853.369518     0.000016327    -11539.9501
0.0800     73573.487210     0.000019048    -50819.8324
0.1000     51292.467316     0.000008163    -73100.8523
0.1200     37621.871328     0.000021769    -86771.4483
0.1400     28606.574701     0.000016327    -95786.7449
0.1600     22260.598860     0.000024490   -102132.7208
0.1800     17606.957476     0.000008163   -106786.3622
0.2000     14130.576707     0.000016327   -110262.7429
0.2400      9493.728651     0.000016327   -114899.5910
0.2800      6715.604309     0.000010885   -117677.7153
0.3200      4958.968752     0.000016327   -119434.3509    -35541.356
0.3600      3712.386224     0.000008163   -120680.9334    -27549.455
0.4000      2776.163032     0.000008163   -121617.1566    -19487.968
0.4500      1989.208279     0.000024490   -122404.1114    -12565.703
0.5000      1472.000845     0.000010885   -122921.3188     -8471.089
0.5500      1114.907461     0.000008163   -123278.4122     -5975.943
0.6000       860.564578     0.000013606   -123532.7551     -4314.397
0.6500       674.383154     0.000019048   -123718.9365     -3215.317
0.7000       532.992092     0.000019048   -123860.3276     -2494.317
0.7500       421.478077     0.000021769   -123971.8416     -1991.704
0.8000       332.306607     0.000021769   -124061.0131     -1598.510
0.8500       261.275332     0.000010885   -124132.0443     -1243.575
0.9000       206.694382     0.000027211   -124186.6253      -951.199
0.9500       165.311927     0.000024490   -124228.0077      -729.298
1.0000       133.609636     0.000019048   -124259.7100      -568.315
1.1000        88.579842     0.000021769   -124304.7398      -363.663
1.2000        59.121098     0.000010885   -124334.1985      -238.097
1.3000        39.588706     0.000016327   -124353.7309      -158.376
1.4000        26.513652     0.000013606   -124366.8060      -106.118
1.5000        17.765689     0.000010885   -124375.5540       -70.740
1.6000        11.970886     0.000013606   -124381.3488       -46.511
1.7000         8.331914     0.000019048   -124384.9877       -30.115
1.8000         6.134515     0.000024490   -124387.1851       -19.207
1.9000         4.806311     0.000019048   -124388.5133       -12.018
2.0000         4.040185     0.000016327   -124389.2795        -7.531
2.1000         3.611086     0.000021769   -124389.7086        -4.778
2.2000         3.363073     0.000016327   -124389.9566        -3.196
2.3000         3.197813     0.000016327   -124390.1218        -2.285
2.4000         3.063785     0.000019048   -124390.2559        -1.755
2.5000         2.971318     0.000008163   -124390.3483        -1.390
2.6000         2.918958     0.000021769   -124390.4007        -1.147
2.7000         2.871273     0.000010885   -124390.4484        -0.906
2.8000         2.834483     0.000005442   -124390.4852        -0.681
2.9000         2.811598     0.000005442   -124390.5080        -0.489
3.0000         2.804534     0.000024490   -124390.5151        -0.306
3.1000         2.811650     0.000021769   -124390.5080        -0.159
3.2000         2.832763     0.000016327   -124390.4869        -0.020
3.3000         2.864595     0.000010885   -124390.4551         0.061
3.4000         2.905236     0.000021769   -124390.4144         0.145
3.5000         2.952929     0.000019048   -124390.3667         0.213
3.6000         3.004952     0.000016327   -124390.3147         0.256
3.7000         3.060256     0.000010885   -124390.2594         0.281
3.8000         3.116940     0.000013606   -124390.2027         0.307
3.9000         3.174084     0.000013606   -124390.1456         0.315
4.0000         3.231108     0.000008163   -124390.0885         0.313
5.0000         3.680007     0.000016327   -124389.6396         0.195
6.0000         3.890579     0.000016327   -124389.4291         0.074
7.0000         3.971560     0.000013606   -124389.3481         0.035
8.0000         4.003983     0.000008163   -124389.3157         0.017
9.0000         4.019510     0.000005442   -124389.3001         0.009
10.0000         4.028764     0.000005442   -124389.2909         0.008
100.0000         4.074240     0.000016327   -124389.2454         0.000
1000.0000         4.077473     0.000016327   -124389.2422
