0.0020   9250081.151815     0.000008163   8915007.6502
0.0040   4508963.209513     0.000010885   4173889.7074
0.0060   2935126.356845     0.000016327   2600052.8555
0.0080   2152042.315830     0.000016327   1816968.8144
0.0100   1684001.074820     0.000016327   1348927.5735
0.0120   1373484.225587     0.000016327   1038410.7243
0.0140   1152465.756851     0.000019048    817392.2554
0.0160    987355.457570     0.000019048    652281.9563
0.0180    859595.933576     0.000019048    524522.4322
0.0200    757899.271870     0.000013606    422825.7707
0.0400    314725.896385     0.000019048    -20347.6050
0.0600    177719.629431     0.000019048   -157353.8719
0.0800    114453.429649     0.000024490   -220620.0717
0.1000     79507.608717     0.000024490   -255565.8926
0.1200     57761.749282     0.000024490   -277311.7522
0.1400     43369.664455     0.000013606   -291703.8369
0.1600     33470.251430     0.000010885   -301603.2500
0.1800     26449.376292     0.000024490   -308624.1251
0.2000     21272.847510     0.000016327   -313800.6538
0.2400     14052.153995     0.000013606   -321021.3473
0.2800      9647.832700     0.000016327   -325425.6685
0.3200      6831.519896     0.000013606   -328241.9813
0.3600      4971.882987     0.000016327   -330101.6185    -37818.882
0.4000      3706.595922     0.000024490   -331366.9054    -26496.591
0.4500      2606.829668     0.000027211   -332466.6717    -18151.162
0.5000      1853.314349     0.000013606   -333220.1871    -12344.915
0.5500      1342.597740     0.000010885   -333730.9036     -8344.149
0.6000       996.336573     0.000019048   -334077.1648     -5706.427
0.6500       756.317162     0.000024490   -334317.1843     -4012.220
0.7000       584.093810     0.000019048   -334489.4077     -2933.321
0.7500       455.646551     0.000016327   -334617.8547     -2236.022
0.8000       356.871290     0.000019048   -334716.6302     -1747.436
0.8500       279.485021     0.000013606   -334794.0164     -1367.150
0.9000       219.278401     0.000013606   -334854.2229     -1056.350
0.9500       173.108792     0.000008163   -334900.3925      -806.524
1.0000       138.086847     0.000005442   -334935.4144      -612.250
1.1000        91.295804     0.000019048   -334982.2055      -358.709
1.2000        62.816400     0.000016327   -335010.6849      -225.557
1.3000        44.073446     0.000024490   -335029.4279      -153.184
1.4000        31.260242     0.000010885   -335042.2412      -107.154
1.5000        22.627010     0.000019048   -335050.8743       -75.942
1.6000        16.612478     0.000024490   -335056.8888       -53.416
1.7000        12.437156     0.000024490   -335061.0641       -37.131
1.8000         9.589114     0.000016327   -335063.9123       -25.601
1.9000         7.638729     0.000019048   -335065.8626       -17.509
2.0000         6.311517     0.000024490   -335067.1899       -12.023
2.1000         5.408812     0.000010885   -335068.0925        -8.300
2.2000         4.784689     0.000021769   -335068.7168        -6.000
2.3000         4.447221     0.000027211   -335069.0542        -4.623
2.4000         4.241108     0.000013606   -335069.2602        -3.925
2.5000         4.030356     0.000024490   -335069.4711        -3.421
2.6000         3.810311     0.000005442   -335069.6909        -3.081
2.7000         3.583036     0.000016327   -335069.9184        -2.798
2.8000         3.360406     0.000002721   -335070.1410        -2.478
2.9000         3.147178     0.000024490   -335070.3541        -2.227
3.0000         2.945313     0.000002721   -335070.5560        -1.944
3.1000         2.761293     0.000005442   -335070.7399        -1.652
3.2000         2.599004     0.000013606   -335070.9024        -1.378
3.3000         2.462963     0.000005442   -335071.0385        -1.149
3.4000         2.351152     0.000019048   -335071.1503        -0.935
3.5000         2.260119     0.000005442   -335071.2412        -0.724
3.6000         2.188354     0.000013606   -335071.3130        -0.548
3.7000         2.133779     0.000010885   -335071.3674        -0.413
3.8000         2.093936     0.000010885   -335071.4074        -0.285
3.9000         2.066444     0.000008163   -335071.4349        -0.196
4.0000         2.048338     0.000024490   -335071.4529        -0.104
5.0000         2.114505     0.000019048   -335071.3868         0.151
6.0000         2.324653     0.000010885   -335071.1767         0.076
7.0000         2.396157     0.000019048   -335071.1051         0.026
8.0000         2.417085     0.000008163   -335071.0842         0.008
9.0000         2.423039     0.000021769   -335071.0782         0.002
10.0000         2.424911     0.000027211   -335071.0765         0.001
100.0000         2.428122     0.000016327   -335071.0733
1000.0000         2.428318     0.000002721   -335071.0730
