0.0020  12097972.640634     0.000021769  11887381.3972
0.0040   5911434.802311     0.000016327   5700843.5583
0.0060   3851970.356780     0.000024490   3641379.1125
0.0080   2824607.286136     0.000008163   2614016.0429
0.0100   2210313.410422     0.000024490   1999722.1671
0.0120   1803155.860167     0.000019048   1592564.6168
0.0140   1513081.411671     0.000027211   1302490.1684
0.0160   1296083.446172     0.000016327   1085492.2031
0.0180   1128376.905547     0.000019048    917785.6622
0.0200    995184.978247     0.000016327    784593.7350
0.0400    411241.092954     0.000019048    200649.8497
0.0600    231003.477071     0.000019048     20412.2338
0.0800    148330.599245     0.000008163    -62260.6440
0.1000    102794.158922     0.000019048   -107797.0843
0.1200     74454.896972     0.000013606   -136136.3463
0.1400     55762.774240     0.000027211   -154828.4690
0.1600     43067.177611     0.000010885   -167524.0656
0.1800     34226.694026     0.000016327   -176364.5492
0.2000     27671.458384     0.000019048   -182919.7848
0.2400     18664.440484     0.000019048   -191926.8027
0.2800     12839.055903     0.000019048   -197752.1873
0.3200      9196.386236     0.000019048   -201394.8570
0.3600      6849.949298     0.000016327   -203741.2940    -47421.183
0.4000      5217.383834     0.000027211   -205373.8594    -36947.691
0.4500      3658.497984     0.000016327   -206932.7453    -25078.864
0.5000      2638.269661     0.000027211   -207952.9736    -16398.185
0.5500      1962.956960     0.000024490   -208628.2863    -11043.091
0.6000      1499.361740     0.000013606   -209091.8815     -7763.145
0.6500      1166.096260     0.000016327   -209425.1470     -5718.801
0.7000       915.440413     0.000021769   -209675.8028     -4389.330
0.7500       720.188105     0.000024490   -209871.0551     -3458.533
0.8000       565.723094     0.000008163   -210025.5201     -2743.871
0.8500       443.375025     0.000010885   -210147.8682     -2170.198
0.9000       346.778994     0.000024490   -210244.4643     -1709.849
0.9500       270.755779     0.000021769   -210320.4875     -1344.773
1.0000       210.962527     0.000016327   -210380.2807     -1057.833
1.1000       126.787342     0.000021769   -210464.4559      -658.095
1.2000        74.210628     0.000013606   -210517.0326      -413.035
1.3000        41.173103     0.000013606   -210550.0701      -259.749
1.4000        20.496655     0.000021769   -210570.7466      -161.628
1.5000         7.743411     0.000010885   -210583.4998       -98.188
1.6000         0.099256     0.000019048   -210591.1440       -57.362
1.7000        -4.263593     0.000027211   -210595.5068       -31.487
1.8000        -6.352936     0.000016327   -210597.5962       -16.174
1.9000        -7.201716     0.000016327   -210598.4450        -7.176
2.0000        -7.418006     0.000027211   -210598.6613        -1.820
2.1000        -6.977935     0.000008163   -210598.2212         0.975
2.2000        -6.430815     0.000010885   -210597.6741         2.697
2.3000        -5.819709     0.000016327   -210597.0629         3.657
2.4000        -5.028182     0.000016327   -210596.2714         3.904
2.5000        -4.194016     0.000013606   -210595.4372         3.754
2.6000        -3.273550     0.000010885   -210594.5168         3.351
2.7000        -2.426378     0.000024490   -210593.6696         2.946
2.8000        -1.727137     0.000010885   -210592.9704         2.626
2.9000        -1.092331     0.000016327   -210592.3356         2.318
3.0000        -0.562598     0.000024490   -210591.8058         2.086
3.1000        -0.114620     0.000010885   -210591.3579         1.865
3.2000         0.269845     0.000013606   -210590.9734         1.688
3.3000         0.601747     0.000024490   -210590.6415         1.547
3.4000         0.890882     0.000021769   -210590.3524         1.404
3.5000         1.145485     0.000016327   -210590.0977         1.272
3.6000         1.370483     0.000024490   -210589.8728         1.159
3.7000         1.569110     0.000016327   -210589.6741         1.056
3.8000         1.745344     0.000021769   -210589.4979         0.958
3.9000         1.902956     0.000010885   -210589.3403         0.854
4.0000         2.043331     0.000013606   -210589.1999         0.773
5.0000         2.804004     0.000027211   -210588.4392         0.226
6.0000         2.995915     0.000024490   -210588.2473         0.051
7.0000         3.035121     0.000013606   -210588.2081         0.011
8.0000         3.042827     0.000008163   -210588.2004         0.002
9.0000         3.044514     0.000008163   -210588.1987         0.000
10.0000         3.045001     0.000016327   -210588.1982
100.0000         3.046422     0.000008163   -210588.1968
1000.0000         3.046539     0.000019048   -210588.1967
