0.0020   3731387.574946     0.000021769   3486027.0513
0.0040   1822084.075246     0.000008163   1576723.5516
0.0060   1187625.375610     0.000010885    942264.8518
0.0080    871716.098063     0.000008163    626355.5744
0.0100    682992.138901     0.000013606    437631.6150
0.0120    557750.647564     0.000010885    312390.1238
0.0140    468720.266485     0.000027211    223359.7427
0.0160    402287.338257     0.000021769    156926.8145
0.0180    350928.640610     0.000013606    105568.1169
0.0200    310038.462529     0.000019048     64677.9388
0.0400    130536.590676     0.000024490   -114823.9331
0.0600     74672.476876     0.000019048   -170688.0469
0.0800     48514.439212     0.000010885   -196846.0845
0.1000     33981.625018     0.000024490   -211378.8987
0.1200     25082.716541     0.000013606   -220277.8072
0.1400     19154.563939     0.000013606   -226205.9598
0.1600     14932.369252     0.000021769   -230428.1545
0.1800     11815.463936     0.000024490   -233545.0598
0.2000      9481.613640     0.000010885   -235878.9101
0.2400      6366.869709     0.000010885   -238993.6540
0.2800      4497.244990     0.000021769   -240863.2787    -36706.169
0.3200      3292.036650     0.000010885   -242068.4871    -24785.843
0.3600      2449.405351     0.000019048   -242911.1184    -17832.241
0.4000      1838.953848     0.000021769   -243521.5699    -12924.668
0.4500      1308.127331     0.000024490   -244052.3964     -8602.016
0.5000       952.794280     0.000024490   -244407.7295     -5799.377
0.5500       710.365052     0.000021769   -244650.1587     -4001.144
0.6000       542.031653     0.000024490   -244818.4921     -2851.354
0.6500       419.286025     0.000013606   -244941.2377     -2164.928
0.7000       322.530130     0.000024490   -245037.9936     -1727.333
0.7500       246.073098     0.000013606   -245114.4507     -1352.566
0.8000       186.616491     0.000016327   -245173.9073     -1040.949
0.8500       141.101448     0.000016327   -245219.4223      -791.408
0.9000       106.608677     0.000019048   -245253.9151      -597.459
0.9500        80.765704     0.000010885   -245279.7580      -450.254
1.0000        61.306886     0.000013606   -245299.2168      -339.226
1.1000        35.575812     0.000013606   -245324.9479      -193.811
1.2000        20.776739     0.000019048   -245339.7470      -113.378
1.3000        11.983711     0.000021769   -245348.5400       -69.385
1.4000         6.466361     0.000027211   -245354.0574       -45.098
1.5000         2.790782     0.000016327   -245357.7330       -30.877
1.6000         0.287649     0.000013606   -245360.2361       -21.612
1.7000        -1.457061     0.000016327   -245361.9808       -14.928
1.8000        -2.634942     0.000021769   -245363.1587        -9.878
1.9000        -3.386654     0.000008163   -245363.9104        -6.131
2.0000        -3.820937     0.000010885   -245364.3447        -3.377
2.1000        -4.029151     0.000027211   -245364.5529        -1.423
2.2000        -4.077655     0.000010885   -245364.6014        -0.098
2.3000        -4.020780     0.000016327   -245364.5445         0.818
2.4000        -3.894617     0.000010885   -245364.4184         1.366
2.5000        -3.725768     0.000024490   -245364.2495         1.715
2.6000        -3.535201     0.000016327   -245364.0589         1.903
2.7000        -3.293314     0.000013606   -245363.8171         1.895
2.8000        -3.034122     0.000013606   -245363.5579         1.818
2.9000        -2.796910     0.000019048   -245363.3207         1.722
3.0000        -2.579431     0.000024490   -245363.1032         1.607
3.1000        -2.379310     0.000019048   -245362.9031         1.469
3.2000        -2.196498     0.000027211   -245362.7202         1.358
3.3000        -2.030759     0.000024490   -245362.5545         1.251
3.4000        -1.880830     0.000013606   -245362.4046         1.141
3.5000        -1.744299     0.000016327   -245362.2680         1.022
3.6000        -1.612809     0.000010885   -245362.1366         0.913
3.7000        -1.494213     0.000016327   -245362.0179         0.822
3.8000        -1.388287     0.000005442   -245361.9120         0.744
3.9000        -1.294035     0.000002721   -245361.8178         0.670
4.0000        -1.209802     0.000016327   -245361.7336         0.602
5.0000        -0.709687     0.000016327   -245361.2334         0.212
6.0000        -0.493781     0.000021769   -245361.0175         0.155
7.0000        -0.374309     0.000024490   -245360.8981         0.076
8.0000        -0.295320     0.000013606   -245360.8191         0.053
9.0000        -0.238878     0.000027211   -245360.7626         0.040
10.0000        -0.195530     0.000010885   -245360.7193         0.031
100.0000         0.097030     0.000008163   -245360.4267         0.000
1000.0000         0.121817     0.000008163   -245360.4019
