0.0020  12198773.189160     0.000019048  11917405.6325
0.0040   5947761.603882     0.000024490   5666394.0480
0.0060   3875736.840640     0.000021769   3594369.2843
0.0080   2842534.290933     0.000021769   2561166.7347
0.0100   2224626.770677     0.000021769   1943259.2143
0.0120   1813690.750714     0.000019048   1532323.1943
0.0140   1521491.011894     0.000016327   1240123.4556
0.0160   1303313.675716     0.000013606   1021946.1195
0.0180   1134338.824849     0.000021769    852971.2686
0.0200    999818.007129     0.000013606    718450.4508
0.0400    413611.593439     0.000010885    132244.0372
0.0600    232784.543583     0.000013606    -48583.0127
0.0800    149377.678312     0.000013606   -131989.8780
0.1000    103157.951964     0.000027211   -178209.6043
0.1200     74691.450258     0.000019048   -206676.1060
0.1400     56136.328513     0.000013606   -225231.2278
0.1600     43496.326760     0.000008163   -237871.2295
0.1800     34489.846383     0.000008163   -246877.7099
0.2000     27649.091732     0.000021769   -253718.4646
0.2400     18278.926577     0.000013606   -263088.6297
0.2800     12557.464372     0.000013606   -268810.0919
0.3200      9007.197536     0.000010885   -272360.3586
0.3600      6684.150676     0.000019048   -274683.4056    -48354.176
0.4000      5001.695169     0.000016327   -276365.8612    -36326.637
0.4500      3511.275235     0.000019048   -277856.2810    -23957.967
0.5000      2529.144349     0.000008163   -278838.4119    -15916.566
0.5500      1866.935814     0.000010885   -279500.6205    -11024.046
0.6000      1400.074219     0.000016327   -279967.4821     -7867.226
0.6500      1063.005342     0.000021769   -280304.5510     -5756.700
0.7000       812.270013     0.000016327   -280555.2863     -4351.456
0.7500       621.296672     0.000024490   -280746.2597     -3325.839
0.8000       476.120223     0.000019048   -280891.4361     -2512.642
0.8500       367.043489     0.000013606   -281000.5127     -1877.365
0.9000       285.693766     0.000013606   -281081.8625     -1398.197
0.9500       224.997327     0.000010885   -281142.5589     -1045.750
1.0000       179.402255     0.000019048   -281188.1540      -789.650
1.1000       118.122828     0.000013606   -281249.4335      -468.454
1.2000        80.961686     0.000013606   -281286.5945      -295.511
1.3000        56.914861     0.000016327   -281310.6415      -196.861
1.4000        40.400090     0.000021769   -281327.1561      -134.445
1.5000        29.110604     0.000019048   -281338.4456       -92.268
1.6000        21.447788     0.000021769   -281346.1086       -63.403
1.7000        16.145759     0.000010885   -281351.4104       -44.119
1.8000        12.414840     0.000013606   -281355.1414       -31.244
1.9000         9.731508     0.000027211   -281357.8247       -22.628
2.0000         7.753569     0.000024490   -281359.8027       -16.766
2.1000         6.260297     0.000008163   -281361.2961       -12.678
2.2000         5.109201     0.000019048   -281362.4471        -9.742
2.3000         4.206495     0.000019048   -281363.3497        -7.579
2.4000         3.489075     0.000008163   -281364.0673        -5.916
2.5000         2.912550     0.000016327   -281364.6439        -4.648
2.6000         2.446696     0.000019048   -281365.1097        -3.661
2.7000         2.068866     0.000013606   -281365.4874        -2.861
2.8000         1.763459     0.000013606   -281365.7927        -2.245
2.9000         1.517599     0.000016327   -281366.0387        -1.732
3.0000         1.321750     0.000027211   -281366.2346        -1.335
3.1000         1.167704     0.000016327   -281366.3887        -1.017
3.2000         1.048341     0.000010885   -281366.5078        -0.757
3.3000         0.957300     0.000008163   -281366.5990        -0.554
3.4000         0.889304     0.000005442   -281366.6670        -0.400
3.5000         0.839659     0.000008163   -281366.7166        -0.272
3.6000         0.804306     0.000019048   -281366.7519        -0.179
3.7000         0.779966     0.000019048   -281366.7764        -0.106
3.8000         0.764055     0.000013606   -281366.7922        -0.055
3.9000         0.754561     0.000013606   -281366.8017        -0.012
4.0000         0.749829     0.000027211   -281366.8064         0.025
5.0000         0.792333     0.000021769   -281366.7639         0.066
6.0000         0.836944     0.000013606   -281366.7193         0.030
7.0000         0.855083     0.000008163   -281366.7013         0.009
8.0000         0.860724     0.000010885   -281366.6956         0.002
9.0000         0.862215     0.000024490   -281366.6940         0.001
10.0000         0.862615     0.000010885   -281366.6937        -0.000
100.0000         0.862721     0.000024490   -281366.6937
1000.0000         0.862743     0.000019048   -281366.6934
