0.0020   3700824.357477     0.000013606   3071529.3393
0.0040   1802767.881232     0.000016327   1173472.8625
0.0060   1172757.683446     0.000021769    543462.6645
0.0080    859587.388755     0.000016327    230292.3699
0.0100    672616.429793     0.000008163     43321.4110
0.0120    548490.192232     0.000008163    -80804.8266
0.0140    460152.691629     0.000008163   -169142.3272
0.0160    394199.188573     0.000008163   -235095.8302
0.0180    343216.933583     0.000008163   -286078.0851
0.0200    302673.503664     0.000021769   -326621.5152
0.0400    125987.177456     0.000008163   -503307.8415
0.0600     71507.190565     0.000019048   -557787.8283
0.0800     46394.307511     0.000024490   -582900.7114
0.1000     32322.240092     0.000019048   -596972.7787
0.1200     23532.447248     0.000016327   -605762.5714
0.1400     17724.459087     0.000021769   -611570.5598
0.1600     13753.839961     0.000024490   -615541.1790
0.1800     10944.345456     0.000008163   -618350.6734
0.2000      8886.832805     0.000024490   -620408.1861
0.2400      6091.658088     0.000019048   -623203.3606
0.2800      4296.059545     0.000013606   -624998.9593    -36065.578
0.3200      3118.430602     0.000016327   -626176.5882    -23712.683
0.3600      2336.820374     0.000013606   -626958.1985    -15958.600
0.4000      1801.083824     0.000019048   -627493.9349    -11227.731
0.4500      1335.679550     0.000019048   -627959.3393     -7773.249
0.5000      1003.887425     0.000019048   -628291.1314     -5645.872
0.5500       759.778974     0.000019048   -628535.2399     -4160.837
0.6000       580.142176     0.000024490   -628714.8767     -3065.118
0.6500       447.752726     0.000027211   -628847.2662     -2266.640
0.7000       349.818216     0.000005442   -628945.2005     -1686.215
0.7500       276.444134     0.000016327   -629018.5747     -1271.059
0.8000       220.675578     0.000008163   -629074.3431      -973.098
0.8500       177.516140     0.000010885   -629117.5025      -759.091
0.9000       143.474189     0.000005442   -629151.5445      -603.873
0.9500       116.073695     0.000021769   -629178.9451      -489.278
1.0000        93.772876     0.000010885   -629201.2459      -401.237
1.1000        60.554700     0.000021769   -629234.4642      -272.173
1.2000        38.120507     0.000021769   -629256.8984      -182.246
1.3000        23.221231     0.000021769   -629271.7977      -120.407
1.4000        13.745984     0.000016327   -629281.2727       -79.844
1.5000         7.561329     0.000024490   -629287.4576       -53.003
1.6000         3.485731     0.000016327   -629291.5330       -35.174
1.7000         0.830481     0.000019048   -629294.1883       -23.105
1.8000        -0.869695     0.000019048   -629295.8885       -15.188
1.9000        -1.940020     0.000010885   -629296.9587        -9.718
2.0000        -2.593758     0.000019048   -629297.6126        -6.089
2.1000        -2.830399     0.000010885   -629297.8491        -3.637
2.2000        -2.882588     0.000013606   -629297.9013        -1.951
2.3000        -2.839564     0.000027211   -629297.8583        -0.757
2.4000        -2.732552     0.000019048   -629297.7514         0.188
2.5000        -2.584402     0.000024490   -629297.6031         0.837
2.6000        -2.404290     0.000021769   -629297.4232         1.240
2.7000        -2.205865     0.000021769   -629297.2246         1.555
2.8000        -2.000813     0.000021769   -629297.0197         1.765
2.9000        -1.786586     0.000002721   -629296.8055         1.840
3.0000        -1.525933     0.000024490   -629296.5448         1.815
3.1000        -1.279687     0.000010885   -629296.2986         1.783
3.2000        -1.050003     0.000024490   -629296.0689         1.725
3.3000        -0.836291     0.000024490   -629295.8550         1.638
3.4000        -0.636360     0.000013606   -629295.6553         1.509
3.5000        -0.449459     0.000008163   -629295.4683         1.400
3.6000        -0.276626     0.000019048   -629295.2955         1.321
3.7000        -0.117956     0.000010885   -629295.1366         1.233
3.8000         0.054170     0.000016327   -629294.9647         1.131
3.9000         0.213724     0.000024490   -629294.8052         0.996
4.0000         0.355310     0.000024490   -629294.6634         0.872
5.0000         1.165015     0.000016327   -629293.8539         0.233
6.0000         1.393724     0.000016327   -629293.6250         0.127
7.0000         1.466213     0.000005442   -629293.5527         0.041
8.0000         1.500243     0.000008163   -629293.5186         0.025
9.0000         1.520864     0.000016327   -629293.4980         0.017
10.0000         1.535297     0.000021769   -629293.4835         0.015
100.0000         1.623968     0.000021769   -629293.3948         0.000
1000.0000         1.630953     0.000021769   -629293.3878
