0.0020   8089169.711910     0.000019048   7912170.2146
0.0040   3949118.559798     0.000021769   3772119.0619
0.0060   2575780.302689     0.000008163   2398780.8057
0.0080   1891297.111998     0.000008163   1714297.6151
0.0100   1481894.136851     0.000027211   1304894.6400
0.0120   1209800.747529     0.000021769   1032801.2507
0.0140   1015971.134203     0.000019048    838971.6375
0.0160    871286.173251     0.000013606    694286.6765
0.0180    759311.980427     0.000021769    582312.4837
0.0200    670099.384107     0.000013606    493099.8874
0.0400    279377.447588     0.000021769    102377.9508
0.0600    158706.838443     0.000027211    -18292.6584
0.0800    102405.736209     0.000010885    -74593.7606
0.1000     71191.735453     0.000016327   -105807.7614
0.1200     51987.658512     0.000008163   -125011.8383
0.1400     39165.819235     0.000024490   -137833.6776
0.1600     30200.424376     0.000019048   -146799.0725
0.1800     23806.184604     0.000005442   -153193.3122
0.2000     19153.331491     0.000024490   -157846.1653
0.2400     13065.426432     0.000019048   -163934.0704
0.2800      9141.265646     0.000024490   -167858.2312
0.3200      6539.497156     0.000024490   -170459.9997
0.3600      4823.153640     0.000019048   -172176.3432    -35096.952
0.4000      3649.170614     0.000024490   -173350.3262    -24383.560
0.4500      2659.657549     0.000016327   -174339.8393    -15949.823
0.5000      1996.864534     0.000019048   -175002.6323    -11142.202
0.5500      1501.470974     0.000019048   -175498.0258     -8743.533
0.6000      1122.908164     0.000016327   -175876.5887     -6454.818
0.6500       847.101694     0.000024490   -176152.3951     -4667.498
0.7000       647.284837     0.000021769   -176352.2120     -3394.454
0.7500       501.135428     0.000013606   -176498.3614     -2503.679
0.8000       392.532894     0.000008163   -176606.9639     -1877.137
0.8500       310.474314     0.000027211   -176689.0225     -1430.277
0.9000       247.518853     0.000010885   -176751.9780     -1105.823
0.9500       198.578553     0.000021769   -176800.9183      -865.117
1.0000       160.141397     0.000016327   -176839.3554      -682.345
1.1000       105.905825     0.000016327   -176893.5910      -434.049
1.2000        71.334190     0.000024490   -176928.1626      -282.177
1.3000        48.416823     0.000013606   -176951.0800      -184.163
1.4000        33.407548     0.000013606   -176966.0893      -120.865
1.5000        23.729937     0.000005442   -176975.7669       -80.605
1.6000        17.266276     0.000008163   -176982.2305       -54.498
1.7000        12.868324     0.000010885   -176986.6285       -37.119
1.8000         9.875407     0.000027211   -176989.6214       -25.372
1.9000         7.843233     0.000010885   -176991.6536       -17.317
2.0000         6.471463     0.000019048   -176993.0254       -11.743
2.1000         5.554600     0.000013606   -176993.9422        -7.839
2.2000         4.952441     0.000021769   -176994.5444        -5.145
2.3000         4.567653     0.000010885   -176994.9292        -3.252
2.4000         4.332501     0.000024490   -176995.1643        -1.950
2.5000         4.200474     0.000016327   -176995.2963        -1.029
2.6000         4.138192     0.000013606   -176995.3586        -0.413
2.7000         4.123234     0.000013606   -176995.3736        -0.007
2.8000         4.139564     0.000013606   -176995.3573         0.270
2.9000         4.175415     0.000019048   -176995.3214         0.446
3.0000         4.223671     0.000008163   -176995.2731         0.535
3.1000         4.278426     0.000019048   -176995.2184         0.588
3.2000         4.335807     0.000013606   -176995.1610         0.611
3.3000         4.393446     0.000013606   -176995.1034         0.592
3.4000         4.449686     0.000016327   -176995.0471         0.569
3.5000         4.503140     0.000019048   -176994.9937         0.541
3.6000         4.553041     0.000013606   -176994.9438         0.504
3.7000         4.599120     0.000027211   -176994.8977         0.457
3.8000         4.641437     0.000019048   -176994.8554         0.416
3.9000         4.679791     0.000013606   -176994.8170         0.377
4.0000         4.714233     0.000013606   -176994.7826         0.336
5.0000         4.899183     0.000024490   -176994.5976         0.087
6.0000         4.944112     0.000021769   -176994.5527         0.019
7.0000         4.953987     0.000021769   -176994.5428         0.004
8.0000         4.956153     0.000021769   -176994.5407         0.001
9.0000         4.956632     0.000021769   -176994.5402         0.000
10.0000         4.956735     0.000021769   -176994.5401
100.0000         4.956763     0.000021769   -176994.5400
1000.0000         4.956763     0.000021769   -176994.5400
