0.0020  13812878.640339     0.000021769  13295605.2415
0.0040   6726756.077314     0.000019048   6209482.6785
0.0060   4373955.708495     0.000024490   3856682.3118
0.0080   3201947.436579     0.000024490   2684674.0387
0.0100   2502220.638433     0.000027211   1984947.2406
0.0120   2037698.835540     0.000024490   1520425.4375
0.0140   1707368.712906     0.000016327   1190095.3149
0.0160   1461061.265930     0.000010885    943787.8682
0.0180   1270535.669117     0.000019048    753262.2714
0.0200   1119361.071663     0.000021769    602087.6738
0.0400    461853.919202     0.000008163    -55419.4787
0.0600    259381.138331     0.000016327   -257892.2596
0.0800    166688.052296     0.000016327   -350585.3457
0.1000    115303.540433     0.000005442   -401969.8574
0.1200     83904.868844     0.000010885   -433368.5292
0.1400     63181.484485     0.000019048   -454091.9134
0.1600     48558.462573     0.000019048   -468714.9353
0.1800     37906.716646     0.000008163   -479366.6811
0.2000     30039.219875     0.000013606   -487234.1779
0.2400     19706.142702     0.000010885   -497567.2552
0.2800     13607.696873     0.000008163   -503665.7010
0.3200      9725.809276     0.000010885   -507547.5887
0.3600      7009.019821     0.000016327   -510264.3780
0.4000      5150.931180     0.000024490   -512122.4668    -38115.442
0.4500      3623.563148     0.000019048   -513649.8348    -24266.409
0.5000      2631.504445     0.000024490   -514641.8935    -16152.925
0.5500      1954.626804     0.000016327   -515318.7710    -11389.839
0.6000      1459.358387     0.000024490   -515814.0396     -8583.351
0.6500      1089.051277     0.000024490   -516184.3467     -6296.840
0.7000       820.084974     0.000010885   -516453.3129     -4554.083
0.7500       625.151893     0.000019048   -516648.2461     -3312.566
0.8000       482.416565     0.000019048   -516790.9813     -2443.351
0.8500       376.268808     0.000008163   -516897.1291     -1832.954
0.9000       296.029724     0.000027211   -516977.3682     -1397.730
0.9500       234.458346     0.000013606   -517038.9397     -1080.497
1.0000       186.655066     0.000008163   -517086.7427      -843.249
1.1000       119.991029     0.000024490   -517153.4068      -522.161
1.2000        78.452362     0.000024490   -517194.9456      -332.182
1.3000        51.611237     0.000024490   -517221.7866      -215.509
1.4000        34.592683     0.000013606   -517238.8052      -139.465
1.5000        23.474226     0.000024490   -517249.9238       -91.389
1.6000        16.281264     0.000016327   -517257.1166       -60.773
1.7000        11.455557     0.000024490   -517261.9422       -40.460
1.8000         8.213270     0.000021769   -517265.1847       -26.854
1.9000         6.048141     0.000019048   -517267.3497       -17.757
2.0000         4.620114     0.000021769   -517268.7777       -11.482
2.1000         3.697991     0.000024490   -517269.6999        -7.339
2.2000         3.123196     0.000021769   -517270.2746        -4.412
2.3000         2.787266     0.000021769   -517270.6107        -2.497
2.4000         2.613698     0.000019048   -517270.7843        -1.145
2.5000         2.561205     0.000016327   -517270.8368        -0.311
2.6000         2.633813     0.000013606   -517270.7642         0.272
2.7000         2.748729     0.000019048   -517270.6491         0.598
2.8000         2.889916     0.000016327   -517270.5081         0.798
2.9000         3.044044     0.000021769   -517270.3538         0.910
3.0000         3.203328     0.000024490   -517270.1946         0.931
3.1000         3.361720     0.000016327   -517270.0362         0.919
3.2000         3.513987     0.000019048   -517269.8839         0.886
3.3000         3.657778     0.000013606   -517269.7402         0.821
3.4000         3.791886     0.000016327   -517269.6060         0.744
3.5000         3.914457     0.000019048   -517269.4833         0.680
3.6000         4.025042     0.000013606   -517269.3728         0.609
3.7000         4.124097     0.000013606   -517269.2738         0.535
3.8000         4.212300     0.000010885   -517269.1856         0.468
3.9000         4.289926     0.000008163   -517269.1081         0.410
4.0000         4.357638     0.000019048   -517269.0403         0.356
5.0000         4.680298     0.000008163   -517268.7176         0.074
6.0000         4.740984     0.000021769   -517268.6569         0.012
7.0000         4.751730     0.000024490   -517268.6463         0.002
8.0000         4.753684     0.000024490   -517268.6441        -0.000
9.0000         4.754032     0.000005442   -517268.6438        -0.001
10.0000         4.754070     0.000016327   -517268.6438        -0.001
100.0000         4.753828     0.000010885   -517268.6441
1000.0000         4.753801     0.000008163   -517268.6441
