0.0020  14701170.984485     0.000021769  14288520.4525
0.0040   7163226.075520     0.000027211   6750575.5437
0.0060   4661081.315657     0.000027211   4248430.7851
0.0080   3415127.332406     0.000008163   3002476.8001
0.0100   2670698.864517     0.000021769   2258048.3335
0.0120   2176216.389387     0.000013606   1763565.8585
0.0140   1824587.191209     0.000010885   1411936.6603
0.0160   1562427.293569     0.000019048   1149776.7625
0.0180   1359777.010685     0.000024490    947126.4798
0.0200   1198591.040020     0.000021769    785940.5089
0.0400    496926.453834     0.000021769     84275.9228
0.0600    279665.617142     0.000021769   -132984.9139
0.0800    178548.531579     0.000021769   -234101.9995
0.1000    122382.561249     0.000019048   -290267.9696
0.1200     88431.122728     0.000016327   -324219.4083
0.1400     66429.230760     0.000013606   -346221.3004
0.1600     51122.478647     0.000010885   -361528.0524
0.1800     39887.221882     0.000010885   -372763.3091
0.2000     31557.680375     0.000013606   -381092.8507
0.2400     20628.834919     0.000013606   -392021.6962
0.2800     14199.087473     0.000019048   -398451.4435
0.3200     10139.776682     0.000019048   -402510.7544
0.3600      7291.307207     0.000021769   -405359.2237
0.4000      5328.784059     0.000010885   -407321.7469    -40083.142
0.4500      3721.735657     0.000013606   -408928.7953    -25543.805
0.5000      2673.684082     0.000019048   -409976.8469    -17070.543
0.5500      1962.385576     0.000027211   -410688.1454    -11848.732
0.6000      1456.850906     0.000013606   -411193.6801     -8641.305
0.6500      1079.883551     0.000016327   -411570.6475     -6500.981
0.7000       800.552805     0.000008163   -411849.9782     -4726.262
0.7500       598.898249     0.000027211   -412051.6328     -3397.991
0.8000       453.791371     0.000021769   -412196.7398     -2452.187
0.8500       348.594497     0.000019048   -412301.9366     -1788.912
0.9000       271.343409     0.000008163   -412379.1876     -1324.482
0.9500       213.730008     0.000016327   -412436.8009      -996.304
1.0000       170.093057     0.000016327   -412480.4379      -761.361
1.1000       110.425559     0.000024490   -412540.1054      -461.617
1.2000        73.698444     0.000019048   -412576.8326      -287.498
1.3000        50.538395     0.000027211   -412599.9925      -183.075
1.4000        35.591646     0.000024490   -412614.9395      -119.053
1.5000        25.706132     0.000024490   -412624.8248       -79.174
1.6000        18.990882     0.000005442   -412631.5401       -54.024
1.7000        14.292900     0.000010885   -412636.2381       -37.969
1.8000        10.900496     0.000016327   -412639.6306       -27.456
1.9000         8.375308     0.000019048   -412642.1558       -20.346
2.0000         6.443770     0.000021769   -412644.0872       -15.422
2.1000         4.931766     0.000021769   -412645.5994       -11.836
2.2000         3.724473     0.000024490   -412646.8065        -9.180
2.3000         2.745747     0.000019048   -412647.7853        -7.198
2.4000         1.943827     0.000019048   -412648.5872        -5.649
2.5000         1.339761     0.000019048   -412649.1913        -4.419
2.6000         0.953506     0.000021769   -412649.5774        -3.372
2.7000         0.659561     0.000024490   -412649.8716        -2.553
2.8000         0.437850     0.000021769   -412650.0931        -1.933
2.9000         0.271586     0.000010885   -412650.2593        -1.436
3.0000         0.148030     0.000016327   -412650.3829        -1.061
3.1000         0.057307     0.000013606   -412650.4738        -0.784
3.2000        -0.008659     0.000008163   -412650.5396        -0.559
3.3000        -0.056129     0.000024490   -412650.5872        -0.396
3.4000        -0.089248     0.000019048   -412650.6201        -0.281
3.5000        -0.111893     0.000019048   -412650.6430        -0.189
3.6000        -0.126764     0.000021769   -412650.6577        -0.120
3.7000        -0.135698     0.000021769   -412650.6667        -0.066
3.8000        -0.140199     0.000019048   -412650.6713        -0.032
3.9000        -0.141437     0.000016327   -412650.6724        -0.002
4.0000        -0.140318     0.000024490   -412650.6713         0.019
5.0000        -0.089354     0.000010885   -412650.6204         0.051
6.0000        -0.054006     0.000013606   -412650.5850         0.020
7.0000        -0.041552     0.000005442   -412650.5725         0.006
8.0000        -0.038080     0.000002721   -412650.5690         0.001
9.0000        -0.037222     0.000002721   -412650.5682
10.0000        -0.037021     0.000002721   -412650.5679        -0.000
100.0000        -0.036964     0.000002721   -412650.5679
1000.0000        -0.036964     0.000002721   -412650.5679
