0.0020   9224592.548709     0.000019048   9066082.7548
0.0040   4513425.932665     0.000013606   4354916.1397
0.0060   2944649.068409     0.000016327   2786139.2766
0.0080   2161794.614099     0.000024490   2003284.8211
0.0100   1693395.906458     0.000005442   1534886.1133
0.0120   1382280.506061     0.000019048   1223770.7130
0.0140   1160966.326420     0.000016327   1002456.5332
0.0160    995435.590462     0.000019048    836925.7974
0.0180    867158.802622     0.000016327    708649.0096
0.0200    765012.668698     0.000016327    606502.8757
0.0400    317955.380754     0.000024490    159445.5877
0.0600    179889.264109     0.000013606     21379.4710
0.0800    115734.911140     0.000005442    -42774.8820
0.1000     80405.514373     0.000010885    -78104.2787
0.1200     58631.077470     0.000016327    -99878.7156
0.1400     44062.234884     0.000013606   -114447.5582
0.1600     33917.764476     0.000013606   -124592.0286
0.1800     26710.314489     0.000013606   -131799.4786
0.2000     21483.850438     0.000024490   -137025.9427
0.2400     14624.761820     0.000021769   -143885.0313
0.2800     10138.997037     0.000016327   -148370.7961
0.3200      7279.051252     0.000013606   -151230.7419
0.3600      5333.391833     0.000016327   -153176.4013    -40520.132
0.4000      3977.626515     0.000013606   -154532.1666    -27973.756
0.4500      2852.056606     0.000021769   -155657.7365    -17903.669
0.5000      2113.060449     0.000021769   -156396.7326    -12403.441
0.5500      1547.562870     0.000024490   -156962.2302     -9912.654
0.6000      1130.933477     0.000019048   -157378.8596     -6886.934
0.6500       842.574044     0.000027211   -157667.2191     -4778.833
0.7000       640.853029     0.000019048   -157868.9401     -3375.823
0.7500       496.715076     0.000013606   -158013.0780     -2444.080
0.8000       390.953449     0.000016327   -158118.8397     -1820.365
0.8500       311.062518     0.000010885   -158198.7306     -1395.161
0.9000       249.037836     0.000010885   -158260.7553     -1095.444
0.9500       200.048058     0.000024490   -158309.7451      -872.487
1.0000       160.984167     0.000019048   -158348.8089      -700.870
1.1000       104.369103     0.000010885   -158405.4240      -456.514
1.2000        67.490474     0.000010885   -158442.3026      -298.359
1.3000        43.417951     0.000013606   -158466.3752      -196.847
1.4000        27.485632     0.000019048   -158482.3075      -130.402
1.5000        16.843753     0.000019048   -158492.9493       -86.511
1.6000         9.736901     0.000013606   -158500.0562       -57.550
1.7000         4.997332     0.000013606   -158504.7958       -38.121
1.8000         1.874016     0.000019048   -158507.9191       -24.802
1.9000        -0.000082     0.000013606   -158509.7932       -15.830
2.0000        -0.990933     0.000013606   -158510.7840       -10.000
2.1000        -1.557667     0.000013606   -158511.3508        -5.878
2.2000        -1.835849     0.000024490   -158511.6290        -3.043
2.3000        -1.918452     0.000027211   -158511.7116        -1.061
2.4000        -1.868022     0.000010885   -158511.6611         0.302
2.5000        -1.715347     0.000021769   -158511.5085         1.207
2.6000        -1.296318     0.000024490   -158511.0894         1.614
2.7000        -0.888319     0.000008163   -158510.6814         1.822
2.8000        -0.501931     0.000008163   -158510.2950         1.894
2.9000        -0.142272     0.000019048   -158509.9354         1.902
3.0000         0.187993     0.000010885   -158509.6051         1.853
3.1000         0.490028     0.000021769   -158509.3031         1.762
3.2000         0.783607     0.000027211   -158509.0095         1.657
3.3000         1.080137     0.000019048   -158508.7130         1.524
3.4000         1.346591     0.000013606   -158508.4465         1.378
3.5000         1.585635     0.000008163   -158508.2075         1.243
3.6000         1.799060     0.000024490   -158507.9941         1.120
3.7000         1.988946     0.000024490   -158507.8041         1.002
3.8000         2.157741     0.000024490   -158507.6354         0.886
3.9000         2.307461     0.000024490   -158507.4856         0.783
4.0000         2.439417     0.000024490   -158507.3537         0.691
5.0000         3.103188     0.000024490   -158506.6899         0.168
6.0000         3.243786     0.000021769   -158506.5493         0.040
7.0000         3.269980     0.000019048   -158506.5231         0.009
8.0000         3.274843     0.000016327   -158506.5183         0.003
9.0000         3.275738     0.000016327   -158506.5174         0.001
10.0000         3.275849     0.000019048   -158506.5173         0.001
100.0000         3.275104     0.000016327   -158506.5180
1000.0000         3.275036     0.000005442   -158506.5181
