0.0020         0.000000     0.000010885  39269723.4360
0.0040  19546658.737841     0.000016327  18651211.7506
0.0060  12690752.941833     0.000013606  11795305.9544
0.0080   9272561.462651     0.000019048   8377114.4752
0.0100   7227824.513075     0.000008163   6332377.5253
0.0120   5871172.893292     0.000013606   4975725.9051
0.0140   4908739.204150     0.000005442   4013292.2170
0.0160   4191587.010725     0.000013606   3296140.0224
0.0180   3638239.350643     0.000016327   2742792.3636
0.0200   3199273.134266     0.000013606   2303826.1463
0.0400   1295791.980702     0.000027211    400344.9926
0.0600    719382.423148     0.000019048   -176064.5649
0.0800    458262.401237     0.000021769   -437184.5868
0.1000    313298.825919     0.000008163   -582148.1620
0.1200    225117.412504     0.000016327   -670329.5754
0.1400    168086.193331     0.000010885   -727360.7947
0.1600    128118.375511     0.000016327   -767328.6126
0.1800     99282.482082     0.000019048   -796164.5061
0.2000     78209.992400     0.000010885   -817236.9956
0.2400     50729.774646     0.000024490   -844717.2133
0.2800     34275.279802     0.000016327   -861171.7082
0.3200     23721.519834     0.000019048   -871725.4683
0.3600     17017.195707     0.000021769   -878429.7922
0.4000     12401.785556     0.000019048   -883045.2025
0.4500      8580.186645     0.000019048   -886866.8014
0.5000      6015.823190     0.000019048   -889431.1647    -43122.235
0.5500      4265.434944     0.000016327   -891181.5530    -28029.390
0.6000      3115.378137     0.000013606   -892331.6098    -18757.839
0.6500      2329.679853     0.000010885   -893117.3081    -13123.993
0.7000      1768.640501     0.000019048   -893678.3475     -9550.576
0.7500      1355.488570     0.000019048   -894091.4994     -7103.625
0.8000      1046.714135     0.000010885   -894400.2740     -5334.087
0.8500       814.340770     0.000005442   -894632.6473     -4023.219
0.9000       638.724331     0.000024490   -894808.2637     -3049.573
0.9500       505.251590     0.000027211   -894941.7364     -2325.117
1.0000       403.220980     0.000010885   -895043.7672     -1789.025
1.1000       262.809597     0.000010885   -895184.1785     -1086.530
1.2000       176.186369     0.000010885   -895270.8016      -686.248
1.3000       120.484391     0.000016327   -895326.5036      -449.372
1.4000        83.629926     0.000021769   -895363.3582      -300.219
1.5000        58.830521     0.000027211   -895388.1576      -203.363
1.6000        41.921392     0.000019048   -895405.0667      -139.501
1.7000        30.244778     0.000024490   -895416.7431       -96.968
1.8000        22.062072     0.000013606   -895424.9259       -68.471
1.9000        16.237889     0.000021769   -895430.7502       -49.064
2.0000        12.019562     0.000008163   -895434.9685       -35.757
2.1000         8.911294     0.000010885   -895438.0766       -26.440
2.2000         6.583313     0.000019048   -895440.4048       -19.801
2.3000         4.942370     0.000027211   -895442.0457       -15.107
2.4000         3.730968     0.000021769   -895443.2571       -11.660
2.5000         2.779122     0.000016327   -895444.2090        -8.894
2.6000         2.033154     0.000008163   -895444.9548        -6.789
2.7000         1.452465     0.000002721   -895445.5355        -5.157
2.8000         1.004139     0.000005442   -895445.9840        -3.890
2.9000         0.662739     0.000010885   -895446.3252        -2.866
3.0000         0.407096     0.000008163   -895446.5810        -2.096
3.1000         0.221074     0.000008163   -895446.7668        -1.473
3.2000         0.090788     0.000021769   -895446.8972        -0.995
3.3000         0.005271     0.000013606   -895446.9826        -0.650
3.4000        -0.044306     0.000008163   -895447.0324        -0.364
3.5000        -0.066292     0.000021769   -895447.0542        -0.149
3.6000        -0.066673     0.000016327   -895447.0547        -0.015
3.7000        -0.051054     0.000016327   -895447.0390         0.095
3.8000        -0.023758     0.000021769   -895447.0117         0.179
3.9000         0.011448     0.000019048   -895446.9766         0.229
4.0000         0.051397     0.000019048   -895446.9366         0.253
5.0000         0.409891     0.000019048   -895446.5783         0.165
6.0000         0.540908     0.000016327   -895446.4471         0.056
7.0000         0.571453     0.000008163   -895446.4166         0.028
8.0000         0.575507     0.000010885   -895446.4125         0.013
9.0000         0.573739     0.000019048   -895446.4142         0.008
10.0000         0.571072     0.000013606   -895446.4169         0.005
100.0000         0.549711     0.000016327   -895446.4384         0.000
1000.0000         0.547921     0.000019048   -895446.4400
