0.0020   8155314.974764     0.000016327   8014508.2314
0.0040   3991721.330329     0.000024490   3850914.5870
0.0060   2605217.859905     0.000021769   2464411.1176
0.0080   1913631.929083     0.000016327   1772825.1869
0.0100   1499827.067053     0.000019048   1359020.3249
0.0120   1224739.246875     0.000019048   1083932.5046
0.0140   1028984.270267     0.000024490    888177.5281
0.0160    882678.337336     0.000002721    741871.5951
0.0180    769298.911557     0.000013606    628492.1692
0.0200    678974.512836     0.000024490    538167.7707
0.0400    282845.011027     0.000024490    142038.2687
0.0600    160574.631285     0.000005442     19767.8890
0.0800    103562.376958     0.000010885    -37244.3653
0.1000     72023.728544     0.000005442    -68783.0137
0.1200     52627.605870     0.000016327    -88179.1364
0.1400     39678.641198     0.000019048   -101128.1011
0.1600     30571.276081     0.000021769   -110235.4662
0.1800     24036.340937     0.000024490   -116770.4013
0.2000     19265.564976     0.000013606   -121541.1773
0.2400     13054.019684     0.000027211   -127752.7226
0.2800      9181.009234     0.000019048   -131625.7330
0.3200      6550.346788     0.000024490   -134256.3955
0.3600      4815.407065     0.000010885   -135991.3352    -35607.298
0.4000      3610.687058     0.000021769   -137196.0552    -25340.842
0.4500      2573.874766     0.000008163   -138232.8675    -16701.044
0.5000      1887.423301     0.000016327   -138919.3190    -11177.951
0.5500      1419.790865     0.000019048   -139386.9514     -7892.429
0.6000      1062.335376     0.000027211   -139744.4069     -6470.361
0.6500       783.140864     0.000027211   -140023.6014     -4706.045
0.7000       583.784234     0.000021769   -140222.9581     -3343.890
0.7500       441.554942     0.000019048   -140365.1873     -2397.398
0.8000       338.770944     0.000013606   -140467.9713     -1747.431
0.8500       263.135748     0.000016327   -140543.6065     -1299.380
0.9000       206.335910     0.000024490   -140600.4064      -986.512
0.9500       162.829247     0.000019048   -140643.9130      -763.179
1.0000       128.943439     0.000021769   -140677.7989      -599.022
1.1000        81.027524     0.000024490   -140725.7148      -377.637
1.2000        50.730791     0.000021769   -140756.0115      -239.599
1.3000        31.533815     0.000013606   -140775.2085      -151.466
1.4000        19.392112     0.000019048   -140787.3502       -95.801
1.5000        11.719551     0.000010885   -140795.0227       -61.121
1.6000         6.806112     0.000013606   -140799.9362       -39.532
1.7000         3.609445     0.000021769   -140803.1328       -25.867
1.8000         1.506602     0.000005442   -140805.2357       -17.000
1.9000         0.132743     0.000024490   -140806.6096       -11.120
2.0000        -0.733747     0.000013606   -140807.4760        -7.195
2.1000        -1.284443     0.000013606   -140808.0267        -4.465
2.2000        -1.614809     0.000019048   -140808.3571        -2.550
2.3000        -1.789922     0.000027211   -140808.5322        -1.235
2.4000        -1.855648     0.000024490   -140808.5979        -0.289
2.5000        -1.844816     0.000021769   -140808.5871         0.353
2.6000        -1.780624     0.000016327   -140808.5229         0.799
2.7000        -1.626659     0.000008163   -140808.3689         1.061
2.8000        -1.419025     0.000024490   -140808.1613         1.190
2.9000        -1.211296     0.000016327   -140807.9536         1.255
3.0000        -1.008487     0.000016327   -140807.7508         1.265
3.1000        -0.812573     0.000024490   -140807.5548         1.240
3.2000        -0.616561     0.000013606   -140807.3588         1.197
3.3000        -0.430607     0.000021769   -140807.1729         1.132
3.4000        -0.256440     0.000021769   -140806.9987         1.052
3.5000        -0.094429     0.000005442   -140806.8367         0.973
3.6000         0.055628     0.000021769   -140806.6867         0.895
3.7000         0.196915     0.000019048   -140806.5454         0.808
3.8000         0.324929     0.000021769   -140806.4174         0.722
3.9000         0.440199     0.000013606   -140806.3021         0.647
4.0000         0.543052     0.000019048   -140806.1992         0.573
5.0000         1.085316     0.000027211   -140805.6570         0.148
6.0000         1.210572     0.000005442   -140805.5317         0.038
7.0000         1.238973     0.000013606   -140805.5033         0.010
8.0000         1.247672     0.000013606   -140805.4946         0.003
9.0000         1.251700     0.000005442   -140805.4906         0.002
10.0000         1.254279     0.000024490   -140805.4880         0.001
100.0000         1.268976     0.000002721   -140805.4733
1000.0000         1.270130     0.000010885   -140805.4721
