0.0020   2945121.194149     0.000010885   2381964.3032
0.0040   1435250.975809     0.000016327    872094.0850
0.0060    933799.177771     0.000024490    370642.2869
0.0080    684503.772964     0.000016327    121346.8821
0.0100    535755.438036     0.000024490    -27401.4529
0.0120    437022.352932     0.000016327   -126134.5379
0.0140    366777.701292     0.000024490   -196379.1896
0.0160    314313.594346     0.000021769   -248843.2965
0.0180    273683.565287     0.000021769   -289473.3256
0.0200    241418.798134     0.000021769   -321738.0928
0.0400    100565.395731     0.000027211   -462591.4952
0.0600     57000.570853     0.000024490   -506156.3201
0.0800     36967.558726     0.000019048   -526189.3321
0.1000     25827.480009     0.000010885   -537329.4110
0.1200     18868.837990     0.000024490   -544288.0528
0.1400     14214.130956     0.000010885   -548942.7599
0.1600     10999.734865     0.000021769   -552157.1559
0.1800      8717.710055     0.000021769   -554439.1808
0.2000      7051.111309     0.000016327   -556105.7795
0.2400      4831.911310     0.000019048   -558324.9796    -42887.092
0.2800      3433.000702     0.000016327   -559723.8903    -28432.860
0.3200      2489.013461     0.000010885   -560667.8776    -19347.032
0.3600      1846.226104     0.000008163   -561310.6649    -13196.123
0.4000      1405.029490     0.000013606   -561751.8615     -9151.940
0.4500      1030.951991     0.000021769   -562125.9390     -6087.853
0.5000       774.479765     0.000024490   -562382.4110     -4319.800
0.5500       588.469579     0.000021769   -562568.4213     -3189.880
0.6000       450.234607     0.000019048   -562706.6563     -2383.012
0.6500       346.909614     0.000027211   -562809.9812     -1784.776
0.7000       269.439923     0.000019048   -562887.4510     -1341.018
0.7500       211.022161     0.000027211   -562945.8687     -1015.172
0.8000       166.629781     0.000024490   -562990.2611      -772.968
0.8500       132.705559     0.000019048   -563024.1853      -593.603
0.9000       106.509907     0.000021769   -563050.3809      -460.840
0.9500        86.043482     0.000024490   -563070.8474      -362.606
1.0000        69.807487     0.000013606   -563087.0833      -289.451
1.1000        45.957857     0.000008163   -563110.9330      -193.455
1.2000        29.585386     0.000005442   -563127.3056      -134.953
1.3000        18.219023     0.000021769   -563138.6718       -94.730
1.4000        10.245208     0.000002721   -563146.6458       -66.009
1.5000         4.738677     0.000024490   -563152.1523       -44.926
1.6000         1.042373     0.000016327   -563155.8484       -29.649
1.7000        -1.354521     0.000021769   -563158.2455       -18.752
1.8000        -2.823626     0.000021769   -563159.7146       -11.096
1.9000        -3.601289     0.000010885   -563160.4920        -5.912
2.0000        -3.896724     0.000013606   -563160.7876        -2.738
2.1000        -3.957070     0.000010885   -563160.8480        -0.590
2.2000        -3.874489     0.000013606   -563160.7652         0.678
2.3000        -3.710260     0.000019048   -563160.6012         1.442
2.4000        -3.508910     0.000019048   -563160.3998         1.905
2.5000        -3.294021     0.000013606   -563160.1848         2.076
2.6000        -3.076322     0.000016327   -563159.9671         2.157
2.7000        -2.739333     0.000021769   -563159.6303         2.109
2.8000        -2.350716     0.000021769   -563159.2417         1.945
2.9000        -2.004821     0.000008163   -563158.8958         1.779
3.0000        -1.696206     0.000019048   -563158.5870         1.628
3.1000        -1.420840     0.000024490   -563158.3116         1.478
3.2000        -1.175347     0.000005442   -563158.0661         1.331
3.3000        -0.956364     0.000024490   -563157.8474         1.199
3.4000        -0.761269     0.000019048   -563157.6523         1.062
3.5000        -0.588071     0.000024490   -563157.4789         0.953
3.6000        -0.433736     0.000016327   -563157.3246         0.842
3.7000        -0.251382     0.000024490   -563157.1423         0.685
3.8000        -0.102465     0.000016327   -563156.9935         0.560
3.9000         0.019195     0.000010885   -563156.8716         0.465
4.0000         0.118538     0.000019048   -563156.7722         0.385
5.0000         0.511610     0.000008163   -563156.3793         0.070
6.0000         0.573513     0.000008163   -563156.3173         0.003
7.0000         0.588493     0.000010885   -563156.3023         0.003
8.0000         0.594953     0.000013606   -563156.2960         0.001
9.0000         0.599024     0.000013606   -563156.2920         0.001
10.0000         0.601968     0.000013606   -563156.2890         0.001
100.0000         0.620997     0.000010885   -563156.2699
1000.0000         0.622553     0.000013606   -563156.2683
