0.0020   9097987.628106     0.000019048   8947574.2435
0.0040   4451024.560304     0.000027211   4300611.1731
0.0060   2904170.474072     0.000019048   2753757.0895
0.0080   2132280.700180     0.000019048   1981867.3141
0.0100   1670160.776123     0.000013606   1519747.3902
0.0120   1363591.572077     0.000024490   1213178.1862
0.0140   1145395.402353     0.000019048    994982.0163
0.0160    982134.778660     0.000021769    831721.3928
0.0180    855529.708568     0.000021769    705116.3225
0.0200    754904.724688     0.000016327    604491.3388
0.0400    313944.196103     0.000019048    163530.8102
0.0600    177553.683502     0.000024490     27140.2976
0.0800    114215.916171     0.000019048    -36197.4697
0.1000     79329.925626     0.000008163    -71083.4603
0.1200     57835.361640     0.000021769    -92578.0243
0.1400     43473.396642     0.000019048   -106939.9893
0.1600     33462.678147     0.000024490   -116950.7078
0.1800     26349.892563     0.000021769   -124063.4933
0.2000     21201.696732     0.000019048   -129211.6892
0.2400     14496.782311     0.000013606   -135916.6036
0.2800     10093.708708     0.000016327   -140319.6772
0.3200      7277.621530     0.000027211   -143135.7644
0.3600      5351.258871     0.000016327   -145062.1270    -40649.140
0.4000      3984.164197     0.000016327   -146429.2217    -28188.665
0.4500      2850.740638     0.000013606   -147562.6453    -17995.089
0.5000      2115.081522     0.000008163   -148298.3044    -11951.541
0.5500      1572.800914     0.000010885   -148840.5850     -9942.065
0.6000      1152.409298     0.000008163   -149260.9766     -6968.456
0.6500       860.348348     0.000016327   -149553.0376     -4835.635
0.7000       656.239735     0.000027211   -149757.1462     -3409.652
0.7500       511.031473     0.000024490   -149902.3544     -2459.601
0.8000       404.956722     0.000008163   -150008.4292     -1823.322
0.8500       325.284647     0.000027211   -150088.1013     -1390.165
0.9000       263.905188     0.000027211   -150149.4807     -1087.689
0.9500       215.400268     0.000021769   -150197.9856      -868.199
1.0000       176.408106     0.000019048   -150236.9778      -702.295
1.1000       118.835489     0.000021769   -150294.5504      -467.716
1.2000        80.260481     0.000024490   -150333.1254      -312.560
1.3000        54.493055     0.000013606   -150358.8929      -208.917
1.4000        37.134793     0.000027211   -150376.2511      -142.119
1.5000        24.908438     0.000008163   -150388.4775       -99.853
1.6000        16.500808     0.000013606   -150396.8851       -70.669
1.7000        10.369656     0.000010885   -150403.0162       -50.971
1.8000         5.842834     0.000013606   -150407.5431       -36.935
1.9000         2.532869     0.000021769   -150410.8530       -26.497
2.0000         0.173903     0.000016327   -150413.2120       -18.588
2.1000        -1.445551     0.000013606   -150414.8315       -12.582
2.2000        -2.501369     0.000019048   -150415.8873        -8.115
2.3000        -3.001226     0.000021769   -150416.3871        -5.264
2.4000        -3.275855     0.000010885   -150416.6618        -3.179
2.5000        -3.396946     0.000008163   -150416.7828        -1.622
2.6000        -3.403582     0.000019048   -150416.7895        -0.500
2.7000        -3.328495     0.000008163   -150416.7144         0.310
2.8000        -3.195385     0.000019048   -150416.5813         0.854
2.9000        -3.016949     0.000008163   -150416.4029         1.228
3.0000        -2.821601     0.000019048   -150416.2075         1.456
3.1000        -2.618047     0.000016327   -150416.0039         1.573
3.2000        -2.409907     0.000013606   -150415.7958         1.625
3.3000        -2.199699     0.000010885   -150415.5856         1.623
3.4000        -1.995118     0.000027211   -150415.3810         1.577
3.5000        -1.798760     0.000019048   -150415.1847         1.509
3.6000        -1.613464     0.000024490   -150414.9994         1.429
3.7000        -1.440318     0.000019048   -150414.8262         1.337
3.8000        -1.279556     0.000019048   -150414.6655         1.237
3.9000        -1.131308     0.000019048   -150414.5172         1.140
4.0000        -0.995896     0.000021769   -150414.3818         1.043
5.0000        -0.170237     0.000019048   -150413.5561         0.346
6.0000         0.106856     0.000010885   -150413.2791         0.127
7.0000         0.199138     0.000019048   -150413.1868         0.052
8.0000         0.242671     0.000021769   -150413.1432         0.031
9.0000         0.269722     0.000013606   -150413.1162         0.021
10.0000         0.288724     0.000016327   -150413.0972         0.016
100.0000         0.404182     0.000016327   -150412.9817         0.000
1000.0000         0.413194     0.000019048   -150412.9727
