0.0020   3199581.419861     0.000002721   2755386.8126
0.0040   1559684.918727     0.000024490   1115490.3121
0.0060   1015109.907773     0.000021769    570915.3012
0.0080    744261.386435     0.000016327    300066.7800
0.0100    582694.290861     0.000019048    138499.6844
0.0120    475411.790170     0.000016327     31217.1837
0.0140    399144.329476     0.000024490    -45050.2770
0.0160    342168.152540     0.000019048   -102026.4539
0.0180    298108.699369     0.000016327   -146085.9071
0.0200    262972.613150     0.000016327   -181221.9933
0.0400    109922.775364     0.000010885   -334271.8310
0.0600     62405.986960     0.000027211   -381788.6195
0.0800     40505.301996     0.000021769   -403689.3044
0.1000     28362.648098     0.000013606   -415831.9583
0.1200     20782.073533     0.000013606   -423412.5330
0.1400     15657.720739     0.000019048   -428536.8857
0.1600     12061.564357     0.000024490   -432133.0423
0.1800      9485.457797     0.000016327   -434709.1486
0.2000      7604.722017     0.000010885   -436589.8844
0.2400      5128.307307     0.000021769   -439066.2991    -47125.507
0.2800      3615.374672     0.000013606   -440579.2318    -30315.551
0.3200      2605.394469     0.000024490   -441589.2119    -20910.196
0.3600      1901.826091     0.000024490   -442292.7805    -14612.419
0.4000      1410.494741     0.000008163   -442784.1116    -10213.681
0.4500       996.315463     0.000013606   -443198.2911     -6642.499
0.5000       722.929090     0.000016327   -443471.6775     -4471.684
0.5500       535.234137     0.000019048   -443659.3724     -3139.856
0.6000       400.849820     0.000019048   -443793.7567     -2290.101
0.6500       301.588228     0.000016327   -443893.0182     -1721.788
0.7000       226.610832     0.000024490   -443967.9957     -1312.562
0.7500       169.068771     0.000010885   -444025.5377      -999.088
0.8000       125.034675     0.000027211   -444069.5717      -758.580
0.8500        91.363661     0.000021769   -444103.2428      -576.402
0.9000        66.333680     0.000019048   -444128.2727      -436.104
0.9500        47.437061     0.000010885   -444147.1694      -330.111
1.0000        33.135407     0.000016327   -444161.4711      -250.496
1.1000        13.995444     0.000013606   -444180.6111      -145.441
1.2000         2.874342     0.000024490   -444191.7321       -84.935
1.3000        -3.563898     0.000019048   -444198.1703       -49.027
1.4000        -7.183365     0.000019048   -444201.7897       -26.951
1.5000        -9.039501     0.000021769   -444203.6461       -12.878
1.6000        -9.779874     0.000019048   -444204.3862        -4.086
1.7000        -9.823083     0.000021769   -444204.4295         1.526
1.8000        -9.442828     0.000019048   -444204.0494         4.629
1.9000        -8.759457     0.000010885   -444203.3658         6.318
2.0000        -7.870344     0.000005442   -444202.4768         6.788
2.1000        -6.995677     0.000013606   -444201.6022         6.868
2.2000        -6.137119     0.000005442   -444200.7437         6.532
2.3000        -5.018930     0.000027211   -444199.6253         5.526
2.4000        -4.125212     0.000013606   -444198.7317         4.723
2.5000        -3.344460     0.000021769   -444197.9510         4.001
2.6000        -2.711314     0.000013606   -444197.3178         3.379
2.7000        -2.195282     0.000024490   -444196.8019         2.890
2.8000        -1.772893     0.000019048   -444196.3793         2.479
2.9000        -1.424416     0.000013606   -444196.0310         2.125
3.0000        -1.134416     0.000008163   -444195.7409         1.836
3.1000        -0.823463     0.000016327   -444195.4299         1.553
3.2000        -0.559975     0.000016327   -444195.1665         1.313
3.3000        -0.338700     0.000005442   -444194.9452         1.104
3.4000        -0.152338     0.000027211   -444194.7588         0.919
3.5000         0.004544     0.000013606   -444194.6018         0.768
3.6000         0.136092     0.000021769   -444194.4704         0.646
3.7000         0.246043     0.000016327   -444194.3605         0.546
3.8000         0.337663     0.000016327   -444194.2688         0.459
3.9000         0.413883     0.000024490   -444194.1926         0.384
4.0000         0.477454     0.000010885   -444194.1289         0.316
5.0000         0.738207     0.000013606   -444193.8682         0.049
6.0000         0.779326     0.000013606   -444193.8271         0.027
7.0000         0.788390     0.000010885   -444193.8181         0.006
8.0000         0.792282     0.000010885   -444193.8143         0.004
9.0000         0.794763     0.000005442   -444193.8116         0.003
10.0000         0.796603     0.000027211   -444193.8100         0.002
100.0000         0.808421     0.000010885   -444193.7980
1000.0000         0.809411     0.000019048   -444193.7972
