0.0020   6790736.804746     0.000008163   6656995.3868
0.0040   3320057.528328     0.000024490   3186316.1098
0.0060   2165864.927473     0.000008163   2032123.5092
0.0080   1590820.041134     0.000016327   1457078.6231
0.0100   1247150.870961     0.000008163   1113409.4529
0.0120   1018712.477149     0.000016327    884971.0588
0.0140    856028.399801     0.000021769    722286.9817
0.0160    734543.503639     0.000021769    600802.0855
0.0180    640556.610124     0.000008163    506815.1921
0.0200    565675.962798     0.000010885    431934.5446
0.0400    236745.068204     0.000019048    103003.6500
0.0600    134900.991394     0.000024490      1159.5732
0.0800     87429.033269     0.000013606    -46312.3849
0.1000     60962.102110     0.000016327    -72779.3161
0.1200     44625.726630     0.000010885    -89115.6916
0.1400     33737.310206     0.000021769   -100004.1080
0.1600     26080.424868     0.000027211   -107660.9933
0.1800     20538.856677     0.000016327   -113202.5615
0.2000     16443.969898     0.000008163   -117297.4483
0.2400     11044.456321     0.000024490   -122696.9619
0.2800      7851.377036     0.000010885   -125890.0412
0.3200      5699.698500     0.000021769   -128041.7197    -46496.906
0.3600      4164.661822     0.000016327   -129576.7564    -31284.248
0.4000      3124.263400     0.000024490   -130617.1548    -21509.278
0.4500      2246.537237     0.000019048   -131494.8809    -14244.496
0.5000      1653.209615     0.000024490   -132088.2086     -9779.464
0.5500      1242.629065     0.000019048   -132498.7891     -6857.270
0.6000       949.681364     0.000021769   -132791.7368     -5019.426
0.6500       727.063660     0.000016327   -133014.3545     -3979.937
0.7000       548.887461     0.000019048   -133192.5307     -3122.603
0.7500       412.914480     0.000021769   -133328.5037     -2341.962
0.8000       311.618695     0.000024490   -133429.7995     -1738.894
0.8500       236.289624     0.000005442   -133505.1286     -1296.420
0.9000       179.880691     0.000008163   -133561.5375      -975.428
0.9500       137.200740     0.000021769   -133604.2174      -742.449
1.0000       104.528882     0.000013606   -133636.8893      -571.997
1.1000        59.446884     0.000016327   -133681.9713      -349.663
1.2000        31.653586     0.000024490   -133709.7646      -216.651
1.3000        14.562219     0.000019048   -133726.8560      -131.475
1.4000         4.396096     0.000024490   -133737.0221       -76.086
1.5000        -1.304721     0.000027211   -133742.7229       -40.834
1.6000        -4.032865     0.000016327   -133745.4510       -20.161
1.7000        -5.138235     0.000016327   -133746.5564        -8.226
1.8000        -5.250477     0.000024490   -133746.6687        -1.782
1.9000        -4.717942     0.000024490   -133746.1361         1.408
2.0000        -4.112186     0.000024490   -133745.5304         3.291
2.1000        -3.412853     0.000008163   -133744.8310         4.216
2.2000        -2.531446     0.000005442   -133743.9496         4.346
2.3000        -1.487661     0.000021769   -133742.9058         3.901
2.4000        -0.408702     0.000013606   -133741.8269         3.215
2.5000         0.466942     0.000013606   -133740.9513         2.736
2.6000         1.197623     0.000010885   -133740.2206         2.363
2.7000         1.792015     0.000019048   -133739.6262         2.098
2.8000         2.296900     0.000024490   -133739.1213         1.898
2.9000         2.722440     0.000013606   -133738.6958         1.742
3.0000         3.088164     0.000019048   -133738.3300         1.591
3.1000         3.406138     0.000019048   -133738.0120         1.478
3.2000         3.685090     0.000010885   -133737.7331         1.372
3.3000         3.932107     0.000016327   -133737.4861         1.247
3.4000         4.152269     0.000019048   -133737.2659         1.144
3.5000         4.348596     0.000027211   -133737.0696         1.054
3.6000         4.523878     0.000013606   -133736.8943         0.961
3.7000         4.680559     0.000013606   -133736.7376         0.864
3.8000         4.820885     0.000024490   -133736.5973         0.779
3.9000         4.946237     0.000019048   -133736.4720         0.701
4.0000         5.057690     0.000019048   -133736.3605         0.627
5.0000         5.648599     0.000024490   -133735.7696         0.170
6.0000         5.786261     0.000010885   -133735.6319         0.037
7.0000         5.813021     0.000024490   -133735.6052         0.008
8.0000         5.817998     0.000008163   -133735.6002         0.001
9.0000         5.818825     0.000024490   -133735.5994         0.000
10.0000         5.818877     0.000016327   -133735.5993        -0.000
100.0000         5.817772     0.000013606   -133735.6004
1000.0000         5.817677     0.000013606   -133735.6005
