0.0020  25435804.791484     0.000016327  24913657.8577
0.0040  12388680.565744     0.000019048  11866533.6311
0.0060   8052451.800762     0.000008163   7530304.8659
0.0080   5892025.461122     0.000013606   5369878.5271
0.0100   4600619.054178     0.000016327   4078472.1201
0.0120   3741976.290050     0.000013606   3219829.3549
0.0140   3131861.591235     0.000013606   2609714.6565
0.0160   2677455.738448     0.000013606   2155308.8036
0.0180   2325911.468793     0.000024490   1803764.5341
0.0200   2046793.701421     0.000016327   1524646.7667
0.0400    833998.079140     0.000016327    311851.1444
0.0600    464252.177869     0.000005442    -57894.7568
0.0800    295117.063028     0.000021769   -227029.8717
0.1000    202847.646304     0.000010885   -319299.2883
0.1200    146678.460588     0.000024490   -375468.4742
0.1400    109567.199723     0.000010885   -412579.7350
0.1600     84183.106326     0.000010885   -437963.8283
0.1800     66251.458511     0.000021769   -455895.4763
0.2000     53246.238629     0.000027211   -468900.6960
0.2400     35106.046002     0.000021769   -487040.8888
0.2800     23953.691285     0.000019048   -498193.2435
0.3200     16850.545123     0.000013606   -505296.3896
0.3600     12265.402282     0.000024490   -509881.5324
0.4000      9123.830344     0.000010885   -513023.1044
0.4500      6329.421018     0.000021769   -515817.5137    -44606.840
0.5000      4513.162639     0.000021769   -517633.7721    -29357.706
0.5500      3295.656884     0.000016327   -518851.2780    -20038.960
0.6000      2448.909028     0.000021769   -519698.0256    -14214.885
0.6500      1838.238403     0.000016327   -520308.6964    -10435.389
0.7000      1385.868817     0.000027211   -520761.0660     -7753.885
0.7500      1051.607626     0.000027211   -521095.3272     -5713.283
0.8000       806.081777     0.000021769   -521340.8529     -4192.339
0.8500       625.553914     0.000013606   -521521.3807     -3089.916
0.9000       491.737126     0.000016327   -521655.1976     -2302.406
0.9500       391.193679     0.000013606   -521755.7410     -1741.858
1.0000       314.595542     0.000013606   -521832.3392     -1339.569
1.1000       208.575865     0.000008163   -521938.3589      -834.724
1.2000       140.937855     0.000016327   -522005.9969      -544.161
1.3000        96.994501     0.000008163   -522049.9403      -351.712
1.4000        68.649936     0.000010885   -522078.2848      -228.776
1.5000        49.879966     0.000024490   -522097.0546      -154.121
1.6000        37.387195     0.000021769   -522109.5477      -110.781
1.7000        28.287580     0.000016327   -522118.6471       -82.328
1.8000        21.431470     0.000016327   -522125.5033       -61.484
1.9000        16.388610     0.000013606   -522130.5461       -45.945
2.0000        12.634387     0.000016327   -522134.3002       -34.127
2.1000         9.876697     0.000013606   -522137.0581       -25.168
2.2000         7.897030     0.000010885   -522139.0377       -18.500
2.3000         6.459400     0.000019048   -522140.4753       -13.535
2.4000         5.421433     0.000013606   -522141.5132        -9.874
2.5000         4.668771     0.000008163   -522142.2658        -7.284
2.6000         4.121977     0.000027211   -522142.8128        -5.387
2.7000         3.712628     0.000021769   -522143.2220        -4.125
2.8000         3.399650     0.000005442   -522143.5350        -3.191
2.9000         3.145493     0.000016327   -522143.7891        -2.587
3.0000         2.934861     0.000010885   -522143.9997        -2.164
3.1000         2.750727     0.000021769   -522144.1840        -1.819
3.2000         2.591050     0.000027211   -522144.3437        -1.597
3.3000         2.449973     0.000021769   -522144.4846        -1.367
3.4000         2.327276     0.000027211   -522144.6074        -1.190
3.5000         2.222654     0.000005442   -522144.7121        -1.026
3.6000         2.132731     0.000005442   -522144.8019        -0.874
3.7000         2.059786     0.000013606   -522144.8748        -0.745
3.8000         2.000048     0.000013606   -522144.9347        -0.592
3.9000         1.951517     0.000021769   -522144.9831        -0.512
4.0000         1.916441     0.000002721   -522145.0183        -0.424
5.0000         1.899151     0.000010885   -522145.0357         0.017
6.0000         2.038134     0.000010885   -522144.8966         0.058
7.0000         2.124429     0.000008163   -522144.8104         0.043
8.0000         2.162607     0.000027211   -522144.7720         0.022
9.0000         2.176974     0.000019048   -522144.7578         0.001
10.0000         2.182147     0.000024490   -522144.7527         0.007
100.0000         2.188330     0.000010885   -522144.7464        -0.000
1000.0000         2.188629     0.000021769   -522144.7461
