0.0020  20492270.615600     0.000024490  20059434.1119
0.0040   9988071.931407     0.000019048   9555235.4270
0.0060   6497170.468337     0.000019048   6064333.9629
0.0080   4755946.263742     0.000019048   4323109.7594
0.0100   3714445.147404     0.000021769   3281608.6417
0.0120   3022718.688918     0.000019048   2589882.1843
0.0140   2530911.212136     0.000024490   2098074.7076
0.0160   2163556.499570     0.000016327   1730719.9949
0.0180   1879845.574597     0.000008163   1447009.0699
0.0200   1654629.301853     0.000027211   1221792.7972
0.0400    675943.041763     0.000024490    243106.5371
0.0600    376887.149994     0.000016327    -55949.3547
0.0800    240189.742663     0.000024490   -192646.7620
0.1000    165172.891677     0.000024490   -267663.6130
0.1200    119749.704164     0.000013606   -313086.8006
0.1400     89820.832521     0.000019048   -343015.6722
0.1600     68820.190924     0.000019048   -364016.3139
0.1800     53716.667264     0.000005442   -379119.8373
0.2000     42658.534512     0.000019048   -390177.9701
0.2400     28299.572861     0.000021769   -404536.9318
0.2800     19324.722817     0.000019048   -413511.7819
0.3200     13572.733010     0.000019048   -419263.7717
0.3600      9821.391250     0.000019048   -423015.1135
0.4000      7251.783302     0.000013606   -425584.7213
0.4500      5122.754030     0.000024490   -427713.7507    -34029.300
0.5000      3686.865464     0.000010885   -429149.6392    -24565.074
0.5500      2662.652182     0.000019048   -430173.8525    -16694.438
0.6000      1972.813984     0.000008163   -430863.6908    -11305.489
0.6500      1499.088298     0.000016327   -431337.4164     -7919.540
0.7000      1159.617796     0.000019048   -431676.8867     -5794.523
0.7500       905.381263     0.000024490   -431931.1234     -4501.988
0.8000       702.981729     0.000024490   -432133.5228     -3557.863
0.8500       545.860675     0.000024490   -432290.6439     -2762.940
0.9000       424.358322     0.000019048   -432412.1463     -2133.528
0.9500       330.704338     0.000021769   -432505.8003     -1640.160
1.0000       258.805002     0.000016327   -432577.6996     -1258.412
1.1000       161.503110     0.000024490   -432675.0016      -748.313
1.2000       103.259786     0.000016327   -432733.2448      -459.747
1.3000        67.130032     0.000016327   -432769.3748      -292.154
1.4000        44.074823     0.000010885   -432792.4299      -189.366
1.5000        29.030739     0.000016327   -432807.4740      -123.594
1.6000        19.198130     0.000019048   -432817.3065       -80.880
1.7000        12.847183     0.000010885   -432823.6574       -53.024
1.8000         8.714610     0.000013606   -432827.7900       -34.603
1.9000         6.017969     0.000008163   -432830.4867       -22.410
2.0000         4.279340     0.000008163   -432832.2252       -14.391
2.1000         3.217070     0.000016327   -432833.2875        -9.311
2.2000         2.701947     0.000027211   -432833.8026        -6.336
2.3000         2.360246     0.000024490   -432834.1444        -4.333
2.4000         2.142419     0.000016327   -432834.3624        -2.895
2.5000         2.076126     0.000016327   -432834.4285        -2.005
2.6000         2.118092     0.000027211   -432834.3866        -1.452
2.7000         2.168370     0.000021769   -432834.3363        -1.029
2.8000         2.215348     0.000019048   -432834.2895        -0.637
2.9000         2.267398     0.000013606   -432834.2372        -0.348
3.0000         2.327366     0.000021769   -432834.1773        -0.086
3.1000         2.394687     0.000005442   -432834.1099         0.101
3.2000         2.469589     0.000016327   -432834.0350         0.238
3.3000         2.549403     0.000021769   -432833.9553         0.358
3.4000         2.631519     0.000019048   -432833.8731         0.429
3.5000         2.715349     0.000016327   -432833.7893         0.466
3.6000         2.798804     0.000021769   -432833.7058         0.489
3.7000         2.880367     0.000008163   -432833.6244         0.504
3.8000         2.959046     0.000016327   -432833.5455         0.497
3.9000         3.034601     0.000008163   -432833.4701         0.473
4.0000         3.106360     0.000021769   -432833.3983         0.453
5.0000         3.575420     0.000021769   -432832.9292         0.189
6.0000         3.732974     0.000021769   -432832.7716         0.077
7.0000         3.777554     0.000013606   -432832.7272         0.027
8.0000         3.791448     0.000024490   -432832.7131         0.013
9.0000         3.797073     0.000008163   -432832.7077         0.009
10.0000         3.800178     0.000010885   -432832.7044         0.006
100.0000         3.814259     0.000013606   -432832.6905         0.000
1000.0000         3.815155     0.000005442   -432832.6894
