0.0020         0.000000     0.000016327  33448695.9444
0.0040  16630560.502617     0.000005442  15897988.8073
0.0060  10798984.331906     0.000027211  10066412.6357
0.0080   7892225.343879     0.000013606   7159653.6490
0.0100   6153974.281961     0.000013606   5421402.5871
0.0120   4999680.855868     0.000013606   4267109.1608
0.0140   4181558.839028     0.000019048   3448987.1440
0.0160   3571155.691483     0.000005442   2838583.9960
0.0180   3099767.691036     0.000010885   2367195.9950
0.0200   2726017.898574     0.000027211   1993446.2026
0.0400   1102431.670881     0.000016327    369859.9748
0.0600    611040.613466     0.000024490   -121531.0825
0.0800    387141.280660     0.000010885   -345430.4153
0.1000    265440.009756     0.000010885   -467131.6862
0.1200    191419.827123     0.000024490   -541151.8690
0.1400    143536.093484     0.000005442   -589035.6025
0.1600    111106.280164     0.000013606   -621465.4158
0.1800     87152.910591     0.000010885   -645418.7854
0.2000     69044.754311     0.000010885   -663526.9416
0.2400     44938.718360     0.000024490   -687632.9778
0.2800     30586.540128     0.000016327   -701985.1559
0.3200     21273.203410     0.000024490   -711298.4927
0.3600     15020.493854     0.000010885   -717551.2021
0.4000     10901.171319     0.000005442   -721670.5247
0.4500      7551.605095     0.000021769   -725020.0908
0.5000      5328.727000     0.000021769   -727242.9691    -36690.086
0.5500      3792.675555     0.000010885   -728779.0205    -25438.481
0.6000      2726.891586     0.000019048   -729844.8044    -17664.482
0.6500      1986.504769     0.000027211   -730585.1914    -12278.551
0.7000      1471.470459     0.000013606   -731100.2255     -8564.785
0.7500      1109.089387     0.000013606   -731462.6068     -6087.160
0.8000       847.098630     0.000019048   -731724.5973     -4481.405
0.8500       652.492391     0.000008163   -731919.2037     -3388.022
0.9000       504.414366     0.000013606   -732067.2815     -2587.805
0.9500       390.714160     0.000013606   -732180.9819     -1983.031
1.0000       303.269629     0.000016327   -732268.4263     -1520.882
1.1000       185.396515     0.000021769   -732386.2995      -892.514
1.2000       116.113421     0.000010885   -732455.5827      -534.285
1.3000        74.176094     0.000008163   -732497.5198      -329.835
1.4000        48.093914     0.000013606   -732523.6022      -209.774
1.5000        31.810076     0.000024490   -732539.8861      -137.479
1.6000        21.085871     0.000024490   -732550.6101       -90.754
1.7000        13.993765     0.000002721   -732557.7022       -59.818
1.8000         9.332633     0.000024490   -732562.3635       -39.109
1.9000         6.326641     0.000013606   -732565.3693       -25.194
2.0000         4.724900     0.000002721   -732566.9712       -16.594
2.1000         3.746030     0.000019048   -732567.9500       -10.994
2.2000         3.153072     0.000027211   -732568.5429        -7.332
2.3000         2.951245     0.000027211   -732568.7448        -5.284
2.4000         2.966679     0.000016327   -732568.7293        -4.347
2.5000         2.925478     0.000016327   -732568.7704        -3.548
2.6000         2.844723     0.000024490   -732568.8512        -2.995
2.7000         2.746190     0.000027211   -732568.9497        -2.374
2.8000         2.650006     0.000010885   -732569.0461        -1.875
2.9000         2.569384     0.000024490   -732569.1266        -1.397
3.0000         2.511171     0.000008163   -732569.1849        -1.005
3.1000         2.478085     0.000016327   -732569.2180        -0.649
3.2000         2.468030     0.000027211   -732569.2281        -0.374
3.3000         2.479045     0.000005442   -732569.2170        -0.155
3.4000         2.507410     0.000019048   -732569.1887         0.029
3.5000         2.548592     0.000027211   -732569.1473         0.165
3.6000         2.600092     0.000008163   -732569.0959         0.248
3.7000         2.658904     0.000013606   -732569.0371         0.319
3.8000         2.721662     0.000002721   -732568.9742         0.364
3.9000         2.786409     0.000019048   -732568.9097         0.387
4.0000         2.852021     0.000013606   -732568.8439         0.391
5.0000         3.355622     0.000016327   -732568.3405         0.200
6.0000         3.550034     0.000002721   -732568.1459         0.062
7.0000         3.609276     0.000008163   -732568.0869         0.026
8.0000         3.628664     0.000016327   -732568.0673         0.011
9.0000         3.636705     0.000019048   -732568.0594         0.006
10.0000         3.641184     0.000016327   -732568.0548         0.004
100.0000         3.662882     0.000005442   -732568.0333
1000.0000         3.664414     0.000024490   -732568.0316
