0.0020   2527370.645844     0.000013606   2137108.4709
0.0040   1232711.738703     0.000019048    842449.5638
0.0060    802581.463885     0.000013606    412319.2890
0.0080    588543.840010     0.000013606    198281.6652
0.0100    460925.444147     0.000010885     70663.2693
0.0120    376208.911737     0.000008163    -14053.2631
0.0140    315985.890356     0.000019048    -74276.2845
0.0160    270997.855841     0.000019048   -119264.3190
0.0180    236187.110284     0.000019048   -154075.0646
0.0200    208457.698109     0.000024490   -181804.4767
0.0400     87318.514249     0.000021769   -302943.6605
0.0600     49658.359801     0.000016327   -340603.8151
0.0800     32204.379552     0.000013606   -358057.7953
0.1000     22534.289927     0.000021769   -367727.8849
0.1200     16564.591806     0.000016327   -373697.5830
0.1400     12545.011322     0.000019048   -377717.1636
0.1600      9695.235186     0.000019048   -380566.9396
0.1800      7626.849217     0.000024490   -382635.3257
0.2000      6100.449711     0.000008163   -384161.7250
0.2400      4078.756134     0.000019048   -386183.4188    -38379.774
0.2800      2859.946425     0.000021769   -387402.2284    -24014.368
0.3200      2072.012850     0.000016327   -388190.1619    -16111.344
0.3600      1529.539516     0.000021769   -388732.6352    -11348.372
0.4000      1143.511172     0.000013606   -389118.6637     -8133.952
0.4500       809.406985     0.000027211   -389452.7679     -5411.033
0.5000       585.697244     0.000013606   -389676.4777     -3653.223
0.5500       433.337166     0.000016327   -389828.8376     -2526.440
0.6000       326.432856     0.000010885   -389935.7419     -1804.412
0.6500       248.813699     0.000021769   -390013.3610     -1332.964
0.7000       190.681743     0.000016327   -390071.4930     -1010.950
0.7500       146.248565     0.000024490   -390115.9262      -777.606
0.8000       111.999428     0.000016327   -390150.1753      -601.009
0.8500        85.546316     0.000024490   -390176.6286      -464.192
0.9000        65.152847     0.000019048   -390197.0219      -357.361
0.9500        49.493510     0.000010885   -390212.6812      -274.300
1.0000        37.504885     0.000010885   -390224.6700      -209.734
1.1000        21.347484     0.000024490   -390240.8274      -124.544
1.2000        11.475209     0.000021769   -390250.6997       -75.863
1.3000         5.282902     0.000021769   -390256.8919       -47.582
1.4000         1.380845     0.000024490   -390260.7940       -30.860
1.5000        -0.529305     0.000016327   -390262.7042       -20.941
1.6000        -1.689425     0.000027211   -390263.8643       -14.103
1.7000        -2.386981     0.000016327   -390264.5620        -9.308
1.8000        -2.765157     0.000024490   -390264.9399        -5.822
1.9000        -2.929753     0.000027211   -390265.1045        -3.187
2.0000        -2.941862     0.000019048   -390265.1168        -1.314
2.1000        -2.854220     0.000016327   -390265.0292         0.090
2.2000        -2.701852     0.000008163   -390264.8768         0.943
2.3000        -2.504393     0.000016327   -390264.6792         1.578
2.4000        -2.286922     0.000016327   -390264.4618         1.961
2.5000        -2.060082     0.000013606   -390264.2349         2.154
2.6000        -1.829376     0.000024490   -390264.0041         2.231
2.7000        -1.604038     0.000005442   -390263.7788         2.243
2.8000        -1.388127     0.000010885   -390263.5630         2.202
2.9000        -1.181206     0.000027211   -390263.3559         2.089
3.0000        -0.911027     0.000010885   -390263.0857         1.919
3.1000        -0.639626     0.000013606   -390262.8144         1.734
3.2000        -0.402119     0.000008163   -390262.5769         1.558
3.3000        -0.193813     0.000008163   -390262.3687         1.399
3.4000        -0.009875     0.000016327   -390262.1848         1.238
3.5000         0.170128     0.000008163   -390262.0046         1.088
3.6000         0.334942     0.000013606   -390261.8400         0.954
3.7000         0.478872     0.000013606   -390261.6960         0.845
3.8000         0.604221     0.000021769   -390261.5706         0.740
3.9000         0.713347     0.000013606   -390261.4615         0.643
4.0000         0.808478     0.000016327   -390261.3662         0.551
5.0000         1.262693     0.000021769   -390260.9121         0.117
6.0000         1.349051     0.000024490   -390260.8258         0.040
7.0000         1.362189     0.000021769   -390260.8128         0.008
8.0000         1.363109     0.000016327   -390260.8117         0.004
9.0000         1.362219     0.000021769   -390260.8125         0.002
10.0000         1.361247     0.000016327   -390260.8136         0.001
100.0000         1.354216     0.000013606   -390260.8207
1000.0000         1.353642     0.000008163   -390260.8212
