0.0020   5315682.335334     0.000010885   5193255.3068
0.0040   2599515.221047     0.000019048   2477088.1924
0.0060   1695922.879474     0.000002721   1573495.8509
0.0080   1246253.019347     0.000008163   1123825.9908
0.0100    977365.641697     0.000002721    854938.6131
0.0120    798807.348424     0.000013606    676380.3199
0.0140    671740.252402     0.000019048    549313.2238
0.0160    576759.648649     0.000008163    454332.6199
0.0180    503179.568250     0.000013606    380752.5396
0.0200    444598.316594     0.000019048    322171.2879
0.0400    187054.524791     0.000024490     64627.4962
0.0600    107348.308108     0.000021769    -15078.7205
0.0800     69967.273635     0.000013606    -52459.7550
0.1000     48798.601083     0.000013606    -73628.4275
0.1200     35804.071094     0.000027211    -86622.9575
0.1400     27252.313569     0.000024490    -95174.7150
0.1600     21242.440388     0.000013606   -101184.5882
0.1800     16827.628717     0.000024490   -105599.3999
0.2000     13516.690098     0.000021769   -108910.3385
0.2400      9080.435542     0.000016327   -113346.5931
0.2800      6414.662417     0.000021769   -116012.3662
0.3200      4727.778225     0.000027211   -117699.2504    -33961.725
0.3600      3565.069465     0.000013606   -118861.9591    -25482.197
0.4000      2676.169152     0.000024490   -119750.8595    -18820.838
0.4500      1912.714419     0.000019048   -120514.3142    -12225.897
0.5000      1411.411801     0.000008163   -121015.6168     -8184.270
0.5500      1068.348822     0.000019048   -121358.6798     -5717.771
0.6000       824.668064     0.000016327   -121602.3605     -4117.945
0.6500       647.079424     0.000021769   -121779.9492     -3049.750
0.7000       513.750302     0.000019048   -121913.2783     -2338.249
0.7500       410.288893     0.000019048   -122016.7397     -1853.940
0.8000       327.409710     0.000024490   -122099.6189     -1502.593
0.8500       259.860902     0.000019048   -122167.1677     -1201.229
0.9000       206.206119     0.000021769   -122220.8225      -938.252
0.9500       164.838939     0.000019048   -122262.1897      -724.179
1.0000       132.999654     0.000016327   -122294.0289      -560.348
1.1000        89.154392     0.000010885   -122337.8742      -358.862
1.2000        60.133332     0.000024490   -122366.8953      -236.344
1.3000        40.884135     0.000019048   -122386.1445      -156.472
1.4000        28.079099     0.000024490   -122398.9495      -104.560
1.5000        19.512391     0.000024490   -122407.5162       -70.190
1.6000        13.776768     0.000010885   -122413.2518       -46.999
1.7000         9.955259     0.000016327   -122417.0734       -31.196
1.8000         7.435049     0.000019048   -122419.5936       -20.443
1.9000         5.892326     0.000019048   -122421.1363       -13.173
2.0000         4.981217     0.000019048   -122422.0474        -8.375
2.1000         4.438796     0.000008163   -122422.5898        -5.226
2.2000         4.135836     0.000021769   -122422.8928        -3.170
2.3000         3.981210     0.000010885   -122423.0474        -1.888
2.4000         3.913143     0.000019048   -122423.1155        -1.104
2.5000         3.891940     0.000016327   -122423.1367        -0.630
2.6000         3.893115     0.000013606   -122423.1355        -0.359
2.7000         3.903132     0.000013606   -122423.1255        -0.197
2.8000         3.915508     0.000013606   -122423.1131        -0.099
2.9000         3.927263     0.000010885   -122423.1014        -0.044
3.0000         3.937652     0.000010885   -122423.0910        -0.007
3.1000         3.946836     0.000024490   -122423.0818         0.017
3.2000         3.955032     0.000019048   -122423.0736         0.032
3.3000         3.962510     0.000016327   -122423.0661         0.047
3.4000         3.969528     0.000013606   -122423.0591         0.052
3.5000         3.976252     0.000010885   -122423.0524         0.055
3.6000         3.982679     0.000016327   -122423.0459         0.057
3.7000         3.988856     0.000010885   -122423.0398         0.055
3.8000         3.994764     0.000005442   -122423.0338         0.054
3.9000         4.000399     0.000005442   -122423.0282         0.052
4.0000         4.005749     0.000005442   -122423.0229         0.050
5.0000         4.040539     0.000016327   -122422.9881         0.019
6.0000         4.051429     0.000013606   -122422.9772         0.005
7.0000         4.053897     0.000010885   -122422.9747         0.001
8.0000         4.054376     0.000008163   -122422.9742
9.0000         4.054463     0.000008163   -122422.9741        -0.000
10.0000         4.054476     0.000008163   -122422.9741        -0.000
100.0000         4.054479     0.000008163   -122422.9741
1000.0000         4.054479     0.000008163   -122422.9741
