0.0020    435936.500305     0.000016327    162952.8087
0.0040    212790.195427     0.000016327    -60193.4962
0.0060    138748.768613     0.000024490   -134234.9230
0.0080    101859.760498     0.000008163   -171123.9311
0.0100     79827.904323     0.000013606   -193155.7873
0.0120     65288.092479     0.000008163   -207695.5992
0.0140     54876.086684     0.000016327   -218107.6049
0.0160     47132.342392     0.000016327   -225851.3492
0.0180     41121.107738     0.000013606   -231862.5839
0.0200     36361.058773     0.000008163   -236622.6329
0.0400     15427.445903     0.000013606   -257556.2457
0.0600      8883.927381     0.000016327   -264099.7643
0.0800      5822.370431     0.000019048   -267161.3212
0.1000      4106.973968     0.000013606   -268876.7177
0.1200      3047.137751     0.000024490   -269936.5539    -42809.781
0.1400      2346.225332     0.000021769   -270637.4663    -29082.138
0.1600      1854.687436     0.000024490   -271129.0042    -20819.910
0.1800      1493.065641     0.000021769   -271490.6260    -15609.857
0.2000      1217.225959     0.000008163   -271766.4657    -12085.566
0.2400       831.559908     0.000024490   -272152.1316     -7585.699
0.2800       586.657716     0.000016327   -272397.0339     -4906.567
0.3200       426.986284     0.000019048   -272556.7055     -3248.968
0.3600       320.050260     0.000016327   -272663.6414     -2212.439
0.4000       246.041864     0.000019048   -272737.6498     -1559.391
0.4500       182.054405     0.000008163   -272801.6371     -1058.575
0.5000       137.660564     0.000008163   -272846.0312      -752.007
0.5500       105.646278     0.000019048   -272878.0454      -550.606
0.6000        82.022206     0.000008163   -272901.6695      -409.707
0.6500        64.344146     0.000024490   -272919.3474      -307.342
0.7000        51.061534     0.000019048   -272932.6301      -231.367
0.7500        41.058231     0.000008163   -272942.6335      -174.234
0.8000        33.495691     0.000013606   -272950.1959      -131.586
0.8500        27.781178     0.000008163   -272955.9105       -99.591
0.9000        23.436400     0.000008163   -272960.2554       -75.609
0.9500        20.116942     0.000024490   -272963.5746       -58.112
1.0000        17.569038     0.000021769   -272966.1227       -45.426
1.1000        13.986326     0.000013606   -272969.7053       -29.580
1.2000        11.608311     0.000021769   -272972.0833       -21.412
1.3000         9.848923     0.000021769   -272973.8428       -16.694
1.4000         8.462369     0.000016327   -272975.2293       -13.551
1.5000         7.335703     0.000013606   -272976.3558       -10.765
1.6000         6.431691     0.000010885   -272977.2600        -8.613
1.7000         5.725340     0.000024490   -272977.9662        -6.518
1.8000         5.184968     0.000008163   -272978.5066        -4.824
1.9000         4.792789     0.000019048   -272978.8987        -3.499
2.0000         4.518719     0.000027211   -272979.1730        -2.334
2.1000         4.335796     0.000002721   -272979.3559        -1.442
2.2000         4.229350     0.000024490   -272979.4623        -0.815
2.3000         4.182566     0.000019048   -272979.5091        -0.285
2.4000         4.176859     0.000002721   -272979.5148         0.125
2.5000         4.251367     0.000019048   -272979.4402         0.393
2.6000         4.347766     0.000010885   -272979.3439         0.529
2.7000         4.457964     0.000013606   -272979.2337         0.650
2.8000         4.574138     0.000005442   -272979.1175         0.731
2.9000         4.691258     0.000005442   -272979.0005         0.768
3.0000         4.807337     0.000013606   -272978.8843         0.782
3.1000         4.921766     0.000013606   -272978.7700         0.740
3.2000         5.032783     0.000027211   -272978.6590         0.700
3.3000         5.137746     0.000010885   -272978.5539         0.659
3.4000         5.235135     0.000010885   -272978.4565         0.629
3.5000         5.324312     0.000027211   -272978.3673         0.586
3.6000         5.405802     0.000010885   -272978.2859         0.542
3.7000         5.480117     0.000008163   -272978.2116         0.484
3.8000         5.548556     0.000019048   -272978.1431         0.422
3.9000         5.610745     0.000002721   -272978.0810         0.371
4.0000         5.666624     0.000019048   -272978.0250         0.332
5.0000         5.973413     0.000002721   -272977.7183         0.084
6.0000         6.076147     0.000005442   -272977.6154         0.095
7.0000         6.120251     0.000010885   -272977.5713         0.031
8.0000         6.145286     0.000019048   -272977.5463         0.021
9.0000         6.162100     0.000005442   -272977.5294         0.015
10.0000         6.174424     0.000019048   -272977.5172         0.012
100.0000         6.254431     0.000016327   -272977.4372         0.000
1000.0000         6.260945     0.000010885   -272977.4307
