0.0020  18346250.632067     0.000019048  17758679.3170
0.0040   8930146.997379     0.000021769   8342575.6815
0.0060   5804733.907927     0.000024490   5217162.5917
0.0080   4249806.799296     0.000005442   3662235.4828
0.0100   3322164.379983     0.000024490   2734593.0638
0.0120   2705698.770382     0.000024490   2118127.4550
0.0140   2267141.039046     0.000013606   1679569.7238
0.0160   1939961.074854     0.000019048   1352389.7594
0.0180   1686690.839952     0.000027211   1099119.5246
0.0200   1485494.428859     0.000021769    897923.1135
0.0400    607995.967354     0.000008163     20424.6520
0.0600    339830.052602     0.000024490   -247741.2628
0.0800    217019.490307     0.000019048   -370551.8250
0.1000    149667.900066     0.000027211   -437903.4152
0.1200    108485.993873     0.000016327   -479085.3215
0.1400     81144.456462     0.000016327   -506426.8590
0.1600     61995.675920     0.000010885   -525575.6395
0.1800     48275.576509     0.000021769   -539295.7388
0.2000     38306.018695     0.000021769   -549265.2966
0.2400     25390.003666     0.000005442   -562181.3117
0.2800     17481.399801     0.000027211   -570089.9157
0.3200     12302.616704     0.000019048   -575268.6988
0.3600      8937.215845     0.000019048   -578634.0994
0.4000      6645.974227     0.000027211   -580925.3412    -47478.711
0.4500      4709.593217     0.000019048   -582861.7221    -31656.489
0.5000      3367.149314     0.000027211   -584204.1661    -22476.032
0.5500      2430.495926     0.000021769   -585140.8193    -15358.456
0.6000      1792.790512     0.000019048   -585778.5249    -10473.497
0.6500      1353.734969     0.000008163   -586217.5805     -7302.498
0.7000      1043.177925     0.000016327   -586528.1374     -5250.187
0.7500       815.977751     0.000010885   -586755.3376     -3917.144
0.8000       642.432613     0.000016327   -586928.8829     -3051.321
0.8500       505.104099     0.000010885   -587066.2112     -2426.800
0.9000       396.961039     0.000019048   -587174.3544     -1914.337
0.9500       311.962628     0.000008163   -587259.3528     -1498.627
1.0000       245.587780     0.000021769   -587325.7276     -1167.807
1.1000       153.582071     0.000019048   -587417.7332      -710.279
1.2000        97.249102     0.000019048   -587474.0662      -439.233
1.3000        62.081518     0.000010885   -587509.2339      -277.394
1.4000        39.665881     0.000021769   -587531.6496      -178.712
1.5000        25.107204     0.000021769   -587546.2082      -117.078
1.6000        15.982945     0.000016327   -587555.3325       -78.914
1.7000         9.829777     0.000016327   -587561.4855       -53.942
1.8000         5.621594     0.000008163   -587565.6938       -37.118
1.9000         2.726647     0.000027211   -587568.5888       -25.528
2.0000         0.738291     0.000027211   -587570.5771       -17.553
2.1000        -0.614738     0.000010885   -587571.9301       -11.812
2.2000        -1.517716     0.000027211   -587572.8330        -7.753
2.3000        -2.100148     0.000016327   -587573.4156        -4.845
2.4000        -2.452343     0.000021769   -587573.7677        -2.736
2.5000        -2.639900     0.000019048   -587573.9552        -1.249
2.6000        -2.708021     0.000019048   -587574.0235        -0.160
2.7000        -2.691057     0.000016327   -587574.0063         0.580
2.8000        -2.593009     0.000024490   -587573.9084         1.082
2.9000        -2.257983     0.000019048   -587573.5734         1.254
3.0000        -1.946080     0.000010885   -587573.2615         1.323
3.1000        -1.657650     0.000008163   -587572.9731         1.320
3.2000        -1.393485     0.000008163   -587572.7089         1.318
3.3000        -1.152977     0.000005442   -587572.4683         1.283
3.4000        -0.933884     0.000005442   -587572.2493         1.207
3.5000        -0.734920     0.000008163   -587572.0504         1.145
3.6000        -0.554930     0.000010885   -587571.8702         1.077
3.7000        -0.392187     0.000010885   -587571.7075         1.012
3.8000        -0.244843     0.000013606   -587571.5603         0.933
3.9000        -0.111450     0.000016327   -587571.4269         0.867
4.0000         0.024893     0.000016327   -587571.2903         0.792
5.0000         0.899565     0.000008163   -587570.4158         0.148
6.0000         1.051609     0.000027211   -587570.2637         0.032
7.0000         1.077933     0.000019048   -587570.2375         0.006
8.0000         1.082766     0.000016327   -587570.2326         0.001
9.0000         1.083775     0.000013606   -587570.2315
10.0000         1.084042     0.000013606   -587570.2313        -0.000
100.0000         1.084581     0.000013606   -587570.2307
1000.0000         1.084619     0.000013606   -587570.2307
