0.0020  13639969.351257     0.000024490  13137232.4569
0.0040   6642877.784640     0.000010885   6140140.8904
0.0060   4319570.017239     0.000019048   3816833.1217
0.0080   3162477.721946     0.000013606   2659740.8273
0.0100   2471705.682524     0.000021769   1968968.7878
0.0120   2013051.423257     0.000010885   1510314.5285
0.0140   1686813.547326     0.000013606   1184076.6526
0.0160   1443535.385026     0.000024490    940798.4903
0.0180   1255361.224962     0.000013606    752624.3304
0.0200   1106020.797968     0.000024490    603283.9033
0.0400    456467.949660     0.000024490    -46268.9450
0.0600    256313.904400     0.000010885   -246422.9903
0.0800    164680.452276     0.000027211   -338056.4423
0.1000    113889.698704     0.000024490   -388847.1960
0.1200     82871.166023     0.000008163   -419865.7286
0.1400     62432.127239     0.000024490   -440304.7673
0.1600     48023.496863     0.000016327   -454713.3977
0.1800     37494.996265     0.000013606   -465241.8985
0.2000     29704.396464     0.000010885   -473032.4983
0.2400     19462.305189     0.000024490   -483274.5894
0.2800     13422.230646     0.000013606   -489314.6641
0.3200      9595.197267     0.000008163   -493141.6974
0.3600      6929.125510     0.000019048   -495807.7693
0.4000      5083.335194     0.000010885   -497653.5594    -37883.427
0.4500      3564.868868     0.000027211   -499172.0258    -24116.061
0.5000      2579.415999     0.000016327   -500157.4786    -16022.786
0.5500      1909.399918     0.000008163   -500827.4947    -11200.714
0.6000      1426.165754     0.000019048   -501310.7288     -8374.302
0.6500      1060.877066     0.000013606   -501676.0176     -6236.506
0.7000       794.114444     0.000021769   -501942.7802     -4524.351
0.7500       600.952709     0.000027211   -502135.9419     -3288.477
0.8000       459.726484     0.000019048   -502277.1682     -2417.941
0.8500       355.033236     0.000010885   -502381.8613     -1805.624
0.9000       276.211283     0.000010885   -502460.6835     -1369.569
0.9500       215.988303     0.000010885   -502520.9064     -1053.075
1.0000       169.411115     0.000024490   -502567.4836      -817.901
1.1000       104.603202     0.000021769   -502632.2914      -500.624
1.2000        64.735944     0.000013606   -502672.1588      -309.081
1.3000        40.408001     0.000021769   -502696.4866      -194.530
1.4000        25.285352     0.000013606   -502711.6093      -123.214
1.5000        15.667767     0.000021769   -502721.2269       -78.891
1.6000         9.483944     0.000010885   -502727.4107       -50.869
1.7000         5.510961     0.000019048   -502731.3838       -32.654
1.8000         2.970099     0.000016327   -502733.9246       -20.522
1.9000         1.406070     0.000024490   -502735.4887       -12.486
2.0000         0.594564     0.000008163   -502736.3001        -7.194
2.1000         0.188945     0.000010885   -502736.7058        -3.814
2.2000         0.033998     0.000008163   -502736.8607        -1.514
2.3000         0.039228     0.000021769   -502736.8555        -0.098
2.4000         0.142343     0.000019048   -502736.7524         0.832
2.5000         0.303685     0.000016327   -502736.5910         1.342
2.6000         0.495645     0.000024490   -502736.3992         1.664
2.7000         0.717779     0.000010885   -502736.1769         1.765
2.8000         0.980016     0.000016327   -502735.9148         1.753
2.9000         1.225745     0.000019048   -502735.6688         1.696
3.0000         1.454392     0.000024490   -502735.4402         1.576
3.1000         1.665661     0.000013606   -502735.2291         1.466
3.2000         1.866348     0.000027211   -502735.0283         1.343
3.3000         2.068787     0.000013606   -502734.8258         1.188
3.4000         2.248606     0.000024490   -502734.6462         1.053
3.5000         2.407618     0.000008163   -502734.4870         0.934
3.6000         2.547827     0.000019048   -502734.3469         0.824
3.7000         2.671419     0.000024490   -502734.2233         0.714
3.8000         2.783579     0.000019048   -502734.1112         0.616
3.9000         2.883627     0.000019048   -502734.0111         0.530
4.0000         2.969547     0.000016327   -502733.9251         0.454
5.0000         3.358844     0.000016327   -502733.5357         0.087
6.0000         3.421172     0.000021769   -502733.4734         0.012
7.0000         3.428413     0.000010885   -502733.4663         0.002
8.0000         3.428230     0.000027211   -502733.4663        -0.000
9.0000         3.427349     0.000005442   -502733.4674        -0.001
10.0000         3.426606     0.000021769   -502733.4680        -0.000
100.0000         3.421539     0.000010885   -502733.4731
1000.0000         3.421120     0.000008163   -502733.4737
