0.0020   5024336.717744     0.000027211   4938435.2339
0.0040   2461912.533851     0.000016327   2376011.0511
0.0060   1608580.888522     0.000010885   1522679.4059
0.0080   1183262.482251     0.000008163   1097360.9995
0.0100    928906.434650     0.000013606    843004.9519
0.0120    759794.637347     0.000016327    673893.1548
0.0140    639271.207245     0.000027211    553369.7245
0.0160    549089.856884     0.000019048    463188.3742
0.0180    479268.421604     0.000016327    393366.9389
0.0200    423641.013795     0.000019048    337739.5311
0.0400    178085.837756     0.000013606     92184.3551
0.0600    101830.138771     0.000013606     15928.6561
0.0800     66324.209569     0.000013606    -19577.2731
0.1000     46368.672031     0.000021769    -39532.8106
0.1200     34047.545623     0.000013606    -51853.9370
0.1400     25920.154007     0.000016327    -59981.3287
0.1600     20232.929975     0.000019048    -65668.5527
0.1800     16058.264828     0.000010885    -69843.2178
0.2000     12906.556046     0.000008163    -72994.9266
0.2400      8631.141344     0.000013606    -77270.3413
0.2800      6027.619498     0.000024490    -79873.8631    -51062.321
0.3200      4376.255322     0.000024490    -81525.2273    -33056.753
0.3600      3288.223468     0.000024490    -82613.2592    -22278.766
0.4000      2521.016068     0.000016327    -83380.4666    -17099.200
0.4500      1774.149367     0.000021769    -84127.3333    -12317.355
0.5000      1270.097416     0.000013606    -84631.3852     -8134.447
0.5500       935.237000     0.000019048    -84966.2456     -5453.274
0.6000       708.087532     0.000010885    -85193.3951     -3753.829
0.6500       549.312511     0.000027211    -85352.1702     -2675.325
0.7000       434.038488     0.000021769    -85467.4442     -1983.203
0.7500       346.856146     0.000021769    -85554.6265     -1527.764
0.8000       278.723663     0.000008163    -85622.7590     -1208.887
0.8500       224.661797     0.000010885    -85676.8209      -974.128
0.9000       181.010427     0.000019048    -85720.4722      -791.360
0.9500       145.546982     0.000024490    -85755.9357      -641.125
1.0000       116.900421     0.000016327    -85784.5822      -516.328
1.1000        75.503118     0.000019048    -85825.9795      -329.425
1.2000        49.117778     0.000021769    -85852.3649      -209.517
1.3000        31.941888     0.000024490    -85869.5408      -137.876
1.4000        20.120724     0.000019048    -85881.3619       -95.377
1.5000        11.524355     0.000024490    -85889.9583       -68.132
1.6000         5.269079     0.000019048    -85896.2136       -48.618
1.7000         1.027486     0.000021769    -85900.4552       -33.591
1.8000        -1.698892     0.000024490    -85903.1815       -22.377
1.9000        -3.462794     0.000019048    -85904.9454       -14.276
2.0000        -4.539280     0.000016327    -85906.0219        -8.474
2.1000        -5.127745     0.000016327    -85906.6104        -4.308
2.2000        -5.373747     0.000021769    -85906.8564        -1.455
2.3000        -5.189847     0.000013606    -85906.6725         0.254
2.4000        -4.850491     0.000010885    -85906.3331         1.257
2.5000        -4.430374     0.000021769    -85905.9130         1.849
2.6000        -3.943361     0.000027211    -85905.4260         2.106
2.7000        -3.492112     0.000016327    -85904.9748         2.210
2.8000        -3.077647     0.000016327    -85904.5603         2.233
2.9000        -2.684456     0.000027211    -85904.1671         2.176
3.0000        -2.326310     0.000024490    -85903.8090         2.083
3.1000        -2.002876     0.000013606    -85903.4855         1.969
3.2000        -1.711083     0.000027211    -85903.1937         1.850
3.3000        -1.419507     0.000024490    -85902.9022         1.695
3.4000        -1.140944     0.000024490    -85902.6236         1.541
3.5000        -0.891108     0.000024490    -85902.3737         1.392
3.6000        -0.668184     0.000016327    -85902.1508         1.246
3.7000        -0.470055     0.000019048    -85901.9527         1.101
3.8000        -0.294558     0.000021769    -85901.7772         0.981
3.9000        -0.139608     0.000016327    -85901.6223         0.867
4.0000        -0.003480     0.000008163    -85901.4861         0.760
5.0000         0.683142     0.000027211    -85900.7995         0.200
6.0000         0.852383     0.000021769    -85900.6303         0.054
7.0000         0.907897     0.000016327    -85900.5747         0.026
8.0000         0.935392     0.000010885    -85900.5473         0.016
9.0000         0.953098     0.000013606    -85900.5296         0.011
10.0000         0.965874     0.000005442    -85900.5168         0.008
100.0000         1.045712     0.000008163    -85900.4370         0.000
1000.0000         1.052047     0.000008163    -85900.4306
