0.0020  16139047.771013     0.000013606  15769866.3220
0.0040   7864274.822417     0.000013606   7495093.3738
0.0060   5118850.557344     0.000019048   4749669.1104
0.0080   3750368.378968     0.000016327   3381186.9304
0.0100   2931986.257166     0.000016327   2562804.8093
0.0120   2388548.654375     0.000010885   2019367.2065
0.0140   2002337.892639     0.000016327   1633156.4448
0.0160   1714017.162886     0.000021769   1344835.7150
0.0180   1490936.166419     0.000016327   1121754.7186
0.0200   1313627.465754     0.000021769    944446.0179
0.0400    542345.448414     0.000019048    173164.0005
0.0600    304973.607095     0.000021769    -64207.8408
0.0800    195662.897144     0.000013606   -173518.5507
0.1000    134848.779149     0.000010885   -234332.6687
0.1200     97600.925757     0.000002721   -271580.5221
0.1400     73270.825166     0.000024490   -295910.6227
0.1600     56284.100954     0.000016327   -312897.3470
0.1800     43938.800002     0.000016327   -325242.6479
0.2000     34858.422182     0.000013606   -334323.0257
0.2400     22916.033260     0.000019048   -346265.4147
0.2800     15866.500729     0.000016327   -353314.9472
0.3200     11318.070905     0.000016327   -357863.3769
0.3600      8118.133282     0.000016327   -361063.3147
0.4000      5979.397212     0.000027211   -363202.0507    -43780.941
0.4500      4216.198250     0.000010885   -364965.2495    -28176.220
0.5000      3056.671852     0.000016327   -366124.7761    -19024.978
0.5500      2258.061424     0.000021769   -366923.3865    -13392.979
0.6000      1679.954529     0.000019048   -367501.4934     -9940.322
0.6500      1252.850466     0.000021769   -367928.5975     -7233.861
0.7000       946.257316     0.000013606   -368235.1905     -5170.830
0.7500       726.307967     0.000019048   -368455.1399     -3721.079
0.8000       565.916309     0.000024490   -368615.5315     -2737.535
0.8500       446.582873     0.000024490   -368734.8649     -2054.927
0.9000       356.676059     0.000019048   -368824.7719     -1572.876
0.9500       287.081983     0.000013606   -368894.3659     -1234.353
1.0000       231.780954     0.000021769   -368949.6670      -987.729
1.1000       151.574662     0.000010885   -369029.8732      -634.782
1.2000       100.879657     0.000027211   -369080.5683      -398.566
1.3000        69.910558     0.000019048   -369111.5373      -251.631
1.4000        50.204160     0.000005442   -369131.2438      -168.008
1.5000        36.464144     0.000019048   -369144.9836      -117.502
1.6000        26.628286     0.000008163   -369154.8195       -83.492
1.7000        19.713900     0.000016327   -369161.7339       -59.499
1.8000        14.820706     0.000021769   -369166.6273       -42.630
1.9000        11.310700     0.000019048   -369170.1373       -30.634
2.0000         8.783686     0.000027211   -369172.6641       -21.962
2.1000         6.966770     0.000027211   -369174.4810       -15.658
2.2000         5.668877     0.000021769   -369175.7790       -11.100
2.3000         4.790392     0.000021769   -369176.6574        -7.801
2.4000         4.186566     0.000016327   -369177.2612        -5.465
2.5000         3.762713     0.000008163   -369177.6852        -3.756
2.6000         3.467711     0.000008163   -369177.9802        -2.568
2.7000         3.262954     0.000019048   -369178.1848        -1.721
2.8000         3.120502     0.000005442   -369178.3274        -1.145
2.9000         3.019532     0.000010885   -369178.4283        -0.746
3.0000         2.945862     0.000013606   -369178.5021        -0.482
3.1000         2.889545     0.000021769   -369178.5584        -0.320
3.2000         2.844230     0.000008163   -369178.6036        -0.213
3.3000         2.806638     0.000027211   -369178.6411        -0.142
3.4000         2.773968     0.000019048   -369178.6738        -0.088
3.5000         2.744958     0.000021769   -369178.7029        -0.066
3.6000         2.719594     0.000019048   -369178.7282        -0.052
3.7000         2.697294     0.000010885   -369178.7505        -0.038
3.8000         2.677716     0.000013606   -369178.7701        -0.027
3.9000         2.660698     0.000021769   -369178.7873        -0.017
4.0000         2.646496     0.000021769   -369178.8014        -0.014
5.0000         2.616406     0.000021769   -369178.8313         0.020
6.0000         2.631935     0.000027211   -369178.8158         0.013
7.0000         2.640782     0.000016327   -369178.8071         0.004
8.0000         2.643457     0.000010885   -369178.8044         0.001
9.0000         2.644088     0.000013606   -369178.8039         0.001
10.0000         2.644213     0.000013606   -369178.8036        -0.000
100.0000         2.644254     0.000013606   -369178.8036
1000.0000         2.644257     0.000013606   -369178.8036
