0.0020    679027.018719     0.000010885    650273.6742
0.0040    333592.275422     0.000016327    304838.9310
0.0060    218503.355222     0.000024490    189750.0107
0.0080    161032.506637     0.000016327    132279.1621
0.0100    126648.543535     0.000016327     97895.1990
0.0120    103827.229059     0.000021769     75073.8845
0.0140     87592.960174     0.000016327     58839.6157
0.0160     75445.870247     0.000013606     46692.5257
0.0180     66048.907766     0.000019048     37295.5632
0.0200     58568.265064     0.000024490     29814.9205
0.0400     25518.083508     0.000021769     -3235.2610
0.0600     14986.038999     0.000021769    -13767.3055
0.0800      9958.373769     0.000013606    -18794.9707
0.1000      7118.847766     0.000024490    -21634.4967
0.1200      5342.366573     0.000013606    -23410.9779
0.1400      4150.112800     0.000008163    -24603.2317    -49644.257
0.1600      3301.206735     0.000013606    -25452.1378    -36254.995
0.1800      2669.121373     0.000010885    -26084.2231    -27511.209
0.2000      2183.203344     0.000005442    -26570.1412    -21415.191
0.2400      1498.543894     0.000027211    -27254.8006    -13538.586
0.2800      1058.611091     0.000010885    -27694.7334     -8837.830
0.3200       768.183051     0.000013606    -27985.1615     -5903.947
0.3600       572.133509     0.000019048    -28181.2110     -4032.421
0.4000       436.641383     0.000008163    -28316.7031     -2822.735
0.4500       321.187187     0.000016327    -28432.1573     -1879.822
0.5000       242.394310     0.000008163    -28510.9502     -1320.788
0.5500       185.526876     0.000019048    -28567.8176      -980.025
0.6000       142.556640     0.000019048    -28610.7879      -754.586
0.6500       109.229588     0.000016327    -28644.1149      -586.663
0.7000        83.379886     0.000027211    -28669.9646      -453.088
0.7500        63.524128     0.000021769    -28689.8204      -345.937
0.8000        48.454078     0.000021769    -28704.8904      -261.278
0.8500        37.128445     0.000016327    -28716.2161      -195.644
0.9000        28.684120     0.000016327    -28724.6604      -145.535
0.9500        22.429766     0.000013606    -28730.9147      -107.770
1.0000        17.816253     0.000016327    -28735.5282       -79.658
1.1000        11.901859     0.000027211    -28741.4426       -44.072
1.2000         8.786407     0.000008163    -28744.5581       -26.436
1.3000         6.880687     0.000019048    -28746.4638       -17.887
1.4000         5.613504     0.000024490    -28747.7310       -14.089
1.5000         4.569855     0.000024490    -28748.7746       -10.884
1.6000         4.020179     0.000016327    -28749.3243        -7.929
1.7000         3.622106     0.000013606    -28749.7224        -5.502
1.8000         3.361486     0.000016327    -28749.9830        -3.555
1.9000         3.213347     0.000010885    -28750.1312        -2.131
2.0000         3.152906     0.000019048    -28750.1916        -1.007
2.1000         3.156606     0.000024490    -28750.1879        -0.223
2.2000         3.207339     0.000021769    -28750.1372         0.308
2.3000         3.289183     0.000021769    -28750.0553         0.717
2.4000         3.390807     0.000010885    -28749.9537         0.946
2.5000         3.504782     0.000013606    -28749.8397         1.080
2.6000         3.623589     0.000013606    -28749.7209         1.158
2.7000         3.742560     0.000016327    -28749.6020         1.183
2.8000         3.858799     0.000013606    -28749.4857         1.158
2.9000         3.970627     0.000021769    -28749.3739         1.109
3.0000         4.076215     0.000027211    -28749.2683         1.049
3.1000         4.174231     0.000016327    -28749.1703         0.979
3.2000         4.264382     0.000021769    -28749.0801         0.903
3.3000         4.346988     0.000013606    -28748.9975         0.821
3.4000         4.422170     0.000027211    -28748.9224         0.742
3.5000         4.489826     0.000019048    -28748.8547         0.667
3.6000         4.550173     0.000013606    -28748.7943         0.595
3.7000         4.603719     0.000016327    -28748.7408         0.528
3.8000         4.651059     0.000016327    -28748.6934         0.467
3.9000         4.692790     0.000021769    -28748.6517         0.408
4.0000         4.729509     0.000024490    -28748.6150         0.356
5.0000         4.910743     0.000019048    -28748.4338         0.079
6.0000         4.949810     0.000016327    -28748.3947         0.017
7.0000         4.957935     0.000021769    -28748.3866         0.004
8.0000         4.959661     0.000010885    -28748.3848         0.001
9.0000         4.960033     0.000010885    -28748.3845         0.000
10.0000         4.960110     0.000008163    -28748.3844         0.000
100.0000         4.960131     0.000005442    -28748.3844
1000.0000         4.960131     0.000005442    -28748.3844
