0.0020   6049305.555650     0.000013606   5926582.6817
0.0040   2959969.730581     0.000016327   2837246.8580
0.0060   1931345.701714     0.000016327   1808622.8289
0.0080   1419138.875738     0.000016327   1296416.0027
0.0100   1112997.595091     0.000016327    990274.7221
0.0120    909555.472453     0.000016327    786832.5994
0.0140    764669.150762     0.000013606    641946.2779
0.0160    656325.602438     0.000008163    533602.7295
0.0180    572505.772825     0.000021769    449782.8998
0.0200    505750.913458     0.000013606    383028.0406
0.0400    212183.273172     0.000010885     89460.4003
0.0600    121160.598020     0.000019048     -1562.2749
0.0800     78754.714307     0.000019048    -43968.1586
0.1000     55015.009965     0.000013606    -67707.8629
0.1200     40380.645902     0.000021769    -82342.2270
0.1400     30650.501002     0.000024490    -92072.3719
0.1600     23784.564976     0.000019048    -98938.3079
0.1800     18771.368336     0.000019048   -103951.5045
0.2000     15046.914046     0.000010885   -107675.9589
0.2400     10097.338670     0.000024490   -112625.5342
0.2800      7142.732264     0.000024490   -115580.1406
0.3200      5281.893256     0.000021769   -117440.9796    -38419.791
0.3600      3895.055675     0.000024490   -118827.8172    -29488.100
0.4000      2911.203538     0.000016327   -119811.6693    -20301.431
0.4500      2091.432078     0.000021769   -120631.4408    -13117.605
0.5000      1546.727828     0.000016327   -121176.1451     -8942.692
0.5500      1169.628267     0.000021769   -121553.2446     -6310.318
0.6000       900.919032     0.000002721   -121821.9539     -4567.049
0.6500       703.456748     0.000021769   -122019.4161     -3429.372
0.7000       551.015952     0.000019048   -122171.8569     -2708.814
0.7500       429.154246     0.000027211   -122293.7187     -2170.398
0.8000       333.119673     0.000010885   -122389.7532     -1680.134
0.8500       259.754781     0.000027211   -122463.1181     -1275.522
0.9000       204.936928     0.000021769   -122517.9360      -975.764
0.9500       162.472848     0.000021769   -122560.4001      -756.077
1.0000       128.907817     0.000021769   -122593.9651      -594.872
1.1000        81.043894     0.000024490   -122641.8290      -382.489
1.2000        50.025020     0.000013606   -122672.8479      -249.032
1.3000        29.594086     0.000010885   -122693.2788      -162.643
1.4000        16.273150     0.000024490   -122706.5998      -104.478
1.5000         8.072731     0.000008163   -122714.8002       -65.784
1.6000         3.048735     0.000021769   -122719.8242       -39.910
1.7000         0.119888     0.000016327   -122722.7530       -22.962
1.8000        -1.379035     0.000019048   -122724.2519       -12.333
1.9000        -1.945528     0.000019048   -122724.8184        -6.155
2.0000        -2.049244     0.000013606   -122724.9221        -2.829
2.1000        -1.960494     0.000008163   -122724.8334        -1.009
2.2000        -1.807141     0.000013606   -122724.6800        -0.115
2.3000        -1.642657     0.000010885   -122724.5155         0.456
2.4000        -1.477182     0.000016327   -122724.3501         0.862
2.5000        -1.246263     0.000019048   -122724.1192         1.171
2.6000        -0.907027     0.000024490   -122723.7799         1.224
2.7000        -0.604814     0.000024490   -122723.4777         1.323
2.8000        -0.327361     0.000010885   -122723.2003         1.426
2.9000        -0.015739     0.000021769   -122722.8886         1.413
3.0000         0.321097     0.000008163   -122722.5518         1.362
3.1000         0.640039     0.000021769   -122722.2329         1.308
3.2000         0.928417     0.000010885   -122721.9445         1.260
3.3000         1.185380     0.000024490   -122721.6875         1.159
3.4000         1.415980     0.000013606   -122721.4569         1.107
3.5000         1.623914     0.000008163   -122721.2490         1.051
3.6000         1.811640     0.000019048   -122721.0612         0.984
3.7000         1.981945     0.000010885   -122720.8910         0.906
3.8000         2.136897     0.000019048   -122720.7360         0.842
3.9000         2.277515     0.000019048   -122720.5954         0.784
4.0000         2.404736     0.000019048   -122720.4681         0.720
5.0000         3.143752     0.000010885   -122719.7291         0.250
6.0000         3.354896     0.000005442   -122719.5180         0.066
7.0000         3.403702     0.000016327   -122719.4692         0.017
8.0000         3.414581     0.000002721   -122719.4583         0.005
9.0000         3.417210     0.000027211   -122719.4557         0.001
10.0000         3.418007     0.000005442   -122719.4549         0.001
100.0000         3.419648     0.000021769   -122719.4532
1000.0000         3.419768     0.000005442   -122719.4531
