0.0020   9455297.551395     0.000021769   9011580.2089
0.0040   4607634.737931     0.000005442   4163917.3974
0.0060   2997074.557771     0.000021769   2553357.2164
0.0080   2195549.628456     0.000019048   1751832.2871
0.0100   1716935.699003     0.000008163   1273218.3576
0.0120   1399583.938728     0.000008163    955866.5973
0.0140   1174011.615339     0.000021769    730294.2741
0.0160   1005808.739945     0.000013606    562091.3987
0.0180    875527.275416     0.000005442    431809.9341
0.0200    771763.662225     0.000021769    328046.3208
0.0400    320264.066043     0.000008163   -123453.2753
0.0600    180572.987332     0.000019048   -263144.3540
0.0800    116366.251735     0.000019048   -327351.0895
0.1000     80800.490009     0.000016327   -362916.8513
0.1200     58673.297417     0.000016327   -385044.0439
0.1400     44107.773000     0.000016327   -399609.5684
0.1600     34176.345972     0.000019048   -409540.9954
0.1800     27053.410319     0.000021769   -416663.9310
0.2000     21615.253349     0.000016327   -422102.0879
0.2400     14259.058799     0.000024490   -429458.2826
0.2800      9807.091787     0.000019048   -433910.2495
0.3200      7004.776361     0.000019048   -436712.5651
0.3600      5148.153014     0.000019048   -438569.1883    -38346.683
0.4000      3842.485511     0.000013606   -439874.8558    -27704.914
0.4500      2697.318706     0.000016327   -441020.0227    -18647.341
0.5000      1930.368500     0.000021769   -441786.9729    -12457.907
0.5500      1415.158954     0.000019048   -442302.1823     -8441.352
0.6000      1062.248281     0.000010885   -442655.0932     -5867.187
0.6500       813.370175     0.000019048   -442903.9710     -4213.091
0.7000       631.576580     0.000008163   -443085.7647     -3136.802
0.7500       494.176832     0.000016327   -443223.1645     -2408.605
0.8000       387.654549     0.000013606   -443329.6868     -1890.909
0.8500       303.614517     0.000024490   -443413.7267     -1477.110
0.9000       238.695209     0.000013606   -443478.6461     -1138.280
0.9500       188.921043     0.000021769   -443528.4203      -877.447
1.0000       150.511494     0.000024490   -443566.8298      -680.364
1.1000        96.913327     0.000024490   -443620.4280      -419.500
1.2000        63.407326     0.000010885   -443653.9340      -266.354
1.3000        42.038641     0.000013606   -443675.3028      -173.668
1.4000        27.989713     0.000013606   -443689.3515      -115.053
1.5000        18.641178     0.000024490   -443698.7003       -76.858
1.6000        12.388053     0.000021769   -443704.9532       -51.302
1.7000         8.216628     0.000010885   -443709.1247       -33.916
1.8000         5.462089     0.000024490   -443711.8793       -22.147
1.9000         3.683003     0.000019048   -443713.6584       -14.044
2.0000         2.752925     0.000019048   -443714.5885        -8.923
2.1000         2.211315     0.000010885   -443715.1300        -5.528
2.2000         1.919832     0.000013606   -443715.4214        -3.356
2.3000         1.781468     0.000019048   -443715.5599        -1.989
2.4000         1.730109     0.000027211   -443715.6113        -1.163
2.5000         1.724536     0.000005442   -443715.6168        -0.661
2.6000         1.739543     0.000019048   -443715.6018        -0.374
2.7000         1.761505     0.000010885   -443715.5798        -0.194
2.8000         1.784512     0.000021769   -443715.5569        -0.086
2.9000         1.805648     0.000021769   -443715.5357        -0.022
3.0000         1.824211     0.000016327   -443715.5172         0.019
3.1000         1.840807     0.000013606   -443715.5006         0.042
3.2000         1.855485     0.000010885   -443715.4859         0.074
3.3000         1.868473     0.000008163   -443715.4728         0.070
3.4000         1.880248     0.000005442   -443715.4611         0.072
3.5000         1.891018     0.000008163   -443715.4502         0.081
3.6000         1.900866     0.000024490   -443715.4404         0.072
3.7000         1.909791     0.000019048   -443715.4315         0.071
3.8000         1.917859     0.000019048   -443715.4236         0.066
3.9000         1.925212     0.000016327   -443715.4162         0.063
4.0000         1.931944     0.000013606   -443715.4094         0.058
5.0000         1.969531     0.000005442   -443715.3719         0.018
6.0000         1.978769     0.000021769   -443715.3626         0.003
7.0000         1.980481     0.000019048   -443715.3607         0.000
8.0000         1.980753     0.000019048   -443715.3604        -0.000
9.0000         1.980794     0.000019048   -443715.3604        -0.000
10.0000         1.980802     0.000019048   -443715.3604        -0.000
100.0000         1.980802     0.000019048   -443715.3604
1000.0000         1.980802     0.000019048   -443715.3604
