0.0020         0.000000     0.000021769  38463462.8339
0.0040  19185609.121463     0.000024490  18232317.6621
0.0060  12467308.125084     0.000008163  11514016.6654
0.0080   9117021.641827     0.000013606   8163730.1827
0.0100   7111256.925560     0.000016327   6157965.4650
0.0120   5778656.138450     0.000021769   4825364.6779
0.0140   4831758.174273     0.000019048   3878466.7132
0.0160   4126635.673868     0.000016327   3173344.2142
0.0180   3582377.367386     0.000010885   2629085.9072
0.0200   3150465.871597     0.000008163   2197174.4115
0.0400   1276247.904207     0.000013606    322956.4441
0.0600    706276.748914     0.000021769   -247014.7111
0.0800    446220.367762     0.000013606   -507071.0924
0.1000    303622.120782     0.000010885   -649669.3393
0.1200    217298.134409     0.000019048   -735993.3257
0.1400    162283.180423     0.000024490   -791008.2796
0.1600    124118.655912     0.000024490   -829172.8042
0.1800     96306.280759     0.000024490   -856985.1792
0.2000     75989.585872     0.000008163   -877301.8741
0.2400     49623.097163     0.000016327   -903668.3628
0.2800     33730.183253     0.000024490   -919561.2769
0.3200     23357.661518     0.000024490   -929933.7984
0.3600     16777.535772     0.000019048   -936513.9243
0.4000     12354.311339     0.000016327   -940937.1487
0.4500      8671.017536     0.000027211   -944620.4425
0.5000      6174.526024     0.000013606   -947116.9340    -41541.560
0.5500      4454.937756     0.000008163   -948836.5223    -28141.881
0.6000      3276.812892     0.000027211   -950014.6473    -19605.866
0.6500      2441.486434     0.000024490   -950849.9737    -14135.112
0.7000      1832.207291     0.000016327   -951459.2527    -10424.651
0.7500      1380.528466     0.000027211   -951910.9316     -7751.541
0.8000      1045.237286     0.000016327   -952246.2228     -5750.690
0.8500       796.917439     0.000013606   -952494.5426     -4261.408
0.9000       612.681678     0.000016327   -952678.7785     -3164.478
0.9500       475.463982     0.000024490   -952815.9960     -2362.923
1.0000       372.515949     0.000016327   -952918.9441     -1780.347
1.1000       234.773965     0.000010885   -953056.6860     -1059.278
1.2000       150.286494     0.000019048   -953141.1735      -676.885
1.3000        96.201009     0.000024490   -953195.2589      -426.209
1.4000        62.259620     0.000024490   -953229.2005      -266.561
1.5000        40.846594     0.000008163   -953250.6134      -168.843
1.6000        27.297384     0.000024490   -953264.1625      -107.569
1.7000        18.720102     0.000013606   -953272.7398       -69.249
1.8000        13.837754     0.000005442   -953277.6224       -47.398
1.9000        10.949202     0.000005442   -953280.5109       -34.427
2.0000         8.960397     0.000021769   -953282.4997       -25.502
2.1000         7.469634     0.000010885   -953283.9904       -18.714
2.2000         6.540678     0.000008163   -953284.9194       -13.713
2.3000         5.992929     0.000024490   -953285.4671        -9.939
2.4000         5.734173     0.000008163   -953285.7259        -7.222
2.5000         5.740282     0.000016327   -953285.7197        -5.405
2.6000         5.724162     0.000008163   -953285.7360        -4.039
2.7000         5.694616     0.000013606   -953285.7654        -3.043
2.8000         5.650003     0.000016327   -953285.8100        -2.375
2.9000         5.585749     0.000021769   -953285.8742        -1.896
3.0000         5.502136     0.000008163   -953285.9580        -1.689
3.1000         5.449417     0.000019048   -953286.0106        -1.486
3.2000         5.366079     0.000021769   -953286.0941        -1.360
3.3000         5.267030     0.000021769   -953286.1931        -1.225
3.4000         5.164998     0.000013606   -953286.2949        -1.034
3.5000         5.067320     0.000002721   -953286.3926        -0.894
3.6000         4.979402     0.000019048   -953286.4808        -0.770
3.7000         4.904756     0.000013606   -953286.5553        -0.621
3.8000         4.843691     0.000013606   -953286.6163        -0.491
3.9000         4.796063     0.000016327   -953286.6639        -0.394
4.0000         4.762283     0.000027211   -953286.6976        -0.305
5.0000         4.853133     0.000005442   -953286.6070         0.073
6.0000         5.068454     0.000013606   -953286.3915         0.059
7.0000         5.167996     0.000010885   -953286.2919         0.026
8.0000         5.203271     0.000008163   -953286.2568         0.009
9.0000         5.215252     0.000021769   -953286.2448         0.001
10.0000         5.219657     0.000008163   -953286.2405        -0.000
100.0000         5.230360     0.000021769   -953286.2296
1000.0000         5.231059     0.000013606   -953286.2291
