0.0020  15407111.628919     0.000016327  14977985.5713
0.0040   7510016.226648     0.000013606   7080890.1680
0.0060   4887318.538463     0.000021769   4458192.4789
0.0080   3581144.615576     0.000021769   3152018.5561
0.0100   2800778.936995     0.000024490   2371652.8782
0.0120   2282299.930492     0.000024490   1853173.8718
0.0140   1913618.648695     0.000016327   1484492.5899
0.0160   1638661.018723     0.000016327   1209534.9601
0.0180   1426063.566398     0.000013606    996937.5078
0.0200   1257022.870208     0.000027211    827896.8115
0.0400    521003.209657     0.000002721     91877.1510
0.0600    293149.991900     0.000016327   -135976.0667
0.0800    187242.659498     0.000005442   -241883.3991
0.1000    128597.353339     0.000013606   -300528.7052
0.1200     93188.332903     0.000027211   -335937.7258
0.1400     70074.756761     0.000024490   -359051.3019
0.1600     53899.937924     0.000019048   -375226.1208
0.1800     42071.069404     0.000024490   -387054.9892
0.2000     33312.109012     0.000019048   -395813.9496
0.2400     21845.819905     0.000016327   -407280.2386
0.2800     15128.398957     0.000024490   -413997.6596
0.3200     10812.420116     0.000021769   -418313.6385
0.3600      7755.088622     0.000024490   -421370.9700
0.4000      5707.849010     0.000010885   -423418.2095    -42090.286
0.4500      4004.115870     0.000010885   -425121.9428    -27346.595
0.5000      2876.073983     0.000010885   -426249.9847    -18461.461
0.5500      2101.487426     0.000021769   -427024.5712    -12977.900
0.6000      1541.893751     0.000005442   -427584.1649     -9674.703
0.6500      1127.746848     0.000010885   -427998.3117     -6978.427
0.7000       832.720370     0.000013606   -428293.3382     -4924.674
0.7500       624.298209     0.000013606   -428501.7604     -3487.559
0.8000       475.935153     0.000016327   -428650.1234     -2502.392
0.8500       368.496755     0.000013606   -428757.5619     -1830.348
0.9000       289.034074     0.000016327   -428837.0246     -1369.527
0.9500       228.898323     0.000024490   -428897.1602     -1048.184
1.0000       182.412956     0.000021769   -428943.6457      -817.359
1.1000       116.926979     0.000010885   -429009.1315      -513.436
1.2000        75.428975     0.000024490   -429050.6297      -327.772
1.3000        48.891420     0.000019048   -429077.1671      -210.338
1.4000        31.813752     0.000021769   -429094.2450      -135.969
1.5000        20.729059     0.000016327   -429105.3295       -88.940
1.6000        13.447690     0.000016327   -429112.6110       -58.959
1.7000         8.658892     0.000021769   -429117.3997       -39.704
1.8000         5.572352     0.000021769   -429120.4863       -27.422
1.9000         3.473614     0.000008163   -429122.5851       -19.188
2.0000         2.030245     0.000010885   -429124.0284       -13.506
2.1000         1.030803     0.000027211   -429125.0279        -9.483
2.2000         0.340679     0.000021769   -429125.7180        -6.572
2.3000        -0.130198     0.000013606   -429126.1887        -4.471
2.4000        -0.443295     0.000013606   -429126.5019        -2.888
2.5000        -0.643732     0.000016327   -429126.7025        -1.775
2.6000        -0.762077     0.000013606   -429126.8208        -0.932
2.7000        -0.822810     0.000016327   -429126.8815        -0.330
2.8000        -0.841001     0.000016327   -429126.8997         0.084
2.9000        -0.829482     0.000013606   -429126.8880         0.406
3.0000        -0.796728     0.000010885   -429126.8554         0.599
3.1000        -0.747701     0.000010885   -429126.8064         0.725
3.2000        -0.687591     0.000008163   -429126.7463         0.823
3.3000        -0.619560     0.000027211   -429126.6782         0.863
3.4000        -0.545363     0.000010885   -429126.6040         0.865
3.5000        -0.467255     0.000024490   -429126.5259         0.870
3.6000        -0.387488     0.000010885   -429126.4461         0.868
3.7000        -0.300729     0.000016327   -429126.3593         0.838
3.8000        -0.172754     0.000010885   -429126.2314         0.760
3.9000        -0.056464     0.000024490   -429126.1150         0.702
4.0000         0.048793     0.000016327   -429126.0099         0.642
5.0000         0.711341     0.000021769   -429125.3473         0.208
6.0000         0.911819     0.000021769   -429125.1468         0.061
7.0000         0.953289     0.000019048   -429125.1054         0.015
8.0000         0.959379     0.000021769   -429125.0992         0.005
9.0000         0.958516     0.000019048   -429125.1000         0.001
10.0000         0.956630     0.000027211   -429125.1019         0.001
100.0000         0.941493     0.000019048   -429125.1171
1000.0000         0.940279     0.000019048   -429125.1182
