0.0020   5911205.602412     0.000024490   5812895.0475
0.0040   2895497.197712     0.000010885   2797186.6435
0.0060   1891673.949851     0.000016327   1793363.3956
0.0080   1391185.866131     0.000019048   1292875.3119
0.0100   1091638.656866     0.000024490    993328.1025
0.0120    892465.340482     0.000008163    794154.7861
0.0140    750527.370010     0.000024490    652216.8158
0.0160    644497.396453     0.000013606    546186.8423
0.0180    562308.886762     0.000027211    463998.3326
0.0200    496790.405619     0.000021769    398479.8514
0.0400    208118.211856     0.000019048    109807.6576
0.0600    118753.414732     0.000024490     20442.8604
0.0800     77094.363856     0.000024490    -21216.1904
0.1000     53754.812129     0.000021769    -44555.7422
0.1200     39405.166366     0.000013606    -58905.3879
0.1400     29928.670238     0.000019048    -68381.8841
0.1600     23260.849180     0.000024490    -75049.7051
0.1800     18373.895244     0.000021769    -79936.6590
0.2000     14720.570021     0.000010885    -83589.9843
0.2400      9834.413046     0.000016327    -88476.1412
0.2800      6893.967252     0.000013606    -91416.5870
0.3200      5045.978565     0.000016327    -93264.5757    -36906.797
0.3600      3753.200527     0.000010885    -94557.3538    -29421.149
0.4000      2763.868069     0.000024490    -95546.6862    -20506.881
0.4500      1938.159615     0.000019048    -96372.3947    -13111.969
0.5000      1404.845122     0.000019048    -96905.7092     -8582.900
0.5500      1049.747139     0.000008163    -97260.8072     -5839.673
0.6000       802.585265     0.000019048    -97507.9690     -4165.795
0.6500       623.356257     0.000024490    -97687.1980     -3106.139
0.7000       487.583198     0.000010885    -97822.9711     -2367.812
0.7500       383.023022     0.000027211    -97927.5313     -1837.985
0.8000       301.478580     0.000013606    -98009.0757     -1440.872
0.8500       237.630708     0.000010885    -98072.9236     -1129.474
0.9000       187.625471     0.000021769    -98122.9288      -882.871
0.9500       148.542061     0.000024490    -98162.0122      -684.766
1.0000       118.622943     0.000016327    -98191.9314      -531.214
1.1000        77.290787     0.000016327    -98233.2635      -328.803
1.2000        50.274915     0.000013606    -98260.2794      -216.497
1.3000        32.487272     0.000010885    -98278.0670      -142.764
1.4000        20.846079     0.000019048    -98289.7082       -94.773
1.5000        13.169916     0.000021769    -98297.3844       -63.069
1.6000         8.115932     0.000016327    -98302.4384       -41.678
1.7000         4.822839     0.000013606    -98305.7315       -27.090
1.8000         2.720057     0.000016327    -98307.8342       -17.130
1.9000         1.433823     0.000016327    -98309.1205       -10.373
2.0000         0.767321     0.000019048    -98309.7870        -5.855
2.1000         0.439554     0.000021769    -98310.1147        -2.827
2.2000         0.338534     0.000010885    -98310.2158        -0.807
2.3000         0.385354     0.000016327    -98310.1690         0.514
2.4000         0.526647     0.000016327    -98310.0276         1.357
2.5000         0.725127     0.000019048    -98309.8292         1.866
2.6000         0.956116     0.000024490    -98309.5982         2.161
2.7000         1.202504     0.000024490    -98309.3518         2.291
2.8000         1.453148     0.000019048    -98309.1012         2.324
2.9000         1.818407     0.000021769    -98308.7359         2.123
3.0000         2.145379     0.000024490    -98308.4089         1.915
3.1000         2.433406     0.000005442    -98308.1209         1.719
3.2000         2.687068     0.000019048    -98307.8672         1.534
3.3000         2.909905     0.000021769    -98307.6444         1.363
3.4000         3.105667     0.000024490    -98307.4486         1.209
3.5000         3.277819     0.000024490    -98307.2765         1.070
3.6000         3.428973     0.000024490    -98307.1253         0.945
3.7000         3.564497     0.000010885    -98306.9898         0.830
3.8000         3.702012     0.000013606    -98306.8523         0.708
3.9000         3.819038     0.000016327    -98306.7353         0.602
4.0000         3.918387     0.000021769    -98306.6359         0.513
5.0000         4.369875     0.000019048    -98306.1844         0.117
6.0000         4.479943     0.000019048    -98306.0743         0.032
7.0000         4.525176     0.000019048    -98306.0291         0.020
8.0000         4.551707     0.000008163    -98306.0026         0.013
9.0000         4.570053     0.000021769    -98305.9842         0.009
10.0000         4.583713     0.000027211    -98305.9706         0.007
100.0000         4.672417     0.000008163    -98305.8819         0.000
1000.0000         4.679680     0.000008163    -98305.8746
