0.0020  15553509.434715     0.000021769  15221074.6808
0.0040   7581831.862836     0.000027211   7249397.1079
0.0060   4937216.802595     0.000019048   4604782.0488
0.0080   3617885.997333     0.000008163   3285451.2446
0.0100   2828447.457715     0.000010885   2496012.7039
0.0120   2304036.018630     0.000016327   1971601.2648
0.0140   1931156.421820     0.000024490   1598721.6681
0.0160   1652639.256729     0.000005442   1320204.5031
0.0180   1436966.466884     0.000010885   1104531.7132
0.0200   1265517.515908     0.000016327    933082.7621
0.0400    520396.579513     0.000016327    187961.8258
0.0600    291288.976508     0.000021769    -41145.7772
0.0800    186147.830379     0.000021769   -146286.9233
0.1000    128055.436393     0.000008163   -204379.3173
0.1200     92742.116959     0.000016327   -239692.6368
0.1400     69936.095446     0.000024490   -262498.6583
0.1600     54166.697389     0.000010885   -278268.0564
0.1800     42533.175434     0.000013606   -289901.5783
0.2000     33898.838278     0.000024490   -298535.9156
0.2400     22469.439233     0.000008163   -309965.3144
0.2800     15623.031855     0.000013606   -316811.7218
0.3200     11243.902199     0.000019048   -321190.8515
0.3600      8129.248253     0.000021769   -324305.5054
0.4000      6010.041165     0.000008163   -326424.7126    -43434.451
0.4500      4262.365186     0.000021769   -328172.3885    -27893.916
0.5000      3113.716905     0.000024490   -329321.0367    -18783.374
0.5500      2325.583986     0.000005442   -330109.1696    -13216.983
0.6000      1754.726354     0.000019048   -330680.0275     -9852.424
0.6500      1327.212275     0.000008163   -331107.5413     -7377.171
0.7000      1011.003143     0.000016327   -331423.7506     -5373.929
0.7500       780.936716     0.000024490   -331653.8169     -3894.303
0.8000       612.833490     0.000021769   -331821.9202     -2868.945
0.8500       487.994925     0.000010885   -331946.7588     -2154.178
0.9000       393.192209     0.000024490   -332041.5616     -1647.266
0.9500       319.951333     0.000016327   -332114.8025     -1283.819
1.0000       262.728287     0.000008163   -332172.0256     -1021.774
1.1000       179.185611     0.000021769   -332255.5681      -684.069
1.2000       123.095664     0.000021769   -332311.6581      -448.742
1.3000        87.822693     0.000024490   -332346.9309      -291.355
1.4000        64.396229     0.000010885   -332370.3575      -198.295
1.5000        47.712769     0.000016327   -332387.0410      -142.765
1.6000        35.540766     0.000027211   -332399.2130      -104.687
1.7000        26.654498     0.000010885   -332408.0991       -76.709
1.8000        20.187188     0.000024490   -332414.5665       -55.956
1.9000        15.587537     0.000019048   -332419.1663       -40.773
2.0000        12.243874     0.000005442   -332422.5097       -29.603
2.1000         9.822087     0.000013606   -332424.9316       -21.417
2.2000         8.068549     0.000019048   -332426.6851       -15.520
2.3000         6.797037     0.000021769   -332427.9566       -11.219
2.4000         5.870053     0.000019048   -332428.8837        -8.222
2.5000         5.184824     0.000021769   -332429.5689        -6.033
2.6000         4.668659     0.000019048   -332430.0851        -4.582
2.7000         4.266497     0.000016327   -332430.4873        -3.516
2.8000         3.944156     0.000024490   -332430.8095        -2.836
2.9000         3.675658     0.000013606   -332431.0781        -2.336
3.0000         3.448533     0.000016327   -332431.3053        -1.956
3.1000         3.252173     0.000019048   -332431.5015        -1.703
3.2000         3.083495     0.000019048   -332431.6702        -1.465
3.3000         2.938232     0.000027211   -332431.8155        -1.255
3.4000         2.814891     0.000019048   -332431.9388        -1.098
3.5000         2.711958     0.000008163   -332432.0419        -0.927
3.6000         2.626485     0.000005442   -332432.1273        -0.787
3.7000         2.557958     0.000008163   -332432.1959        -0.656
3.8000         2.503508     0.000008163   -332432.2503        -0.540
3.9000         2.461442     0.000021769   -332432.2922        -0.439
4.0000         2.431300     0.000027211   -332432.3224        -0.364
5.0000         2.440748     0.000019048   -332432.3129         0.033
6.0000         2.569725     0.000002721   -332432.1839         0.054
7.0000         2.641731     0.000021769   -332432.1121         0.034
8.0000         2.670932     0.000016327   -332432.0827         0.016
9.0000         2.680954     0.000005442   -332432.0726         0.003
10.0000         2.683936     0.000010885   -332432.0699         0.004
100.0000         2.682048     0.000008163   -332432.0716
1000.0000         2.681776     0.000027211   -332432.0718
