0.0020  13578375.272445     0.000005442  13335961.7119
0.0040   6629588.299323     0.000021769   6387174.7407
0.0060   4318389.750173     0.000021769   4075976.1902
0.0080   3165600.840607     0.000024490   2923187.2820
0.0100   2476488.156708     0.000024490   2234074.5970
0.0120   2019115.841734     0.000010885   1776702.2818
0.0140   1693249.634426     0.000016327   1450836.0747
0.0160   1449766.735489     0.000019048   1207353.1757
0.0180   1261840.447085     0.000013606   1019426.8874
0.0200   1112297.780868     0.000005442    869884.2212
0.0400    458358.840068     0.000024490    215945.2803
0.0600    256951.589408     0.000019048     14538.0296
0.0800    164717.878370     0.000019048    -77695.6815
0.1000    113729.956160     0.000019048   -128683.6036
0.1200     82148.541445     0.000024490   -160265.0184
0.1400     61570.202083     0.000021769   -180843.3577
0.1600     47721.286715     0.000008163   -194692.2731
0.1800     37859.569531     0.000027211   -204553.9903
0.2000     30482.293284     0.000016327   -211931.2665
0.2400     20366.101448     0.000027211   -222047.4584
0.2800     14116.179748     0.000016327   -228297.3801
0.3200     10239.274874     0.000016327   -232174.2849
0.3600      7664.175710     0.000019048   -234749.3841
0.4000      5682.964038     0.000008163   -236730.5958    -41214.482
0.4500      4029.129949     0.000019048   -238384.4299    -26175.255
0.5000      2964.409279     0.000016327   -239449.1505    -17199.978
0.5500      2248.187807     0.000005442   -240165.3720    -11910.782
0.6000      1738.656139     0.000027211   -240674.9037     -8731.415
0.6500      1356.251931     0.000024490   -241057.3079     -6703.726
0.7000      1059.072629     0.000024490   -241354.4872     -5243.982
0.7500       826.669680     0.000024490   -241586.8901     -4088.320
0.8000       645.964540     0.000019048   -241767.5953     -3171.669
0.8500       505.894609     0.000019048   -241907.6652     -2458.500
0.9000       397.237216     0.000010885   -242016.3226     -1909.925
0.9500       312.678260     0.000013606   -242100.8816     -1489.602
1.0000       246.590383     0.000024490   -242166.9694     -1167.110
1.1000       153.898562     0.000027211   -242259.6612      -725.296
1.2000        95.990695     0.000005442   -242317.5691      -454.271
1.3000        59.715286     0.000021769   -242353.8445      -284.412
1.4000        37.151469     0.000016327   -242376.4083      -178.109
1.5000        23.151311     0.000010885   -242390.4085      -112.070
1.6000        14.409680     0.000024490   -242399.1501       -70.823
1.7000         8.954062     0.000016327   -242404.6058       -44.933
1.8000         5.572774     0.000010885   -242407.9871       -28.488
1.9000         3.494417     0.000016327   -242410.0654       -17.787
2.0000         2.253286     0.000013606   -242411.3065       -10.750
2.1000         1.557001     0.000010885   -242412.0028        -6.082
2.2000         1.215402     0.000010885   -242412.3444        -3.012
2.3000         1.102388     0.000024490   -242412.4574        -0.992
2.4000         1.134138     0.000008163   -242412.4257         0.289
2.5000         1.254573     0.000021769   -242412.3053         1.085
2.6000         1.426498     0.000008163   -242412.1333         1.547
2.7000         1.624784     0.000005442   -242411.9350         1.790
2.8000         1.897549     0.000013606   -242411.6623         1.830
2.9000         2.174041     0.000024490   -242411.3858         1.795
3.0000         2.430756     0.000019048   -242411.1291         1.713
3.1000         2.667571     0.000024490   -242410.8923         1.602
3.2000         2.899268     0.000010885   -242410.6605         1.464
3.3000         3.133044     0.000024490   -242410.4268         1.324
3.4000         3.337807     0.000005442   -242410.2220         1.177
3.5000         3.518580     0.000016327   -242410.0412         1.051
3.6000         3.678322     0.000010885   -242409.8815         0.936
3.7000         3.826477     0.000021769   -242409.7333         0.828
3.8000         3.955775     0.000016327   -242409.6040         0.727
3.9000         4.069097     0.000024490   -242409.4907         0.636
4.0000         4.168125     0.000010885   -242409.3917         0.558
5.0000         4.659220     0.000010885   -242408.9006         0.128
6.0000         4.759148     0.000021769   -242408.8007         0.024
7.0000         4.775497     0.000010885   -242408.7843         0.005
8.0000         4.777671     0.000013606   -242408.7821         0.000
9.0000         4.777728     0.000027211   -242408.7821         0.001
10.0000         4.777431     0.000016327   -242408.7824        -0.000
100.0000         4.775284     0.000013606   -242408.7845
1000.0000         4.775116     0.000019048   -242408.7847
