0.0020         0.000000     0.000019048  52885948.1917
0.0040  26355345.424438     0.000021769  25096467.9399
0.0060  17112093.296053     0.000024490  15853215.8103
0.0080  12500477.902665     0.000024490  11241600.4167
0.0100   9741258.668852     0.000008163   8482381.1837
0.0120   7915415.924076     0.000013606   6656538.4395
0.0140   6618384.629993     0.000010885   5359507.1457
0.0160   5653338.178715     0.000010885   4394460.6928
0.0180   4908477.606989     0.000010885   3649600.1215
0.0200   4317031.715515     0.000019048   3058154.2306
0.0400   1746780.928515     0.000021769    487903.4438
0.0600    963039.140147     0.000016327   -295838.3446
0.0800    607187.082925     0.000016327   -651690.4018
0.1000    414979.894124     0.000013606   -843897.5905
0.1200    298550.001514     0.000027211   -960327.4831
0.1400    221530.921931     0.000019048  -1037346.5628
0.1600    167740.219990     0.000013606  -1091137.2648
0.1800    130090.628037     0.000021769  -1128786.8568
0.2000    103005.607736     0.000019048  -1155871.8771
0.2400     66367.525104     0.000024490  -1192509.9598
0.2800     44241.621764     0.000016327  -1214635.8629
0.3200     30767.489890     0.000019048  -1228109.9948
0.3600     21992.521583     0.000008163  -1236884.9631
0.4000     15902.140074     0.000021769  -1242975.3446
0.4500     11044.619592     0.000013606  -1247832.8650
0.5000      7958.323431     0.000024490  -1250919.1614    -49874.412
0.5500      5878.218883     0.000002721  -1252999.2658    -34585.329
0.6000      4411.067821     0.000019048  -1254466.4169    -24776.045
0.6500      3352.495474     0.000019048  -1255524.9892    -17993.490
0.7000      2580.007817     0.000013606  -1256297.4770    -13222.943
0.7500      2005.398401     0.000016327  -1256872.0864     -9983.911
0.8000      1568.102657     0.000021769  -1257309.3820     -7638.585
0.8500      1232.646818     0.000019048  -1257644.8378     -5901.307
0.9000       972.447972     0.000013606  -1257905.0367     -4570.679
0.9500       770.869482     0.000016327  -1258106.6152     -3549.513
1.0000       613.163597     0.000024490  -1258264.3210     -2755.993
1.1000       395.984637     0.000027211  -1258481.5001     -1666.008
1.2000       263.709807     0.000016327  -1258613.7749     -1036.208
1.3000       179.816878     0.000016327  -1258697.6679      -671.448
1.4000       124.701400     0.000021769  -1258752.7833      -451.372
1.5000        87.618945     0.000016327  -1258789.8659      -312.288
1.6000        61.956305     0.000024490  -1258815.5284      -220.673
1.7000        43.802195     0.000021769  -1258833.6825      -160.101
1.8000        30.311242     0.000010885  -1258847.1736      -116.130
1.9000        20.152276     0.000024490  -1258857.3324       -84.904
2.0000        12.497332     0.000002721  -1258864.9873       -62.705
2.1000         7.264161     0.000010885  -1258870.2206       -45.530
2.2000         3.465886     0.000024490  -1258874.0187       -33.080
2.3000         0.708821     0.000019048  -1258876.7758       -24.035
2.4000        -1.285583     0.000019048  -1258878.7704       -17.295
2.5000        -2.716310     0.000019048  -1258880.2012       -12.378
2.6000        -3.726233     0.000013606  -1258881.2110        -8.641
2.7000        -4.420089     0.000013606  -1258881.9049        -5.878
2.8000        -4.857969     0.000016327  -1258882.3427        -3.807
2.9000        -5.124632     0.000021769  -1258882.6094        -2.271
3.0000        -5.263887     0.000016327  -1258882.7487        -1.124
3.1000        -5.308845     0.000016327  -1258882.7936        -0.292
3.2000        -5.285022     0.000010885  -1258882.7696         0.319
3.3000        -5.212536     0.000016327  -1258882.6973         0.739
3.4000        -5.105470     0.000021769  -1258882.5903         1.041
3.5000        -4.976613     0.000024490  -1258882.4613         1.239
3.6000        -4.834330     0.000010885  -1258882.3190         1.351
3.7000        -4.683979     0.000008163  -1258882.1688         1.406
3.8000        -4.531201     0.000027211  -1258882.0159         1.431
3.9000        -4.303616     0.000024490  -1258881.7884         1.369
4.0000        -4.069383     0.000005442  -1258881.5541         1.267
5.0000        -2.581488     0.000024490  -1258880.0662         0.453
6.0000        -2.054893     0.000008163  -1258879.5397         0.172
7.0000        -1.864215     0.000013606  -1258879.3489         0.070
8.0000        -1.766518     0.000024490  -1258879.2512         0.041
9.0000        -1.704138     0.000010885  -1258879.1889         0.028
10.0000        -1.659482     0.000019048  -1258879.1443         0.022
100.0000        -1.390674     0.000024490  -1258878.8754         0.000
1000.0000        -1.369936     0.000008163  -1258878.8547
