0.0020   5860103.968756     0.000002721   5769352.5172
0.0040   2873146.714574     0.000021769   2782395.2633
0.0060   1878056.039548     0.000010885   1787304.5889
0.0080   1381297.740660     0.000019048   1290546.2902
0.0100   1083892.526181     0.000016327    993141.0756
0.0120    886030.811713     0.000016327    795279.3612
0.0140    745277.434532     0.000021769    654525.9841
0.0160    640089.319036     0.000016327    549337.8686
0.0180    558465.112647     0.000016327    467713.6620
0.0200    493329.349628     0.000027211    402577.8991
0.0400    206821.450312     0.000019048    116069.9998
0.0600    117992.864058     0.000008163     27241.4135
0.0800     76548.861909     0.000019048    -14202.5886
0.1000     53352.175113     0.000016327    -37399.2754
0.1200     39097.628989     0.000008163    -51653.8215
0.1400     29692.428487     0.000016327    -61059.0220
0.1600     23077.162236     0.000008163    -67674.2883
0.1800     18222.233709     0.000013606    -72529.2168
0.2000     14587.055356     0.000027211    -76164.3952
0.2400      9714.480478     0.000016327    -81036.9700
0.2800      6775.794072     0.000021769    -83975.6565
0.3200      4929.691663     0.000016327    -85821.7588    -36800.990
0.3600      3675.043128     0.000024490    -87076.4074    -28418.705
0.4000      2691.534594     0.000021769    -88059.9159    -20582.201
0.4500      1861.699095     0.000024490    -88889.7514    -13184.256
0.5000      1326.075723     0.000005442    -89425.3748     -8593.703
0.5500       972.621896     0.000008163    -89778.8286     -5752.091
0.6000       732.337177     0.000021769    -90019.1133     -3983.278
0.6500       563.228832     0.000021769    -90188.2217     -2898.797
0.7000       437.492963     0.000019048    -90313.9576     -2205.377
0.7500       340.470889     0.000027211    -90410.9796     -1706.631
0.8000       264.968949     0.000021769    -90486.4816     -1329.608
0.8500       206.139473     0.000010885    -90545.3110     -1034.485
0.9000       160.468889     0.000010885    -90590.9816      -801.325
0.9500       125.125191     0.000021769    -90626.3253      -619.922
1.0000        97.644013     0.000027211    -90653.8065      -482.212
1.1000        59.643217     0.000010885    -90691.8073      -295.412
1.2000        36.432778     0.000013606    -90715.0177      -183.822
1.3000        21.726727     0.000016327    -90729.7238      -116.187
1.4000        12.284873     0.000010885    -90739.1656       -74.392
1.5000         6.232384     0.000013606    -90745.2181       -47.595
1.6000         2.437145     0.000019048    -90749.0134       -30.013
1.7000         0.145178     0.000024490    -90751.3053       -18.385
1.8000        -1.158008     0.000019048    -90752.6085       -10.716
1.9000        -1.819463     0.000013606    -90753.2700        -5.655
2.0000        -1.923617     0.000013606    -90753.3741        -2.606
2.1000        -1.740313     0.000010885    -90753.1908        -0.842
2.2000        -1.476912     0.000024490    -90752.9274         0.314
2.3000        -1.177358     0.000019048    -90752.6279         0.983
2.4000        -0.866631     0.000024490    -90752.3172         1.419
2.5000        -0.558680     0.000016327    -90752.0092         1.627
2.6000        -0.260748     0.000024490    -90751.7113         1.741
2.7000         0.022482     0.000021769    -90751.4280         1.763
2.8000         0.289758     0.000013606    -90751.1608         1.733
2.9000         0.593042     0.000010885    -90750.8575         1.646
3.0000         0.894003     0.000021769    -90750.5565         1.512
3.1000         1.167285     0.000010885    -90750.2832         1.381
3.2000         1.413496     0.000010885    -90750.0370         1.248
3.3000         1.633987     0.000005442    -90749.8165         1.115
3.4000         1.830731     0.000024490    -90749.6198         0.988
3.5000         2.004911     0.000019048    -90749.4456         0.872
3.6000         2.157983     0.000019048    -90749.2925         0.766
3.7000         2.291771     0.000016327    -90749.1588         0.668
3.8000         2.408424     0.000010885    -90749.0421         0.578
3.9000         2.509552     0.000005442    -90748.9410         0.501
4.0000         2.596631     0.000008163    -90748.8539         0.432
5.0000         2.996606     0.000027211    -90748.4539         0.089
6.0000         3.067927     0.000005442    -90748.3826         0.017
7.0000         3.079233     0.000013606    -90748.3713         0.003
8.0000         3.080651     0.000005442    -90748.3699         0.000
9.0000         3.080523     0.000013606    -90748.3700        -0.000
10.0000         3.080191     0.000024490    -90748.3703        -0.000
100.0000         3.077603     0.000008163    -90748.3729
1000.0000         3.077383     0.000010885    -90748.3731
