0.0020  19378906.880188     0.000016327  18911476.0702
0.0040   9442061.292178     0.000010885   8974630.4801
0.0060   6142330.302811     0.000024490   5674899.4922
0.0080   4497660.106857     0.000019048   4030229.2946
0.0100   3514005.872675     0.000005442   3046575.0605
0.0120   2861172.062556     0.000016327   2393741.2514
0.0140   2397198.216590     0.000024490   1929767.4056
0.0160   2050998.352785     0.000013606   1583567.5418
0.0180   1783358.866609     0.000019048   1315928.0556
0.0200   1570730.416958     0.000008163   1103299.6059
0.0400    646252.067619     0.000021769    178821.2566
0.0600    363021.456368     0.000021769   -104409.3547
0.0800    232490.937355     0.000013606   -234939.8737
0.1000    159971.430983     0.000016327   -307459.3800
0.1200    115741.926527     0.000024490   -351688.8845
0.1400     86629.529852     0.000013606   -380801.2812
0.1600     66303.058771     0.000021769   -401127.7523
0.1800     51772.592360     0.000013606   -415658.2187
0.2000     41215.511119     0.000024490   -426215.3000
0.2400     27619.954071     0.000016327   -439810.8571
0.2800     19134.386281     0.000010885   -448296.4248
0.3200     13563.906469     0.000016327   -453866.9045
0.3600      9846.594538     0.000024490   -457584.2166
0.4000      7280.253974     0.000016327   -460150.5571
0.4500      5125.081603     0.000005442   -462305.7296    -34963.763
0.5000      3633.086910     0.000016327   -463797.7242    -25124.933
0.5500      2589.811746     0.000016327   -464840.9993    -17042.590
0.6000      1885.113151     0.000019048   -465545.6980    -11530.018
0.6500      1404.697724     0.000005442   -466026.1133     -7942.539
0.7000      1069.839063     0.000008163   -466360.9721     -5617.319
0.7500       829.534585     0.000016327   -466601.2765     -4098.799
0.8000       651.557258     0.000021769   -466779.2537     -3081.478
0.8500       516.135560     0.000013606   -466914.6756     -2368.537
0.9000       411.217691     0.000027211   -467019.5934     -1845.058
0.9500       329.043969     0.000019048   -467101.7670     -1449.070
1.0000       264.136866     0.000013606   -467166.6743     -1145.807
1.1000       172.092790     0.000013606   -467258.7182      -727.789
1.2000       113.910357     0.000019048   -467316.9008      -476.035
1.3000        75.296082     0.000021769   -467355.5149      -317.173
1.4000        49.232501     0.000016327   -467381.5785      -213.091
1.5000        31.588825     0.000019048   -467399.2224      -142.751
1.6000        19.750328     0.000027211   -467411.0607       -94.680
1.7000        11.962309     0.000024490   -467418.8488       -62.003
1.8000         7.095249     0.000019048   -467423.7159       -40.328
1.9000         3.975833     0.000016327   -467426.8351       -25.805
2.0000         2.092271     0.000008163   -467428.7187       -16.282
2.1000         0.977050     0.000016327   -467429.8341       -10.158
2.2000         0.317554     0.000016327   -467430.4934        -6.431
2.3000        -0.077699     0.000010885   -467430.8888        -4.064
2.4000        -0.334548     0.000013606   -467431.1457        -2.772
2.5000        -0.524043     0.000013606   -467431.3351        -1.869
2.6000        -0.676543     0.000019048   -467431.4877        -1.291
2.7000        -0.799136     0.000016327   -467431.6102        -0.769
2.8000        -0.890055     0.000019048   -467431.7011        -0.383
2.9000        -0.945640     0.000016327   -467431.7566        -0.014
3.0000        -0.966677     0.000013606   -467431.7778         0.307
3.1000        -0.950407     0.000024490   -467431.7615         0.538
3.2000        -0.862541     0.000016327   -467431.6736         0.739
3.3000        -0.722721     0.000016327   -467431.5337         0.832
3.4000        -0.592169     0.000005442   -467431.4031         0.886
3.5000        -0.468869     0.000024490   -467431.2798         0.922
3.6000        -0.352769     0.000019048   -467431.1639         0.946
3.7000        -0.243732     0.000016327   -467431.0548         0.959
3.8000        -0.123385     0.000008163   -467430.9345         0.937
3.9000         0.035851     0.000024490   -467430.7753         0.879
4.0000         0.189919     0.000024490   -467430.6210         0.829
5.0000         1.197799     0.000024490   -467429.6131         0.337
6.0000         1.517329     0.000021769   -467429.2937         0.105
7.0000         1.597012     0.000021769   -467429.2139         0.026
8.0000         1.614860     0.000021769   -467429.1963         0.006
9.0000         1.618569     0.000019048   -467429.1924         0.000
10.0000         1.619143     0.000019048   -467429.1919
100.0000         1.616966     0.000010885   -467429.1941
1000.0000         1.616765     0.000021769   -467429.1943
