0.0020  12820483.952140     0.000010885  12525524.1906
0.0040   6250661.654954     0.000016327   5955701.8932
0.0060   4072213.234525     0.000010885   3777253.4741
0.0080   2985967.731021     0.000010885   2691007.9700
0.0100   2336368.677819     0.000019048   2041408.9167
0.0120   1904369.017161     0.000019048   1609409.2560
0.0140   1597268.276218     0.000021769   1302308.5151
0.0160   1367949.132577     0.000027211   1072989.3715
0.0180   1190371.366605     0.000027211    895411.6054
0.0200   1049057.187677     0.000021769    754097.4266
0.0400    433429.293014     0.000016327    138469.5319
0.0600    243557.647564     0.000019048    -51402.1135
0.0800    156130.083286     0.000024490   -138829.6778
0.1000    107731.185035     0.000021769   -187228.5761
0.1200     77993.368441     0.000021769   -216966.3927
0.1400     58633.545756     0.000010885   -236326.2154
0.1600     45470.123214     0.000019048   -249489.6379
0.1800     35955.578046     0.000019048   -259004.1831
0.2000     28776.748181     0.000021769   -266183.0129
0.2400     18933.458856     0.000005442   -276026.3021
0.2800     13014.131789     0.000013606   -281945.6292
0.3200      9343.861600     0.000021769   -285615.8996
0.3600      6903.285133     0.000021769   -288056.4761
0.4000      5110.350913     0.000016327   -289849.4102    -37863.830
0.4500      3577.603274     0.000013606   -291382.1579    -24409.146
0.5000      2580.912226     0.000019048   -292378.8488    -16167.852
0.5500      1907.907218     0.000024490   -293051.8538    -11187.807
0.6000      1434.820061     0.000024490   -293524.9411     -7972.321
0.6500      1092.286726     0.000016327   -293867.4743     -5889.088
0.7000       835.160604     0.000008163   -294124.6005     -4488.798
0.7500       638.868244     0.000024490   -294320.8929     -3413.596
0.8000       490.448800     0.000013606   -294469.3123     -2553.575
0.8500       379.812091     0.000005442   -294579.9490     -1893.079
0.9000       297.789716     0.000019048   -294661.9714     -1405.228
0.9500       236.645731     0.000008163   -294723.1155     -1052.520
1.0000       190.562620     0.000027211   -294769.1985      -799.506
1.1000       128.269046     0.000005442   -294831.4922      -491.576
1.2000        88.526794     0.000010885   -294871.2344      -323.580
1.3000        61.772985     0.000024490   -294897.9881      -218.945
1.4000        43.669907     0.000019048   -294916.0913      -149.543
1.5000        31.294496     0.000024490   -294928.4665      -102.829
1.6000        22.769440     0.000019048   -294936.9916       -71.144
1.7000        16.843313     0.000024490   -294942.9177       -49.866
1.8000        12.674777     0.000019048   -294947.0865       -35.541
1.9000         9.698770     0.000019048   -294950.0623       -25.812
2.0000         7.539627     0.000021769   -294952.2215       -19.078
2.1000         5.948751     0.000021769   -294953.8123       -14.306
2.2000         4.761932     0.000013606   -294954.9993       -10.807
2.3000         3.866541     0.000024490   -294955.8945        -8.222
2.4000         3.186114     0.000021769   -294956.5751        -6.239
2.5000         2.665887     0.000008163   -294957.0951        -4.725
2.6000         2.268268     0.000021769   -294957.4929        -3.541
2.7000         1.964480     0.000024490   -294957.7966        -2.610
2.8000         1.770703     0.000013606   -294957.9903        -1.949
2.9000         1.641040     0.000019048   -294958.1201        -1.411
3.0000         1.541490     0.000024490   -294958.2197        -1.003
3.1000         1.467845     0.000016327   -294958.2932        -0.679
3.2000         1.415344     0.000013606   -294958.3457        -0.420
3.3000         1.380244     0.000010885   -294958.3808        -0.217
3.4000         1.359966     0.000027211   -294958.4012        -0.079
3.5000         1.351723     0.000013606   -294958.4094         0.039
3.6000         1.352643     0.000010885   -294958.4086         0.130
3.7000         1.361079     0.000024490   -294958.4001         0.192
3.8000         1.375702     0.000013606   -294958.3855         0.227
3.9000         1.394889     0.000005442   -294958.3661         0.255
4.0000         1.417338     0.000021769   -294958.3438         0.271
5.0000         1.658589     0.000016327   -294958.1025         0.171
6.0000         1.780082     0.000002721   -294957.9811         0.077
7.0000         1.815354     0.000024490   -294957.9457         0.028
8.0000         1.821281     0.000021769   -294957.9397         0.013
9.0000         1.819514     0.000013606   -294957.9416         0.008
10.0000         1.816418     0.000002721   -294957.9446         0.004
100.0000         1.790526     0.000024490   -294957.9705
1000.0000         1.788436     0.000008163   -294957.9727
