0.0020   1799392.717914     0.000016327   1504653.5045
0.0040    878734.368760     0.000027211    583995.1553
0.0060    572714.080742     0.000013606    277974.8675
0.0080    420295.563899     0.000016327    125556.3506
0.0100    329377.481204     0.000016327     34638.2679
0.0120    269096.712996     0.000021769    -25642.5003
0.0140    226223.613497     0.000010885    -68515.5998
0.0160    194212.325972     0.000027211   -100526.8873
0.0180    169425.759381     0.000024490   -125313.4539
0.0200    149689.765576     0.000024490   -145049.4477
0.0400     63128.106056     0.000021769   -231611.1072
0.0600     36199.630339     0.000021769   -258539.5829
0.0800     23566.472516     0.000024490   -271172.7408
0.1000     16505.552318     0.000024490   -278233.6609
0.1200     12165.165260     0.000019048   -282574.0481
0.1400      9289.043026     0.000024490   -285450.1702
0.1600      7258.147120     0.000013606   -287481.0661
0.1800      5757.761276     0.000027211   -288981.4521
0.2000      4623.499339     0.000010885   -290115.7140    -49366.213
0.2400      3087.270144     0.000027211   -291651.9431    -29409.140
0.2800      2153.100119     0.000024490   -292586.1131    -18330.492
0.3200      1558.284606     0.000021769   -293180.9286    -11970.941
0.3600      1160.517905     0.000021769   -293578.6953     -8235.926
0.4000       880.441755     0.000016327   -293858.7716     -5942.787
0.4500       632.870150     0.000019048   -294106.3430     -4101.555
0.5000       460.827911     0.000002721   -294278.3855     -2864.374
0.5500       340.487871     0.000013606   -294398.7254     -2006.867
0.6000       255.837028     0.000010885   -294483.3763     -1415.915
0.6500       195.831171     0.000027211   -294543.3820     -1012.790
0.7000       152.490875     0.000019048   -294586.7224      -739.858
0.7500       120.507958     0.000027211   -294618.7053      -554.976
0.8000        96.515690     0.000013606   -294642.6976      -427.464
0.8500        77.827706     0.000005442   -294661.3856      -337.669
0.9000        62.934503     0.000010885   -294676.2787      -271.099
0.9500        50.907869     0.000019048   -294688.3055      -219.193
1.0000        41.166848     0.000005442   -294698.0464      -177.210
1.1000        26.967008     0.000024490   -294712.2464      -114.132
1.2000        17.919191     0.000013606   -294721.2942       -71.650
1.3000        12.644864     0.000005442   -294726.5683       -44.696
1.4000         9.631182     0.000019048   -294729.5820       -27.993
1.5000         7.845176     0.000021769   -294731.3681       -17.720
1.6000         6.725849     0.000019048   -294732.4873       -11.706
1.7000         5.932258     0.000024490   -294733.2811        -8.519
1.8000         5.272831     0.000016327   -294733.9404        -6.631
1.9000         4.647298     0.000005442   -294734.5660        -5.746
2.0000         4.019983     0.000021769   -294735.1932        -4.852
2.1000         3.673299     0.000027211   -294735.5399        -3.880
2.2000         3.405264     0.000019048   -294735.8079        -3.049
2.3000         3.189752     0.000013606   -294736.0234        -2.243
2.4000         3.018040     0.000005442   -294736.1952        -1.620
2.5000         2.887031     0.000005442   -294736.3263        -1.129
2.6000         2.789046     0.000016327   -294736.4243        -0.693
2.7000         2.715553     0.000013606   -294736.4977        -0.349
2.8000         2.663367     0.000008163   -294736.5500        -0.097
2.9000         2.630765     0.000013606   -294736.5826         0.095
3.0000         2.611475     0.000008163   -294736.6017         0.261
3.1000         2.600492     0.000013606   -294736.6128         0.369
3.2000         2.596139     0.000008163   -294736.6172         0.454
3.3000         2.597224     0.000008163   -294736.6161         0.483
3.4000         2.602356     0.000010885   -294736.6109         0.501
3.5000         2.608963     0.000008163   -294736.6044         0.509
3.6000         2.615840     0.000010885   -294736.5973         0.507
3.7000         2.622074     0.000005442   -294736.5911         0.493
3.8000         2.627549     0.000005442   -294736.5856         0.473
3.9000         2.632727     0.000013606   -294736.5805         0.437
4.0000         2.638006     0.000010885   -294736.5753         0.400
5.0000         2.667582     0.000016327   -294736.5456         0.154
6.0000         2.689822     0.000002721   -294736.5236         0.073
7.0000         2.693950     0.000008163   -294736.5192         0.021
8.0000         2.696418     0.000013606   -294736.5168         0.006
9.0000         2.697384     0.000002721   -294736.5160         0.003
10.0000         2.696483     0.000005442   -294736.5168         0.002
100.0000         2.687199     0.000019048   -294736.5260
1000.0000         2.686472     0.000021769   -294736.5269
