0.0020   1516464.980409     0.000010885   1126665.6621
0.0040    739812.293000     0.000021769    350012.9746
0.0060    482005.322891     0.000024490     92206.0046
0.0080    353580.309933     0.000027211    -36219.0084
0.0100    276959.846073     0.000016327   -112839.4723
0.0120    226111.758123     0.000013606   -163687.5602
0.0140    189959.658210     0.000024490   -199839.6601
0.0160    162978.531894     0.000008163   -226820.7864
0.0180    142064.655001     0.000013606   -247734.6633
0.0200    125423.842246     0.000027211   -264375.4761
0.0400     52443.028568     0.000024490   -337356.2899
0.0600     29976.800849     0.000024490   -359822.5175
0.0800     19447.714634     0.000024490   -370351.6036
0.1000     13608.101561     0.000019048   -376191.2168
0.1200     10009.810363     0.000021769   -379789.5079
0.1400      7599.215481     0.000013606   -382200.1028
0.1600      5891.608196     0.000010885   -383907.7102
0.1800      4643.407284     0.000008163   -385155.9111
0.2000      3714.244444     0.000021769   -386085.0738    -40136.015
0.2400      2474.991987     0.000027211   -387324.3263    -23543.154
0.2800      1729.781806     0.000016327   -388069.5365    -14584.323
0.3200      1255.384064     0.000016327   -388543.9342     -9591.957
0.3600       934.745385     0.000021769   -388864.5729     -6671.469
0.4000       707.315958     0.000016327   -389092.0025     -4817.668
0.4500       507.249821     0.000021769   -389292.0686     -3286.011
0.5000       369.876119     0.000019048   -389429.4423     -2268.422
0.5500       274.547853     0.000010885   -389524.7704     -1582.523
0.6000       207.534713     0.000016327   -389591.7836     -1120.842
0.6500       159.651796     0.000027211   -389639.6667      -809.387
0.7000       124.668260     0.000016327   -389674.6502      -599.118
0.7500        98.476720     0.000016327   -389700.8417      -455.297
0.8000        78.380946     0.000021769   -389720.9373      -354.295
0.8500        62.628489     0.000010885   -389736.6897      -280.815
0.9000        50.110099     0.000024490   -389749.2083      -224.901
0.9500        40.087842     0.000005442   -389759.2305      -180.891
1.0000        32.045071     0.000019048   -389767.2731      -145.573
1.1000        20.449715     0.000016327   -389778.8687       -93.530
1.2000        13.094445     0.000019048   -389786.2240       -59.380
1.3000         8.493716     0.000021769   -389790.8246       -37.201
1.4000         5.718679     0.000016327   -389793.5996       -23.303
1.5000         4.094161     0.000016327   -389795.2241       -14.768
1.6000         3.105280     0.000013606   -389796.2130        -9.860
1.7000         2.459284     0.000024490   -389796.8590        -6.969
1.8000         1.962494     0.000013606   -389797.3559        -5.629
1.9000         1.519596     0.000005442   -389797.7986        -4.639
2.0000         1.105874     0.000019048   -389798.2125        -3.868
2.1000         0.729445     0.000010885   -389798.5888        -3.204
2.2000         0.403850     0.000019048   -389798.9146        -2.530
2.3000         0.183092     0.000021769   -389799.1352        -1.943
2.4000         0.056363     0.000024490   -389799.2620        -1.511
2.5000        -0.045892     0.000019048   -389799.3641        -1.061
2.6000        -0.112862     0.000010885   -389799.4313        -0.694
2.7000        -0.146054     0.000019048   -389799.4645        -0.381
2.8000        -0.150038     0.000016327   -389799.4683        -0.175
2.9000        -0.130811     0.000013606   -389799.4493         0.001
3.0000        -0.093926     0.000010885   -389799.4123         0.158
3.1000        -0.044072     0.000010885   -389799.3625         0.271
3.2000         0.015725     0.000010885   -389799.3026         0.351
3.3000         0.082845     0.000010885   -389799.2354         0.396
3.4000         0.154212     0.000010885   -389799.1641         0.444
3.5000         0.227487     0.000019048   -389799.0909         0.460
3.6000         0.300773     0.000010885   -389799.0177         0.444
3.7000         0.372929     0.000019048   -389798.9453         0.450
3.8000         0.443353     0.000010885   -389798.8751         0.446
3.9000         0.511558     0.000024490   -389798.8068         0.418
4.0000         0.577004     0.000024490   -389798.7412         0.413
5.0000         1.023747     0.000024490   -389798.2947         0.188
6.0000         1.186254     0.000013606   -389798.1320         0.050
7.0000         1.233939     0.000021769   -389798.0843         0.017
8.0000         1.248102     0.000010885   -389798.0702         0.005
9.0000         1.253158     0.000027211   -389798.0653         0.002
10.0000         1.255643     0.000010885   -389798.0626         0.001
100.0000         1.266252     0.000024490   -389798.0520
1000.0000         1.267017     0.000027211   -389798.0514
