0.0020         0.000000     0.000016327  35357595.4830
0.0040  17651050.387037     0.000016327  16747117.7963
0.0060  11467554.431286     0.000016327  10563621.8404
0.0080   8391379.618697     0.000019048   7487447.0260
0.0100   6552131.962871     0.000013606   5648199.3712
0.0120   5329572.401946     0.000019048   4425639.8097
0.0140   4459551.808606     0.000010885   3555619.2170
0.0160   3811483.305562     0.000021769   2907550.7132
0.0180   3310695.581569     0.000021769   2406762.9898
0.0200   2912792.743058     0.000016327   2008860.1512
0.0400   1183108.014313     0.000013606    279175.4226
0.0600    656420.067947     0.000019048   -247512.5238
0.0800    416650.983983     0.000021769   -487281.6079
0.1000    285262.342710     0.000021769   -618670.2490
0.1200    204645.734279     0.000013606   -699286.8576
0.1400    153160.555369     0.000010885   -750772.0365
0.1600    118035.450062     0.000021769   -785897.1416
0.1800     91938.117755     0.000013606   -811994.4739
0.2000     72705.756935     0.000019048   -831226.8347
0.2400     47871.191917     0.000010885   -856061.3999
0.2800     33163.885302     0.000016327   -870768.7064
0.3200     23224.330069     0.000024490   -880708.2617
0.3600     16901.305789     0.000016327   -887031.2859
0.4000     12714.022282     0.000013606   -891218.5695
0.4500      9194.569745     0.000005442   -894738.0221
0.5000      6778.720399     0.000016327   -897153.8713    -40495.707
0.5500      5056.529797     0.000008163   -898876.0621    -29078.720
0.6000      3814.410929     0.000021769   -900118.1809    -21082.177
0.6500      2908.058832     0.000024490   -901024.5329    -15527.385
0.7000      2232.821333     0.000021769   -901699.7704    -11723.058
0.7500      1720.683910     0.000013606   -902211.9079     -8924.240
0.8000      1331.727094     0.000024490   -902600.8646     -6752.165
0.8500      1038.025150     0.000024490   -902894.5667     -5068.333
0.9000       817.979639     0.000016327   -903114.6122     -3812.655
0.9500       651.822716     0.000016327   -903280.7691     -2893.114
1.0000       524.691542     0.000010885   -903407.9002     -2222.646
1.1000       348.468857     0.000024490   -903584.1228     -1371.949
1.2000       236.394001     0.000016327   -903696.1979      -900.901
1.3000       161.131922     0.000027211   -903771.4600      -628.963
1.4000       107.925725     0.000016327   -903824.6661      -436.255
1.5000        71.145172     0.000021769   -903861.4467      -299.920
1.6000        45.993991     0.000021769   -903886.5976      -206.182
1.7000        29.172266     0.000016327   -903903.4194      -143.750
1.8000        17.432815     0.000021769   -903915.1590      -100.071
1.9000         9.734055     0.000005442   -903922.8576       -70.457
2.0000         4.370188     0.000013606   -903928.2215       -49.107
2.1000         0.682756     0.000021769   -903931.9090       -33.542
2.2000        -1.760305     0.000010885   -903934.3520       -22.267
2.3000        -3.292576     0.000010885   -903935.8843       -14.163
2.4000        -4.101247     0.000021769   -903936.6930        -8.506
2.5000        -4.459526     0.000016327   -903937.0514        -4.636
2.6000        -4.501018     0.000019048   -903937.0927        -2.126
2.7000        -4.333173     0.000019048   -903936.9248        -0.709
2.8000        -4.100921     0.000019048   -903936.6927         0.140
2.9000        -3.857409     0.000024490   -903936.4492         0.596
3.0000        -3.626716     0.000013606   -903936.2184         0.754
3.1000        -3.421112     0.000027211   -903936.0130         0.929
3.2000        -3.240472     0.000021769   -903935.8323         0.907
3.3000        -3.081413     0.000019048   -903935.6731         0.944
3.4000        -2.940036     0.000013606   -903935.5319         0.981
3.5000        -2.811718     0.000008163   -903935.4035         0.968
3.6000        -2.692029     0.000024490   -903935.2837         0.954
3.7000        -2.542644     0.000024490   -903935.1343         0.951
3.8000        -2.393713     0.000005442   -903934.9855         0.928
3.9000        -2.257441     0.000008163   -903934.8492         0.875
4.0000        -2.129948     0.000008163   -903934.7218         0.844
5.0000        -1.080431     0.000013606   -903933.6723         0.472
6.0000        -0.496736     0.000002721   -903933.0886         0.183
7.0000        -0.302852     0.000021769   -903932.8946         0.057
8.0000        -0.245439     0.000019048   -903932.8371         0.019
9.0000        -0.228004     0.000021769   -903932.8197         0.006
10.0000        -0.221795     0.000024490   -903932.8135         0.003
100.0000        -0.205579     0.000005442   -903932.7974
1000.0000        -0.204551     0.000008163   -903932.7963
