0.0020   7729515.717751     0.000005442   7025893.9775
0.0040   3764721.942434     0.000008163   3061100.2017
0.0060   2447799.916885     0.000010885   1744178.1775
0.0080   1793010.853148     0.000008163   1089389.1136
0.0100   1401690.517859     0.000019048    698068.7783
0.0120   1142183.172102     0.000021769    438561.4325
0.0140    957758.429199     0.000019048    254136.6897
0.0160    820155.180598     0.000016327    116533.4412
0.0180    713744.592693     0.000016327     10122.8532
0.0200    629126.192625     0.000010885    -74495.5468
0.0400    259913.892304     0.000013606   -443707.8471
0.0600    146765.813616     0.000013606   -556855.9259
0.0800     94770.126117     0.000021769   -608851.6135
0.1000     65464.932936     0.000021769   -638156.8067
0.1200     47322.656681     0.000024490   -656299.0827
0.1400     35600.470390     0.000013606   -668021.2691
0.1600     27687.437824     0.000013606   -675934.3017
0.1800     21979.847497     0.000019048   -681641.8920
0.2000     17615.836454     0.000021769   -686005.9031
0.2400     11652.734248     0.000024490   -691969.0051
0.2800      8048.625306     0.000019048   -695573.1143
0.3200      5789.136802     0.000019048   -697832.6027    -45293.013
0.3600      4282.207722     0.000019048   -699339.5317    -31305.519
0.4000      3217.886750     0.000024490   -700403.8527    -22500.141
0.4500      2287.757960     0.000016327   -701333.9815    -15157.569
0.5000      1662.718766     0.000019048   -701959.0207    -10205.519
0.5500      1237.501244     0.000010885   -702384.2382     -7038.965
0.6000       937.815435     0.000010885   -702683.9242     -5080.675
0.6500       716.514664     0.000008163   -702905.2249     -3833.604
0.7000       548.303398     0.000021769   -703073.4360     -2927.957
0.7500       420.297799     0.000019048   -703201.4416     -2217.377
0.8000       323.862609     0.000013606   -703297.8769     -1663.487
0.8500       251.713087     0.000021769   -703370.0263     -1242.468
0.9000       197.840242     0.000019048   -703423.8992      -928.499
0.9500       157.498240     0.000024490   -703464.2411      -697.167
1.0000       127.114845     0.000019048   -703494.6246      -527.417
1.1000        86.314388     0.000016327   -703535.4251      -313.940
1.2000        62.553848     0.000019048   -703559.1855      -211.353
1.3000        45.485824     0.000010885   -703576.2536      -153.829
1.4000        32.380973     0.000016327   -703589.3586      -114.387
1.5000        22.645623     0.000010885   -703599.0937       -83.898
1.6000        15.612245     0.000024490   -703606.1273       -60.110
1.7000        10.658279     0.000016327   -703611.0812       -42.278
1.8000         7.212974     0.000027211   -703614.5264       -29.621
1.9000         4.801282     0.000016327   -703616.9382       -20.792
2.0000         3.073217     0.000013606   -703618.6664       -14.810
2.1000         1.792485     0.000005442   -703619.9469       -10.676
2.2000         0.813955     0.000008163   -703620.9254        -7.871
2.3000         0.046921     0.000027211   -703621.6925        -5.798
2.4000        -0.453140     0.000016327   -703622.1927        -4.120
2.5000        -0.752675     0.000019048   -703622.4920        -3.065
2.6000        -0.939729     0.000010885   -703622.6792        -2.114
2.7000        -1.062485     0.000021769   -703622.8019        -1.410
2.8000        -1.137692     0.000013606   -703622.8770        -0.960
2.9000        -1.178770     0.000016327   -703622.9181        -0.536
3.0000        -1.196855     0.000016327   -703622.9364        -0.222
3.1000        -1.198300     0.000013606   -703622.9377        -0.029
3.2000        -1.187021     0.000013606   -703622.9266         0.121
3.3000        -1.168612     0.000016327   -703622.9081         0.262
3.4000        -1.146310     0.000019048   -703622.8858         0.357
3.5000        -1.121904     0.000019048   -703622.8613         0.404
3.6000        -1.095721     0.000016327   -703622.8351         0.422
3.7000        -1.069016     0.000013606   -703622.8085         0.447
3.8000        -1.043258     0.000019048   -703622.7826         0.457
3.9000        -1.019347     0.000024490   -703622.7587         0.454
4.0000        -0.996873     0.000005442   -703622.7364         0.437
5.0000        -0.829025     0.000019048   -703622.5685         0.219
6.0000        -0.743511     0.000024490   -703622.4830         0.095
7.0000        -0.713456     0.000013606   -703622.4528         0.027
8.0000        -0.705646     0.000016327   -703622.4452         0.006
9.0000        -0.703336     0.000016327   -703622.4428         0.001
10.0000        -0.702642     0.000013606   -703622.4422        -0.001
100.0000        -0.702405     0.000008163   -703622.4419
1000.0000        -0.702394     0.000024490   -703622.4419
