0.0020   1409702.311116     0.000016327   1312799.5159
0.0040    690289.236584     0.000027211    593386.4413
0.0060    450836.778941     0.000013606    353933.9836
0.0080    331567.905968     0.000016327    234665.1107
0.0100    260332.661261     0.000019048    163429.8660
0.0120    213010.461117     0.000024490    116107.6659
0.0140    179358.634180     0.000027211     82455.8389
0.0160    154225.667565     0.000024490     57322.8723
0.0180    134750.288304     0.000010885     37847.4930
0.0200    119240.472007     0.000021769     22337.6768
0.0400     50928.145200     0.000016327    -45974.6501
0.0600     29409.329909     0.000013606    -67493.4654
0.0800     19393.890735     0.000021769    -77508.9045
0.1000     13721.665171     0.000027211    -83181.1301
0.1200     10144.841231     0.000024490    -86757.9540
0.1400      7740.895457     0.000027211    -89161.8998
0.1600      6064.743622     0.000010885    -90838.0516
0.1800      4863.663708     0.000016327    -92039.1316    -51072.096
0.2000      3980.611554     0.000016327    -92922.1837    -38028.448
0.2400      2799.828663     0.000008163    -94102.9666    -22867.871
0.2800      2045.671416     0.000013606    -94857.1238    -15665.582
0.3200      1511.591902     0.000016327    -95391.2033    -11270.789
0.3600      1128.643943     0.000013606    -95774.1513     -8049.929
0.4000       855.007622     0.000024490    -96047.7876     -5764.296
0.4500       618.016624     0.000021769    -96284.7786     -3852.812
0.5000       457.802510     0.000024490    -96444.9927     -2637.646
0.5500       346.696530     0.000016327    -96556.0987     -1861.096
0.6000       267.141970     0.000019048    -96635.6533     -1360.981
0.6500       207.904434     0.000010885    -96694.8908     -1032.545
0.7000       162.314116     0.000021769    -96740.4811      -805.539
0.7500       126.481137     0.000016327    -96776.3141      -636.629
0.8000        98.119712     0.000021769    -96804.6755      -503.695
0.8500        75.738540     0.000013606    -96827.0567      -396.677
0.9000        58.173116     0.000024490    -96844.6221      -310.330
0.9500        44.484227     0.000016327    -96858.3110      -241.325
1.0000        33.880041     0.000010885    -96868.9152      -186.613
1.1000        19.358326     0.000019048    -96883.4369      -113.067
1.2000        10.308727     0.000021769    -96892.4865       -69.787
1.3000         4.575528     0.000024490    -96898.2197       -44.381
1.4000         0.912178     0.000008163    -96901.8831       -29.095
1.5000        -0.830739     0.000016327    -96903.6260       -19.915
1.6000        -1.901472     0.000016327    -96904.6967       -13.463
1.7000        -2.539604     0.000024490    -96905.3349        -8.829
1.8000        -2.878182     0.000021769    -96905.6734        -5.449
1.9000        -3.015080     0.000016327    -96905.8103        -2.970
2.0000        -3.010467     0.000019048    -96905.8057        -1.191
2.1000        -2.912087     0.000021769    -96905.7073         0.111
2.2000        -2.752901     0.000005442    -96905.5481         0.971
2.3000        -2.553591     0.000019048    -96905.3489         1.555
2.4000        -2.334887     0.000010885    -96905.1302         1.919
2.5000        -2.107640     0.000010885    -96904.9029         2.111
2.6000        -1.878182     0.000019048    -96904.6734         2.184
2.7000        -1.653993     0.000010885    -96904.4492         2.194
2.8000        -1.438536     0.000010885    -96904.2338         2.150
2.9000        -1.202164     0.000016327    -96903.9974         2.026
3.0000        -0.908937     0.000024490    -96903.7042         1.838
3.1000        -0.651174     0.000016327    -96903.4464         1.664
3.2000        -0.424694     0.000016327    -96903.2199         1.501
3.3000        -0.225387     0.000010885    -96903.0206         1.346
3.4000        -0.041329     0.000010885    -96902.8366         1.196
3.5000         0.137921     0.000019048    -96902.6573         1.050
3.6000         0.295263     0.000027211    -96902.5000         0.927
3.7000         0.433124     0.000016327    -96902.3621         0.815
3.8000         0.553711     0.000016327    -96902.2416         0.719
3.9000         0.659038     0.000008163    -96902.1362         0.626
4.0000         0.751108     0.000016327    -96902.0441         0.543
5.0000         1.198520     0.000010885    -96901.5967         0.124
6.0000         1.287265     0.000019048    -96901.5080         0.037
7.0000         1.301676     0.000024490    -96901.4936         0.008
8.0000         1.303107     0.000005442    -96901.4922         0.004
9.0000         1.302514     0.000027211    -96901.4927         0.002
10.0000         1.301733     0.000013606    -96901.4935         0.001
100.0000         1.295877     0.000008163    -96901.4994
1000.0000         1.295390     0.000002721    -96901.4999
