0.0020         0.000000     0.000021769  44976278.0812
0.0040  22414975.740053     0.000013606  21383284.9766
0.0060  14564974.072981     0.000016327  13533283.3078
0.0080  10649905.332334     0.000021769   9618214.5676
0.0100   8305707.587360     0.000008163   7274016.8225
0.0120   6752491.429199     0.000019048   5720800.6655
0.0140   5648045.138501     0.000019048   4616354.3752
0.0160   4824002.807285     0.000013606   3792312.0429
0.0180   4187464.955856     0.000016327   3155774.1913
0.0200   3681213.396116     0.000019048   2649522.6319
0.0400   1477793.664339     0.000024490    446102.9003
0.0600    812178.296054     0.000010885   -219512.4680
0.0800    513370.535734     0.000008163   -518320.2282
0.1000    353415.197628     0.000005442   -678275.5664
0.1200    257356.187630     0.000008163   -774334.5764
0.1400    193194.819072     0.000016327   -838495.9450
0.1600    147434.231449     0.000024490   -884256.5328
0.1800    114199.128163     0.000016327   -917491.6360
0.2000     90216.895369     0.000013606   -941473.8687
0.2400     58794.176760     0.000019048   -972896.5875
0.2800     39617.467128     0.000008163   -992073.2969
0.3200     27463.772092     0.000024490  -1004226.9921
0.3600     19545.059325     0.000013606  -1012145.7048
0.4000     14353.427355     0.000002721  -1017337.3368
0.4500      9733.762362     0.000013606  -1021957.0016
0.5000      6818.737952     0.000008163  -1024872.0262    -46204.868
0.5500      4934.144816     0.000016327  -1026756.6192    -30493.911
0.6000      3665.758648     0.000019048  -1028025.0055    -20988.856
0.6500      2776.758836     0.000008163  -1028914.0054    -14998.221
0.7000      2132.624306     0.000008163  -1029558.1399    -11020.990
0.7500      1654.746711     0.000010885  -1030036.0175     -8258.508
0.8000      1294.234145     0.000024490  -1030396.5298     -6273.966
0.8500      1018.963725     0.000013606  -1030671.8003     -4813.574
0.9000       806.923600     0.000019048  -1030883.8405     -3720.502
0.9500       642.519545     0.000021769  -1031048.2447     -2892.836
1.0000       514.360768     0.000010885  -1031176.4033     -2261.274
1.1000       334.593053     0.000019048  -1031356.1710     -1412.993
1.2000       220.460194     0.000008163  -1031470.3038      -933.008
1.3000       144.967343     0.000019048  -1031545.7966      -606.394
1.4000        95.787344     0.000027211  -1031594.9769      -394.778
1.5000        63.539339     0.000024490  -1031627.2248      -259.752
1.6000        42.171168     0.000005442  -1031648.5928      -172.488
1.7000        27.877134     0.000010885  -1031662.8870      -115.414
1.8000        18.234302     0.000008163  -1031672.5299       -77.652
1.9000        11.679177     0.000013606  -1031679.0848       -52.527
2.0000         7.241113     0.000010885  -1031683.5230       -35.593
2.1000         4.353252     0.000024490  -1031686.4110       -24.166
2.2000         2.458868     0.000002721  -1031688.3051       -16.613
2.3000         1.164982     0.000016327  -1031689.5990       -11.447
2.4000         0.282498     0.000019048  -1031690.4815        -7.799
2.5000        -0.316874     0.000019048  -1031691.0810        -5.318
2.6000        -0.718498     0.000013606  -1031691.4826        -3.552
2.7000        -0.982103     0.000008163  -1031691.7463        -2.283
2.8000        -1.148030     0.000016327  -1031691.9120        -1.407
2.9000        -1.245019     0.000013606  -1031692.0092        -0.756
3.0000        -1.292691     0.000021769  -1031692.0568        -0.307
3.1000        -1.305121     0.000019048  -1031692.0693         0.009
3.2000        -1.292381     0.000019048  -1031692.0565         0.253
3.3000        -1.261909     0.000019048  -1031692.0260         0.396
3.4000        -1.218358     0.000019048  -1031691.9825         0.510
3.5000        -1.166267     0.000021769  -1031691.9302         0.590
3.6000        -1.108519     0.000021769  -1031691.8726         0.617
3.7000        -1.046398     0.000024490  -1031691.8105         0.648
3.8000        -0.982514     0.000024490  -1031691.7466         0.658
3.9000        -0.873592     0.000019048  -1031691.6377         0.624
4.0000        -0.771274     0.000010885  -1031691.5354         0.573
5.0000        -0.146351     0.000013606  -1031690.9104         0.254
6.0000         0.138411     0.000024490  -1031690.6257         0.068
7.0000         0.213555     0.000013606  -1031690.5506         0.015
8.0000         0.230119     0.000002721  -1031690.5340         0.003
9.0000         0.233730     0.000019048  -1031690.5305        -0.000
10.0000         0.234540     0.000000000  -1031690.5297        -0.000
100.0000         0.234799     0.000000000  -1031690.5294
1000.0000         0.234799     0.000000000  -1031690.5294
