0.0020   9273569.134567     0.000019048   8969380.8821
0.0040   4521972.267443     0.000021769   4217784.0157
0.0060   2944015.692230     0.000013606   2639827.4409
0.0080   2158874.839243     0.000019048   1854686.5881
0.0100   1689922.896479     0.000027211   1385734.6454
0.0120   1378781.157314     0.000024490   1074592.9061
0.0140   1157232.947627     0.000019048    853044.6964
0.0160    991635.687495     0.000021769    687447.4363
0.0180    863449.264138     0.000021769    559261.0130
0.0200    761440.873580     0.000016327    457252.6223
0.0400    316391.154071     0.000016327     12202.9029
0.0600    178672.430146     0.000010885   -125515.8210
0.0800    114918.115867     0.000013606   -189270.1353
0.1000     79765.188224     0.000016327   -224423.0630
0.1200     57930.803805     0.000019048   -246257.4474
0.1400     43479.243157     0.000021769   -260709.0080
0.1600     33564.194056     0.000002721   -270624.0571
0.1800     26543.436690     0.000024490   -277644.8145
0.2000     21414.578490     0.000019048   -282773.6728
0.2400     14201.505750     0.000021769   -289986.7456
0.2800      9748.758576     0.000019048   -294439.4927
0.3200      6917.711486     0.000013606   -297270.5397
0.3600      5048.457313     0.000021769   -299139.7939    -38085.248
0.4000      3777.060836     0.000021769   -300411.1903    -26487.363
0.4500      2674.129690     0.000016327   -301514.1215    -18323.507
0.5000      1905.859541     0.000024490   -302282.3917    -12646.546
0.5500      1381.064634     0.000021769   -302807.1866     -8607.951
0.6000      1023.605116     0.000016327   -303164.6461     -5905.769
0.6500       775.811300     0.000013606   -303412.4399     -4146.253
0.7000       599.017562     0.000008163   -303589.2337     -3015.990
0.7500       467.453905     0.000010885   -303720.7973     -2298.168
0.8000       365.578297     0.000013606   -303822.6729     -1809.473
0.8500       285.296978     0.000016327   -303902.9542     -1422.645
0.9000       222.636671     0.000027211   -303965.6144     -1099.876
0.9500       174.572526     0.000016327   -304013.6787      -837.679
1.0000       138.170138     0.000024490   -304050.0810      -631.936
1.1000        90.049897     0.000021769   -304098.2014      -361.443
1.2000        61.383304     0.000021769   -304126.8678      -220.906
1.3000        43.137666     0.000019048   -304145.1136      -148.008
1.4000        31.367344     0.000010885   -304156.8839      -101.494
1.5000        23.402201     0.000019048   -304164.8489       -69.449
1.6000        18.126058     0.000010885   -304170.1252       -47.318
1.7000        14.536929     0.000013606   -304173.7144       -31.841
1.8000        12.130941     0.000019048   -304176.1201       -21.161
1.9000        10.800105     0.000021769   -304177.4510       -14.231
2.0000         9.968070     0.000027211   -304178.2832        -9.610
2.1000         9.705995     0.000008163   -304178.5452        -7.017
2.2000         9.552169     0.000019048   -304178.6990        -5.364
2.3000         9.454572     0.000008163   -304178.7966        -4.187
2.4000         9.322445     0.000013606   -304178.9286        -3.471
2.5000         9.194363     0.000010885   -304179.0568        -2.963
2.6000         9.053365     0.000008163   -304179.1977        -2.647
2.7000         8.884627     0.000005442   -304179.3665        -2.381
2.8000         8.706591     0.000008163   -304179.5447        -2.047
2.9000         8.535072     0.000013606   -304179.7161        -1.772
3.0000         8.395616     0.000021769   -304179.8557        -1.479
3.1000         8.287682     0.000024490   -304179.9635        -1.187
3.2000         8.194603     0.000008163   -304180.0565        -0.924
3.3000         8.118634     0.000013606   -304180.1325        -0.721
3.4000         8.058968     0.000016327   -304180.1923        -0.514
3.5000         8.013797     0.000016327   -304180.2375        -0.335
3.6000         7.987013     0.000005442   -304180.2642        -0.182
3.7000         7.990654     0.000005442   -304180.2606        -0.088
3.8000         8.006496     0.000002721   -304180.2448         0.008
3.9000         8.031030     0.000008163   -304180.2201         0.083
4.0000         8.061882     0.000005442   -304180.1893         0.137
5.0000         8.427489     0.000013606   -304179.8236         0.176
6.0000         8.623944     0.000005442   -304179.6271         0.084
7.0000         8.690841     0.000016327   -304179.5605         0.027
8.0000         8.711296     0.000013606   -304179.5398         0.010
9.0000         8.717726     0.000027211   -304179.5335         0.004
10.0000         8.720131     0.000027211   -304179.5311         0.002
100.0000         8.727078     0.000013606   -304179.5240
1000.0000         8.727536     0.000008163   -304179.5237
