0.0020   3166374.718986     0.000019048   2999865.8367
0.0040   1547740.081161     0.000016327   1381231.1977
0.0060   1009773.872465     0.000005442    843264.9892
0.0080    741740.216448     0.000008163    575231.3332
0.0100    581573.921529     0.000019048    415065.0381
0.0120    475232.122990     0.000016327    308723.2396
0.0140    399649.713139     0.000019048    233140.8298
0.0160    343251.502099     0.000021769    176742.6187
0.0180    299627.487199     0.000021769    133118.6039
0.0200    264929.307171     0.000019048     98420.4238
0.0400    112297.029955     0.000016327    -54211.8534
0.0600     64600.577522     0.000008163   -101908.3058
0.0800     42197.265428     0.000010885   -124311.6179
0.1000     29598.620135     0.000024490   -136910.2632
0.1200     21818.850753     0.000013606   -144690.0326
0.1400     16688.284293     0.000024490   -149820.5991
0.1600     13102.838871     0.000005442   -153406.0445
0.1800     10466.282930     0.000021769   -156042.6004
0.2000      8465.927702     0.000008163   -158042.9557
0.2400      5730.685839     0.000016327   -160778.1975
0.2800      4060.546662     0.000013606   -162448.3367    -32694.327
0.3200      3003.687827     0.000019048   -163505.1955    -21207.004
0.3600      2298.345656     0.000021769   -164210.5377    -14771.347
0.4000      1786.289919     0.000005442   -164722.5934    -11123.001
0.4500      1312.281200     0.000013606   -165196.6022     -7995.924
0.5000       972.338672     0.000008163   -165536.5447     -5729.454
0.5500       728.066280     0.000010885   -165780.8171     -4134.551
0.6000       550.719365     0.000024490   -165958.1640     -3015.923
0.6500       420.599976     0.000024490   -166088.2834     -2220.226
0.7000       324.383318     0.000021769   -166184.5000     -1647.243
0.7500       252.754829     0.000005442   -166256.1285     -1233.145
0.8000       198.988071     0.000027211   -166309.8953      -935.081
0.8500       158.031009     0.000024490   -166350.8524      -724.230
0.9000       125.893880     0.000019048   -166382.9895      -577.537
0.9500        99.816884     0.000019048   -166409.0665      -470.932
1.0000        78.213269     0.000010885   -166430.6701      -387.338
1.1000        45.468662     0.000021769   -166463.4147      -257.791
1.2000        24.796450     0.000010885   -166484.0869      -161.710
1.3000        11.968345     0.000019048   -166496.9150       -99.248
1.4000         4.149164     0.000021769   -166504.7342       -59.985
1.5000        -0.535335     0.000005442   -166509.4187       -35.508
1.6000        -3.265240     0.000016327   -166512.1486       -20.270
1.7000        -4.781110     0.000013606   -166513.6644       -10.799
1.8000        -5.542921     0.000021769   -166514.4263        -4.932
1.9000        -5.843122     0.000016327   -166514.7265        -1.358
2.0000        -5.861531     0.000013606   -166514.7449         0.804
2.1000        -5.713433     0.000010885   -166514.5968         2.069
2.2000        -5.468544     0.000013606   -166514.3519         2.764
2.3000        -5.173180     0.000016327   -166514.0565         3.122
2.4000        -4.854954     0.000008163   -166513.7383         3.241
2.5000        -4.531217     0.000005442   -166513.4146         3.232
2.6000        -4.214300     0.000008163   -166513.0977         3.135
2.7000        -3.852682     0.000027211   -166512.7360         2.884
2.8000        -3.462672     0.000005442   -166512.3460         2.551
2.9000        -3.062822     0.000010885   -166511.9462         2.174
3.0000        -2.710603     0.000027211   -166511.5940         1.824
3.1000        -2.417248     0.000021769   -166511.3006         1.537
3.2000        -2.171763     0.000010885   -166511.0551         1.312
3.3000        -1.944007     0.000008163   -166510.8274         1.097
3.4000        -1.751249     0.000021769   -166510.6346         0.913
3.5000        -1.592473     0.000019048   -166510.4758         0.760
3.6000        -1.460743     0.000019048   -166510.3441         0.640
3.7000        -1.351122     0.000013606   -166510.2345         0.545
3.8000        -1.259596     0.000019048   -166510.1429         0.470
3.9000        -1.182779     0.000019048   -166510.0661         0.408
4.0000        -1.118029     0.000024490   -166510.0014         0.350
5.0000        -0.788390     0.000027211   -166509.6717         0.100
6.0000        -0.664804     0.000013606   -166509.5482         0.075
7.0000        -0.596871     0.000021769   -166509.4802         0.035
8.0000        -0.551357     0.000024490   -166509.4347         0.025
9.0000        -0.518363     0.000019048   -166509.4017         0.018
10.0000        -0.493253     0.000010885   -166509.3766         0.014
100.0000        -0.320520     0.000008163   -166509.2039         0.000
1000.0000        -0.305622     0.000019048   -166509.1890
