0.0020  21107384.798482     0.000016327  20693005.9948
0.0040  10291348.909550     0.000005442   9876970.1050
0.0060   6694552.806289     0.000013606   6280174.0023
0.0080   4901208.853787     0.000010885   4486830.0514
0.0100   3829131.777332     0.000013606   3414752.9737
0.0120   3115923.363418     0.000016327   2701544.5597
0.0140   2608435.786712     0.000024490   2194056.9831
0.0160   2230609.392233     0.000010885   1816230.5886
0.0180   1938200.939032     0.000010885   1523822.1354
0.0200   1705499.303465     0.000013606   1291120.4999
0.0400    695406.077507     0.000019048    281027.2737
0.0600    387225.026107     0.000021769    -27153.7776
0.0800    246518.627379     0.000008163   -167860.1763
0.1000    169225.329068     0.000024490   -245153.4746
0.1200    122461.534408     0.000013606   -291917.2692
0.1400     91797.357426     0.000013606   -322581.4463
0.1600     70420.377757     0.000010885   -343958.4260
0.1800     55054.447341     0.000024490   -359324.3562
0.2000     43847.616737     0.000013606   -370531.1868
0.2400     29309.628331     0.000016327   -385069.1753
0.2800     20083.642880     0.000016327   -394295.1607
0.3200     14223.337208     0.000024490   -400155.4666
0.3600     10416.693706     0.000016327   -403962.1101
0.4000      7819.174044     0.000024490   -406559.6297
0.4500      5670.162334     0.000010885   -408708.6413    -34714.083
0.5000      4191.280015     0.000019048   -410187.5238    -25256.514
0.5500      3120.043337     0.000024490   -411258.7602    -17743.206
0.6000      2374.573533     0.000024490   -412004.2300    -12453.424
0.6500      1843.594251     0.000021769   -412535.2095     -9087.035
0.7000      1446.792014     0.000024490   -412932.0116     -7078.390
0.7500      1132.431323     0.000008163   -413246.3723     -5557.419
0.8000       887.085251     0.000016327   -413491.7184     -4309.961
0.8500       697.539766     0.000019048   -413681.2640     -3310.445
0.9000       551.982145     0.000019048   -413826.8216     -2534.306
0.9500       440.271388     0.000013606   -413938.5323     -1943.504
1.0000       354.280348     0.000010885   -414024.5233     -1497.939
1.1000       236.139694     0.000008163   -414142.6640      -915.229
1.2000       162.968270     0.000013606   -414215.8354      -590.979
1.3000       114.486387     0.000016327   -414264.3174      -398.422
1.4000        81.180501     0.000010885   -414297.6231      -276.672
1.5000        57.903369     0.000024490   -414320.9003      -195.548
1.6000        41.506179     0.000016327   -414337.2976      -138.180
1.7000        29.862485     0.000005442   -414348.9413       -97.510
1.8000        21.608678     0.000024490   -414357.1951       -68.976
1.9000        15.735659     0.000016327   -414363.0681       -49.161
2.0000        11.578016     0.000013606   -414367.2258       -35.529
2.1000         8.708629     0.000010885   -414370.0952       -26.289
2.2000         6.624130     0.000005442   -414372.1796       -19.878
2.3000         5.071959     0.000013606   -414373.7317       -15.224
2.4000         3.970880     0.000024490   -414374.8327       -11.752
2.5000         3.151442     0.000013606   -414375.6523        -9.084
2.6000         2.515378     0.000010885   -414376.2882        -6.901
2.7000         2.030446     0.000021769   -414376.7731        -5.221
2.8000         1.670091     0.000024490   -414377.1337        -3.826
2.9000         1.410973     0.000013606   -414377.3928        -2.757
3.0000         1.234478     0.000008163   -414377.5694        -1.907
3.1000         1.123463     0.000013606   -414377.6801        -1.234
3.2000         1.064828     0.000019048   -414377.7389        -0.742
3.3000         1.047269     0.000013606   -414377.7563        -0.346
3.4000         1.060717     0.000005442   -414377.7430        -0.046
3.5000         1.097729     0.000002721   -414377.7060         0.153
3.6000         1.152101     0.000027211   -414377.6515         0.304
3.7000         1.218072     0.000008163   -414377.5857         0.413
3.8000         1.291265     0.000013606   -414377.5125         0.477
3.9000         1.368662     0.000016327   -414377.4349         0.505
4.0000         1.447918     0.000010885   -414377.3557         0.519
5.0000         2.053309     0.000019048   -414376.7503         0.271
6.0000         2.287357     0.000010885   -414376.5163         0.116
7.0000         2.368896     0.000019048   -414376.4349         0.048
8.0000         2.403455     0.000016327   -414376.4004         0.026
9.0000         2.422122     0.000021769   -414376.3816         0.018
10.0000         2.434378     0.000016327   -414376.3693         0.012
100.0000         2.501897     0.000005442   -414376.3018         0.000
1000.0000         2.506823     0.000021769   -414376.2969
