0.0020  15144658.277119     0.000019048  14867745.3652
0.0040   7389654.760737     0.000013606   7112741.8472
0.0060   4810841.335226     0.000016327   4533928.4226
0.0080   3525141.463915     0.000013606   3248228.5501
0.0100   2756764.480803     0.000019048   2479851.5679
0.0120   2246497.648449     0.000008163   1969584.7357
0.0140   1883031.366482     0.000019048   1606118.4537
0.0160   1611684.392895     0.000019048   1334771.4801
0.0180   1402300.043436     0.000010885   1125387.1306
0.0200   1235563.757811     0.000016327    958650.8450
0.0400    507818.553584     0.000027211    230905.6408
0.0600    284120.652022     0.000021769      7207.7392
0.0800    181886.916979     0.000010885    -95025.9958
0.1000    125243.736846     0.000021769   -151669.1759
0.1200     90375.856315     0.000016327   -186537.0565
0.1400     67865.418449     0.000013606   -209047.4943
0.1600     52601.508386     0.000016327   -224311.4044
0.1800     41581.025052     0.000010885   -235331.8877
0.2000     33271.611230     0.000021769   -243641.3016
0.2400     22128.137404     0.000016327   -254784.7754
0.2800     15549.600085     0.000021769   -261363.3127
0.3200     11346.100471     0.000016327   -265566.8123
0.3600      8263.135312     0.000008163   -268649.7775
0.4000      6154.644260     0.000024490   -270758.2685    -43108.270
0.4500      4430.005671     0.000010885   -272482.9071    -27355.659
0.5000      3305.835500     0.000002721   -273607.0773    -18448.481
0.5500      2522.653033     0.000019048   -274390.2597    -13319.761
0.6000      1941.866692     0.000024490   -274971.0461    -10117.475
0.6500      1497.230878     0.000019048   -275415.6819     -7757.879
0.7000      1157.885094     0.000010885   -275755.0276     -5887.992
0.7500       900.912488     0.000013606   -276012.0004     -4452.448
0.8000       706.308350     0.000024490   -276206.6043     -3379.560
0.8500       558.054833     0.000016327   -276354.8580     -2587.114
0.9000       444.108636     0.000024490   -276468.8041     -2005.922
0.9500       355.258718     0.000024490   -276557.6542     -1576.642
1.0000       284.994390     0.000021769   -276627.9183     -1251.697
1.1000       184.128390     0.000019048   -276728.7845      -801.970
1.2000       119.172224     0.000027211   -276793.7405      -517.803
1.3000        76.991867     0.000016327   -276835.9209      -337.249
1.4000        49.185344     0.000024490   -276863.7274      -222.497
1.5000        31.333348     0.000024490   -276881.5794      -148.967
1.6000        19.413475     0.000016327   -276893.4994       -99.639
1.7000        11.429535     0.000010885   -276901.4832       -66.230
1.8000         6.141471     0.000010885   -276906.7712       -43.611
1.9000         2.689335     0.000021769   -276910.2235       -28.353
2.0000         0.481201     0.000019048   -276912.4314       -18.078
2.1000        -0.836165     0.000027211   -276913.7490       -11.207
2.2000        -1.560323     0.000019048   -276914.4731        -6.694
2.3000        -1.942978     0.000021769   -276914.8557        -3.686
2.4000        -2.104720     0.000027211   -276915.0176        -1.713
2.5000        -2.110195     0.000010885   -276915.0231        -0.422
2.6000        -1.918335     0.000019048   -276914.8312         0.339
2.7000        -1.693754     0.000016327   -276914.6065         0.809
2.8000        -1.458759     0.000013606   -276914.3716         1.066
2.9000        -1.225623     0.000008163   -276914.1384         1.181
3.0000        -1.001619     0.000021769   -276913.9145         1.232
3.1000        -0.791405     0.000019048   -276913.7041         1.217
3.2000        -0.595633     0.000016327   -276913.5085         1.163
3.3000        -0.415602     0.000016327   -276913.3283         1.112
3.4000        -0.251180     0.000016327   -276913.1640         1.039
3.5000        -0.100856     0.000013606   -276913.0135         0.954
3.6000         0.035995     0.000010885   -276912.8769         0.881
3.7000         0.159916     0.000021769   -276912.7528         0.813
3.8000         0.272136     0.000005442   -276912.6407         0.741
3.9000         0.374124     0.000013606   -276912.5387         0.672
4.0000         0.466814     0.000024490   -276912.4459         0.611
5.0000         1.135839     0.000008163   -276911.7770         0.164
6.0000         1.308457     0.000024490   -276911.6042         0.042
7.0000         1.348368     0.000005442   -276911.5645         0.009
8.0000         1.359084     0.000024490   -276911.5536         0.002
9.0000         1.363125     0.000027211   -276911.5495         0.001
10.0000         1.365416     0.000021769   -276911.5474         0.000
100.0000         1.377618     0.000010885   -276911.5351
1000.0000         1.378548     0.000008163   -276911.5343
