0.0020         0.000000     0.000021769  53421197.7932
0.0040  26614441.056094     0.000027211  25337681.4876
0.0060  17274361.984399     0.000016327  15997602.4163
0.0080  12613573.721261     0.000019048  11336814.1526
0.0100   9824125.723941     0.000024490   8547366.1553
0.0120   7977196.458541     0.000019048   6700436.8893
0.0140   6663893.768381     0.000008163   5387134.1985
0.0160   5686417.490460     0.000019048   4409657.9200
0.0180   4931864.047010     0.000019048   3655104.4780
0.0200   4332855.458994     0.000013606   3056095.8899
0.0400   1736039.924183     0.000021769    459280.3549
0.0600    953520.163968     0.000024490   -323239.4054
0.0800    602292.345988     0.000024490   -674467.2233
0.1000    413694.251252     0.000021769   -863065.3180
0.1200    298503.661347     0.000024490   -978255.9078
0.1400    221799.880308     0.000013606  -1054959.6888
0.1600    168062.577823     0.000013606  -1108696.9915
0.1800    130407.836641     0.000021769  -1146351.7327
0.2000    103303.835776     0.000027211  -1173455.7335
0.2400     66591.161456     0.000013606  -1210168.4077
0.2800     44417.479302     0.000010885  -1232342.0899
0.3200     30931.141078     0.000013606  -1245828.4281
0.3600     22074.758299     0.000021769  -1254684.8110
0.4000     15976.560274     0.000027211  -1260783.0089
0.4500     11108.439132     0.000019048  -1265651.1301
0.5000      8006.844841     0.000016327  -1268752.7245    -50235.250
0.5500      5906.888393     0.000021769  -1270852.6807    -34965.433
0.6000      4422.538467     0.000019048  -1272337.0308    -25042.476
0.6500      3353.440324     0.000024490  -1273406.1290    -18143.079
0.7000      2575.717211     0.000005442  -1274183.8519    -13334.324
0.7500      1995.459259     0.000013606  -1274764.1099    -10073.196
0.8000      1555.295102     0.000019048  -1275204.2741     -7668.202
0.8500      1219.272814     0.000019048  -1275540.2965     -5892.518
0.9000       960.474805     0.000016327  -1275799.0945     -4553.158
0.9500       760.098382     0.000010885  -1275999.4708     -3522.404
1.0000       604.394763     0.000024490  -1276155.1744     -2723.980
1.1000       390.634725     0.000021769  -1276368.9346     -1643.350
1.2000       259.917641     0.000010885  -1276499.6516     -1025.331
1.3000       176.538359     0.000019048  -1276583.0309      -666.530
1.4000       121.429383     0.000016327  -1276638.1400      -447.225
1.5000        84.615784     0.000024490  -1276674.9534      -308.612
1.6000        59.606612     0.000010885  -1276699.9626      -217.723
1.7000        41.920298     0.000016327  -1276717.6489      -156.576
1.8000        28.798961     0.000013606  -1276730.7703      -112.821
1.9000        18.998145     0.000019048  -1276740.5710       -82.169
2.0000        11.651242     0.000027211  -1276747.9181       -60.475
2.1000         6.581898     0.000010885  -1276752.9873       -43.912
2.2000         2.904101     0.000021769  -1276756.6652       -31.893
2.3000         0.236165     0.000016327  -1276759.3330       -23.154
2.4000        -1.692089     0.000008163  -1276761.2612       -16.634
2.5000        -3.073285     0.000013606  -1276762.6424       -11.882
2.6000        -4.045815     0.000024490  -1276763.6150        -8.270
2.7000        -4.711278     0.000019048  -1276764.2806        -5.589
2.8000        -5.146589     0.000021769  -1276764.7157        -3.577
2.9000        -5.409359     0.000008163  -1276764.9785        -2.089
3.0000        -5.544474     0.000024490  -1276765.1138        -0.983
3.1000        -5.582431     0.000016327  -1276765.1516        -0.188
3.2000        -5.548725     0.000016327  -1276765.1179         0.391
3.3000        -5.468838     0.000021769  -1276765.0381         0.801
3.4000        -5.356384     0.000021769  -1276764.9255         1.074
3.5000        -5.223750     0.000005442  -1276764.7930         1.259
3.6000        -5.078781     0.000027211  -1276764.6479         1.358
3.7000        -4.926923     0.000016327  -1276764.4961         1.405
3.8000        -4.773287     0.000016327  -1276764.3426         1.425
3.9000        -4.567836     0.000019048  -1276764.1372         1.376
4.0000        -4.332536     0.000019048  -1276763.9018         1.269
5.0000        -2.871319     0.000019048  -1276762.4405         0.463
6.0000        -2.336819     0.000002721  -1276761.9061         0.179
7.0000        -2.141537     0.000019048  -1276761.7107         0.074
8.0000        -2.041013     0.000021769  -1276761.6103         0.043
9.0000        -1.976584     0.000016327  -1276761.5458         0.030
10.0000        -1.930496     0.000024490  -1276761.4998         0.023
100.0000        -1.652529     0.000002721  -1276761.2217         0.000
1000.0000        -1.631105     0.000005442  -1276761.2002
