0.0020         0.000000     0.000027211  36754269.0367
0.0040  18311301.593618     0.000013606  17454461.3139
0.0060  11894391.757352     0.000013606  11037551.4780
0.0080   8694699.046329     0.000016327   7837858.7657
0.0100   6780261.521785     0.000021769   5923421.2427
0.0120   5509239.069776     0.000019048   4652398.7890
0.0140   4606663.885241     0.000016327   3749823.6059
0.0160   3934400.822353     0.000013606   3077560.5438
0.0180   3415602.875486     0.000008163   2558762.5959
0.0200   3003966.614960     0.000027211   2147126.3355
0.0400   1219304.163900     0.000013606    362463.8844
0.0600    676348.839962     0.000016327   -180491.4396
0.0800    431506.202803     0.000024490   -425334.0769
0.1000    296648.558690     0.000024490   -560191.7208
0.1200    213576.541739     0.000016327   -643263.7378
0.1400    159357.963326     0.000024490   -697482.3161
0.1600    121643.219568     0.000010885   -735197.0601
0.1800     94128.501176     0.000021769   -762711.7783
0.2000     74063.522253     0.000016327   -782776.7575
0.2400     48013.894845     0.000027211   -808826.3847
0.2800     32766.252310     0.000027211   -824074.0273
0.3200     22605.271823     0.000016327   -834235.0077
0.3600     16127.115088     0.000002721   -840713.1644
0.4000     11834.935540     0.000024490   -845005.3441
0.4500      8219.740436     0.000021769   -848620.5392
0.5000      5841.612679     0.000021769   -850998.6669    -39028.430
0.5500      4191.226090     0.000024490   -852649.0536    -27271.386
0.6000      3067.670437     0.000005442   -853772.6091    -18325.397
0.6500      2303.040043     0.000021769   -854537.2395    -12701.996
0.7000      1761.116213     0.000027211   -855079.1635     -9234.680
0.7500      1360.911657     0.000024490   -855479.3680     -6905.822
0.8000      1060.327463     0.000024490   -855779.9522     -5206.436
0.8500       833.878983     0.000010885   -856006.4005     -3967.937
0.9000       660.332019     0.000027211   -856179.9477     -3044.887
0.9500       526.446821     0.000005442   -856313.8327     -2352.929
1.0000       422.330469     0.000027211   -856417.9492     -1834.777
1.1000       275.990321     0.000019048   -856564.2893     -1144.070
1.2000       183.533772     0.000016327   -856656.7458      -733.059
1.3000       124.122233     0.000027211   -856716.1572      -481.532
1.4000        85.118088     0.000013606   -856755.1615      -324.196
1.5000        58.933753     0.000005442   -856781.3459      -220.584
1.6000        41.103693     0.000013606   -856799.1759      -149.573
1.7000        28.949948     0.000010885   -856811.3296      -102.363
1.8000        20.535292     0.000016327   -856819.7442       -72.525
1.9000        14.464920     0.000024490   -856825.8145       -52.338
2.0000         9.966168     0.000008163   -856830.3134       -38.191
2.1000         6.622342     0.000024490   -856833.6571       -27.902
2.2000         4.159937     0.000016327   -856836.1198       -20.252
2.3000         2.378034     0.000027211   -856837.9016       -14.411
2.4000         1.122201     0.000019048   -856839.1574       -10.019
2.5000         0.295807     0.000010885   -856839.9838        -6.745
2.6000        -0.112603     0.000002721   -856840.3922        -4.609
2.7000        -0.362649     0.000010885   -856840.6423        -2.997
2.8000        -0.491917     0.000024490   -856840.7716        -1.781
2.9000        -0.530304     0.000016327   -856840.8099        -0.865
3.0000        -0.501114     0.000013606   -856840.7808        -0.219
3.1000        -0.421856     0.000016327   -856840.7013         0.284
3.2000        -0.307932     0.000008163   -856840.5876         0.619
3.3000        -0.169987     0.000005442   -856840.4496         0.835
3.4000        -0.016708     0.000024490   -856840.2962         0.995
3.5000         0.143810     0.000016327   -856840.1359         1.067
3.6000         0.307347     0.000016327   -856839.9724         1.074
3.7000         0.469835     0.000005442   -856839.8096         1.077
3.8000         0.627340     0.000008163   -856839.6523         1.058
3.9000         0.777699     0.000024490   -856839.5019         0.996
4.0000         0.920181     0.000019048   -856839.3593         0.935
5.0000         1.835624     0.000002721   -856838.4439         0.340
6.0000         2.145923     0.000019048   -856838.1337         0.100
7.0000         2.254992     0.000005442   -856838.0246         0.050
8.0000         2.304596     0.000013606   -856837.9750         0.027
9.0000         2.333644     0.000010885   -856837.9459         0.018
10.0000         2.353691     0.000016327   -856837.9258         0.012
100.0000         2.501125     0.000002721   -856837.7786         0.000
1000.0000         2.514009     0.000013606   -856837.7655
