0.0020  15682204.731101     0.000010885  15261465.4485
0.0040   7640165.085054     0.000021769   7219425.8042
0.0060   4971631.206379     0.000010885   4550891.9253
0.0080   3642322.780861     0.000021769   3221583.4995
0.0100   2847790.496860     0.000019048   2427051.2148
0.0120   2319973.577863     0.000019048   1899234.2959
0.0140   1944854.010674     0.000019048   1524114.7287
0.0160   1665061.796469     0.000016327   1244322.5147
0.0180   1448776.541165     0.000021769   1028037.2593
0.0200   1276792.160672     0.000013606    856052.8786
0.0400    528395.985458     0.000021769    107656.7035
0.0600    296977.209903     0.000024490   -123762.0721
0.0800    189413.963546     0.000019048   -231325.3184
0.1000    129814.736937     0.000019048   -290924.5450
0.1200     93768.808841     0.000013606   -326970.4731
0.1400     70293.674281     0.000021769   -350445.6078
0.1600     53892.106759     0.000019048   -366847.1752
0.1800     41979.769361     0.000019048   -378759.5127
0.2000     33226.189034     0.000013606   -387513.0928
0.2400     21789.104536     0.000008163   -398950.1775
0.2800     15037.723010     0.000016327   -405701.5589
0.3200     10698.387259     0.000019048   -410040.8946
0.3600      7643.694111     0.000019048   -413095.5880
0.4000      5597.011810     0.000016327   -415142.2703    -41823.891
0.4500      3915.103965     0.000021769   -416824.1781    -26818.290
0.5000      2814.017918     0.000024490   -417925.2641    -17921.262
0.5500      2066.775506     0.000008163   -418672.5064    -12478.187
0.6000      1529.141982     0.000016327   -419210.1399     -9287.596
0.6500      1126.297806     0.000008163   -419612.9843     -6809.098
0.7000       837.478707     0.000010885   -419901.8033     -4839.522
0.7500       632.134748     0.000019048   -420107.1473     -3454.967
0.8000       484.686779     0.000013606   -420254.5952     -2500.183
0.8500       377.068031     0.000021769   -420362.2139     -1845.954
0.9000       296.873408     0.000013606   -420442.4086     -1393.343
0.9500       235.881271     0.000024490   -420503.4007     -1068.173
1.0000       188.842939     0.000024490   -420550.4389      -827.561
1.1000       123.459315     0.000019048   -420615.8227      -512.375
1.2000        82.396178     0.000016327   -420656.8858      -325.869
1.3000        56.070782     0.000016327   -420683.2112      -210.668
1.4000        38.916495     0.000027211   -420700.3655      -138.584
1.5000        27.521758     0.000010885   -420711.7603       -93.225
1.6000        19.775145     0.000019048   -420719.5068       -64.293
1.7000        14.373571     0.000016327   -420724.9083       -45.511
1.8000        10.513830     0.000010885   -420728.7682       -32.962
1.9000         7.690498     0.000008163   -420731.5914       -24.319
2.0000         5.581392     0.000013606   -420733.7006       -18.223
2.1000         4.002086     0.000010885   -420735.2799       -13.712
2.2000         2.970818     0.000019048   -420736.3112       -10.574
2.3000         2.144848     0.000013606   -420737.1371        -8.048
2.4000         1.496409     0.000024490   -420737.7855        -6.034
2.5000         0.995230     0.000019048   -420738.2868        -4.431
2.6000         0.616159     0.000016327   -420738.6658        -3.200
2.7000         0.335661     0.000010885   -420738.9464        -2.202
2.8000         0.135695     0.000019048   -420739.1464        -1.484
2.9000         0.000177     0.000021769   -420739.2819        -0.896
3.0000        -0.084432     0.000021769   -420739.3663        -0.466
3.1000        -0.127902     0.000027211   -420739.4098        -0.158
3.2000        -0.140060     0.000019048   -420739.4220         0.089
3.3000        -0.128979     0.000019048   -420739.4109         0.255
3.4000        -0.100132     0.000019048   -420739.3820         0.347
3.5000        -0.058717     0.000021769   -420739.3407         0.417
3.6000        -0.009815     0.000019048   -420739.2917         0.461
3.7000         0.043397     0.000021769   -420739.2386         0.474
3.8000         0.098908     0.000016327   -420739.1831         0.458
3.9000         0.154708     0.000013606   -420739.1273         0.442
4.0000         0.208687     0.000008163   -420739.0732         0.423
5.0000         0.560694     0.000024490   -420738.7213         0.165
6.0000         0.664018     0.000010885   -420738.6179         0.073
7.0000         0.685934     0.000019048   -420738.5959         0.026
8.0000         0.688622     0.000005442   -420738.5934         0.013
9.0000         0.687276     0.000019048   -420738.5948         0.009
10.0000         0.685414     0.000008163   -420738.5964         0.006
100.0000         0.669860     0.000013606   -420738.6122         0.000
1000.0000         0.668521     0.000019048   -420738.6133
