0.0020   9885678.126543     0.000010885   9708453.7229
0.0040   4835573.861390     0.000016327   4658349.4587
0.0060   3154242.791603     0.000027211   2977018.3894
0.0080   2315408.809206     0.000021769   2138184.4065
0.0100   1813424.813439     0.000024490   1636200.4106
0.0120   1479687.724578     0.000008163   1302463.3219
0.0140   1242309.974691     0.000021769   1065085.5720
0.0160   1064815.495526     0.000024490    887591.0929
0.0180    927417.381311     0.000019048    750192.9785
0.0200    817881.861524     0.000010885    640657.4588
0.0400    339333.098749     0.000021769    162108.6960
0.0600    191712.940602     0.000024490     14488.5379
0.0800    123206.927158     0.000016327    -54017.4756
0.1000     85507.510755     0.000024490    -91716.8920
0.1200     62197.303591     0.000016327   -115027.0991
0.1400     46655.202863     0.000027211   -130569.1999
0.1600     35933.121153     0.000024490   -141291.2816
0.1800     28358.668135     0.000027211   -148865.7346
0.2000     22875.341309     0.000010885   -154349.0614
0.2400     15473.554604     0.000016327   -161750.8481
0.2800     10748.821842     0.000024490   -166475.5809
0.3200      7687.300441     0.000019048   -169537.1023
0.3600      5606.385733     0.000016327   -171618.0170    -42373.944
0.4000      4203.149474     0.000013606   -173021.2533    -28781.247
0.4500      3041.733321     0.000019048   -174182.6694    -18794.375
0.5000      2209.405600     0.000016327   -175014.9971    -14660.505
0.5500      1592.674727     0.000019048   -175631.7280    -10133.750
0.6000      1171.150938     0.000019048   -176053.2518     -6921.144
0.6500       881.071388     0.000024490   -176343.3313     -4817.819
0.7000       676.732126     0.000021769   -176547.6706     -3448.571
0.7500       528.358340     0.000010885   -176696.0444     -2549.794
0.8000       417.009174     0.000021769   -176807.3935     -1945.197
0.8500       331.008338     0.000013606   -176893.3944     -1519.713
0.9000       263.293568     0.000019048   -176961.1092     -1203.485
0.9500       209.495841     0.000019048   -177014.9069      -958.037
1.0000       166.584441     0.000013606   -177057.8183      -764.547
1.1000       104.514474     0.000010885   -177119.8883      -495.418
1.2000        63.868012     0.000016327   -177160.5347      -318.410
1.3000        38.006086     0.000010885   -177186.3966      -203.690
1.4000        21.745897     0.000010885   -177202.6568      -130.909
1.5000        11.426275     0.000021769   -177212.9765       -83.600
1.6000         4.844028     0.000024490   -177219.5587       -53.093
1.7000         0.692930     0.000019048   -177223.7098       -33.175
1.8000        -1.861202     0.000019048   -177226.2639       -20.054
1.9000        -3.291882     0.000024490   -177227.6946       -11.417
2.0000        -4.004723     0.000024490   -177228.4074        -5.757
2.1000        -4.265215     0.000016327   -177228.6679        -2.072
2.2000        -4.236477     0.000013606   -177228.6392         0.248
2.3000        -3.921217     0.000008163   -177228.3239         1.568
2.4000        -3.338441     0.000008163   -177227.7412         2.056
2.5000        -2.773290     0.000013606   -177227.1760         2.261
2.6000        -2.258693     0.000016327   -177226.6614         2.318
2.7000        -1.797446     0.000024490   -177226.2002         2.255
2.8000        -1.387740     0.000010885   -177225.7905         2.135
2.9000        -1.025568     0.000019048   -177225.4283         2.005
3.0000        -0.706778     0.000024490   -177225.1095         1.849
3.1000        -0.426098     0.000024490   -177224.8288         1.690
3.2000        -0.179173     0.000019048   -177224.5819         1.552
3.3000         0.037761     0.000016327   -177224.3650         1.412
3.4000         0.255414     0.000013606   -177224.1473         1.261
3.5000         0.481468     0.000024490   -177223.9213         1.108
3.6000         0.679673     0.000019048   -177223.7231         0.974
3.7000         0.852862     0.000021769   -177223.5498         0.852
3.8000         1.003994     0.000016327   -177223.3987         0.737
3.9000         1.135662     0.000016327   -177223.2671         0.637
4.0000         1.249795     0.000016327   -177223.1529         0.552
5.0000         1.787378     0.000005442   -177222.6154         0.115
6.0000         1.887676     0.000010885   -177222.5151         0.023
7.0000         1.904379     0.000010885   -177222.4983         0.004
8.0000         1.907190     0.000013606   -177222.4955         0.001
9.0000         1.907726     0.000027211   -177222.4950         0.000
10.0000         1.907807     0.000013606   -177222.4949
100.0000         1.907875     0.000002721   -177222.4948
1000.0000         1.907878     0.000002721   -177222.4948
