0.0020   5171450.537054     0.000021769   5080855.3131
0.0040   2533596.335938     0.000008163   2443001.1128
0.0060   1655120.122312     0.000021769   1564524.8994
0.0080   1217247.565974     0.000021769   1126652.3430
0.0100    955420.286152     0.000013606    864825.0632
0.0120    781368.427427     0.000010885    690773.2044
0.0140    657337.023259     0.000024490    566741.8002
0.0160    564539.644282     0.000024490    473944.4213
0.0180    492695.055908     0.000021769    402099.8329
0.0200    435462.747909     0.000016327    344867.5250
0.0400    182985.005136     0.000024490     92389.7822
0.0600    104672.036220     0.000019048     14076.8132
0.0800     68178.731805     0.000010885    -22416.4912
0.1000     47659.133141     0.000010885    -42936.0898
0.1200     34982.678542     0.000019048    -55612.5444
0.1400     26613.152487     0.000024490    -63982.0705
0.1600     20759.093349     0.000019048    -69836.1296
0.1800     16465.576274     0.000024490    -74129.6467
0.2000     13232.473616     0.000016327    -77362.7493
0.2400      8859.339227     0.000024490    -81735.8837
0.2800      6199.615162     0.000008163    -84395.6078
0.3200      4514.574440     0.000024490    -86080.6485    -33692.920
0.3600      3404.689541     0.000016327    -87190.5334    -22822.858
0.4000      2592.093987     0.000021769    -88003.1290    -18711.735
0.4500      1818.739574     0.000021769    -88776.4834    -12448.741
0.5000      1309.870874     0.000019048    -89285.3521     -8214.852
0.5500       971.212199     0.000024490    -89624.0108     -5529.679
0.6000       740.163495     0.000016327    -89855.0595     -3837.147
0.6500       577.065239     0.000013606    -90018.1577     -2763.301
0.7000       457.482988     0.000016327    -90137.7400     -2066.180
0.7500       366.587358     0.000021769    -90228.6356     -1598.355
0.8000       295.659287     0.000019048    -90299.5637     -1272.503
0.8500       238.876494     0.000016327    -90356.3465     -1028.740
0.9000       193.252308     0.000010885    -90401.9707      -833.957
0.9500       156.302993     0.000019048    -90438.9200      -671.458
1.0000       126.538447     0.000013606    -90468.6845      -536.901
1.1000        83.708183     0.000013606    -90511.5148      -336.781
1.2000        56.554250     0.000027211    -90538.6687      -218.762
1.3000        37.556322     0.000010885    -90557.6666      -152.195
1.4000        23.670929     0.000024490    -90571.5520      -110.220
1.5000        14.369993     0.000016327    -90580.8530       -76.723
1.6000         7.936215     0.000021769    -90587.2868       -53.461
1.7000         3.505399     0.000019048    -90591.7176       -36.964
1.8000         0.543852     0.000019048    -90594.6791       -25.192
1.9000        -1.419882     0.000013606    -90596.6429       -16.792
2.0000        -2.685376     0.000027211    -90597.9084       -10.848
2.1000        -3.462223     0.000010885    -90598.6852        -6.624
2.2000        -3.899467     0.000027211    -90599.1224        -3.702
2.3000        -4.103068     0.000021769    -90599.3260        -1.639
2.4000        -4.146775     0.000016327    -90599.3697        -0.253
2.5000        -4.076028     0.000027211    -90599.2990         0.690
2.6000        -3.932640     0.000013606    -90599.1556         1.308
2.7000        -3.746892     0.000016327    -90598.9699         1.693
2.8000        -3.536526     0.000016327    -90598.7595         1.924
2.9000        -3.313785     0.000024490    -90598.5368         2.041
3.0000        -3.087620     0.000019048    -90598.3106         2.077
3.1000        -2.787568     0.000010885    -90598.0105         1.973
3.2000        -2.480879     0.000008163    -90597.7039         1.812
3.3000        -2.207331     0.000024490    -90597.4303         1.645
3.4000        -1.963683     0.000013606    -90597.1867         1.492
3.5000        -1.746245     0.000021769    -90596.9692         1.349
3.6000        -1.552669     0.000010885    -90596.7756         1.213
3.7000        -1.380616     0.000013606    -90596.6036         1.087
3.8000        -1.227585     0.000010885    -90596.4506         0.979
3.9000        -1.091310     0.000019048    -90596.3143         0.872
4.0000        -0.969983     0.000027211    -90596.1929         0.776
5.0000        -0.253319     0.000024490    -90595.4763         0.209
6.0000        -0.058532     0.000010885    -90595.2815         0.064
7.0000         0.019162     0.000002721    -90595.2038         0.035
8.0000         0.063147     0.000010885    -90595.1598         0.023
9.0000         0.092960     0.000019048    -90595.1300         0.016
10.0000         0.114911     0.000005442    -90595.1081         0.012
100.0000         0.254824     0.000010885    -90594.9682         0.000
1000.0000         0.266122     0.000010885    -90594.9568
