0.0020  14111991.315262     0.000005442  13681421.9490
0.0040   6875086.307061     0.000019048   6444516.9400
0.0060   4473704.054012     0.000021769   4043134.6856
0.0080   3277625.252456     0.000010885   2847055.8859
0.0100   2563428.066236     0.000016327   2132858.6990
0.0120   2088632.605173     0.000010885   1658063.2380
0.0140   1750738.942550     0.000010885   1320169.5753
0.0160   1498592.619684     0.000016327   1068023.2525
0.0180   1303532.440910     0.000021769    872963.0736
0.0200   1148448.644396     0.000021769    717879.2773
0.0400    473607.458306     0.000010885     43038.0911
0.0600    265386.512723     0.000027211   -165182.8544
0.0800    169965.862774     0.000019048   -260603.5044
0.1000    117182.802043     0.000016327   -313386.5651
0.1200     85137.772571     0.000021769   -345431.5946
0.1400     64250.985270     0.000024490   -366318.3819
0.1600     49582.847840     0.000016327   -380986.5192
0.1800     38770.727158     0.000021769   -391798.6400
0.2000     30704.789225     0.000019048   -399864.5778
0.2400     20056.198476     0.000008163   -410513.1688
0.2800     13795.311413     0.000016327   -416774.0558
0.3200      9865.853371     0.000016327   -420703.5139
0.3600      7130.354222     0.000016327   -423439.0129
0.4000      5216.966874     0.000013606   -425352.4002    -39270.690
0.4500      3637.151087     0.000021769   -426932.2160    -25155.994
0.5000      2605.132877     0.000016327   -427964.2343    -16847.204
0.5500      1901.386116     0.000005442   -428667.9812    -11722.471
0.6000      1402.030653     0.000021769   -429167.3364     -8542.829
0.6500      1031.209553     0.000019048   -429538.1575     -6391.462
0.7000       756.608504     0.000008163   -429812.7586     -4644.652
0.7500       558.759829     0.000010885   -430010.6072     -3325.333
0.8000       416.968942     0.000013606   -430152.3982     -2389.601
0.8500       314.557131     0.000019048   -430254.8099     -1737.420
0.9000       239.566722     0.000010885   -430329.8005     -1283.550
0.9500       183.721201     0.000021769   -430385.6459      -965.101
1.0000       141.432684     0.000016327   -430427.9345      -737.758
1.1000        83.676822     0.000021769   -430485.6905      -446.043
1.2000        48.423463     0.000013606   -430520.9436      -274.070
1.3000        26.773625     0.000013606   -430542.5936      -167.425
1.4000        13.543275     0.000016327   -430555.8240      -101.496
1.5000         5.478489     0.000013606   -430563.8887       -61.297
1.6000         0.589015     0.000010885   -430568.7783       -36.903
1.7000        -2.289344     0.000019048   -430571.6564       -21.955
1.8000        -3.993000     0.000005442   -430573.3601       -12.743
1.9000        -4.963745     0.000024490   -430574.3310        -6.890
2.0000        -5.465866     0.000024490   -430574.8331        -3.183
2.1000        -5.620419     0.000019048   -430574.9876        -0.857
2.2000        -5.355102     0.000027211   -430574.7223         0.325
2.3000        -5.017226     0.000005442   -430574.3844         1.006
2.4000        -4.591216     0.000019048   -430573.9585         1.453
2.5000        -4.179322     0.000024490   -430573.5465         1.627
2.6000        -3.769037     0.000013606   -430573.1362         1.708
2.7000        -3.342134     0.000013606   -430572.7092         1.625
2.8000        -2.982404     0.000013606   -430572.3495         1.562
2.9000        -2.674067     0.000016327   -430572.0412         1.521
3.0000        -2.404374     0.000010885   -430571.7715         1.444
3.1000        -2.163020     0.000024490   -430571.5302         1.380
3.2000        -1.945511     0.000002721   -430571.3128         1.325
3.3000        -1.746893     0.000005442   -430571.1141         1.249
3.4000        -1.533803     0.000024490   -430570.9010         1.137
3.5000        -1.339353     0.000013606   -430570.7065         1.044
3.6000        -1.164991     0.000005442   -430570.5321         0.954
3.7000        -1.008849     0.000019048   -430570.3761         0.858
3.8000        -0.868873     0.000002721   -430570.2360         0.757
3.9000        -0.743935     0.000021769   -430570.1111         0.680
4.0000        -0.633321     0.000019048   -430570.0006         0.600
5.0000        -0.063620     0.000005442   -430569.4308         0.150
6.0000         0.061952     0.000008163   -430569.3051         0.037
7.0000         0.087210     0.000010885   -430569.2801         0.007
8.0000         0.093458     0.000024490   -430569.2738         0.002
9.0000         0.095871     0.000019048   -430569.2714         0.001
10.0000         0.097259     0.000021769   -430569.2700         0.000
100.0000         0.104897     0.000013606   -430569.2624
1000.0000         0.105512     0.000008163   -430569.2616
