0.0020         0.000000     0.000024490  31613579.2081
0.0040  15726947.282148     0.000024490  15017216.1811
0.0060  10210517.926990     0.000016327   9500786.8250
0.0080   7461976.441906     0.000024490   6752245.3410
0.0100   5819021.456630     0.000024490   5109290.3539
0.0120   4728317.902397     0.000008163   4018586.8009
0.0140   3953921.092017     0.000016327   3244189.9898
0.0160   3377175.007036     0.000019048   2667443.9052
0.0180   2932265.805508     0.000013606   2222534.7035
0.0200   2579201.935142     0.000024490   1869470.8332
0.0400   1045655.007432     0.000024490    335923.9056
0.0600    579038.530151     0.000019048   -130692.5718
0.0800    366865.514492     0.000016327   -342865.5875
0.1000    251870.559996     0.000021769   -457860.5418
0.1200    181254.021797     0.000019048   -528477.0802
0.1400    135548.741581     0.000016327   -574182.3602
0.1600    104586.504272     0.000016327   -605144.5976
0.1800     82215.823219     0.000010885   -627515.2787
0.2000     65254.914524     0.000027211   -644476.1875
0.2400     42348.715277     0.000019048   -667382.3867
0.2800     28770.986016     0.000024490   -680960.1160
0.3200     20304.358970     0.000005442   -689426.7429
0.3600     14371.515703     0.000021769   -695359.5862
0.4000     10437.209379     0.000016327   -699293.8925
0.4500      7259.543005     0.000005442   -702471.5588    -50197.510
0.5000      5203.227747     0.000013606   -704527.8742    -33576.861
0.5500      3791.935385     0.000024490   -705939.1666    -23650.287
0.6000      2785.599424     0.000019048   -706945.5025    -16946.684
0.6500      2066.100353     0.000019048   -707665.0015    -12092.660
0.7000      1555.514461     0.000021769   -708175.5874     -8584.772
0.7500      1190.462841     0.000016327   -708540.6392     -6225.300
0.8000       921.623574     0.000010885   -708809.4782     -4648.067
0.8500       717.531677     0.000010885   -709013.5702     -3593.202
0.9000       557.681264     0.000024490   -709173.4206     -2808.460
0.9500       433.530018     0.000010885   -709297.5718     -2176.610
1.0000       337.667805     0.000021769   -709393.4340     -1681.393
1.1000       206.507703     0.000027211   -709524.5943     -1002.670
1.2000       127.904127     0.000013606   -709603.1977      -605.825
1.3000        80.034599     0.000008163   -709651.0674      -375.217
1.4000        50.407821     0.000019048   -709680.6941      -238.460
1.5000        31.403790     0.000016327   -709699.6982      -154.455
1.6000        19.019947     0.000013606   -709712.0819      -101.401
1.7000        10.878066     0.000024490   -709720.2238       -66.763
1.8000         5.532167     0.000019048   -709725.5698       -43.618
1.9000         2.057780     0.000021769   -709729.0441       -28.013
2.0000        -0.111738     0.000016327   -709731.2137       -17.696
2.1000        -1.476101     0.000019048   -709732.5780       -10.809
2.2000        -2.189883     0.000016327   -709733.2918        -6.636
2.3000        -2.378314     0.000024490   -709733.4801        -4.329
2.4000        -2.473320     0.000016327   -709733.5753        -2.851
2.5000        -2.469140     0.000016327   -709733.5710        -1.843
2.6000        -2.350833     0.000019048   -709733.4526        -1.286
2.7000        -2.174035     0.000016327   -709733.2760        -0.946
2.8000        -2.035391     0.000008163   -709733.1372        -0.680
2.9000        -1.925364     0.000013606   -709733.0273        -0.408
3.0000        -1.828481     0.000016327   -709732.9304        -0.172
3.1000        -1.735219     0.000008163   -709732.8371         0.046
3.2000        -1.642118     0.000010885   -709732.7440         0.199
3.3000        -1.547553     0.000024490   -709732.6493         0.332
3.4000        -1.450955     0.000019048   -709732.5527         0.433
3.5000        -1.354689     0.000010885   -709732.4567         0.490
3.6000        -1.258848     0.000027211   -709732.3606         0.519
3.7000        -1.164509     0.000016327   -709732.2665         0.546
3.8000        -1.073617     0.000010885   -709732.1756         0.549
3.9000        -0.986783     0.000016327   -709732.0888         0.531
4.0000        -0.903870     0.000008163   -709732.0058         0.512
5.0000        -0.357751     0.000010885   -709731.4597         0.210
6.0000        -0.174474     0.000008163   -709731.2763         0.064
7.0000        -0.122634     0.000021769   -709731.2246         0.031
8.0000        -0.106709     0.000002721   -709731.2085         0.016
9.0000        -0.100405     0.000024490   -709731.2022         0.009
10.0000        -0.096954     0.000008163   -709731.1990         0.007
100.0000        -0.081264     0.000021769   -709731.1832         0.000
1000.0000        -0.080260     0.000013606   -709731.1821
