0.0020   7078661.241472     0.000013606   6909377.0765
0.0040   3457309.543794     0.000005442   3288025.3773
0.0060   2254663.999933     0.000021769   2085379.8343
0.0080   1655435.276937     0.000013606   1486151.1115
0.0100   1297194.535166     0.000024490   1127910.3696
0.0120   1059257.327938     0.000002721    889973.1624
0.0140    889897.664486     0.000008163    720613.4991
0.0160    763363.873286     0.000008163    594079.7077
0.0180    665431.614153     0.000024490    496147.4486
0.0200    587476.742651     0.000010885    418192.5771
0.0400    245821.984452     0.000008163     76537.8190
0.0600    140458.627704     0.000002721    -28825.5378
0.0800     90703.933599     0.000019048    -78580.2319
0.1000     63081.796113     0.000019048   -106202.3694
0.1200     46166.356020     0.000013606   -123117.8095
0.1400     34895.849299     0.000005442   -134388.3162
0.1600     26958.471258     0.000021769   -142325.6942
0.1800     21229.450808     0.000019048   -148054.7147
0.2000     17035.007120     0.000021769   -152249.1584
0.2400     11550.029819     0.000024490   -157734.1357
0.2800      8261.809330     0.000016327   -161022.3562
0.3200      5936.193554     0.000013606   -163347.9719    -47395.177
0.3600      4377.897026     0.000019048   -164906.2685    -31777.406
0.4000      3317.547584     0.000016327   -165966.6179    -22024.271
0.4500      2421.326251     0.000016327   -166862.8392    -14508.639
0.5000      1821.022899     0.000010885   -167463.1426     -9919.923
0.5500      1398.857369     0.000019048   -167885.3081     -7332.404
0.6000      1067.487938     0.000024490   -168216.6776     -5867.355
0.6500       812.267550     0.000024490   -168471.8979     -4387.676
0.7000       623.030781     0.000010885   -168661.1347     -3237.244
0.7500       483.137003     0.000008163   -168801.0285     -2400.263
0.8000       378.875728     0.000016327   -168905.2898     -1800.065
0.8500       300.179481     0.000016327   -168983.9860     -1369.041
0.9000       239.921330     0.000021769   -169044.2442     -1056.465
0.9500       193.137983     0.000016327   -169091.0275      -826.312
1.0000       156.399640     0.000008163   -169127.7658      -653.945
1.1000       103.809155     0.000016327   -169180.3563      -419.868
1.2000        69.723384     0.000008163   -169214.4421      -274.279
1.3000        47.339042     0.000024490   -169236.8265      -180.702
1.4000        32.504475     0.000019048   -169251.6610      -120.009
1.5000        22.573526     0.000019048   -169261.5920       -80.502
1.6000        15.845242     0.000013606   -169268.3202       -54.741
1.7000        11.221310     0.000027211   -169272.9442       -37.853
1.8000         7.999070     0.000021769   -169276.1664       -26.516
1.9000         5.774000     0.000024490   -169278.3915       -18.876
2.0000         4.203045     0.000010885   -169279.9624       -13.538
2.1000         3.076248     0.000027211   -169281.0892        -9.716
2.2000         2.266688     0.000024490   -169281.8988        -6.974
2.3000         1.686309     0.000021769   -169282.4792        -4.891
2.4000         1.272092     0.000019048   -169282.8934        -3.442
2.5000         0.979172     0.000019048   -169283.1863        -2.307
2.6000         0.774194     0.000024490   -169283.3913        -1.495
2.7000         0.634132     0.000021769   -169283.5314        -0.924
2.8000         0.540674     0.000019048   -169283.6248        -0.460
2.9000         0.481043     0.000016327   -169283.6845        -0.171
3.0000         0.446528     0.000016327   -169283.7190         0.035
3.1000         0.429439     0.000024490   -169283.7360         0.222
3.2000         0.424816     0.000010885   -169283.7407         0.295
3.3000         0.429638     0.000008163   -169283.7359         0.343
3.4000         0.440972     0.000013606   -169283.7245         0.383
3.5000         0.456322     0.000010885   -169283.7092         0.397
3.6000         0.474311     0.000005442   -169283.6912         0.398
3.7000         0.494148     0.000024490   -169283.6713         0.380
3.8000         0.514875     0.000013606   -169283.6506         0.367
3.9000         0.535635     0.000021769   -169283.6299         0.349
4.0000         0.555727     0.000013606   -169283.6098         0.321
5.0000         0.695202     0.000019048   -169283.4703         0.109
6.0000         0.743233     0.000024490   -169283.4223         0.028
7.0000         0.756169     0.000024490   -169283.4093         0.007
8.0000         0.759432     0.000024490   -169283.4061         0.001
9.0000         0.760167     0.000024490   -169283.4053
10.0000         0.760335     0.000024490   -169283.4052        -0.000
100.0000         0.760379     0.000024490   -169283.4051
1000.0000         0.760379     0.000024490   -169283.4051
