0.0020   9127527.935507     0.000019048   8833912.3839
0.0040   4451234.718843     0.000010885   4157619.1674
0.0060   2898226.690843     0.000019048   2604611.1401
0.0080   2125506.877081     0.000013606   1831891.3263
0.0100   1663976.148889     0.000021769   1370360.5980
0.0120   1357757.918607     0.000008163   1064142.3679
0.0140   1139706.526895     0.000005442    846090.9762
0.0160    976707.734908     0.000008163    683092.1841
0.0180    850522.752220     0.000021769    556907.2014
0.0200    750103.439043     0.000013606    456487.8882
0.0400    311813.834245     0.000008163     18198.2835
0.0600    176159.169374     0.000024490   -117456.3814
0.0800    113300.533504     0.000010885   -180315.0173
0.1000     78665.375591     0.000016327   -214950.1752
0.1200     57156.126341     0.000024490   -236459.4244
0.1400     42904.752685     0.000024490   -250710.7981
0.1600     33120.322157     0.000019048   -260495.2286
0.1800     26190.540198     0.000024490   -267425.0106
0.2000     21133.640351     0.000027211   -272481.9103
0.2400     14071.542966     0.000016327   -279544.0077
0.2800      9662.589345     0.000027211   -283952.9614
0.3200      6858.390278     0.000019048   -286757.1605
0.3600      5014.386556     0.000019048   -288601.1642    -37640.587
0.4000      3759.547424     0.000024490   -289856.0033    -26083.610
0.4500      2673.639393     0.000013606   -290941.9113    -18066.139
0.5000      1912.210099     0.000013606   -291703.3406    -12636.472
0.5500      1386.407562     0.000008163   -292229.1431     -8651.330
0.6000      1026.409819     0.000021769   -292589.1409     -5948.219
0.6500       776.831374     0.000016327   -292838.7195     -4171.197
0.7000       599.339242     0.000021769   -293016.2115     -3016.850
0.7500       468.160895     0.000013606   -293147.3898     -2284.177
0.8000       366.615467     0.000016327   -293248.9354     -1799.157
0.8500       286.542920     0.000010885   -293329.0079     -1425.984
0.9000       223.505207     0.000019048   -293392.0455     -1111.158
0.9500       174.800933     0.000024490   -293440.7498      -851.409
1.0000       137.711648     0.000008163   -293477.8392      -644.589
1.1000        88.658353     0.000016327   -293526.8924      -365.671
1.2000        60.011338     0.000024490   -293555.5395      -218.304
1.3000        42.205283     0.000027211   -293573.3455      -150.728
1.4000        30.289993     0.000008163   -293585.2609      -104.120
1.5000        22.140833     0.000024490   -293593.4099       -71.819
1.6000        16.641897     0.000010885   -293598.9090       -49.188
1.7000        12.874462     0.000013606   -293602.6764       -33.298
1.8000        10.328094     0.000010885   -293605.2226       -22.285
1.9000         8.631749     0.000016327   -293606.9190       -14.739
2.0000         7.767972     0.000016327   -293607.7829        -9.995
2.1000         7.307419     0.000027211   -293608.2433        -6.927
2.2000         7.197109     0.000024490   -293608.3538        -5.276
2.3000         7.134931     0.000008163   -293608.4159        -4.099
2.4000         7.031321     0.000016327   -293608.5195        -3.390
2.5000         6.893634     0.000010885   -293608.6572        -2.852
2.6000         6.780576     0.000019048   -293608.7701        -2.556
2.7000         6.631556     0.000019048   -293608.9193        -2.322
2.8000         6.466146     0.000024490   -293609.0847        -2.011
2.9000         6.301800     0.000010885   -293609.2491        -1.758
3.0000         6.154957     0.000016327   -293609.3957        -1.482
3.1000         6.050557     0.000016327   -293609.5002        -1.198
3.2000         5.959274     0.000024490   -293609.5914        -0.938
3.3000         5.884056     0.000019048   -293609.6668        -0.739
3.4000         5.824368     0.000027211   -293609.7264        -0.532
3.5000         5.778813     0.000019048   -293609.7721        -0.352
3.6000         5.747107     0.000027211   -293609.8036        -0.198
3.7000         5.748965     0.000010885   -293609.8017        -0.099
3.8000         5.763303     0.000002721   -293609.7876        -0.002
3.9000         5.786642     0.000013606   -293609.7642         0.076
4.0000         5.816528     0.000002721   -293609.7342         0.137
5.0000         6.182677     0.000005442   -293609.3680         0.178
6.0000         6.382479     0.000013606   -293609.1682         0.085
7.0000         6.451017     0.000019048   -293609.0997         0.029
8.0000         6.472149     0.000002721   -293609.0787         0.010
9.0000         6.478835     0.000005442   -293609.0719         0.004
10.0000         6.481349     0.000021769   -293609.0695         0.002
100.0000         6.488617     0.000013606   -293609.0621
1000.0000         6.489083     0.000021769   -293609.0616
