0.0020   8860593.294355     0.000027211   8715434.7277
0.0040   4335388.937120     0.000008163   4190230.3711
0.0060   2828848.677608     0.000021769   2683690.1114
0.0080   2077055.356652     0.000024490   1931896.7904
0.0100   1626991.251254     0.000008163   1481832.6850
0.0120   1328400.238066     0.000016327   1183241.6717
0.0140   1116011.900911     0.000016327    970853.3346
0.0160    957117.435954     0.000013606    811958.8697
0.0180    833846.593647     0.000024490    688688.0275
0.0200    735835.472169     0.000008163    590676.9060
0.0400    306303.808226     0.000010885    161145.2420
0.0600    173323.479680     0.000024490     28164.9135
0.0800    111545.771576     0.000021769    -33612.7946
0.1000     77489.514374     0.000016327    -67669.0518
0.1200     56518.115931     0.000010885    -88640.4503
0.1400     42507.863274     0.000027211   -102650.7029
0.1600     32715.624191     0.000016327   -112442.9420
0.1800     25742.966447     0.000005442   -119415.5998
0.2000     20686.857360     0.000024490   -124471.7089
0.2400     14130.016865     0.000019048   -131028.5493
0.2800      9849.185993     0.000024490   -135309.3802
0.3200      7078.818888     0.000027211   -138079.7473
0.3600      5224.473053     0.000019048   -139934.0931    -39018.404
0.4000      3895.144178     0.000021769   -141263.4220    -27754.015
0.4500      2777.176714     0.000016327   -142381.3895    -17731.376
0.5000      2053.991557     0.000010885   -143104.5747    -11695.917
0.5500      1550.728211     0.000021769   -143607.8380     -9407.968
0.6000      1139.155231     0.000024490   -144019.4110     -6912.048
0.6500       848.567406     0.000013606   -144309.9988     -4820.629
0.7000       644.929253     0.000019048   -144513.6370     -3399.843
0.7500       499.904689     0.000016327   -144658.6615     -2445.925
0.8000       394.327534     0.000013606   -144764.2387     -1803.075
0.8500       315.830907     0.000008163   -144842.7353     -1363.579
0.9000       255.770164     0.000027211   -144902.7960     -1057.972
0.9500       208.677722     0.000021769   -144949.8885      -839.287
1.0000       170.989139     0.000008163   -144987.5771      -676.815
1.1000       115.371943     0.000008163   -145043.1943      -452.088
1.2000        77.844607     0.000008163   -145080.7216      -305.311
1.3000        52.378639     0.000010885   -145106.1876      -205.897
1.4000        35.419384     0.000019048   -145123.1468      -138.044
1.5000        24.185976     0.000013606   -145134.3802       -93.156
1.6000        16.517761     0.000019048   -145142.0485       -64.181
1.7000        11.076635     0.000024490   -145147.4896       -45.494
1.8000         7.062952     0.000027211   -145151.5032       -33.017
1.9000         4.048190     0.000019048   -145154.5180       -24.231
2.0000         1.994740     0.000016327   -145156.5715       -17.294
2.1000         0.566705     0.000013606   -145157.9995       -12.371
2.2000        -0.322885     0.000016327   -145158.8891        -9.476
2.3000        -1.033062     0.000019048   -145159.5993        -7.109
2.4000        -1.582702     0.000013606   -145160.1489        -5.210
2.5000        -1.993387     0.000016327   -145160.5596        -3.673
2.6000        -2.285044     0.000010885   -145160.8513        -2.473
2.7000        -2.480294     0.000019048   -145161.0465        -1.528
2.8000        -2.597513     0.000010885   -145161.1637        -0.816
2.9000        -2.654123     0.000013606   -145161.2203        -0.267
3.0000        -2.604386     0.000010885   -145161.1706         0.090
3.1000        -2.494145     0.000016327   -145161.0604         0.327
3.2000        -2.379247     0.000021769   -145160.9455         0.488
3.3000        -2.259553     0.000019048   -145160.8258         0.601
3.4000        -2.136976     0.000013606   -145160.7032         0.657
3.5000        -2.013706     0.000024490   -145160.5799         0.692
3.6000        -1.893301     0.000016327   -145160.4595         0.696
3.7000        -1.776292     0.000010885   -145160.3425         0.690
3.8000        -1.664099     0.000013606   -145160.2303         0.662
3.9000        -1.557284     0.000021769   -145160.1235         0.631
4.0000        -1.456120     0.000021769   -145160.0223         0.599
5.0000        -0.771013     0.000021769   -145159.3372         0.270
6.0000        -0.477563     0.000019048   -145159.0438         0.126
7.0000        -0.343748     0.000013606   -145158.9099         0.058
8.0000        -0.270138     0.000021769   -145158.8363         0.035
9.0000        -0.222984     0.000016327   -145158.7892         0.024
10.0000        -0.189568     0.000021769   -145158.7558         0.018
100.0000         0.009804     0.000016327   -145158.5564         0.000
1000.0000         0.025105     0.000019048   -145158.5411
