0.0020   5886688.958545     0.000016327   5320705.3522
0.0040   2869094.217059     0.000016327   2303110.6099
0.0060   1866765.971983     0.000013606   1300782.3648
0.0080   1368168.665567     0.000016327    802185.0584
0.0100   1070295.227749     0.000013606    504311.6206
0.0120    872586.216198     0.000010885    306602.6090
0.0140    732165.263371     0.000013606    166181.6562
0.0160    627341.947022     0.000027211     61358.3399
0.0180    546249.454263     0.000021769    -19734.1529
0.0200    481762.379061     0.000016327    -84221.2280
0.0400    199944.156067     0.000016327   -366039.4509
0.0600    113201.924918     0.000024490   -452781.6822
0.0800     73381.107778     0.000024490   -492602.4992
0.1000     51090.713696     0.000016327   -514892.8933
0.1200     37115.448367     0.000019048   -528868.1588
0.1400     27860.860563     0.000024490   -538122.7464
0.1600     21564.098703     0.000016327   -544419.5084
0.1800     17141.729455     0.000021769   -548841.8778
0.2000     13890.980156     0.000019048   -552092.6271
0.2400      9342.966728     0.000021769   -556640.6405
0.2800      6470.676009     0.000013606   -559512.9312
0.3200      4645.355511     0.000016327   -561338.2515    -36427.037
0.3600      3448.368145     0.000016327   -562535.2389    -24447.754
0.4000      2625.191314     0.000021769   -563358.4158    -17298.710
0.4500      1906.908516     0.000016327   -564076.6987    -11868.758
0.5000      1407.473651     0.000013606   -564576.1333     -8332.778
0.5500      1054.563665     0.000013606   -564929.0434     -5925.996
0.6000       801.770156     0.000013606   -565181.8370     -4274.221
0.6500       618.159958     0.000016327   -565365.4472     -3130.761
0.7000       483.034391     0.000027211   -565500.5728     -2312.214
0.7500       382.483415     0.000021769   -565601.1238     -1740.036
0.8000       306.180911     0.000027211   -565677.4262     -1342.165
0.8500       246.363868     0.000024490   -565737.2433     -1070.341
0.9000       197.424077     0.000016327   -565786.1830      -879.789
0.9500       157.501696     0.000013606   -565826.1054      -718.601
1.0000       125.107471     0.000019048   -565858.4998      -578.626
1.1000        78.815449     0.000008163   -565904.7918      -364.482
1.2000        49.942085     0.000013606   -565933.6650      -225.860
1.3000        32.032542     0.000024490   -565951.5744      -140.027
1.4000        20.908752     0.000024490   -565962.6985       -87.643
1.5000        13.964940     0.000013606   -565969.6423       -55.746
1.6000         9.600186     0.000024490   -565974.0070       -36.239
1.7000         6.815407     0.000021769   -565976.7918       -24.188
1.8000         4.987188     0.000016327   -565978.6199       -16.673
1.9000         3.740204     0.000027211   -565979.8670       -11.848
2.0000         2.853885     0.000027211   -565980.7532        -8.583
2.1000         2.206235     0.000024490   -565981.4009        -6.336
2.2000         1.723573     0.000024490   -565981.8836        -4.681
2.3000         1.361895     0.000021769   -565982.2452        -3.465
2.4000         1.091365     0.000019048   -565982.5157        -2.541
2.5000         0.889671     0.000016327   -565982.7173        -1.861
2.6000         0.741394     0.000010885   -565982.8656        -1.347
2.7000         0.633481     0.000008163   -565982.9737        -0.962
2.8000         0.556043     0.000008163   -565983.0510        -0.676
2.9000         0.501740     0.000005442   -565983.1054        -0.464
3.0000         0.464588     0.000021769   -565983.1427        -0.311
3.1000         0.439845     0.000019048   -565983.1672        -0.203
3.2000         0.424125     0.000013606   -565983.1829        -0.124
3.3000         0.414851     0.000021769   -565983.1922        -0.069
3.4000         0.410070     0.000016327   -565983.1971        -0.031
3.5000         0.408304     0.000024490   -565983.1987        -0.006
3.6000         0.408500     0.000016327   -565983.1987         0.009
3.7000         0.409921     0.000010885   -565983.1971         0.019
3.8000         0.412081     0.000010885   -565983.1949         0.024
3.9000         0.414585     0.000013606   -565983.1925         0.026
4.0000         0.417197     0.000013606   -565983.1900         0.026
5.0000         0.433752     0.000005442   -565983.1734         0.007
6.0000         0.437148     0.000002721   -565983.1699         0.001
7.0000         0.437627     0.000002721   -565983.1696        -0.000
8.0000         0.437687     0.000002721   -565983.1693        -0.000
9.0000         0.437695     0.000002721   -565983.1693        -0.000
10.0000         0.437695     0.000002721   -565983.1693        -0.000
100.0000         0.437695     0.000002721   -565983.1693
1000.0000         0.437695     0.000002721   -565983.1693
