0.0020   5398464.121799     0.000016327   4937776.3943
0.0040   2631624.493402     0.000021769   2170936.7652
0.0060   1712543.363036     0.000021769   1251855.6348
0.0080   1255227.980136     0.000027211    794540.2518
0.0100    982121.917348     0.000016327    521434.1891
0.0120    800877.402095     0.000010885    340189.6737
0.0140    672109.024639     0.000013606    211421.2964
0.0160    576047.412021     0.000021769    115359.6838
0.0180    501748.547811     0.000019048     41060.8196
0.0200    442754.010436     0.000024490    -17933.7178
0.0400    184527.977105     0.000008163   -276159.7512
0.0600    104402.132372     0.000016327   -356285.5960
0.0800     67582.799789     0.000013606   -393104.9286
0.1000     47277.190615     0.000010885   -413410.5376
0.1200     34521.247205     0.000021769   -426166.4811
0.1400     25908.939143     0.000016327   -434778.7891
0.1600     19943.249383     0.000013606   -440744.4790
0.1800     15722.642343     0.000013606   -444965.0860
0.2000     12665.083604     0.000016327   -448022.6447
0.2400      8574.401537     0.000024490   -452113.3268
0.2800      5927.627942     0.000005442   -454760.1004
0.3200      4207.837127     0.000024490   -456479.8911    -34442.681
0.3600      3077.893636     0.000016327   -457609.8345    -22950.895
0.4000      2313.315964     0.000021769   -458374.4124    -15831.538
0.4500      1665.010885     0.000019048   -459022.7174    -10613.108
0.5000      1216.310200     0.000005442   -459471.4181     -7554.629
0.5500       895.170478     0.000024490   -459792.5577     -5404.605
0.6000       665.785414     0.000021769   -460021.9430     -3854.826
0.6500       501.753181     0.000008163   -460185.9752     -2779.044
0.7000       382.814213     0.000008163   -460304.9140     -2023.203
0.7500       295.469479     0.000008163   -460392.2588     -1495.816
0.8000       230.002812     0.000019048   -460457.7253     -1127.144
0.8500       180.223650     0.000021769   -460507.5045      -860.545
0.9000       142.155059     0.000021769   -460545.5732      -667.256
0.9500       112.505269     0.000013606   -460575.2230      -524.921
1.0000        89.058153     0.000008163   -460598.6700      -417.069
1.1000        55.465949     0.000021769   -460632.2622      -267.960
1.2000        33.802540     0.000021769   -460653.9257      -172.007
1.3000        19.900105     0.000013606   -460667.8280      -109.175
1.4000        11.131208     0.000010885   -460676.5969       -68.896
1.5000         5.617787     0.000024490   -460682.1105       -43.401
1.6000         2.265746     0.000027211   -460685.4624       -27.333
1.7000         0.378611     0.000021769   -460687.3498       -17.367
1.8000        -0.799264     0.000027211   -460688.5275       -11.077
1.9000        -1.527520     0.000013606   -460689.2556        -7.102
2.0000        -1.980176     0.000019048   -460689.7084        -4.579
2.1000        -2.262211     0.000016327   -460689.9904        -2.975
2.2000        -2.439578     0.000010885   -460690.1678        -1.915
2.3000        -2.550791     0.000021769   -460690.2791        -1.262
2.4000        -2.619402     0.000019048   -460690.3476        -0.795
2.5000        -2.660945     0.000021769   -460690.3893        -0.516
2.6000        -2.684274     0.000019048   -460690.4124        -0.323
2.7000        -2.695749     0.000019048   -460690.4241        -0.142
2.8000        -2.699996     0.000019048   -460690.4282        -0.104
2.9000        -2.699428     0.000016327   -460690.4276        -0.047
3.0000        -2.695890     0.000016327   -460690.4241        -0.008
3.1000        -2.690965     0.000019048   -460690.4192         0.016
3.2000        -2.685438     0.000019048   -460690.4138         0.027
3.3000        -2.679672     0.000019048   -460690.4080         0.035
3.4000        -2.673952     0.000019048   -460690.4023         0.038
3.5000        -2.668701     0.000019048   -460690.3969         0.039
3.6000        -2.663993     0.000021769   -460690.3923         0.037
3.7000        -2.659786     0.000021769   -460690.3879         0.037
3.8000        -2.656009     0.000019048   -460690.3844         0.032
3.9000        -2.652725     0.000019048   -460690.3808         0.029
4.0000        -2.649851     0.000019048   -460690.3781         0.026
5.0000        -2.637410     0.000019048   -460690.3656         0.007
6.0000        -2.635658     0.000019048   -460690.3640         0.001
7.0000        -2.635451     0.000024490   -460690.3637        -0.000
8.0000        -2.635429     0.000019048   -460690.3637        -0.000
9.0000        -2.635429     0.000019048   -460690.3637        -0.000
10.0000        -2.635426     0.000024490   -460690.3637        -0.000
100.0000        -2.635426     0.000019048   -460690.3637
1000.0000        -2.635426     0.000024490   -460690.3637
