0.0020  16658275.994398     0.000021769  16228711.9182
0.0040   8113714.664152     0.000024490   7684150.5885
0.0060   5279382.754406     0.000021769   4849818.6779
0.0080   3867153.508494     0.000016327   3437589.4331
0.0100   3022914.348882     0.000013606   2593350.2734
0.0120   2462148.195188     0.000013606   2032584.1197
0.0140   2063710.595153     0.000021769   1634146.5197
0.0160   1766359.307168     0.000013606   1336795.2316
0.0180   1536440.414754     0.000005442   1106876.3393
0.0200   1353596.171841     0.000019048    924032.0964
0.0400    558092.877384     0.000019048    128528.8019
0.0600    313566.525072     0.000013606   -115997.5504
0.0800    200137.256000     0.000021769   -229426.8195
0.1000    137344.869557     0.000019048   -292219.2061
0.1200     99272.046749     0.000019048   -330292.0289
0.1400     74340.880126     0.000021769   -355223.1953
0.1600     56897.977716     0.000016327   -372666.0977
0.1800     44294.297223     0.000019048   -385269.7782
0.2000     35072.704804     0.000013606   -394491.3707
0.2400     23032.062803     0.000021769   -406532.0126
0.2800     15924.341284     0.000024490   -413639.7343
0.3200     11227.952990     0.000019048   -418336.1224
0.3600      8025.239396     0.000019048   -421538.8360
0.4000      5897.486820     0.000013606   -423666.5886    -43600.312
0.4500      4136.996361     0.000021769   -425427.0792    -28175.395
0.5000      2979.633886     0.000013606   -426584.4416    -18858.754
0.5500      2189.793922     0.000019048   -427374.2815    -13327.794
0.6000      1609.802922     0.000013606   -427954.2725     -9972.257
0.6500      1187.743639     0.000016327   -428376.3319     -7042.873
0.7000       890.589929     0.000024490   -428673.4855     -4969.828
0.7500       679.404551     0.000016327   -428884.6710     -3561.259
0.8000       526.413052     0.000019048   -429037.6624     -2607.461
0.8500       412.935704     0.000013606   -429151.1399     -1955.692
0.9000       326.748922     0.000016327   -429237.3266     -1498.740
0.9500       260.001087     0.000019048   -429304.0745     -1166.180
1.0000       208.278953     0.000019048   -429355.7966      -913.501
1.1000       135.454014     0.000010885   -429428.6216      -571.289
1.2000        89.702024     0.000019048   -429474.3735      -360.642
1.3000        60.636705     0.000021769   -429503.4388      -231.328
1.4000        41.781942     0.000024490   -429522.2936      -152.326
1.5000        29.158763     0.000005442   -429534.9167      -104.171
1.6000        20.697668     0.000024490   -429543.3778       -74.930
1.7000        14.499690     0.000019048   -429549.5757       -55.334
1.8000         9.838030     0.000010885   -429554.2376       -41.073
1.9000         6.344927     0.000010885   -429557.7307       -30.221
2.0000         3.854219     0.000019048   -429560.2214       -22.266
2.1000         2.108184     0.000010885   -429561.9672       -16.556
2.2000         0.787677     0.000008163   -429563.2878       -12.133
2.3000        -0.182017     0.000027211   -429564.2576        -8.616
2.4000        -0.839319     0.000010885   -429564.9148        -5.933
2.5000        -1.245174     0.000013606   -429565.3208        -3.853
2.6000        -1.490534     0.000019048   -429565.5659        -2.357
2.7000        -1.619059     0.000021769   -429565.6947        -1.248
2.8000        -1.663386     0.000019048   -429565.7390        -0.487
2.9000        -1.649207     0.000024490   -429565.7246         0.066
3.0000        -1.595853     0.000013606   -429565.6713         0.437
3.1000        -1.516312     0.000024490   -429565.5918         0.661
3.2000        -1.421483     0.000027211   -429565.4971         0.806
3.3000        -1.319502     0.000024490   -429565.3951         0.883
3.4000        -1.214883     0.000024490   -429565.2903         0.898
3.5000        -1.111161     0.000010885   -429565.1866         0.889
3.6000        -1.011491     0.000016327   -429565.0870         0.863
3.7000        -0.892098     0.000021769   -429564.9676         0.807
3.8000        -0.779903     0.000019048   -429564.8555         0.735
3.9000        -0.676990     0.000024490   -429564.7526         0.667
4.0000        -0.584188     0.000019048   -429564.6598         0.604
5.0000        -0.076559     0.000010885   -429564.1520         0.203
6.0000         0.074674     0.000013606   -429564.0007         0.102
7.0000         0.131216     0.000008163   -429563.9444         0.042
8.0000         0.160506     0.000021769   -429563.9150         0.026
9.0000         0.179304     0.000013606   -429563.8963         0.019
10.0000         0.192806     0.000024490   -429563.8827         0.014
100.0000         0.276343     0.000008163   -429563.7991         0.000
1000.0000         0.282876     0.000010885   -429563.7926
