0.0020  11732876.902244     0.000021769  11373401.4092
0.0040   5717820.542194     0.000019048   5358345.0504
0.0060   3721770.904302     0.000027211   3362295.4132
0.0080   2728182.719327     0.000027211   2368707.2272
0.0100   2134692.383651     0.000013606   1775216.8914
0.0120   1740544.080193     0.000016327   1381068.5879
0.0140   1459788.842166     0.000016327   1100313.3500
0.0160   1250198.414633     0.000021769    890722.9224
0.0180   1088091.058393     0.000010885    728615.5663
0.0200    959055.496430     0.000021769    599580.0043
0.0400    397059.507038     0.000016327     37584.0148
0.0600    223195.162619     0.000016327   -136280.3296
0.0800    143256.135377     0.000016327   -216219.3568
0.1000     98919.838613     0.000008163   -260555.6536
0.1200     71652.135949     0.000005442   -287823.3563
0.1400     53922.137906     0.000016327   -305553.3542
0.1600     41839.685880     0.000013606   -317635.8064
0.1800     32998.633825     0.000019048   -326476.8584
0.2000     26352.442745     0.000019048   -333123.0494
0.2400     17186.259427     0.000016327   -342289.2327
0.2800     11666.421534     0.000021769   -347809.0706
0.3200      8255.403833     0.000019048   -351220.0882
0.3600      6022.571684     0.000016327   -353452.9204    -46333.427
0.4000      4436.843239     0.000010885   -355038.6490    -33582.915
0.4500      3070.674126     0.000013606   -356404.8181    -21838.492
0.5000      2181.351565     0.000019048   -357294.1407    -14340.745
0.5500      1588.159037     0.000010885   -357887.3330     -9748.563
0.6000      1177.753998     0.000016327   -358297.7383     -6879.068
0.6500       882.956765     0.000016327   -358592.5354     -5037.254
0.7000       664.032785     0.000019048   -358811.4595     -3779.435
0.7500       499.145353     0.000021769   -358976.3467     -2837.930
0.8000       375.133911     0.000021769   -359100.3583     -2116.922
0.8500       283.780441     0.000019048   -359191.7119     -1561.023
0.9000       216.996148     0.000016327   -359258.4960     -1152.256
0.9500       167.649833     0.000010885   -359307.8425      -851.842
1.0000       130.922611     0.000021769   -359344.5697      -634.341
1.1000        82.708864     0.000021769   -359392.7834      -371.720
1.2000        53.731590     0.000021769   -359421.7605      -233.152
1.3000        35.484245     0.000010885   -359440.0079      -150.496
1.4000        23.710484     0.000005442   -359451.7818       -97.044
1.5000        16.213083     0.000019048   -359459.2791       -62.358
1.6000        11.502126     0.000013606   -359463.9902       -39.768
1.7000         8.621572     0.000019048   -359466.8705       -25.148
1.8000         6.848434     0.000016327   -359468.6439       -15.767
1.9000         5.915412     0.000010885   -359469.5767       -10.275
2.0000         5.377377     0.000024490   -359470.1149        -6.943
2.1000         5.002271     0.000016327   -359470.4899        -4.972
2.2000         4.816137     0.000002721   -359470.6760        -3.908
2.3000         4.766781     0.000013606   -359470.7255        -3.490
2.4000         4.652422     0.000024490   -359470.8398        -3.001
2.5000         4.514885     0.000010885   -359470.9772        -2.555
2.6000         4.392061     0.000021769   -359471.1002        -2.020
2.7000         4.302797     0.000008163   -359471.1895        -1.580
2.8000         4.231886     0.000013606   -359471.2602        -1.150
2.9000         4.180345     0.000005442   -359471.3119        -0.786
3.0000         4.149365     0.000005442   -359471.3427        -0.514
3.1000         4.137324     0.000016327   -359471.3549        -0.251
3.2000         4.152388     0.000005442   -359471.3397        -0.054
3.3000         4.191194     0.000019048   -359471.3011         0.079
3.4000         4.241846     0.000016327   -359471.2504         0.182
3.5000         4.299648     0.000027211   -359471.1925         0.266
3.6000         4.361799     0.000010885   -359471.1304         0.316
3.7000         4.425991     0.000021769   -359471.0662         0.335
3.8000         4.491301     0.000021769   -359471.0009         0.344
3.9000         4.555457     0.000021769   -359470.9367         0.348
4.0000         4.617330     0.000024490   -359470.8749         0.343
5.0000         5.037058     0.000021769   -359470.4551         0.150
6.0000         5.184394     0.000021769   -359470.3078         0.063
7.0000         5.230060     0.000021769   -359470.2621         0.020
8.0000         5.246567     0.000008163   -359470.2455         0.009
9.0000         5.254344     0.000010885   -359470.2379         0.005
10.0000         5.259130     0.000008163   -359470.2330         0.003
100.0000         5.284840     0.000002721   -359470.2074
1000.0000         5.286747     0.000024490   -359470.2055
