0.0020   4188749.555256     0.000021769   4106318.1267
0.0040   2050893.125075     0.000019048   1968461.6958
0.0060   1338756.979230     0.000019048   1256325.5499
0.0080    984522.032082     0.000016327    902090.6028
0.0100    772812.909331     0.000021769    690381.4800
0.0120    632221.660415     0.000019048    549790.2311
0.0140    532121.318734     0.000013606    449689.8894
0.0160    457272.813691     0.000013606    374841.3843
0.0180    399218.142023     0.000024490    316786.7126
0.0200    352984.479344     0.000019048    270553.0500
0.0400    149067.851444     0.000019048     66636.4221
0.0600     85432.880288     0.000016327      3001.4510
0.0800     55807.909701     0.000027211    -26623.5196
0.1000     39144.035843     0.000027211    -43287.3935
0.1200     28757.549733     0.000016327    -53673.8796
0.1400     21926.975461     0.000010885    -60504.4538
0.1600     17212.058947     0.000021769    -65219.3704
0.1800     13773.223395     0.000027211    -68658.2059
0.2000     11150.618744     0.000016327    -71280.8106
0.2400      7509.481296     0.000008163    -74921.9480
0.2800      5248.466603     0.000019048    -77182.9627    -44571.733
0.3200      3802.506885     0.000016327    -78628.9224    -28997.466
0.3600      2847.946626     0.000024490    -79583.4827    -19463.424
0.4000      2195.918930     0.000013606    -80235.5104    -13610.907
0.4500      1620.886463     0.000021769    -80810.5429     -9903.927
0.5000      1189.051759     0.000016327    -81242.3776     -7437.178
0.5500       875.979162     0.000008163    -81555.4501     -5166.023
0.6000       659.900226     0.000024490    -81771.5291     -3585.398
0.6500       508.694914     0.000021769    -81922.7344     -2536.790
0.7000       400.397077     0.000019048    -82031.0322     -1841.859
0.7500       320.514965     0.000021769    -82110.9144     -1378.525
0.8000       259.602176     0.000016327    -82171.8271     -1065.591
0.8500       211.536418     0.000021769    -82219.8929      -849.627
0.9000       172.400578     0.000016327    -82259.0287      -695.252
0.9500       139.753376     0.000013606    -82291.6759      -578.766
1.0000       113.337505     0.000016327    -82318.0918      -480.686
1.1000        73.299748     0.000021769    -82358.1296      -328.356
1.2000        46.231740     0.000021769    -82385.1976      -219.505
1.3000        28.276279     0.000027211    -82403.1530      -144.506
1.4000        16.505592     0.000013606    -82414.9237       -94.225
1.5000         8.855078     0.000008163    -82422.5742       -60.897
1.6000         3.933813     0.000010885    -82427.4955       -38.854
1.7000         0.820345     0.000008163    -82430.6090       -24.243
1.8000        -1.093833     0.000008163    -82432.5231       -14.565
1.9000        -2.212534     0.000008163    -82433.6418        -8.142
2.0000        -2.803547     0.000010885    -82434.2329        -3.887
2.1000        -2.978848     0.000008163    -82434.4082        -1.247
2.2000        -2.576715     0.000019048    -82434.0060        -0.347
2.3000        -2.233264     0.000021769    -82433.6626         0.241
2.4000        -1.936224     0.000016327    -82433.3655         0.652
2.5000        -1.674921     0.000021769    -82433.1042         0.921
2.6000        -1.442514     0.000021769    -82432.8718         1.077
2.7000        -1.234012     0.000027211    -82432.6633         1.161
2.8000        -1.046218     0.000013606    -82432.4755         1.184
2.9000        -0.818766     0.000013606    -82432.2481         1.051
3.0000        -0.605938     0.000013606    -82432.0352         0.888
3.1000        -0.439494     0.000008163    -82431.8688         0.764
3.2000        -0.307113     0.000005442    -82431.7364         0.664
3.3000        -0.200123     0.000019048    -82431.6294         0.581
3.4000        -0.112590     0.000005442    -82431.5419         0.511
3.5000        -0.040270     0.000019048    -82431.4696         0.450
3.6000         0.030858     0.000016327    -82431.3984         0.378
3.7000         0.102005     0.000013606    -82431.3273         0.298
3.8000         0.156425     0.000013606    -82431.2729         0.236
3.9000         0.198088     0.000019048    -82431.2312         0.187
4.0000         0.230018     0.000002721    -82431.1993         0.150
5.0000         0.330708     0.000019048    -82431.0986         0.016
6.0000         0.340210     0.000019048    -82431.0891         0.004
7.0000         0.341756     0.000016327    -82431.0876         0.001
8.0000         0.342347     0.000016327    -82431.0870         0.000
9.0000         0.342722     0.000021769    -82431.0866         0.000
10.0000         0.343000     0.000024490    -82431.0863         0.000
100.0000         0.344880     0.000024490    -82431.0844
1000.0000         0.345041     0.000021769    -82431.0843
