0.0020  11264284.304336     0.000021769  10907704.8053
0.0040   5490095.173045     0.000013606   5133515.6747
0.0060   3572392.191788     0.000016327   3215812.6916
0.0080   2618770.131711     0.000019048   2262190.6326
0.0100   2049212.142326     0.000021769   1692632.6431
0.0120   1670968.445489     0.000016327   1314388.9464
0.0140   1401559.013712     0.000016327   1044979.5145
0.0160   1200331.497137     0.000010885    843751.9978
0.0180   1044702.201787     0.000021769    688122.7026
0.0200    920848.278684     0.000013606    564268.7795
0.0400    381390.928955     0.000013606     24811.4298
0.0600    214361.202547     0.000010885   -142218.2966
0.0800    137487.559704     0.000010885   -219091.9395
0.1000     94995.690345     0.000013606   -261583.8088
0.1200     68764.732077     0.000016327   -287814.7671
0.1400     51661.223112     0.000010885   -304918.2761
0.1600     40042.988737     0.000010885   -316536.5104
0.1800     31628.813192     0.000013606   -324950.6860
0.2000     25285.968537     0.000016327   -331293.5307
0.2400     16599.145047     0.000013606   -339980.3542
0.2800     11278.015254     0.000019048   -345301.4839
0.3200      7960.236484     0.000024490   -348619.2627
0.3600      5788.410135     0.000019048   -350791.0891    -44843.906
0.4000      4257.559362     0.000008163   -352321.9397    -32371.687
0.4500      2938.378082     0.000019048   -353641.1212    -21107.361
0.5000      2081.150639     0.000010885   -354498.3485    -13762.187
0.5500      1515.221930     0.000027211   -355064.2772     -9247.136
0.6000      1127.626130     0.000008163   -355451.8731     -6471.206
0.6500       850.936732     0.000019048   -355728.5624     -4719.852
0.7000       645.644235     0.000016327   -355933.8549     -3555.066
0.7500       490.079748     0.000024490   -356089.4195     -2694.827
0.8000       372.973592     0.000016327   -356206.5257     -2025.242
0.8500       285.147642     0.000027211   -356294.3515     -1522.540
0.9000       218.712665     0.000019048   -356360.7865     -1144.176
0.9500       169.413607     0.000016327   -356410.0857      -856.470
1.0000       132.348298     0.000016327   -356447.1509      -642.667
1.1000        83.005430     0.000027211   -356496.4938      -373.815
1.2000        53.623158     0.000024490   -356525.8761      -230.499
1.3000        35.561733     0.000021769   -356543.9374      -148.024
1.4000        24.137610     0.000016327   -356555.3616       -96.223
1.5000        16.815573     0.000019048   -356562.6836       -62.381
1.6000        12.119172     0.000008163   -356567.3801       -40.211
1.7000         9.180551     0.000013606   -356570.3186       -25.751
1.8000         7.389132     0.000008163   -356572.1099       -16.369
1.9000         6.472326     0.000016327   -356573.0270       -10.844
2.0000         5.927431     0.000024490   -356573.5717        -7.383
2.1000         5.549729     0.000024490   -356573.9494        -5.242
2.2000         5.450160     0.000027211   -356574.0490        -4.282
2.3000         5.384773     0.000024490   -356574.1143        -3.751
2.4000         5.256159     0.000005442   -356574.2430        -3.258
2.5000         5.100871     0.000024490   -356574.3984        -2.790
2.6000         4.946700     0.000019048   -356574.5524        -2.263
2.7000         4.812412     0.000016327   -356574.6869        -1.819
2.8000         4.707231     0.000021769   -356574.7919        -1.366
2.9000         4.633154     0.000019048   -356574.8659        -0.985
3.0000         4.589711     0.000010885   -356574.9094        -0.681
3.1000         4.573153     0.000024490   -356574.9260        -0.398
3.2000         4.578097     0.000010885   -356574.9212        -0.180
3.3000         4.600933     0.000016327   -356574.8983        -0.031
3.4000         4.637744     0.000016327   -356574.8616         0.099
3.5000         4.684023     0.000021769   -356574.8150         0.197
3.6000         4.736867     0.000021769   -356574.7622         0.266
3.7000         4.793761     0.000010885   -356574.7054         0.296
3.8000         4.853161     0.000024490   -356574.6460         0.322
3.9000         4.912950     0.000024490   -356574.5862         0.336
4.0000         4.971549     0.000021769   -356574.5277         0.341
5.0000         5.393617     0.000021769   -356574.1056         0.167
6.0000         5.551903     0.000008163   -356573.9473         0.071
7.0000         5.602307     0.000008163   -356573.8969         0.024
8.0000         5.620318     0.000013606   -356573.8790         0.011
9.0000         5.628479     0.000016327   -356573.8708         0.007
10.0000         5.633227     0.000021769   -356573.8659         0.004
100.0000         5.657312     0.000010885   -356573.8419         0.000
1000.0000         5.659053     0.000010885   -356573.8400
