0.0020         0.000000     0.000013606  38392596.4130
0.0040  19076164.985825     0.000016327  18215084.8211
0.0060  12377740.148247     0.000027211  11516659.9831
0.0080   9040956.332793     0.000013606   8179876.1679
0.0100   7046160.002864     0.000008163   6185079.8387
0.0120   5723302.782850     0.000010885   4862222.6172
0.0140   4785491.498509     0.000019048   3924411.3349
0.0160   4085950.365385     0.000021769   3224870.2007
0.0180   3546384.137364     0.000019048   2685303.9725
0.0200   3118396.416913     0.000013606   2257316.2520
0.0400   1259765.746301     0.000005442    398685.5812
0.0600    697685.577320     0.000010885   -163394.5876
0.0800    442146.525223     0.000019048   -418933.6398
0.1000    303111.544118     0.000008163   -557968.6208
0.1200    219622.078796     0.000013606   -641458.0861
0.1400    165670.441565     0.000024490   -695409.7234
0.1600    127554.447795     0.000021769   -733525.7171
0.1800     99471.291834     0.000021769   -761608.8732
0.2000     78640.327071     0.000008163   -782439.8379
0.2400     51248.288469     0.000016327   -809831.8765
0.2800     34688.330907     0.000021769   -826391.8341
0.3200     24068.251200     0.000021769   -837011.9138
0.3600     17229.239724     0.000010885   -843850.9251
0.4000     12497.485546     0.000010885   -848582.6794
0.4500      8596.688819     0.000021769   -852483.4760
0.5000      6006.936949     0.000016327   -855073.2278    -44303.610
0.5500      4206.392359     0.000016327   -856873.7724    -28847.697
0.6000      3024.724739     0.000019048   -858055.4401    -19179.829
0.6500      2227.407321     0.000008163   -858852.7577    -13180.390
0.7000      1669.989683     0.000024490   -859410.1752     -9386.747
0.7500      1267.505228     0.000019048   -859812.6598     -6863.533
0.8000       970.732326     0.000021769   -860109.4325     -5099.992
0.8500       748.986597     0.000019048   -860331.1784     -3832.446
0.9000       581.571419     0.000021769   -860498.5935     -2907.926
0.9500       453.964489     0.000013606   -860626.2006     -2227.219
1.0000       355.786712     0.000024490   -860724.3782     -1721.330
1.1000       220.055468     0.000024490   -860860.1094     -1052.412
1.2000       136.202158     0.000016327   -860943.9627      -656.927
1.3000        83.541565     0.000010885   -860996.6233      -413.270
1.4000        50.274249     0.000027211   -861029.8906      -259.999
1.5000        29.213333     0.000024490   -861050.9517      -163.356
1.6000        16.016886     0.000019048   -861064.1481      -102.546
1.7000         7.815733     0.000019048   -861072.3491       -64.383
1.8000         2.704203     0.000024490   -861077.4607       -40.457
1.9000        -0.484151     0.000013606   -861080.6491       -25.347
2.0000        -2.462849     0.000005442   -861082.6279       -15.670
2.1000        -3.663848     0.000021769   -861083.8288        -9.333
2.2000        -4.277090     0.000016327   -861084.4421        -5.119
2.3000        -4.486000     0.000019048   -861084.6508        -2.413
2.4000        -4.488944     0.000019048   -861084.6538        -0.706
2.5000        -4.360485     0.000021769   -861084.5254         0.495
2.6000        -4.146761     0.000019048   -861084.3118         1.153
2.7000        -3.895586     0.000016327   -861084.0606         1.636
2.8000        -3.629004     0.000024490   -861083.7939         1.819
2.9000        -3.360420     0.000016327   -861083.5253         1.941
3.0000        -3.068011     0.000016327   -861083.2328         1.901
3.1000        -2.758275     0.000016327   -861082.9232         1.825
3.2000        -2.478169     0.000005442   -861082.6431         1.716
3.3000        -2.224469     0.000021769   -861082.3893         1.578
3.4000        -1.995276     0.000016327   -861082.1601         1.459
3.5000        -1.773552     0.000008163   -861081.9384         1.326
3.6000        -1.563757     0.000008163   -861081.7286         1.177
3.7000        -1.378668     0.000027211   -861081.5435         1.054
3.8000        -1.215585     0.000013606   -861081.3805         0.943
3.9000        -1.071903     0.000019048   -861081.2369         0.838
4.0000        -0.944736     0.000016327   -861081.1098         0.734
5.0000        -0.272294     0.000021769   -861080.4371         0.175
6.0000        -0.135162     0.000002721   -861080.3000         0.031
7.0000        -0.113423     0.000010885   -861080.2785         0.007
8.0000        -0.110933     0.000008163   -861080.2758         0.002
9.0000        -0.111221     0.000016327   -861080.2760        -0.000
10.0000        -0.111754     0.000005442   -861080.2766        -0.000
100.0000        -0.115959     0.000005442   -861080.2809
1000.0000        -0.116263     0.000027211   -861080.2812
