0.0020         0.000000     0.000021769  31930840.8469
0.0040  15912226.394998     0.000019048  15157475.0850
0.0060  10344159.562549     0.000002721   9589408.2546
0.0080   7571021.824697     0.000027211   6816270.5149
0.0100   5910972.239238     0.000010885   5156220.9316
0.0120   4807212.899914     0.000005442   4052461.5902
0.0140   4021860.667216     0.000027211   3267109.3596
0.0160   3436533.920887     0.000016327   2681782.6121
0.0180   2984480.335568     0.000016327   2229729.0268
0.0200   2625536.548116     0.000021769   1870785.2394
0.0400   1063968.760612     0.000008163    309217.4519
0.0600    588616.754589     0.000010885   -166134.5542
0.0800    373591.133977     0.000016327   -381160.1747
0.1000    257243.585064     0.000016327   -497507.7237
0.1200    185560.353603     0.000024490   -569190.9551
0.1400    139312.181381     0.000019048   -615439.1273
0.1600    107981.020503     0.000008163   -646770.2883
0.1800     84910.380208     0.000013606   -669840.9287
0.2000     67450.828034     0.000024490   -687300.4806
0.2400     44195.024559     0.000016327   -710556.2841
0.2800     30464.422534     0.000024490   -724286.8863
0.3200     21566.413612     0.000016327   -733184.8952
0.3600     15507.767628     0.000021769   -739243.5411
0.4000     11536.772865     0.000021769   -743214.5360
0.4500      8283.596779     0.000010885   -746467.7120
0.5000      6108.953090     0.000021769   -748642.3556    -36168.308
0.5500      4574.164444     0.000027211   -750177.1442    -25882.275
0.6000      3469.476356     0.000024490   -751281.8325    -18718.705
0.6500      2666.186023     0.000027211   -752085.1227    -13712.053
0.7000      2073.266958     0.000008163   -752678.0419    -10232.246
0.7500      1626.616070     0.000008163   -753124.6927     -7796.225
0.8000      1283.259606     0.000024490   -753468.0491     -6037.375
0.8500      1016.218797     0.000027211   -753735.0900     -4701.138
0.9000       808.201466     0.000013606   -753943.1073     -3656.085
0.9500       646.402919     0.000021769   -754104.9060     -2843.522
1.0000       520.350339     0.000016327   -754230.9584     -2220.327
1.1000       343.657580     0.000021769   -754407.6513     -1385.192
1.2000       231.592300     0.000024490   -754519.7165      -895.101
1.3000       158.028057     0.000010885   -754593.2806      -596.080
1.4000       108.405908     0.000013606   -754642.9028      -405.688
1.5000        74.295514     0.000027211   -754677.0133      -279.975
1.6000        50.669472     0.000008163   -754700.6393      -194.855
1.7000        34.246921     0.000024490   -754717.0620      -136.283
1.8000        22.753840     0.000019048   -754728.5550       -95.399
1.9000        14.729273     0.000019048   -754736.5796       -66.709
2.0000         9.337474     0.000024490   -754741.9713       -47.055
2.1000         5.619929     0.000019048   -754745.6889       -33.395
2.2000         3.038008     0.000016327   -754748.2707       -23.896
2.3000         1.236916     0.000013606   -754750.0718       -17.161
2.4000        -0.022583     0.000027211   -754751.3315       -12.340
2.5000        -0.898044     0.000013606   -754752.2068        -8.779
2.6000        -1.495925     0.000013606   -754752.8047        -6.090
2.7000        -1.890449     0.000016327   -754753.1992        -4.154
2.8000        -2.134018     0.000016327   -754753.4428        -2.662
2.9000        -2.266013     0.000016327   -754753.5748        -1.558
3.0000        -2.315132     0.000027211   -754753.6240        -0.745
3.1000        -2.303227     0.000024490   -754753.6120        -0.114
3.2000        -2.246970     0.000024490   -754753.5557         0.303
3.3000        -2.152250     0.000008163   -754753.4610         0.616
3.4000        -1.942597     0.000013606   -754753.2515         0.784
3.5000        -1.739918     0.000013606   -754753.0488         0.842
3.6000        -1.546418     0.000008163   -754752.8553         0.874
3.7000        -1.363998     0.000008163   -754752.6727         0.904
3.8000        -1.193813     0.000008163   -754752.5026         0.895
3.9000        -1.035600     0.000008163   -754752.3443         0.848
4.0000        -0.888566     0.000008163   -754752.1973         0.816
5.0000         0.188039     0.000021769   -754751.1208         0.318
6.0000         0.551246     0.000010885   -754750.7576         0.084
7.0000         0.646984     0.000016327   -754750.6618         0.028
8.0000         0.674307     0.000019048   -754750.6346         0.010
9.0000         0.684285     0.000019048   -754750.6245         0.007
10.0000         0.689374     0.000019048   -754750.6193         0.004
100.0000         0.713061     0.000019048   -754750.5957
1000.0000         0.714754     0.000010885   -754750.5940
