0.0020  16068743.848455     0.000021769  15715871.2143
0.0040   7830166.051370     0.000013606   7477293.4174
0.0060   5096511.592861     0.000010885   4743638.9590
0.0080   3733565.514545     0.000019048   3380692.8803
0.0100   2918251.730733     0.000024490   2565379.0963
0.0120   2376759.977105     0.000019048   2023887.3429
0.0140   1991886.875820     0.000016327   1639014.2415
0.0160   1704435.023435     0.000016327   1351562.3890
0.0180   1481919.040579     0.000013606   1129046.4062
0.0200   1305101.310901     0.000021769    952228.6767
0.0400    536498.319879     0.000019048    183625.6855
0.0600    300161.814277     0.000019048    -52710.8201
0.0800    191780.541838     0.000021769   -161092.0925
0.1000    131982.388791     0.000013606   -220890.2455
0.1200     95645.025386     0.000021769   -257227.6089
0.1400     72096.677576     0.000016327   -280775.9569
0.1600     55679.488176     0.000027211   -297193.1461
0.1800     43676.825267     0.000021769   -309195.8091
0.2000     34804.491521     0.000016327   -318068.1427
0.2400     23028.625519     0.000016327   -329844.0087
0.2800     15988.178108     0.000013606   -336884.4562
0.3200     11449.910249     0.000021769   -341422.7241
0.3600      8243.972043     0.000019048   -344628.6622
0.4000      6090.908645     0.000013606   -346781.7256    -44145.331
0.4500      4310.426827     0.000027211   -348562.2075    -28484.954
0.5000      3137.248374     0.000016327   -349735.3860    -19177.801
0.5500      2332.448947     0.000016327   -350540.1854    -13548.454
0.6000      1747.102102     0.000019048   -351125.5322    -10093.269
0.6500      1313.172392     0.000005442   -351559.4619     -7402.215
0.7000       998.391885     0.000016327   -351874.2426     -5316.649
0.7500       771.379388     0.000019048   -352101.2550     -3840.931
0.8000       604.913815     0.000010885   -352267.7204     -2837.938
0.8500       481.150176     0.000010885   -352391.4841     -2131.032
0.9000       387.985905     0.000013606   -352484.6483     -1625.541
0.9500       316.387372     0.000010885   -352556.2469     -1275.020
1.0000       259.267816     0.000013606   -352613.3664     -1027.929
1.1000       174.874918     0.000019048   -352697.7595      -677.965
1.2000       120.287788     0.000024490   -352752.3464      -430.571
1.3000        86.513771     0.000016327   -352786.1207      -277.549
1.4000        64.172578     0.000021769   -352808.4618      -190.375
1.5000        48.164435     0.000008163   -352824.4700      -137.755
1.6000        36.519386     0.000013606   -352836.1151      -100.645
1.7000        28.047069     0.000021769   -352844.5873       -73.350
1.8000        21.959588     0.000010885   -352850.6748       -53.270
1.9000        17.641042     0.000021769   -352854.9932       -38.579
2.0000        14.525149     0.000016327   -352858.1092       -27.836
2.1000        12.285423     0.000021769   -352860.3490       -20.023
2.2000        10.676005     0.000010885   -352861.9583       -14.442
2.3000         9.517096     0.000010885   -352863.1172       -10.395
2.4000         8.677284     0.000013606   -352863.9570        -7.606
2.5000         8.058157     0.000008163   -352864.5763        -5.588
2.6000         7.592731     0.000010885   -352865.0416        -4.271
2.7000         7.229867     0.000010885   -352865.4046        -3.298
2.8000         6.938800     0.000027211   -352865.6955        -2.681
2.9000         6.696417     0.000016327   -352865.9379        -2.221
3.0000         6.492098     0.000008163   -352866.1423        -1.857
3.1000         6.315860     0.000010885   -352866.3184        -1.621
3.2000         6.165297     0.000019048   -352866.4691        -1.389
3.3000         6.036416     0.000005442   -352866.5978        -1.184
3.4000         5.927717     0.000016327   -352866.7067        -1.027
3.5000         5.837718     0.000019048   -352866.7967        -0.864
3.6000         5.763499     0.000024490   -352866.8707        -0.730
3.7000         5.704853     0.000019048   -352866.9295        -0.605
3.8000         5.658925     0.000019048   -352866.9755        -0.495
3.9000         5.624073     0.000024490   -352867.0103        -0.402
4.0000         5.599885     0.000002721   -352867.0346        -0.318
5.0000         5.634413     0.000016327   -352867.0000         0.038
6.0000         5.765287     0.000010885   -352866.8691         0.055
7.0000         5.836491     0.000016327   -352866.7978         0.033
8.0000         5.865191     0.000024490   -352866.7693         0.016
9.0000         5.875025     0.000021769   -352866.7592         0.003
10.0000         5.878002     0.000024490   -352866.7565         0.004
100.0000         5.877210     0.000024490   -352866.7570
1000.0000         5.877033     0.000024490   -352866.7573
