0.0020   5799927.847076     0.000021769   5549421.4105
0.0040   2829837.192738     0.000019048   2579330.7559
0.0060   1843786.733575     0.000016327   1593280.2967
0.0080   1352634.391963     0.000021769   1102127.9550
0.0100   1059083.789483     0.000027211    808577.3525
0.0120    864379.479683     0.000019048    613873.0428
0.0140    725990.070823     0.000016327    475483.6340
0.0160    622661.699748     0.000024490    372155.2628
0.0180    542656.006569     0.000010885    292149.5696
0.0200    478912.384739     0.000010885    228405.9478
0.0400    200129.591818     0.000021769    -50376.8451
0.0600    113963.637457     0.000013606   -136542.7994
0.0800     73767.269999     0.000027211   -176739.1669
0.1000     51523.072074     0.000027211   -198983.3648
0.1200     37807.209237     0.000021769   -212699.2277
0.1400     28632.379499     0.000019048   -221874.0574
0.1600     22165.282997     0.000016327   -228341.1539
0.1800     17470.371333     0.000019048   -233036.0656
0.2000     14008.835602     0.000008163   -236497.6013
0.2400      9453.973490     0.000008163   -241052.4634
0.2800      6694.894649     0.000010885   -243811.5423
0.3200      4836.912890     0.000021769   -245669.5240    -38700.910
0.3600      3537.635178     0.000016327   -246968.8017    -26719.991
0.4000      2645.866217     0.000016327   -247860.5707    -18416.424
0.4500      1902.091740     0.000013606   -248604.3452    -11886.048
0.5000      1411.418571     0.000027211   -249095.0183     -8084.878
0.5500      1065.182714     0.000024490   -249441.2542     -5919.724
0.6000       807.031389     0.000027211   -249699.4055     -4470.023
0.6500       613.467260     0.000021769   -249892.9696     -3317.566
0.7000       471.067919     0.000021769   -250035.3690     -2424.387
0.7500       367.293371     0.000027211   -250139.1435     -1766.709
0.8000       291.509068     0.000008163   -250214.9278     -1295.843
0.8500       235.749894     0.000016327   -250270.6870      -963.477
0.9000       194.288834     0.000013606   -250312.1481      -735.027
0.9500       162.337093     0.000010885   -250344.0998      -583.227
1.0000       136.871937     0.000013606   -250369.5650      -483.472
1.1000        96.081050     0.000027211   -250410.3559      -344.733
1.2000        66.314847     0.000010885   -250440.1221      -245.876
1.3000        45.716724     0.000005442   -250460.7202      -172.234
1.4000        31.495773     0.000021769   -250474.9411      -117.722
1.5000        21.917917     0.000008163   -250484.5190       -79.584
1.6000        15.537715     0.000010885   -250490.8992       -53.694
1.7000        11.282514     0.000024490   -250495.1544       -36.774
1.8000         8.412180     0.000005442   -250498.0247       -25.756
1.9000         6.435672     0.000005442   -250500.0012       -18.668
2.0000         5.035961     0.000027211   -250501.4009       -13.947
2.1000         4.013871     0.000021769   -250502.4230       -10.804
2.2000         3.241193     0.000016327   -250503.1957        -8.436
2.3000         2.641718     0.000024490   -250503.7952        -6.747
2.4000         2.170144     0.000024490   -250504.2668        -5.257
2.5000         1.872604     0.000008163   -250504.5643        -4.175
2.6000         1.644232     0.000021769   -250504.7927        -3.236
2.7000         1.460161     0.000008163   -250504.9767        -2.403
2.8000         1.321032     0.000021769   -250505.1159        -1.754
2.9000         1.223479     0.000008163   -250505.2134        -1.202
3.0000         1.160729     0.000027211   -250505.2762        -0.750
3.1000         1.127093     0.000016327   -250505.3098        -0.405
3.2000         1.119118     0.000021769   -250505.3178        -0.153
3.3000         1.131450     0.000021769   -250505.3055         0.058
3.4000         1.158503     0.000013606   -250505.2784         0.219
3.5000         1.196512     0.000016327   -250505.2404         0.327
3.6000         1.243727     0.000019048   -250505.1932         0.388
3.7000         1.297322     0.000019048   -250505.1396         0.434
3.8000         1.354134     0.000010885   -250505.0828         0.464
3.9000         1.412021     0.000010885   -250505.0249         0.475
4.0000         1.469628     0.000008163   -250504.9673         0.471
5.0000         1.903962     0.000010885   -250504.5330         0.214
6.0000         2.069511     0.000013606   -250504.3674         0.104
7.0000         2.121071     0.000010885   -250504.3158         0.039
8.0000         2.138767     0.000002721   -250504.2981         0.021
9.0000         2.146299     0.000019048   -250504.2906         0.014
10.0000         2.150457     0.000019048   -250504.2864         0.010
100.0000         2.169532     0.000013606   -250504.2674         0.000
1000.0000         2.170797     0.000019048   -250504.2661
