0.0020         0.000000     0.000019048  48347822.6452
0.0040  24070705.943997     0.000016327  22915304.7486
0.0060  15614001.600119     0.000013606  14458600.4069
0.0080  11397983.880947     0.000027211  10242582.6856
0.0100   8877224.680253     0.000010885   7721823.4846
0.0120   7206526.322858     0.000005442   6051125.1295
0.0140   6020317.936138     0.000013606   4864916.7413
0.0160   5136897.808514     0.000010885   3981496.6151
0.0180   4455142.738844     0.000021769   3299741.5432
0.0200   3914141.512804     0.000008163   2758740.3179
0.0400   1569683.744026     0.000010885    414282.5496
0.0600    864849.618319     0.000024490   -290551.5761
0.0800    546877.537254     0.000016327   -608523.6571
0.1000    374137.006159     0.000027211   -781264.1883
0.1200    269910.480748     0.000019048   -885490.7135
0.1400    200828.832592     0.000027211   -954572.3618
0.1600    152811.860557     0.000024490  -1002589.3338
0.1800    118643.337388     0.000021769  -1036757.8571
0.2000     93855.668849     0.000005442  -1061545.5256
0.2400     60698.589996     0.000008163  -1094702.6043
0.2800     40660.903379     0.000008163  -1114740.2910
0.3200     28069.624624     0.000016327  -1127331.5696
0.3600     20090.942057     0.000019048  -1135310.2524
0.4000     14556.182378     0.000021769  -1140845.0120
0.4500      9932.017472     0.000013606  -1145469.1768
0.5000      7027.156592     0.000019048  -1148374.0376    -46463.815
0.5500      5106.766462     0.000019048  -1150294.4280    -31626.852
0.6000      3770.352520     0.000024490  -1151630.8417    -22470.239
0.6500      2811.508548     0.000024490  -1152589.6859    -16243.011
0.7000      2116.669892     0.000024490  -1153284.5245    -11793.496
0.7500      1611.449002     0.000019048  -1153789.7455     -8624.300
0.8000      1239.358590     0.000019048  -1154161.8357     -6409.414
0.8500       959.511405     0.000021769  -1154441.6829     -4879.184
0.9000       745.885987     0.000019048  -1154655.3084     -3763.706
0.9500       579.599584     0.000013606  -1154821.5948     -2937.083
1.0000       449.058996     0.000008163  -1154952.1355     -2296.830
1.1000       268.243645     0.000013606  -1155132.9508     -1388.252
1.2000       159.403846     0.000013606  -1155241.7904      -840.453
1.3000        93.295264     0.000016327  -1155307.8992      -513.774
1.4000        52.857750     0.000024490  -1155348.3367      -317.796
1.5000        27.759224     0.000024490  -1155373.4351      -198.507
1.6000        12.063038     0.000016327  -1155389.1314      -124.647
1.7000         2.212020     0.000010885  -1155398.9822       -78.262
1.8000        -3.905009     0.000013606  -1155405.0994       -48.745
1.9000        -7.654930     0.000016327  -1155408.8494       -29.669
2.0000        -9.881424     0.000019048  -1155411.0758       -17.163
2.1000       -11.109093     0.000013606  -1155412.3036        -8.934
2.2000       -11.680396     0.000005442  -1155412.8748        -3.629
2.3000       -11.823153     0.000013606  -1155413.0176        -0.216
2.4000       -11.692348     0.000019048  -1155412.8867         1.997
2.5000       -11.328757     0.000019048  -1155412.5232         3.136
2.6000       -10.722313     0.000010885  -1155411.9166         3.382
2.7000       -10.152591     0.000019048  -1155411.3468         3.473
2.8000        -9.623857     0.000024490  -1155410.8181         3.401
2.9000        -9.134613     0.000008163  -1155410.3289         3.294
3.0000        -8.636116     0.000013606  -1155409.8306         3.038
3.1000        -8.062726     0.000021769  -1155409.2570         2.645
3.2000        -7.573155     0.000021769  -1155408.7675         2.341
3.3000        -7.154709     0.000024490  -1155408.3490         2.068
3.4000        -6.792838     0.000019048  -1155407.9873         1.863
3.5000        -6.455193     0.000016327  -1155407.6496         1.676
3.6000        -6.144652     0.000021769  -1155407.3391         1.477
3.7000        -5.874603     0.000021769  -1155407.0689         1.324
3.8000        -5.639311     0.000021769  -1155406.8335         1.210
3.9000        -5.432456     0.000019048  -1155406.6267         1.097
4.0000        -5.248540     0.000024490  -1155406.4428         0.982
5.0000        -4.142818     0.000024490  -1155405.3372         0.350
6.0000        -3.769331     0.000024490  -1155404.9636         0.125
7.0000        -3.662436     0.000024490  -1155404.8569         0.039
8.0000        -3.624844     0.000002721  -1155404.8191         0.019
9.0000        -3.606144     0.000019048  -1155404.8006         0.012
10.0000        -3.593951     0.000005442  -1155404.7883         0.008
100.0000        -3.525753     0.000010885  -1155404.7200         0.000
1000.0000        -3.520659     0.000010885  -1155404.7151
