0.0020   6673450.384248     0.000013606   6493360.5141
0.0040   3258658.704907     0.000027211   3078568.8349
0.0060   2124586.036373     0.000005442   1944496.1674
0.0080   1560218.424274     0.000016327   1380128.5552
0.0100   1222612.184233     0.000005442   1042522.3154
0.0120    998641.376124     0.000024490    818551.5071
0.0140    839296.188432     0.000024490    659206.3194
0.0160    720127.992731     0.000016327    540038.1237
0.0180    627766.242445     0.000021769    447676.3734
0.0200    554245.893170     0.000016327    374156.0242
0.0400    231964.312544     0.000027211     51874.4436
0.0600    132368.932908     0.000024490    -47720.9361
0.0800     85537.782486     0.000021769    -94552.0865
0.1000     59583.530940     0.000016327   -120506.3380
0.1200     43668.619067     0.000013606   -136421.2499
0.1400     33051.055113     0.000019048   -147038.8139
0.1600     25560.064559     0.000021769   -154529.8044
0.1800     20137.625677     0.000021769   -159952.2433
0.2000     16160.273407     0.000021769   -163929.5956
0.2400     10948.853780     0.000019048   -169141.0152
0.2800      7835.479287     0.000019048   -172254.3897
0.3200      5701.496703     0.000019048   -174388.3723    -44963.359
0.3600      4213.982782     0.000010885   -175875.8862    -30438.049
0.4000      3197.434433     0.000010885   -176892.4345    -21111.026
0.4500      2338.849419     0.000027211   -177751.0196    -13887.602
0.5000      1765.200769     0.000013606   -178324.6682     -9450.179
0.5500      1362.818267     0.000021769   -178727.0507     -6993.278
0.6000      1045.908790     0.000019048   -179043.9602     -5613.794
0.6500       800.627993     0.000008163   -179289.2410     -4226.092
0.7000       618.437544     0.000021769   -179471.4314     -3117.538
0.7500       483.920397     0.000019048   -179605.9486     -2307.823
0.8000       383.740987     0.000019048   -179706.1280     -1729.264
0.8500       308.068290     0.000013606   -179781.8007     -1316.398
0.9000       249.949674     0.000016327   -179839.9193     -1019.295
0.9500       204.549528     0.000016327   -179885.3194      -802.694
1.0000       168.487707     0.000016327   -179921.3813      -642.378
1.1000       115.555721     0.000016327   -179974.3132      -428.537
1.2000        79.576332     0.000013606   -180010.2926      -295.996
1.3000        54.876528     0.000019048   -180034.9924      -204.621
1.4000        37.840189     0.000008163   -180052.0288      -140.598
1.5000        26.164808     0.000019048   -180063.7042       -96.163
1.6000        18.185003     0.000024490   -180071.6840       -65.840
1.7000        12.722517     0.000024490   -180077.1464       -45.341
1.8000         8.965238     0.000019048   -180080.9037       -31.573
1.9000         6.362675     0.000010885   -180083.5063       -22.353
2.0000         4.537996     0.000010885   -180085.3310       -16.246
2.1000         3.225636     0.000016327   -180086.6433       -12.124
2.2000         2.243893     0.000013606   -180087.6251        -9.275
2.3000         1.486602     0.000013606   -180088.3824        -7.111
2.4000         0.894360     0.000010885   -180088.9746        -5.523
2.5000         0.430672     0.000008163   -180089.4383        -4.191
2.6000         0.071631     0.000027211   -180089.7973        -3.168
2.7000        -0.202613     0.000027211   -180090.0716        -2.338
2.8000        -0.406663     0.000021769   -180090.2756        -1.645
2.9000        -0.541112     0.000016327   -180090.4101        -1.155
3.0000        -0.602357     0.000016327   -180090.4713        -0.757
3.1000        -0.632728     0.000016327   -180090.5017        -0.439
3.2000        -0.637672     0.000024490   -180090.5066        -0.203
3.3000        -0.623914     0.000024490   -180090.4929        -0.035
3.4000        -0.595845     0.000013606   -180090.4648         0.104
3.5000        -0.556938     0.000013606   -180090.4259         0.197
3.6000        -0.510927     0.000024490   -180090.3799         0.267
3.7000        -0.459576     0.000013606   -180090.3285         0.305
3.8000        -0.405523     0.000010885   -180090.2745         0.345
3.9000        -0.350246     0.000024490   -180090.2192         0.363
4.0000        -0.294063     0.000024490   -180090.1630         0.350
5.0000         0.156885     0.000024490   -180089.7121         0.214
6.0000         0.367457     0.000024490   -180089.5015         0.080
7.0000         0.447138     0.000027211   -180089.4218         0.041
8.0000         0.478521     0.000027211   -180089.3905         0.022
9.0000         0.493481     0.000010885   -180089.3755         0.013
10.0000         0.502347     0.000024490   -180089.3666         0.011
100.0000         0.545651     0.000016327   -180089.3233         0.000
1000.0000         0.548693     0.000016327   -180089.3203
