0.0020         0.000000     0.000024490  39738155.2369
0.0040  19781397.147939     0.000010885  18870400.3944
0.0060  12842596.289402     0.000024490  11931599.5375
0.0080   9383081.361733     0.000005442   8472084.6092
0.0100   7313672.234641     0.000021769   6402675.4811
0.0120   5940671.468922     0.000027211   5029674.7154
0.0140   4966667.718611     0.000005442   4055670.9648
0.0160   4240951.692639     0.000008163   3329954.9385
0.0180   3680979.441499     0.000021769   2769982.6871
0.0200   3236745.104664     0.000024490   2325748.3514
0.0400   1310669.512640     0.000010885    399672.7593
0.0600    727265.123652     0.000024490   -183731.6296
0.0800    463137.025954     0.000021769   -447859.7273
0.1000    316555.991318     0.000019048   -594440.7618
0.1200    227467.752128     0.000013606   -683529.0013
0.1400    169740.920602     0.000005442   -741255.8325
0.1600    129259.797052     0.000013606   -781736.9561
0.1800    100118.779320     0.000013606   -810877.9740
0.2000     78841.630309     0.000019048   -832155.1229
0.2400     51155.010535     0.000024490   -859841.7428
0.2800     34544.701869     0.000016327   -876452.0513
0.3200     23936.703703     0.000021769   -887060.0497
0.3600     17175.569033     0.000016327   -893821.1842
0.4000     12514.885474     0.000024490   -898481.8677
0.4500      8671.969943     0.000008163   -902324.7832
0.5000      6067.323040     0.000008163   -904929.4303    -43214.458
0.5500      4316.124771     0.000021769   -906680.6284    -28035.929
0.6000      3162.797439     0.000008163   -907833.9559    -18850.582
0.6500      2370.445333     0.000013606   -908626.3080    -13275.589
0.7000      1801.996367     0.000016327   -909194.7568     -9695.587
0.7500      1382.465235     0.000016327   -909614.2879     -7221.202
0.8000      1068.561757     0.000024490   -909928.1915     -5423.062
0.8500       832.369819     0.000027211   -910164.3834     -4087.987
0.9000       653.943074     0.000021769   -910342.8102     -3097.609
0.9500       518.284308     0.000021769   -910478.4691     -2363.060
1.0000       414.417074     0.000021769   -910582.3363     -1822.167
1.1000       270.784115     0.000021769   -910725.9692     -1114.945
1.2000       181.360996     0.000021769   -910815.3921      -709.466
1.3000       123.545262     0.000016327   -910873.2079      -465.304
1.4000        85.354666     0.000024490   -910911.3986      -310.456
1.5000        59.764721     0.000019048   -910936.9884      -210.160
1.6000        42.335686     0.000027211   -910954.4176      -144.216
1.7000        30.305220     0.000010885   -910966.4480      -100.412
1.8000        21.877402     0.000027211   -910974.8759       -71.051
1.9000        15.873406     0.000008163   -910980.8799       -51.118
2.0000        11.515504     0.000013606   -910985.2378       -37.424
2.1000         8.323950     0.000010885   -910988.4294       -27.873
2.2000         6.177452     0.000016327   -910990.5758       -21.204
2.3000         4.514488     0.000024490   -910992.2387       -16.173
2.4000         3.226387     0.000021769   -910993.5269       -12.346
2.5000         2.234437     0.000019048   -910994.5188        -9.268
2.6000         1.479402     0.000024490   -910995.2739        -6.959
2.7000         0.914605     0.000016327   -910995.8388        -5.059
2.8000         0.501710     0.000016327   -910996.2516        -3.636
2.9000         0.210701     0.000024490   -910996.5425        -2.504
3.0000         0.015837     0.000013606   -910996.7373        -1.663
3.1000        -0.102391     0.000016327   -910996.8557        -0.993
3.2000        -0.161598     0.000016327   -910996.9147        -0.493
3.3000        -0.175737     0.000002721   -910996.9289        -0.151
3.4000        -0.155777     0.000019048   -910996.9090         0.121
3.5000        -0.112021     0.000024490   -910996.8652         0.309
3.6000        -0.051770     0.000024490   -910996.8051         0.406
3.7000         0.019045     0.000027211   -910996.7343         0.482
3.8000         0.095332     0.000021769   -910996.6579         0.521
3.9000         0.173230     0.000027211   -910996.5800         0.524
4.0000         0.250372     0.000016327   -910996.5030         0.508
5.0000         0.771764     0.000024490   -910995.9814         0.209
6.0000         0.934216     0.000013606   -910995.8189         0.065
7.0000         0.979270     0.000021769   -910995.7740         0.033
8.0000         0.993608     0.000021769   -910995.7596         0.018
9.0000         0.999616     0.000002721   -910995.7536         0.012
10.0000         1.002966     0.000010885   -910995.7504         0.008
100.0000         1.018313     0.000008163   -910995.7348         0.000
1000.0000         1.019295     0.000019048   -910995.7340
