0.0020  13301974.260417     0.000008163  13066830.5182
0.0040   6496220.218954     0.000008163   6261076.4758
0.0060   4231697.552482     0.000021769   3996553.8097
0.0080   3102797.340426     0.000016327   2867653.5984
0.0100   2428140.487045     0.000024490   2192996.7452
0.0120   1980597.542816     0.000024490   1745453.8009
0.0140   1661619.974004     0.000013606   1426476.2321
0.0160   1422961.817301     0.000021769   1187818.0753
0.0180   1238899.970370     0.000019048   1003756.2284
0.0200   1092381.827754     0.000024490    857238.0860
0.0400    450218.936094     0.000010885    215075.1942
0.0600    252453.698833     0.000013606     17309.9570
0.0800    162091.452916     0.000021769    -73052.2890
0.1000    112071.037564     0.000024490   -123072.7043
0.1200     81006.058892     0.000027211   -154137.6830
0.1400     60713.854354     0.000021769   -174429.8875
0.1600     47023.505715     0.000019048   -188120.2362
0.1800     37353.178796     0.000013606   -197790.5631
0.2000     30080.265461     0.000013606   -205063.4764
0.2400     20149.875396     0.000021769   -214993.8665
0.2800     13950.613791     0.000019048   -221193.1281
0.3200     10103.236177     0.000008163   -225040.5057
0.3600      7581.009558     0.000027211   -227562.7323
0.4000      5626.554298     0.000019048   -229517.1876    -41222.361
0.4500      3972.740401     0.000008163   -231171.0015    -26167.694
0.5000      2909.804437     0.000016327   -232233.9374    -17130.962
0.5500      2199.065207     0.000024490   -232944.6767    -11770.416
0.6000      1697.925411     0.000010885   -233445.8165     -8542.683
0.6500      1325.253506     0.000021769   -233818.4884     -6507.513
0.7000      1036.675822     0.000010885   -234107.0661     -5099.884
0.7500       809.609269     0.000008163   -234334.1326     -4013.906
0.8000       631.319326     0.000024490   -234512.4225     -3144.151
0.8500       491.983517     0.000027211   -234651.7584     -2454.509
0.9000       383.297689     0.000008163   -234760.4442     -1915.040
0.9500       298.470001     0.000027211   -234845.2719     -1496.172
1.0000       232.128278     0.000021769   -234911.6136     -1171.575
1.1000       139.219184     0.000019048   -235004.5227      -722.934
1.2000        81.631203     0.000024490   -235062.1107      -447.124
1.3000        45.902988     0.000010885   -235097.8389      -274.791
1.4000        24.244369     0.000021769   -235119.4975      -166.288
1.5000        11.190861     0.000019048   -235132.5510       -98.890
1.6000         3.728701     0.000024490   -235140.0132       -58.186
1.7000        -0.379398     0.000010885   -235144.1213       -33.833
1.8000        -2.624947     0.000024490   -235146.3668       -18.895
1.9000        -3.710176     0.000021769   -235147.4521        -9.680
2.0000        -4.106202     0.000024490   -235147.8481        -3.950
2.1000        -3.974360     0.000005442   -235147.7162        -0.674
2.2000        -3.451994     0.000021769   -235147.1939         0.953
2.3000        -2.952891     0.000016327   -235146.6948         2.034
2.4000        -2.471720     0.000021769   -235146.2136         2.696
2.5000        -2.008868     0.000024490   -235145.7508         3.074
2.6000        -1.569431     0.000002721   -235145.3113         3.236
2.7000        -0.957961     0.000013606   -235144.6998         2.914
2.8000        -0.386013     0.000021769   -235144.1279         2.591
2.9000         0.082791     0.000008163   -235143.6591         2.317
3.0000         0.495626     0.000013606   -235143.2463         2.081
3.1000         0.881067     0.000005442   -235142.8608         1.835
3.2000         1.208991     0.000027211   -235142.5329         1.617
3.3000         1.489574     0.000027211   -235142.2523         1.436
3.4000         1.731486     0.000005442   -235142.0104         1.275
3.5000         1.942189     0.000013606   -235141.7997         1.122
3.6000         2.126111     0.000016327   -235141.6158         0.995
3.7000         2.286631     0.000021769   -235141.4552         0.882
3.8000         2.427101     0.000024490   -235141.3148         0.774
3.9000         2.550611     0.000010885   -235141.1913         0.677
4.0000         2.659049     0.000010885   -235141.0828         0.594
5.0000         3.201402     0.000021769   -235140.5405         0.137
6.0000         3.314800     0.000013606   -235140.4271         0.026
7.0000         3.334346     0.000016327   -235140.4075         0.004
8.0000         3.337546     0.000024490   -235140.4043         0.000
9.0000         3.338068     0.000027211   -235140.4038        -0.001
10.0000         3.338155     0.000021769   -235140.4037        -0.001
100.0000         3.338101     0.000019048   -235140.4038
1000.0000         3.338093     0.000016327   -235140.4038
