0.0020         0.000000     0.000027211  52373346.9616
0.0040  26091935.576283     0.000008163  24852211.3254
0.0060  16938136.432844     0.000021769  15698412.1812
0.0080  12371136.686621     0.000019048  11131412.4347
0.0100   9641106.728542     0.000021769   8401382.4771
0.0120   7833391.227321     0.000021769   6593666.9743
0.0140   6548060.605288     0.000019048   5308336.3523
0.0160   5590221.112467     0.000021769   4350496.8594
0.0180   4849984.897324     0.000019048   3610260.6444
0.0200   4261806.266382     0.000016327   3022082.0150
0.0400   1708049.083487     0.000024490    468324.8316
0.0600    938499.049458     0.000016327   -301225.2026
0.0800    594296.359509     0.000008163   -645427.8925
0.1000    410514.464622     0.000005442   -829209.7873
0.1200    298187.422011     0.000021769   -941536.8299
0.1400    222947.021096     0.000024490  -1016777.2308
0.1600    169559.739470     0.000021769  -1070164.5124
0.1800    132155.774252     0.000016327  -1107568.4777
0.2000    105099.042605     0.000019048  -1134625.2093
0.2400     68068.708005     0.000024490  -1171655.5440
0.2800     45508.771574     0.000021769  -1194215.4803
0.3200     31894.674303     0.000019048  -1207829.5776
0.3600     22805.914893     0.000024490  -1216918.3371
0.4000     16584.219903     0.000016327  -1223140.0320
0.4500     11595.460708     0.000008163  -1228128.7911
0.5000      8422.776956     0.000013606  -1231301.4750    -51032.403
0.5500      6304.917515     0.000008163  -1233419.3344    -35039.341
0.6000      4817.332494     0.000024490  -1234906.9194    -25196.259
0.6500      3730.639721     0.000016327  -1235993.6122    -18707.045
0.7000      2914.976251     0.000005442  -1236809.2757    -14195.455
0.7500      2291.141373     0.000024490  -1237433.1106    -10931.237
0.8000      1808.660557     0.000008163  -1237915.5915     -8478.795
0.8500      1434.097702     0.000019048  -1238290.1542     -6582.059
0.9000      1143.510772     0.000024490  -1238580.7411     -5103.071
0.9500       918.246909     0.000016327  -1238806.0049     -3956.740
1.0000       743.591124     0.000024490  -1238980.6607     -3076.368
1.1000       500.962432     0.000010885  -1239223.2895     -1892.294
1.2000       349.616571     0.000010885  -1239374.6355     -1205.661
1.3000       251.405337     0.000024490  -1239472.8466      -801.982
1.4000       184.698235     0.000024490  -1239539.5537      -556.945
1.5000       137.294045     0.000021769  -1239586.9579      -400.631
1.6000       102.298005     0.000021769  -1239621.9539      -295.556
1.7000        75.999671     0.000021769  -1239648.2523      -220.936
1.8000        56.864909     0.000002721  -1239667.3871      -164.638
1.9000        42.624157     0.000024490  -1239681.6277      -122.674
2.0000        32.046096     0.000021769  -1239692.2058       -91.380
2.1000        24.206145     0.000005442  -1239700.0457       -68.146
2.2000        18.392904     0.000019048  -1239705.8591       -50.966
2.3000        14.077032     0.000027211  -1239710.1749       -38.156
2.4000        10.869032     0.000024490  -1239713.3828       -28.641
2.5000         8.471343     0.000013606  -1239715.7807       -21.589
2.6000         6.681135     0.000016327  -1239717.5709       -16.224
2.7000         5.335932     0.000016327  -1239718.9160       -12.257
2.8000         4.329241     0.000021769  -1239719.9228        -9.222
2.9000         3.567958     0.000013606  -1239720.6839        -6.958
3.0000         2.997183     0.000021769  -1239721.2548        -5.247
3.1000         2.558715     0.000016327  -1239721.6932        -3.983
3.2000         2.223800     0.000016327  -1239722.0282        -3.047
3.3000         1.956878     0.000024490  -1239722.2951        -2.362
3.4000         1.741970     0.000016327  -1239722.5101        -1.905
3.5000         1.586593     0.000021769  -1239722.6654        -1.546
3.6000         1.443663     0.000021769  -1239722.8083        -1.324
3.7000         1.317747     0.000019048  -1239722.9343        -1.154
3.8000         1.202208     0.000016327  -1239723.0497        -0.963
3.9000         1.096480     0.000024490  -1239723.1555        -0.825
4.0000         1.006038     0.000019048  -1239723.2459        -0.720
5.0000         0.625119     0.000016327  -1239723.6268        -0.089
6.0000         0.694266     0.000019048  -1239723.5577         0.035
7.0000         0.790973     0.000016327  -1239723.4608         0.049
8.0000         0.842914     0.000024490  -1239723.4091         0.032
9.0000         0.864449     0.000013606  -1239723.3874        -0.008
10.0000         0.872620     0.000008163  -1239723.3792         0.010
100.0000         0.877412     0.000019048  -1239723.3746        -0.000
1000.0000         0.877423     0.000019048  -1239723.3746
