0.0020   7257431.762989     0.000021769   6896151.5326
0.0040   3538593.733909     0.000008163   3177313.5024
0.0060   2302990.427085     0.000027211   1941710.1961
0.0080   1688036.236234     0.000010885   1326756.0053
0.0100   1320696.425045     0.000019048    959416.1941
0.0120   1077183.420430     0.000024490    715903.1896
0.0140    904088.724893     0.000010885    542808.4939
0.0160    774992.054985     0.000019048    413711.8240
0.0180    675098.774988     0.000013606    313818.5442
0.0200    595578.518346     0.000013606    234298.2874
0.0400    248225.650227     0.000024490   -113054.5807
0.0600    140482.729923     0.000016327   -220797.5010
0.0800     90654.913254     0.000027211   -270625.3177
0.1000     63256.216429     0.000016327   -298024.0145
0.1200     46127.103015     0.000016327   -315153.1279
0.1400     34609.542808     0.000010885   -326670.6881
0.1600     26654.498691     0.000010885   -334625.7321
0.1800     21023.425497     0.000013606   -340256.8053
0.2000     16923.917575     0.000016327   -344356.3134
0.2400     11343.988388     0.000019048   -349936.2426
0.2800      7758.611461     0.000016327   -353521.6194
0.3200      5492.545468     0.000016327   -355787.6854    -45204.650
0.3600      4009.883720     0.000005442   -357270.3473    -30132.365
0.4000      3004.183262     0.000021769   -358276.0476    -20868.852
0.4500      2145.985825     0.000016327   -359134.2452    -14095.606
0.5000      1551.227088     0.000013606   -359729.0039     -9946.619
0.5500      1133.126664     0.000016327   -360147.1042     -6994.674
0.6000       839.831277     0.000016327   -360440.3995     -4881.612
0.6500       634.185636     0.000027211   -360646.0453     -3429.379
0.7000       488.110326     0.000024490   -360792.1207     -2453.352
0.7500       381.621603     0.000008163   -360898.6093     -1805.678
0.8000       302.674399     0.000021769   -360977.5566     -1367.116
0.8500       242.359403     0.000010885   -361037.8715     -1066.987
0.9000       194.762712     0.000010885   -361085.4683      -850.028
0.9500       156.682081     0.000013606   -361123.5487      -681.879
1.0000       126.117974     0.000024490   -361154.1128      -547.143
1.1000        82.010546     0.000010885   -361198.2203      -350.382
1.2000        53.877375     0.000024490   -361226.3536      -222.964
1.3000        35.968494     0.000013606   -361244.2626      -142.422
1.4000        24.462449     0.000008163   -361255.7683       -92.451
1.5000        16.923537     0.000024490   -361263.3073       -61.597
1.6000        11.857741     0.000010885   -361268.3732       -42.580
1.7000         8.348266     0.000024490   -361271.8827       -30.747
1.8000         5.800841     0.000019048   -361274.4302       -23.099
1.9000         3.874184     0.000024490   -361276.3568       -17.889
2.0000         2.381724     0.000002721   -361277.8493       -13.840
2.1000         1.398421     0.000013606   -361278.8325       -10.903
2.2000         0.640045     0.000010885   -361279.5908        -8.294
2.3000         0.055658     0.000016327   -361280.1753        -6.228
2.4000        -0.376255     0.000013606   -361280.6072        -4.489
2.5000        -0.659457     0.000008163   -361280.8905        -3.162
2.6000        -0.849934     0.000013606   -361281.0809        -2.137
2.7000        -0.968116     0.000002721   -361281.1990        -1.303
2.8000        -1.027728     0.000013606   -361281.2586        -0.695
2.9000        -1.039260     0.000013606   -361281.2701        -0.251
3.0000        -1.015274     0.000005442   -361281.2461         0.096
3.1000        -0.966331     0.000027211   -361281.1971         0.338
3.2000        -0.897897     0.000021769   -361281.1288         0.476
3.3000        -0.816413     0.000010885   -361281.0475         0.574
3.4000        -0.728046     0.000005442   -361280.9590         0.639
3.5000        -0.636948     0.000010885   -361280.8679         0.669
3.6000        -0.545153     0.000013606   -361280.7762         0.652
3.7000        -0.454517     0.000008163   -361280.6856         0.628
3.8000        -0.367533     0.000008163   -361280.5985         0.599
3.9000        -0.285731     0.000010885   -361280.5166         0.566
4.0000        -0.209876     0.000002721   -361280.4409         0.526
5.0000         0.253071     0.000027211   -361279.9778         0.179
6.0000         0.404457     0.000013606   -361279.8265         0.098
7.0000         0.459309     0.000019048   -361279.7715         0.037
8.0000         0.486110     0.000019048   -361279.7449         0.022
9.0000         0.502614     0.000010885   -361279.7283         0.016
10.0000         0.514246     0.000005442   -361279.7166         0.012
100.0000         0.584014     0.000024490   -361279.6469         0.000
1000.0000         0.589350     0.000016327   -361279.6414
