0.0020         0.000000     0.000010885  38065235.9993
0.0040  18989658.433975     0.000005442  18053985.6151
0.0060  12341023.504835     0.000021769  11405350.6848
0.0080   9025216.111251     0.000016327   8089543.2912
0.0100   7040320.174839     0.000027211   6104647.3550
0.0120   5721792.024547     0.000024490   4786119.2053
0.0140   4785051.744738     0.000016327   3849378.9254
0.0160   4087392.516931     0.000019048   3151719.6960
0.0180   3548895.092533     0.000019048   2613222.2726
0.0200   3121471.833384     0.000024490   2185799.0136
0.0400   1265016.690867     0.000010885    329343.8712
0.0600    700667.039056     0.000024490   -235005.7807
0.0800    443336.662308     0.000027211   -492336.1574
0.1000    302201.835226     0.000021769   -633470.9847
0.1200    216715.932531     0.000010885   -718956.8873
0.1400    162084.529738     0.000024490   -773588.2900
0.1600    124098.201445     0.000016327   -811574.6184
0.1800     96350.665223     0.000016327   -839322.1545
0.2000     76075.341005     0.000016327   -859597.4789
0.2400     49727.609653     0.000013606   -885945.2102
0.2800     33826.614716     0.000016327   -901846.2050
0.3200     23434.151936     0.000024490   -912238.6679
0.3600     16817.234630     0.000005442   -918855.5852
0.4000     12388.727077     0.000019048   -923284.0927
0.4500      8713.294374     0.000016327   -926959.5253
0.5000      6239.604649     0.000021769   -929433.2151    -41024.257
0.5500      4545.763421     0.000024490   -931127.0562    -27605.204
0.6000      3395.567593     0.000021769   -932277.2523    -19093.222
0.6500      2583.495488     0.000021769   -933089.3244    -13807.406
0.7000      1986.826060     0.000013606   -933685.9936    -10281.191
0.7500      1540.464143     0.000021769   -934132.3557     -7703.319
0.8000      1206.172927     0.000027211   -934466.6469     -5772.178
0.8500       955.325734     0.000002721   -934717.4941     -4352.683
0.9000       765.401643     0.000021769   -934907.4182     -3301.769
0.9500       620.384321     0.000013606   -935052.4353     -2531.850
1.0000       508.297163     0.000027211   -935164.5226     -1968.041
1.1000       350.707372     0.000013606   -935322.1125     -1253.777
1.2000       246.415795     0.000019048   -935426.4040      -867.430
1.3000       171.816994     0.000027211   -935501.0027      -622.149
1.4000       119.092286     0.000024490   -935553.7275      -430.455
1.5000        83.056481     0.000019048   -935589.7633      -295.290
1.6000        58.438168     0.000005442   -935614.3817      -203.667
1.7000        41.580967     0.000024490   -935631.2389      -142.125
1.8000        30.247586     0.000010885   -935642.5721      -100.852
1.9000        22.226481     0.000019048   -935650.5933       -71.858
2.0000        16.603806     0.000013606   -935656.2159       -51.217
2.1000        12.891959     0.000019048   -935659.9278       -36.772
2.2000        10.452213     0.000016327   -935662.3676       -26.487
2.3000         8.756676     0.000019048   -935664.0632       -19.005
2.4000         7.586137     0.000019048   -935665.2335       -13.660
2.5000         6.787330     0.000021769   -935666.0325        -9.829
2.6000         6.240248     0.000005442   -935666.5794        -7.197
2.7000         5.851332     0.000013606   -935666.9685        -5.384
2.8000         5.581436     0.000013606   -935667.2385        -4.146
2.9000         5.400657     0.000005442   -935667.4191        -3.246
3.0000         5.244417     0.000021769   -935667.5753        -2.636
3.1000         5.109538     0.000008163   -935667.7103        -2.066
3.2000         4.994967     0.000010885   -935667.8249        -1.648
3.3000         4.901379     0.000021769   -935667.9185        -1.308
3.4000         4.828474     0.000019048   -935667.9914        -0.987
3.5000         4.775200     0.000010885   -935668.0445        -0.737
3.6000         4.740018     0.000002721   -935668.0798        -0.545
3.7000         4.721558     0.000021769   -935668.0983        -0.361
3.8000         4.717237     0.000008163   -935668.1024        -0.211
3.9000         4.724124     0.000000000   -935668.0956        -0.106
4.0000         4.741074     0.000002721   -935668.0788        -0.017
5.0000         5.097579     0.000019048   -935667.7223         0.196
6.0000         5.340280     0.000016327   -935667.4796         0.085
7.0000         5.425438     0.000021769   -935667.3944         0.035
8.0000         5.448818     0.000010885   -935667.3710         0.014
9.0000         5.453583     0.000002721   -935667.3661         0.005
10.0000         5.453430     0.000008163   -935667.3664         0.003
100.0000         5.439661     0.000016327   -935667.3802
1000.0000         5.438497     0.000002721   -935667.3813
