0.0020   9057492.343757     0.000010885   8906139.5053
0.0040   4431787.763836     0.000019048   4280434.9270
0.0060   2891725.681560     0.000019048   2740372.8433
0.0080   2123192.190541     0.000008163   1971839.3531
0.0100   1663159.377305     0.000024490   1511806.5397
0.0120   1357753.917772     0.000021769   1206401.0803
0.0140   1140511.246007     0.000010885    989158.4086
0.0160    977974.786909     0.000024490    826621.9495
0.0180    851922.870214     0.000027211    700570.0327
0.0200    751635.104871     0.000024490    600282.2673
0.0400    312523.042693     0.000013606    161170.2051
0.0600    176817.498125     0.000008163     25464.6606
0.0800    113744.289788     0.000021769    -37608.5478
0.1000     78997.096761     0.000019048    -72355.7408
0.1200     57589.419473     0.000010885    -93763.4181
0.1400     43285.390008     0.000021769   -108067.4475
0.1600     33319.838572     0.000019048   -118032.9990
0.1800     26235.107523     0.000024490   -125117.7300
0.2000     21101.670394     0.000024490   -130251.1671
0.2400     14416.924031     0.000024490   -136935.9135
0.2800     10021.753870     0.000021769   -141331.0837
0.3200      7210.813406     0.000008163   -144142.0241
0.3600      5299.509280     0.000016327   -146053.3283    -40232.115
0.4000      3945.151798     0.000013606   -147407.6857    -27993.595
0.4500      2818.839315     0.000013606   -148533.9982    -17892.422
0.5000      2086.853916     0.000019048   -149265.9836    -11906.758
0.5500      1550.751585     0.000013606   -149802.0860     -9824.160
0.6000      1134.329639     0.000024490   -150218.5079     -6913.897
0.6500       844.729894     0.000019048   -150508.1076     -4794.950
0.7000       642.500475     0.000019048   -150710.3371     -3377.545
0.7500       498.464918     0.000019048   -150854.3726     -2435.571
0.8000       393.158859     0.000016327   -150959.6787     -1805.908
0.8500       314.165442     0.000024490   -151038.6721     -1376.657
0.9000       253.262338     0.000027211   -151099.5752     -1075.553
0.9500       205.328666     0.000021769   -151147.5089      -856.606
1.0000       166.943060     0.000013606   -151185.8945      -690.911
1.1000       110.563333     0.000019048   -151242.2742      -457.160
1.2000        73.078740     0.000019048   -151279.7588      -303.909
1.3000        48.097272     0.000024490   -151304.7403      -201.653
1.4000        31.574232     0.000019048   -151321.2633      -135.471
1.5000        20.297163     0.000024490   -151332.5404       -92.162
1.6000        12.443116     0.000024490   -151340.3944       -63.811
1.7000         6.882219     0.000008163   -151345.9553       -44.589
1.8000         2.984641     0.000010885   -151349.8529       -30.936
1.9000         0.359397     0.000016327   -151352.4782       -20.976
2.0000        -1.408865     0.000019048   -151354.2464       -13.736
2.1000        -2.351745     0.000021769   -151355.1893        -9.050
2.2000        -2.891170     0.000013606   -151355.7287        -5.656
2.3000        -3.094921     0.000008163   -151355.9324        -3.213
2.4000        -3.130641     0.000016327   -151355.9682        -1.448
2.5000        -3.048267     0.000027211   -151355.8858        -0.192
2.6000        -2.882631     0.000024490   -151355.7202         0.689
2.7000        -2.661879     0.000013606   -151355.4994         1.289
2.8000        -2.404965     0.000016327   -151355.2425         1.664
2.9000        -2.127349     0.000024490   -151354.9649         1.902
3.0000        -1.753579     0.000019048   -151354.5911         1.945
3.1000        -1.389493     0.000010885   -151354.2270         1.905
3.2000        -1.050692     0.000005442   -151353.8882         1.841
3.3000        -0.738634     0.000021769   -151353.5762         1.747
3.4000        -0.437603     0.000008163   -151353.2751         1.625
3.5000        -0.159448     0.000021769   -151352.9970         1.498
3.6000         0.092364     0.000010885   -151352.7452         1.376
3.7000         0.319584     0.000027211   -151352.5180         1.253
3.8000         0.524296     0.000027211   -151352.3133         1.129
3.9000         0.708266     0.000024490   -151352.1293         1.014
4.0000         0.872569     0.000016327   -151351.9650         0.907
5.0000         1.752901     0.000013606   -151351.0846         0.258
6.0000         1.973874     0.000021769   -151350.8637         0.078
7.0000         2.031263     0.000027211   -151350.8063         0.025
8.0000         2.052259     0.000005442   -151350.7853         0.012
9.0000         2.063492     0.000008163   -151350.7740         0.008
10.0000         2.071114     0.000013606   -151350.7664         0.006
100.0000         2.115955     0.000013606   -151350.7216         0.000
1000.0000         2.119477     0.000024490   -151350.7181
