0.0020  14882946.174274     0.000013606  14565447.3220
0.0040   7255092.333992     0.000019048   6937593.4819
0.0060   4724866.486541     0.000016327   4407367.6348
0.0080   3462760.595148     0.000024490   3145261.7433
0.0100   2707617.000833     0.000024490   2390118.1493
0.0120   2205997.302370     0.000019048   1888498.4508
0.0140   1849302.644320     0.000021769   1531803.7927
0.0160   1582863.562680     0.000010885   1265364.7111
0.0180   1376529.862051     0.000027211   1059031.0105
0.0200   1212470.708815     0.000019048    894971.8572
0.0400    499150.539797     0.000024490    181651.6883
0.0600    279678.394006     0.000024490    -37820.4575
0.0800    178864.753623     0.000024490   -138634.0979
0.1000    123121.363854     0.000005442   -194377.4877
0.1200     89126.469250     0.000008163   -228372.3823
0.1400     67183.659519     0.000024490   -250315.1920
0.1600     52120.325178     0.000021769   -265378.5264
0.1800     41008.996482     0.000021769   -276489.8551
0.2000     32683.137147     0.000027211   -284815.7145
0.2400     21639.648314     0.000019048   -295859.2032
0.2800     15049.691741     0.000013606   -302449.1598
0.3200     10868.853237     0.000027211   -306629.9984
0.3600      7910.351146     0.000010885   -309588.5003
0.4000      5845.050204     0.000019048   -311653.8014    -42363.660
0.4500      4142.238456     0.000019048   -313356.6130    -27108.568
0.5000      3028.178238     0.000010885   -314470.6734    -18193.679
0.5500      2267.300441     0.000013606   -315231.5511    -12762.655
0.6000      1717.896622     0.000027211   -315780.9549     -9446.077
0.6500      1304.386145     0.000024490   -316194.4653     -7157.257
0.7000       994.369121     0.000024490   -316504.4823     -5308.292
0.7500       766.147856     0.000016327   -316732.7037     -3880.112
0.8000       599.652712     0.000027211   -316899.1988     -2847.601
0.8500       476.419042     0.000021769   -317022.4324     -2124.709
0.9000       383.442524     0.000016327   -317115.4091     -1615.598
0.9500       312.018865     0.000024490   -317186.8328     -1251.186
1.0000       256.435173     0.000013606   -317242.4164      -985.455
1.1000       176.800056     0.000024490   -317322.0514      -640.485
1.2000       124.679699     0.000019048   -317374.1718      -439.434
1.3000        88.385112     0.000024490   -317410.4664      -294.093
1.4000        64.385319     0.000019048   -317434.4663      -196.993
1.5000        47.923750     0.000013606   -317450.9278      -139.531
1.6000        35.966257     0.000016327   -317462.8853      -102.370
1.7000        27.172402     0.000019048   -317471.6792       -76.351
1.8000        20.603870     0.000024490   -317478.2475       -57.427
1.9000        15.654278     0.000010885   -317483.1973       -43.233
2.0000        11.928477     0.000016327   -317486.9231       -32.403
2.1000         9.140675     0.000010885   -317489.7109       -24.083
2.2000         7.072843     0.000027211   -317491.7787       -17.778
2.3000         5.551601     0.000013606   -317493.3001       -12.996
2.4000         4.441213     0.000013606   -317494.4103        -9.446
2.5000         3.636071     0.000013606   -317495.2155        -6.809
2.6000         3.055521     0.000013606   -317495.7959        -4.893
2.7000         2.638134     0.000010885   -317496.2133        -3.493
2.8000         2.338313     0.000027211   -317496.5132        -2.495
2.9000         2.122462     0.000027211   -317496.7290        -1.782
3.0000         1.966225     0.000016327   -317496.8854        -1.274
3.1000         1.851970     0.000013606   -317496.9994        -0.925
3.2000         1.767407     0.000013606   -317497.0841        -0.675
3.3000         1.704081     0.000013606   -317497.1475        -0.497
3.4000         1.655813     0.000021769   -317497.1956        -0.375
3.5000         1.618591     0.000021769   -317497.2329        -0.275
3.6000         1.589502     0.000010885   -317497.2620        -0.217
3.7000         1.566772     0.000005442   -317497.2849        -0.163
3.8000         1.548835     0.000021769   -317497.3026        -0.129
3.9000         1.534619     0.000002721   -317497.3170        -0.100
4.0000         1.523683     0.000013606   -317497.3279        -0.077
5.0000         1.500760     0.000013606   -317497.3507         0.014
6.0000         1.517261     0.000024490   -317497.3341         0.013
7.0000         1.526121     0.000027211   -317497.3254         0.004
8.0000         1.528867     0.000010885   -317497.3227         0.001
9.0000         1.529544     0.000010885   -317497.3219        -0.000
10.0000         1.529675     0.000008163   -317497.3219        -0.000
100.0000         1.529727     0.000010885   -317497.3219
1000.0000         1.529729     0.000010885   -317497.3219
