0.0020  11003277.571941     0.000019048  10790725.4520
0.0040   5371830.675468     0.000016327   5159278.5564
0.0060   3503333.858106     0.000024490   3290781.7394
0.0080   2570601.622592     0.000021769   2358049.5033
0.0100   2012291.626315     0.000021769   1799739.5071
0.0120   1641012.930755     0.000016327   1428460.8115
0.0140   1376970.187584     0.000005442   1164418.0683
0.0160   1179749.725198     0.000019048    967197.6057
0.0180   1026962.889035     0.000013606    814410.7697
0.0200    905221.319492     0.000021769    692669.2001
0.0400    374630.665776     0.000016327    162078.5464
0.0600    211250.326696     0.000024490     -1301.7927
0.0800    135610.545478     0.000010885    -76941.5739
0.1000     93920.050830     0.000024490   -118632.0685
0.1200     68077.830422     0.000024490   -144474.2889
0.1400     50977.905896     0.000010885   -161574.2135
0.1600     39293.906925     0.000021769   -173258.2124
0.1800     31102.694103     0.000016327   -181449.4253
0.2000     25212.602855     0.000021769   -187339.5165
0.2400     16904.304303     0.000010885   -195647.8151
0.2800     11717.575391     0.000019048   -200834.5440
0.3200      8335.217225     0.000024490   -204216.9021
0.3600      6138.684648     0.000024490   -206413.4347    -44300.852
0.4000      4664.943841     0.000013606   -207887.1755    -30745.799
0.4500      3339.949175     0.000027211   -209212.1702    -22689.301
0.5000      2399.701088     0.000019048   -210152.4183    -15252.164
0.5500      1770.505407     0.000016327   -210781.6139    -10278.040
0.6000      1339.314034     0.000024490   -211212.8053     -7190.969
0.6500      1031.730874     0.000016327   -211520.3885     -5232.355
0.7000       804.799807     0.000010885   -211747.3196     -3914.741
0.7500       633.501988     0.000013606   -211918.6174     -2988.403
0.8000       500.490532     0.000005442   -212051.6288     -2367.191
0.8500       394.260972     0.000024490   -212157.8584     -1893.884
0.9000       309.269630     0.000013606   -212242.8497     -1517.368
0.9500       242.011650     0.000021769   -212310.1077     -1189.240
1.0000       189.644883     0.000019048   -212362.4745      -919.070
1.1000       117.832471     0.000019048   -212434.2869      -551.078
1.2000        74.325841     0.000021769   -212477.7935      -337.648
1.3000        47.345696     0.000024490   -212504.7737      -211.563
1.4000        30.213270     0.000021769   -212521.9061      -135.749
1.5000        19.156341     0.000013606   -212532.9630       -88.972
1.6000        11.850109     0.000019048   -212540.2692       -59.246
1.7000         7.159335     0.000019048   -212544.9600       -40.179
1.8000         4.068574     0.000016327   -212548.0508       -27.534
1.9000         1.956962     0.000016327   -212550.1624       -18.866
2.0000         0.519977     0.000016327   -212551.5994       -12.870
2.1000        -0.448109     0.000013606   -212552.5675        -8.630
2.2000        -1.086940     0.000010885   -212553.2063        -5.630
2.3000        -1.494409     0.000008163   -212553.6138        -3.524
2.4000        -1.738397     0.000008163   -212553.8578        -2.009
2.5000        -1.867943     0.000024490   -212553.9873        -0.956
2.6000        -1.916561     0.000027211   -212554.0359        -0.212
2.7000        -1.909073     0.000021769   -212554.0284         0.315
2.8000        -1.862274     0.000019048   -212553.9816         0.651
2.9000        -1.788518     0.000024490   -212553.9079         0.898
3.0000        -1.696840     0.000021769   -212553.8162         1.041
3.1000        -1.592966     0.000021769   -212553.7123         1.124
3.2000        -1.481843     0.000010885   -212553.6012         1.179
3.3000        -1.308561     0.000016327   -212553.4279         1.147
3.4000        -1.110260     0.000024490   -212553.2296         1.061
3.5000        -0.931664     0.000013606   -212553.0510         0.985
3.6000        -0.771312     0.000010885   -212552.8907         0.904
3.7000        -0.627400     0.000013606   -212552.7468         0.837
3.8000        -0.497909     0.000016327   -212552.6173         0.763
3.9000        -0.381213     0.000016327   -212552.5006         0.697
4.0000        -0.276220     0.000016327   -212552.3956         0.637
5.0000         0.410789     0.000024490   -212551.7086         0.178
6.0000         0.600841     0.000013606   -212551.5185         0.044
7.0000         0.642458     0.000016327   -212551.4769         0.010
8.0000         0.653928     0.000010885   -212551.4654         0.003
9.0000         0.658684     0.000016327   -212551.4607         0.002
10.0000         0.661493     0.000013606   -212551.4579         0.001
100.0000         0.676976     0.000008163   -212551.4424
1000.0000         0.678179     0.000021769   -212551.4412
