0.0020  14235364.799002     0.000027211  13980484.6415
0.0040   6951414.216848     0.000013606   6696534.0595
0.0060   4528250.570901     0.000021769   4273370.4133
0.0080   3320643.366755     0.000016327   3065763.2091
0.0100   2598917.494840     0.000010885   2344037.3378
0.0120   2119718.553252     0.000024490   1864838.3961
0.0140   1778008.112564     0.000008163   1523127.9556
0.0160   1522285.823473     0.000021769   1267405.6665
0.0180   1325257.622062     0.000021769   1070377.4650
0.0200   1168206.903830     0.000019048    913326.7468
0.0400    480208.519912     0.000016327    225328.3629
0.0600    268948.626271     0.000016327     14068.4692
0.0800    172585.894955     0.000013606    -82294.2621
0.1000    119073.106947     0.000024490   -135807.0501
0.1200     85962.220203     0.000024490   -168917.9368
0.1400     64490.275701     0.000010885   -190389.8814
0.1600     50068.623970     0.000010885   -204811.5331
0.1800     39626.117952     0.000019048   -215254.0391
0.2000     31897.736532     0.000010885   -222982.4205
0.2400     21251.314895     0.000027211   -233628.8421
0.2800     14853.460727     0.000008163   -240026.6963
0.3200     10839.826073     0.000019048   -244040.3310
0.3600      8010.150854     0.000013606   -246870.0062
0.4000      5937.242281     0.000019048   -248942.9148    -42541.045
0.4500      4235.453281     0.000016327   -250644.7038    -26917.466
0.5000      3138.153561     0.000021769   -251742.0035    -17810.816
0.5500      2392.034435     0.000005442   -252488.1226    -12516.311
0.6000      1851.990953     0.000019048   -253028.1661     -9328.701
0.6500      1440.777224     0.000019048   -253439.3798     -7221.578
0.7000      1121.057446     0.000019048   -253759.0996     -5633.144
0.7500       872.098425     0.000016327   -254008.0586     -4375.087
0.8000       679.047513     0.000021769   -254201.1095     -3387.345
0.8500       529.578989     0.000027211   -254350.5781     -2623.205
0.9000       413.712135     0.000005442   -254466.4449     -2036.457
0.9500       323.644001     0.000019048   -254556.5131     -1586.229
1.0000       253.405937     0.000013606   -254626.7511     -1239.279
1.1000       155.606178     0.000024490   -254724.5509      -762.420
1.2000        95.145364     0.000013606   -254785.0117      -475.233
1.3000        57.093340     0.000024490   -254823.0637      -296.648
1.4000        33.142501     0.000019048   -254847.0145      -184.936
1.5000        18.366634     0.000021769   -254861.7904      -114.532
1.6000         9.495740     0.000013606   -254870.6613       -71.491
1.7000         4.320413     0.000002721   -254875.8366       -45.576
1.8000         1.086475     0.000016327   -254879.0706       -28.870
1.9000        -0.939400     0.000005442   -254881.0965       -17.825
2.0000        -2.164675     0.000019048   -254882.3217       -10.515
2.1000        -2.858378     0.000010885   -254883.0154        -5.718
2.2000        -3.202188     0.000010885   -254883.3592        -2.542
2.3000        -3.295624     0.000013606   -254883.4527        -0.557
2.4000        -3.179249     0.000016327   -254883.3363         0.549
2.5000        -3.016933     0.000019048   -254883.1740         1.241
2.6000        -2.829204     0.000027211   -254882.9862         1.628
2.7000        -2.629456     0.000008163   -254882.7865         1.836
2.8000        -2.428789     0.000005442   -254882.5859         1.898
2.9000        -2.233215     0.000016327   -254882.3903         1.874
3.0000        -1.978677     0.000013606   -254882.1357         1.710
3.1000        -1.764441     0.000005442   -254881.9215         1.552
3.2000        -1.581940     0.000010885   -254881.7390         1.409
3.3000        -1.375920     0.000008163   -254881.5330         1.266
3.4000        -1.171456     0.000002721   -254881.3285         1.108
3.5000        -0.994021     0.000013606   -254881.1511         0.962
3.6000        -0.839646     0.000005442   -254880.9967         0.843
3.7000        -0.705575     0.000019048   -254880.8626         0.738
3.8000        -0.588762     0.000013606   -254880.7458         0.644
3.9000        -0.486621     0.000021769   -254880.6437         0.556
4.0000        -0.397520     0.000008163   -254880.5546         0.482
5.0000         0.035829     0.000019048   -254880.1212         0.102
6.0000         0.120296     0.000016327   -254880.0367         0.019
7.0000         0.133747     0.000013606   -254880.0233         0.003
8.0000         0.135736     0.000027211   -254880.0213         0.000
9.0000         0.136024     0.000016327   -254880.0210        -0.000
10.0000         0.136065     0.000021769   -254880.0210        -0.000
100.0000         0.136076     0.000013606   -254880.0210
1000.0000         0.136073     0.000021769   -254880.0210
