0.0020         0.000000     0.000002721  30938509.6986
0.0040  15413956.942870     0.000021769  14654755.4856
0.0060  10002915.683382     0.000021769   9243714.2281
0.0080   7311221.638765     0.000008163   6552020.1831
0.0100   5703644.427504     0.000005442   4944442.9713
0.0120   4636593.211290     0.000013606   3877391.7542
0.0140   3877881.177106     0.000024490   3118679.7197
0.0160   3312549.820061     0.000021769   2553348.3637
0.0180   2876177.380780     0.000013606   2116975.9245
0.0200   2529892.220715     0.000027211   1770690.7644
0.0400   1025769.921113     0.000008163    266568.4649
0.0600    567667.123636     0.000013606   -191534.3326
0.0800    359692.108064     0.000005442   -399509.3480
0.1000    246880.643833     0.000019048   -512320.8123
0.1200    177413.311051     0.000013606   -581788.1451
0.1400    132104.798456     0.000005442   -627096.6577
0.1600    101524.340257     0.000016327   -657677.1160
0.1800     79741.993170     0.000013606   -679459.4630
0.2000     63454.674000     0.000013606   -695746.7823
0.2400     41388.027802     0.000024490   -717813.4285
0.2800     28395.777910     0.000016327   -730805.6782
0.3200     20281.093795     0.000021769   -738920.3625
0.3600     14630.232314     0.000010885   -744571.2239
0.4000     10905.389681     0.000010885   -748296.0664
0.4500      7879.054286     0.000019048   -751322.4020    -48209.597
0.5000      5879.860750     0.000016327   -753321.5955    -33178.163
0.5500      4463.536280     0.000021769   -754737.9200    -24098.446
0.6000      3423.650126     0.000024490   -755777.8060    -17836.773
0.6500      2650.961875     0.000016327   -756550.4943    -13330.263
0.7000      2070.124818     0.000010885   -757131.3313    -10092.643
0.7500      1627.116902     0.000024490   -757574.3394     -7761.632
0.8000      1283.797780     0.000005442   -757917.6585     -6052.973
0.8500      1014.977218     0.000013606   -758186.4790     -4739.874
0.9000       804.855455     0.000010885   -758396.6008     -3696.732
0.9500       641.106737     0.000013606   -758560.3495     -2874.252
1.0000       513.700742     0.000019048   -758687.7554     -2235.466
1.1000       336.518662     0.000019048   -758864.9375     -1371.075
1.2000       226.101051     0.000019048   -758975.3551      -867.170
1.3000       155.233621     0.000016327   -759046.2226      -567.855
1.4000       108.371080     0.000019048   -759093.0852      -383.936
1.5000        76.280251     0.000008163   -759125.1759      -266.360
1.6000        53.821352     0.000021769   -759147.6348      -187.915
1.7000        37.898525     0.000016327   -759163.5578      -133.713
1.8000        26.550477     0.000013606   -759174.9058       -95.350
1.9000        18.463245     0.000019048   -759182.9930       -67.829
2.0000        12.722457     0.000021769   -759188.7338       -48.055
2.1000         8.672909     0.000016327   -759192.7834       -33.736
2.2000         5.842268     0.000013606   -759195.6139       -23.501
2.3000         4.048457     0.000021769   -759197.4077       -16.429
2.4000         3.084447     0.000016327   -759198.3718       -11.980
2.5000         2.389773     0.000008163   -759199.0665        -8.865
2.6000         1.876378     0.000008163   -759199.5797        -6.595
2.7000         1.489576     0.000010885   -759199.9667        -4.950
2.8000         1.194273     0.000013606   -759200.2619        -3.709
2.9000         0.968364     0.000010885   -759200.4878        -2.777
3.0000         0.795838     0.000010885   -759200.6603        -2.068
3.1000         0.665577     0.000008163   -759200.7906        -1.510
3.2000         0.568691     0.000008163   -759200.8875        -1.105
3.3000         0.498020     0.000024490   -759200.9583        -0.783
3.4000         0.448104     0.000021769   -759201.0080        -0.538
3.5000         0.414204     0.000019048   -759201.0421        -0.367
3.6000         0.392386     0.000016327   -759201.0638        -0.226
3.7000         0.379768     0.000013606   -759201.0763        -0.129
3.8000         0.373925     0.000016327   -759201.0823        -0.058
3.9000         0.372853     0.000013606   -759201.0834        -0.012
4.0000         0.375060     0.000024490   -759201.0812         0.020
5.0000         0.431374     0.000008163   -759201.0249         0.037
6.0000         0.453274     0.000019048   -759201.0029         0.007
7.0000         0.457541     0.000002721   -759200.9988         0.000
8.0000         0.458234     0.000021769   -759200.9980        -0.001
9.0000         0.458341     0.000021769   -759200.9980        -0.001
10.0000         0.458357     0.000021769   -759200.9980        -0.001
100.0000         0.458360     0.000021769   -759200.9980
1000.0000         0.458360     0.000021769   -759200.9980
