0.0020  10244280.402461     0.000021769   9770804.0653
0.0040   4990461.745101     0.000008163   4516985.4075
0.0060   3245387.528903     0.000021769   2771911.1914
0.0080   2377083.379317     0.000013606   1903607.0421
0.0100   1858629.324655     0.000019048   1385152.9874
0.0120   1514761.223539     0.000013606   1041284.8861
0.0140   1270384.982826     0.000008163    796908.6455
0.0160   1088125.721491     0.000024490    614649.3842
0.0180    946848.848521     0.000013606    473372.5113
0.0200    834492.421724     0.000013606    361016.0844
0.0400    345824.667219     0.000021769   -127651.6701
0.0600    194761.403464     0.000024490   -278714.9339
0.0800    125385.117803     0.000021769   -348091.2196
0.1000     86957.753479     0.000016327   -386518.5838
0.1200     63152.640803     0.000024490   -410323.6964
0.1400     47547.220697     0.000010885   -425929.1166
0.1600     36892.126100     0.000019048   -436584.2111
0.1800     29064.308225     0.000019048   -444412.0290
0.2000     23184.870051     0.000019048   -450291.4672
0.2400     15274.650020     0.000019048   -458201.6872
0.2800     10522.590876     0.000024490   -462953.7464
0.3200      7534.699384     0.000016327   -465941.6379
0.3600      5539.819502     0.000024490   -467936.5179    -41510.302
0.4000      4123.159303     0.000021769   -469353.1780    -30010.896
0.4500      2893.161839     0.000016327   -470583.1756    -19859.548
0.5000      2077.472006     0.000008163   -471398.8655    -13212.412
0.5500      1530.800372     0.000021769   -471945.5370     -8974.136
0.6000      1154.129317     0.000008163   -472322.2080     -6303.666
0.6500       884.415446     0.000013606   -472591.9219     -4619.514
0.7000       682.494147     0.000016327   -472793.8432     -3531.652
0.7500       526.638768     0.000024490   -472949.6987     -2736.723
0.8000       406.281938     0.000024490   -473070.0555     -2099.020
0.8500       314.207059     0.000016327   -473162.1302     -1600.881
0.9000       244.044850     0.000010885   -473232.2926     -1222.121
0.9500       190.381539     0.000010885   -473285.9559      -937.409
1.0000       149.096567     0.000021769   -473327.2408      -724.038
1.1000        92.057614     0.000013606   -473384.2797      -442.827
1.2000        56.614877     0.000019048   -473419.7225      -280.087
1.3000        33.929163     0.000016327   -473442.4081      -181.304
1.4000        19.182940     0.000010885   -473457.1545      -118.049
1.5000         9.608681     0.000019048   -473466.7285       -76.242
1.6000         3.481597     0.000016327   -473472.8557       -48.202
1.7000        -0.021818     0.000024490   -473476.3592       -30.449
1.8000        -2.145635     0.000019048   -473478.4831       -18.902
1.9000        -3.391043     0.000024490   -473479.7283       -11.503
2.0000        -4.054163     0.000019048   -473480.3914        -7.063
2.1000        -4.375288     0.000021769   -473480.7125        -4.303
2.2000        -4.539160     0.000024490   -473480.8766        -2.728
2.3000        -4.608065     0.000024490   -473480.9454        -1.708
2.4000        -4.605629     0.000016327   -473480.9430        -1.203
2.5000        -4.602819     0.000019048   -473480.9402        -0.779
2.6000        -4.596710     0.000024490   -473480.9340        -0.480
2.7000        -4.584609     0.000027211   -473480.9220        -0.199
2.8000        -4.519846     0.000016327   -473480.8573         0.015
2.9000        -4.419435     0.000016327   -473480.7568         0.119
3.0000        -4.318737     0.000019048   -473480.6562         0.253
3.1000        -4.218613     0.000021769   -473480.5560         0.342
3.2000        -4.118554     0.000013606   -473480.4559         0.401
3.3000        -4.020291     0.000024490   -473480.3576         0.433
3.4000        -3.923837     0.000010885   -473480.2610         0.455
3.5000        -3.830276     0.000021769   -473480.1677         0.472
3.6000        -3.740737     0.000016327   -473480.0782         0.479
3.7000        -3.654471     0.000021769   -473479.9919         0.459
3.8000        -3.572837     0.000013606   -473479.9103         0.456
3.9000        -3.496123     0.000016327   -473479.8336         0.438
4.0000        -3.423373     0.000027211   -473479.7606         0.410
5.0000        -2.930161     0.000021769   -473479.2676         0.202
6.0000        -2.731181     0.000008163   -473479.0684         0.063
7.0000        -2.660692     0.000008163   -473478.9979         0.037
8.0000        -2.633892     0.000013606   -473478.9712         0.021
9.0000        -2.621070     0.000013606   -473478.9584         0.010
10.0000        -2.613336     0.000010885   -473478.9505         0.011
100.0000        -2.572944     0.000013606   -473478.9103         0.000
1000.0000        -2.570056     0.000016327   -473478.9073
