0.0020  20426307.770986     0.000024490  20011972.8903
0.0040   9960513.493565     0.000021769   9546178.6118
0.0060   6479127.550878     0.000010885   6064792.6682
0.0080   4743465.089243     0.000016327   4329130.2073
0.0100   3705579.921125     0.000010885   3291245.0406
0.0120   3015736.496888     0.000010885   2601401.6150
0.0140   2525068.004584     0.000027211   2110733.1227
0.0160   2158800.788920     0.000024490   1744465.9072
0.0180   1875875.288666     0.000024490   1461540.4068
0.0200   1651026.884333     0.000019048   1236692.0025
0.0400    673896.698894     0.000013606    259561.8171
0.0600    375529.123575     0.000019048    -38805.7582
0.0800    239234.583285     0.000024490   -175100.2985
0.1000    164428.136637     0.000024490   -249906.7452
0.1200    119170.416341     0.000024490   -295164.4655
0.1400     89387.155216     0.000019048   -324947.7265
0.1600     68551.602954     0.000013606   -345783.2788
0.1800     53557.716287     0.000010885   -360777.1656
0.2000     42567.266614     0.000013606   -371767.6152
0.2400     28272.321056     0.000019048   -386062.5608
0.2800     19375.446900     0.000021769   -394959.4350
0.3200     13625.485689     0.000021769   -400709.3962
0.3600      9901.976472     0.000008163   -404432.9054
0.4000      7359.281337     0.000013606   -406975.6005
0.4500      5250.192799     0.000019048   -409084.6889    -33698.055
0.5000      3835.005793     0.000024490   -410499.8760    -24001.308
0.5500      2815.977432     0.000021769   -411518.9044    -16940.947
0.6000      2109.373550     0.000021769   -412225.5082    -11691.531
0.6500      1615.242716     0.000019048   -412719.6391     -8298.243
0.7000      1259.458832     0.000010885   -413075.4230     -6118.341
0.7500       987.222519     0.000019048   -413347.6594     -4877.806
0.8000       770.430456     0.000021769   -413564.4515     -3835.378
0.8500       601.176428     0.000008163   -413733.7053     -2974.380
0.9000       470.548325     0.000019048   -413864.3336     -2289.287
0.9500       370.151556     0.000021769   -413964.7303     -1756.015
1.0000       293.045709     0.000013606   -414041.8360     -1347.318
1.1000       188.262802     0.000019048   -414146.6189      -805.567
1.2000       125.291893     0.000024490   -414209.5899      -500.006
1.3000        85.501104     0.000021769   -414249.3808      -318.912
1.4000        59.768561     0.000016327   -414275.1133      -207.999
1.5000        42.885742     0.000016327   -414291.9960      -139.252
1.6000        31.456167     0.000008163   -414303.4256       -95.879
1.7000        23.422576     0.000016327   -414311.4593       -66.952
1.8000        17.849849     0.000024490   -414317.0319       -46.788
1.9000        13.934169     0.000019048   -414320.9476       -32.875
2.0000        11.172381     0.000021769   -414323.7093       -23.273
2.1000         9.211686     0.000013606   -414325.6701       -16.599
2.2000         7.808122     0.000010885   -414327.0737       -11.922
2.3000         6.796860     0.000013606   -414328.0849        -8.640
2.4000         6.065023     0.000019048   -414328.8169        -6.241
2.5000         5.551133     0.000021769   -414329.3306        -4.523
2.6000         5.199102     0.000010885   -414329.6827        -3.220
2.7000         4.960330     0.000024490   -414329.9214        -2.285
2.8000         4.805614     0.000021769   -414330.0762        -1.555
2.9000         4.713705     0.000019048   -414330.1682        -1.027
3.0000         4.668725     0.000019048   -414330.2131        -0.615
3.1000         4.658243     0.000019048   -414330.2234        -0.312
3.2000         4.673503     0.000024490   -414330.2082        -0.092
3.3000         4.707269     0.000013606   -414330.1744         0.079
3.4000         4.753556     0.000005442   -414330.1282         0.201
3.5000         4.808711     0.000019048   -414330.0732         0.275
3.6000         4.869360     0.000021769   -414330.0125         0.330
3.7000         4.932463     0.000016327   -414329.9494         0.362
3.8000         4.996132     0.000021769   -414329.8857         0.377
3.9000         5.059178     0.000019048   -414329.8226         0.373
4.0000         5.120513     0.000002721   -414329.7614         0.365
5.0000         5.544243     0.000021769   -414329.3377         0.169
6.0000         5.699190     0.000016327   -414329.1826         0.071
7.0000         5.750563     0.000013606   -414329.1312         0.026
8.0000         5.770489     0.000016327   -414329.1113         0.013
9.0000         5.780362     0.000013606   -414329.1015         0.008
10.0000         5.786495     0.000013606   -414329.0952         0.006
100.0000         5.818828     0.000016327   -414329.0629         0.000
1000.0000         5.821157     0.000016327   -414329.0607
