0.0020   1727801.998096     0.000024490   1656378.5217
0.0040    846245.224510     0.000019048    774821.7480
0.0060    552949.433824     0.000008163    481525.9574
0.0080    406807.438303     0.000008163    335383.9619
0.0100    319520.901855     0.000010885    248097.4255
0.0120    261524.149836     0.000021769    190100.6734
0.0140    220246.925084     0.000010885    148823.4487
0.0160    189408.396364     0.000021769    117984.9200
0.0180    165544.561427     0.000021769     94121.0850
0.0200    146544.011127     0.000024490     75120.5347
0.0400     62664.127892     0.000021769     -8759.3485
0.0600     36167.872329     0.000019048    -35255.6041
0.0800     23823.007946     0.000008163    -47600.4685
0.1000     16882.676097     0.000024490    -54540.8003
0.1200     12485.222333     0.000024490    -58938.2541
0.1400      9515.876594     0.000019048    -61907.5998
0.1600      7435.192999     0.000024490    -63988.2834
0.1800      5938.561593     0.000024490    -65484.9148
0.2000      4837.779358     0.000010885    -66585.6970    -47376.804
0.2400      3376.310441     0.000013606    -68047.1660    -27938.713
0.2800      2464.135864     0.000013606    -68959.3405    -19137.688
0.3200      1806.110254     0.000010885    -69617.3662    -13817.575
0.3600      1339.647374     0.000024490    -70083.8290     -9761.221
0.4000      1008.962764     0.000016327    -70414.5136     -6948.882
0.4500       723.768354     0.000008163    -70699.7081     -4621.861
0.5000       531.673602     0.000019048    -70891.8028     -3143.758
0.5500       400.035680     0.000019048    -71023.4407     -2187.529
0.6000       307.481822     0.000019048    -71115.9946     -1568.085
0.6500       240.053605     0.000013606    -71183.4228     -1168.651
0.7000       188.535621     0.000010885    -71234.9408      -910.518
0.7500       147.346098     0.000021769    -71276.1303      -732.247
0.8000       114.407528     0.000008163    -71309.0689      -586.593
0.8500        88.174403     0.000010885    -71335.3020      -466.716
0.9000        67.388813     0.000013606    -71356.0876      -368.224
0.9500        51.056710     0.000010885    -71372.4197      -288.272
1.0000        38.307945     0.000019048    -71385.1685      -224.395
1.1000        20.756083     0.000024490    -71402.7203      -134.224
1.2000        10.335871     0.000019048    -71413.1405       -79.068
1.3000         4.253299     0.000019048    -71419.2231       -45.634
1.4000         0.792815     0.000008163    -71422.6836       -25.413
1.5000        -1.083313     0.000019048    -71424.5597       -13.225
1.6000        -2.007646     0.000010885    -71425.4840        -5.908
1.7000        -2.356806     0.000021769    -71425.8332        -1.468
1.8000        -2.360853     0.000013606    -71425.8373         1.161
1.9000        -2.158947     0.000021769    -71425.6353         2.730
2.0000        -1.838334     0.000019048    -71425.3147         3.586
2.1000        -1.454901     0.000016327    -71424.9313         4.005
2.2000        -1.044126     0.000008163    -71424.5205         4.153
2.3000        -0.625884     0.000024490    -71424.1023         4.096
2.4000        -0.116487     0.000024490    -71423.5929         3.706
2.5000         0.577883     0.000008163    -71422.8985         2.889
2.6000         1.111300     0.000021769    -71422.3651         2.284
2.7000         1.518605     0.000013606    -71421.9578         1.841
2.8000         1.835077     0.000021769    -71421.6413         1.514
2.9000         2.085051     0.000005442    -71421.3913         1.259
3.0000         2.308188     0.000019048    -71421.1682         1.022
3.1000         2.522608     0.000013606    -71420.9538         0.788
3.2000         2.684948     0.000016327    -71420.7914         0.614
3.3000         2.808069     0.000024490    -71420.6683         0.476
3.4000         2.901603     0.000024490    -71420.5748         0.370
3.5000         2.972867     0.000021769    -71420.5035         0.289
3.6000         3.027164     0.000021769    -71420.4492         0.227
3.7000         3.068610     0.000024490    -71420.4078         0.180
3.8000         3.100287     0.000024490    -71420.3761         0.142
3.9000         3.124551     0.000024490    -71420.3518         0.113
4.0000         3.143172     0.000005442    -71420.3332         0.090
5.0000         3.201301     0.000019048    -71420.2751         0.010
6.0000         3.206041     0.000016327    -71420.2704         0.002
7.0000         3.206357     0.000021769    -71420.2700         0.000
8.0000         3.206245     0.000024490    -71420.2702         0.000
9.0000         3.206136     0.000027211    -71420.2703         0.000
10.0000         3.206052     0.000027211    -71420.2703
100.0000         3.205459     0.000002721    -71420.2709
1000.0000         3.205407     0.000002721    -71420.2710
