0.0020   3000814.178410     0.000008163   2736706.5512
0.0040   1464923.389729     0.000021769   1200815.7627
0.0060    954842.646725     0.000013606    690735.0198
0.0080    700847.416817     0.000013606    436739.7898
0.0100    549186.531221     0.000019048    285078.9042
0.0120    448516.409766     0.000019048    184408.7827
0.0140    376916.208073     0.000016327    112808.5810
0.0160    323491.125964     0.000021769     59383.4989
0.0180    282141.671927     0.000010885     18034.0449
0.0200    249207.642468     0.000021769    -14899.9846
0.0400    104973.853740     0.000027211   -159133.7733
0.0600     60063.549482     0.000021769   -204044.0775
0.0800     39036.135866     0.000008163   -225071.4912
0.1000     27365.446605     0.000019048   -236742.1804
0.1200     20202.078195     0.000021769   -243905.5488
0.1400     15433.900345     0.000010885   -248673.7267
0.1600     12043.555487     0.000010885   -252064.0716
0.1800      9536.873841     0.000010885   -254570.7532
0.2000      7651.432719     0.000021769   -256456.1943
0.2400      5119.971385     0.000016327   -258987.6557    -48140.024
0.2800      3598.824263     0.000021769   -260508.8028    -29789.597
0.3200      2626.879088     0.000013606   -261480.7480    -19798.592
0.3600      1958.840867     0.000024490   -262148.7862    -14076.673
0.4000      1474.931096     0.000016327   -262632.6959    -10323.131
0.4500      1046.486686     0.000021769   -263061.1404     -7008.341
0.5000       755.732993     0.000016327   -263351.8941     -4755.891
0.5500       557.191981     0.000016327   -263550.4351     -3270.247
0.6000       419.602164     0.000027211   -263688.0249     -2300.842
0.6500       321.596662     0.000013606   -263786.0304     -1671.026
0.7000       249.381299     0.000008163   -263858.2458     -1263.356
0.7500       194.809140     0.000008163   -263912.8179      -995.180
0.8000       151.204593     0.000016327   -263956.4225      -793.132
0.8500       116.116817     0.000016327   -263991.5102      -626.497
0.9000        88.240696     0.000027211   -264019.3863      -487.950
0.9500        66.672043     0.000005442   -264040.9550      -374.306
1.0000        50.353162     0.000016327   -264057.2739      -283.875
1.1000        28.765912     0.000008163   -264078.8611      -160.134
1.2000        16.723248     0.000024490   -264090.9038       -88.805
1.3000        10.108315     0.000024490   -264097.5187       -48.871
1.4000         6.490106     0.000019048   -264101.1369       -27.077
1.5000         4.481578     0.000021769   -264103.1455       -15.468
1.6000         3.459747     0.000021769   -264104.1673        -9.411
1.7000         3.021183     0.000010885   -264104.6059        -6.108
1.8000         2.759108     0.000013606   -264104.8679        -3.884
1.9000         2.931350     0.000016327   -264104.6957        -2.914
2.0000         3.264976     0.000013606   -264104.3621        -2.465
2.1000         3.492038     0.000016327   -264104.1350        -1.860
2.2000         3.640039     0.000024490   -264103.9870        -1.151
2.3000         3.757924     0.000024490   -264103.8691        -0.577
2.4000         3.870190     0.000010885   -264103.7568        -0.052
2.5000         3.983944     0.000024490   -264103.6431         0.350
2.6000         4.104175     0.000013606   -264103.5229         0.612
2.7000         4.231388     0.000013606   -264103.3957         0.803
2.8000         4.361260     0.000021769   -264103.2658         0.927
2.9000         4.491644     0.000021769   -264103.1354         0.986
3.0000         4.622198     0.000016327   -264103.0048         0.992
3.1000         4.750408     0.000016327   -264102.8766         0.981
3.2000         4.873449     0.000000000   -264102.7536         0.961
3.3000         4.989677     0.000002721   -264102.6374         0.914
3.4000         5.099541     0.000005442   -264102.5275         0.851
3.5000         5.203075     0.000005442   -264102.4240         0.771
3.6000         5.299003     0.000027211   -264102.3280         0.716
3.7000         5.386730     0.000008163   -264102.2403         0.662
3.8000         5.466323     0.000024490   -264102.1607         0.607
3.9000         5.538243     0.000013606   -264102.0888         0.550
4.0000         5.603346     0.000010885   -264102.0237         0.484
5.0000         5.981732     0.000021769   -264101.6453         0.155
6.0000         6.118167     0.000027211   -264101.5089         0.111
7.0000         6.180239     0.000002721   -264101.4468         0.046
8.0000         6.217099     0.000013606   -264101.4099         0.030
9.0000         6.242243     0.000024490   -264101.3848         0.023
10.0000         6.260899     0.000008163   -264101.3661         0.018
100.0000         6.382169     0.000016327   -264101.2449         0.000
1000.0000         6.392044     0.000002721   -264101.2350
