0.0020  13777632.073523     0.000024490  13218132.3481
0.0040   6711853.727614     0.000019048   6152354.0016
0.0060   4364832.184277     0.000024490   3805332.4564
0.0080   3196541.461134     0.000013606   2637041.7347
0.0100   2498973.842187     0.000016327   1939474.1157
0.0120   2035761.496060     0.000019048   1476261.7696
0.0140   1706224.854680     0.000016327   1146725.1283
0.0160   1460411.456496     0.000016327    900911.7300
0.0180   1270446.622134     0.000027211    710946.8956
0.0200   1119480.944655     0.000019048    559981.2181
0.0400    460931.913123     0.000019048    -98567.8134
0.0600    258830.053914     0.000010885   -300669.6727
0.0800    166226.822946     0.000016327   -393272.9034
0.1000    114973.828144     0.000021769   -444525.8984
0.1200     83504.607474     0.000019048   -475995.1189
0.1400     62739.894903     0.000024490   -496759.8316
0.1600     48149.451966     0.000016327   -511350.2746
0.1800     37574.188214     0.000010885   -521925.5382
0.2000     29800.445519     0.000027211   -529699.2808
0.2400     19617.046983     0.000016327   -539882.6794
0.2800     13606.875655     0.000013606   -545892.8509
0.3200      9745.296685     0.000010885   -549754.4299
0.3600      7043.172667     0.000024490   -552456.5539
0.4000      5210.780246     0.000016327   -554288.9462    -37594.834
0.4500      3701.942447     0.000024490   -555797.7841    -24024.806
0.5000      2717.782296     0.000019048   -556781.9441    -16110.859
0.5500      2034.428302     0.000016327   -557465.2981    -11672.378
0.6000      1529.134232     0.000008163   -557970.5923     -8653.266
0.6500      1157.895820     0.000016327   -558341.8305     -6306.847
0.7000       887.594575     0.000016327   -558612.1320     -4597.117
0.7500       689.587894     0.000019048   -558810.1387     -3388.058
0.8000       542.628959     0.000021769   -558957.0976     -2535.284
0.8500       431.853709     0.000019048   -559067.8728     -1928.440
0.9000       347.013219     0.000016327   -559152.7133     -1490.794
0.9500       281.399275     0.000010885   -559218.3273     -1180.009
1.0000       228.993813     0.000021769   -559270.7326      -945.769
1.1000       152.343591     0.000013606   -559347.3828      -620.541
1.2000       101.861651     0.000019048   -559397.8648      -414.843
1.3000        67.709442     0.000013606   -559432.0170      -274.737
1.4000        44.899761     0.000019048   -559454.8267      -180.217
1.5000        30.363776     0.000010885   -559469.3628      -119.174
1.6000        20.638491     0.000008163   -559479.0881       -80.112
1.7000        13.990407     0.000027211   -559485.7361       -54.478
1.8000         9.554329     0.000013606   -559490.1721       -37.126
1.9000         6.695391     0.000013606   -559493.0310       -25.302
2.0000         4.837226     0.000019048   -559494.8892       -17.017
2.1000         3.665960     0.000021769   -559496.0604       -11.260
2.2000         2.961645     0.000010885   -559496.7649        -7.272
2.3000         2.572051     0.000005442   -559497.1543        -4.465
2.4000         2.390665     0.000005442   -559497.3358        -2.549
2.5000         2.346831     0.000019048   -559497.3796        -1.236
2.6000         2.390815     0.000010885   -559497.3355        -0.305
2.7000         2.491192     0.000010885   -559497.2354         0.258
2.8000         2.626438     0.000013606   -559497.1002         0.680
2.9000         2.781426     0.000010885   -559496.9451         0.940
3.0000         2.970181     0.000024490   -559496.7562         1.034
3.1000         3.195772     0.000019048   -559496.5306         1.107
3.2000         3.413444     0.000021769   -559496.3129         1.126
3.3000         3.621257     0.000005442   -559496.1053         1.067
3.4000         3.817726     0.000013606   -559495.9088         1.017
3.5000         4.000709     0.000016327   -559495.7257         0.959
3.6000         4.169518     0.000005442   -559495.5570         0.893
3.7000         4.324275     0.000019048   -559495.4022         0.809
3.8000         4.465129     0.000008163   -559495.2615         0.731
3.9000         4.592024     0.000005442   -559495.1344         0.655
4.0000         4.705414     0.000019048   -559495.0209         0.585
5.0000         5.295999     0.000016327   -559494.4305         0.151
6.0000         5.424649     0.000027211   -559494.3017         0.032
7.0000         5.448761     0.000005442   -559494.2778         0.008
8.0000         5.452892     0.000010885   -559494.2737         0.002
9.0000         5.453283     0.000024490   -559494.2732         0.000
10.0000         5.452998     0.000021769   -559494.2734         0.000
100.0000         5.449790     0.000019048   -559494.2767
1000.0000         5.449528     0.000027211   -559494.2770
