0.0020         0.000000     0.000027211  40964349.7212
0.0040  20426793.944696     0.000010885  19429787.5409
0.0060  13267160.498917     0.000013606  12270154.0937
0.0080   9696603.154606     0.000016327   8699596.7510
0.0100   7560019.106032     0.000027211   6563012.7027
0.0120   6141278.647461     0.000019048   5144272.2443
0.0140   5133995.270761     0.000021769   4136988.8666
0.0160   4383872.877155     0.000019048   3386866.4739
0.0180   3804888.796322     0.000016327   2807882.3929
0.0200   3345416.171301     0.000019048   2348409.7669
0.0400   1353807.892034     0.000021769    356801.4876
0.0600   1353807.892034     0.000021769    356801.4876
0.0800   1353807.892034     0.000021769    356801.4876
0.1000   1353807.892034     0.000021769    356801.4876
0.1200   1353807.892034     0.000021769    356801.4876
0.1400   1353807.892034     0.000021769    356801.4876
0.1600   1353807.892034     0.000021769    356801.4876
0.1800   1353807.892034     0.000021769    356801.4876
0.2000   1353807.892034     0.000021769    356801.4876
0.2400   1353807.892034     0.000021769    356801.4876
0.2800   1353807.892034     0.000021769    356801.4876
0.3200     24462.237819     0.000008163   -972544.1667
0.3600     17480.445898     0.000016327   -979525.9584
0.4000     12803.723087     0.000016327   -984202.6814
0.4500      8917.060636     0.000016327   -988089.3439
0.5000      6260.173719     0.000016327   -990746.2306    -42734.794
0.5500      4509.279331     0.000010885   -992497.1250    -28497.619
0.6000      3316.923763     0.000019048   -993689.4807    -19874.097
0.6500      2469.244559     0.000024490   -994537.1598    -14375.575
0.7000      1850.325199     0.000027211   -995156.0792    -10578.424
0.7500      1394.077981     0.000021769   -995612.3264     -7803.367
0.8000      1058.057092     0.000024490   -995948.3474     -5747.252
0.8500       810.408117     0.000010885   -996195.9962     -4239.219
0.9000       627.133302     0.000013606   -996379.2712     -3148.644
0.9500       490.153717     0.000013606   -996516.2506     -2368.051
1.0000       386.113393     0.000019048   -996620.2909     -1813.109
1.1000       242.499632     0.000008163   -996763.9048     -1117.881
1.2000       153.402019     0.000010885   -996853.0023      -699.022
1.3000        97.675823     0.000013606   -996908.7285      -432.507
1.4000        63.060212     0.000013606   -996943.3441      -269.380
1.5000        41.381058     0.000016327   -996965.0234      -170.135
1.6000        28.077374     0.000008163   -996978.3271      -111.933
1.7000        19.405127     0.000021769   -996986.9993       -76.436
1.8000        13.448841     0.000013606   -996992.9556       -53.397
1.9000         9.301065     0.000027211   -996997.1032       -37.666
2.0000         6.413944     0.000008163   -996999.9903       -26.542
2.1000         4.795260     0.000010885   -997001.6091       -19.361
2.2000         3.832124     0.000021769   -997002.5721       -14.300
2.3000         3.330514     0.000010885   -997003.0739       -10.726
2.4000         2.954812     0.000010885   -997003.4497        -7.922
2.5000         2.740838     0.000021769   -997003.6636        -5.878
2.6000         2.559101     0.000008163   -997003.8454        -4.430
2.7000         2.398290     0.000021769   -997004.0062        -3.397
2.8000         2.244605     0.000013606   -997004.1599        -2.736
2.9000         2.098026     0.000010885   -997004.3063        -2.242
3.0000         1.985398     0.000027211   -997004.4190        -2.042
3.1000         1.852250     0.000002721   -997004.5520        -1.749
3.2000         1.712568     0.000013606   -997004.6919        -1.520
3.3000         1.576544     0.000016327   -997004.8280        -1.333
3.4000         1.452158     0.000019048   -997004.9523        -1.099
3.5000         1.342651     0.000013606   -997005.0617        -0.912
3.6000         1.250108     0.000024490   -997005.1542        -0.766
3.7000         1.176087     0.000019048   -997005.2282        -0.604
3.8000         1.118873     0.000019048   -997005.2854        -0.464
3.9000         1.077060     0.000019048   -997005.3273        -0.358
4.0000         1.050020     0.000013606   -997005.3545        -0.268
5.0000         1.193252     0.000024490   -997005.2111         0.087
6.0000         1.414435     0.000013606   -997004.9899         0.061
7.0000         1.510578     0.000010885   -997004.8938         0.024
8.0000         1.543942     0.000021769   -997004.8603         0.007
9.0000         1.555365     0.000021769   -997004.8489         0.001
10.0000         1.559940     0.000021769   -997004.8446        -0.001
100.0000         1.573292     0.000019048   -997004.8312
1000.0000         1.574217     0.000016327   -997004.8301
