0.0020  23202439.226024     0.000021769  22745802.9248
0.0040  11315576.680978     0.000013606  10858940.3809
0.0060   7363116.351921     0.000008163   6906480.0506
0.0080   5392642.273024     0.000008163   4936005.9719
0.0100   4214770.263782     0.000024490   3758133.9635
0.0120   3430470.108760     0.000024490   2973833.8071
0.0140   2872455.196497     0.000016327   2415818.8959
0.0160   2457359.206565     0.000024490   2000722.9060
0.0180   2135602.144063     0.000021769   1678965.8436
0.0200   1879356.298581     0.000008163   1422719.9980
0.0400    766122.350583     0.000021769    309486.0499
0.0600    427306.482261     0.000027211    -29329.8184
0.0800    272594.494769     0.000021769   -184041.8059
0.1000    187619.301601     0.000027211   -269016.9990
0.1200    136222.883574     0.000008163   -320413.4170
0.1400    102198.278844     0.000016327   -354438.0217
0.1600     78782.733093     0.000019048   -377853.5675
0.1800     62208.925347     0.000019048   -394427.3752
0.2000     50107.564982     0.000005442   -406528.7355
0.2400     33595.464220     0.000024490   -423040.8365
0.2800     23029.212923     0.000019048   -433607.0877
0.3200     16455.099228     0.000019048   -440181.2015
0.3600     12157.373146     0.000021769   -444478.9274
0.4000      9226.762456     0.000010885   -447409.5382
0.4500      6651.983687     0.000019048   -449984.3170    -43442.924
0.5000      4846.463518     0.000019048   -451789.8372    -29582.106
0.5500      3611.346531     0.000019048   -453024.9540    -20470.386
0.6000      2747.595257     0.000021769   -453888.7055    -14511.870
0.6500      2122.766746     0.000013606   -454513.5338    -10894.624
0.7000      1643.497457     0.000019048   -454992.8032     -8458.710
0.7500      1272.685565     0.000021769   -455363.6151     -6446.098
0.8000       992.602245     0.000019048   -455643.6985     -4814.010
0.8500       783.894092     0.000019048   -455852.4066     -3584.062
0.9000       627.809682     0.000019048   -456008.4909     -2690.886
0.9500       510.009600     0.000013606   -456126.2909     -2051.579
1.0000       419.261451     0.000019048   -456217.0393     -1601.092
1.1000       288.873159     0.000010885   -456347.4273     -1047.088
1.2000       202.057043     0.000013606   -456434.2437      -720.562
1.3000       141.125062     0.000008163   -456495.1757      -503.931
1.4000        98.850683     0.000010885   -456537.4500      -349.212
1.5000        69.627505     0.000013606   -456566.6731      -245.252
1.6000        49.384082     0.000010885   -456586.9165      -171.703
1.7000        35.045105     0.000008163   -456601.2555      -121.724
1.8000        24.871363     0.000016327   -456611.4293       -87.279
1.9000        17.604415     0.000005442   -456618.6961       -63.017
2.0000        12.368407     0.000013606   -456623.9321       -45.450
2.1000         8.763528     0.000024490   -456627.5371       -32.715
2.2000         6.198816     0.000016327   -456630.1018       -23.376
2.3000         4.399677     0.000010885   -456631.9010       -16.515
2.4000         3.158683     0.000008163   -456633.1418       -11.561
2.5000         2.363655     0.000008163   -456633.9369        -8.102
2.6000         1.893959     0.000016327   -456634.4066        -5.739
2.7000         1.641612     0.000010885   -456634.6591        -4.232
2.8000         1.458283     0.000024490   -456634.8423        -3.186
2.9000         1.312036     0.000005442   -456634.9887        -2.479
3.0000         1.184498     0.000010885   -456635.1160        -2.010
3.1000         1.081297     0.000016327   -456635.2194        -1.629
3.2000         1.002715     0.000013606   -456635.2978        -1.392
3.3000         0.925432     0.000008163   -456635.3751        -1.161
3.4000         0.854261     0.000019048   -456635.4464        -0.934
3.5000         0.793014     0.000010885   -456635.5076        -0.759
3.6000         0.743981     0.000016327   -456635.5566        -0.597
3.7000         0.707616     0.000021769   -456635.5930        -0.442
3.8000         0.683384     0.000013606   -456635.6173        -0.315
3.9000         0.670682     0.000008163   -456635.6300        -0.213
4.0000         0.668829     0.000005442   -456635.6317        -0.121
5.0000         0.914393     0.000013606   -456635.3862         0.179
6.0000         1.139885     0.000010885   -456635.1606         0.104
7.0000         1.227177     0.000005442   -456635.0736         0.039
8.0000         1.253041     0.000021769   -456635.0477         0.016
9.0000         1.258609     0.000008163   -456635.0420         0.006
10.0000         1.258358     0.000002721   -456635.0423         0.003
100.0000         1.240461     0.000010885   -456635.0602
1000.0000         1.238992     0.000021769   -456635.0616
