0.0020   6405096.175494     0.000021769   6170688.4198
0.0040   3126751.440149     0.000013606   2892343.6844
0.0060   2037840.313172     0.000027211   1803432.5586
0.0080   1495556.362344     0.000013606   1261148.6076
0.0100   1171398.520530     0.000024490    936990.7659
0.0120    956459.686765     0.000010885    722051.9321
0.0140    803631.661142     0.000019048    569223.9065
0.0160    689450.782912     0.000024490    455043.0281
0.0180    601020.923968     0.000010885    366613.1692
0.0200    530611.213268     0.000027211    296203.4587
0.0400    222204.280826     0.000008163    -12203.4739
0.0600    126716.904981     0.000027211   -107690.8497
0.0800     82182.150804     0.000010885   -152225.6039
0.1000     57576.983089     0.000019048   -176830.7716
0.1200     42363.570651     0.000019048   -192044.1841
0.1400     32132.424719     0.000021769   -202275.3300
0.1600     24930.030933     0.000019048   -209477.7238
0.1800     19738.535773     0.000016327   -214669.2189
0.2000     15917.471546     0.000013606   -218490.2832
0.2400     10857.741700     0.000024490   -223550.0130
0.2800      7742.888749     0.000021769   -226664.8660
0.3200      5653.099831     0.000019048   -228754.6549    -43127.002
0.3600      4202.471124     0.000013606   -230205.2836    -29745.879
0.4000      3212.977735     0.000016327   -231194.7770    -20425.670
0.4500      2383.676553     0.000021769   -232024.0781    -13383.306
0.5000      1818.807053     0.000021769   -232588.9477     -9801.146
0.5500      1380.544431     0.000021769   -233027.2103     -7705.995
0.6000      1047.966118     0.000016327   -233359.7886     -5666.504
0.6500       805.786887     0.000024490   -233601.9678     -4108.758
0.7000       629.777371     0.000027211   -233777.9773     -3000.125
0.7500       500.320001     0.000010885   -233907.4347     -2227.462
0.8000       403.094031     0.000027211   -234004.6607     -1693.000
0.8500       328.425988     0.000027211   -234079.3287     -1317.776
0.9000       269.662801     0.000008163   -234138.0919     -1049.155
0.9500       222.411869     0.000016327   -234185.3428      -851.832
1.0000       183.732456     0.000008163   -234224.0223      -702.296
1.1000       125.279836     0.000016327   -234282.4749      -489.931
1.2000        84.487110     0.000019048   -234323.2676      -342.812
1.3000        55.895563     0.000010885   -234351.8591      -236.236
1.4000        36.200292     0.000013606   -234371.5544      -161.370
1.5000        22.659610     0.000013606   -234385.0951      -111.398
1.6000        13.048302     0.000013606   -234394.7064       -78.166
1.7000         6.090340     0.000024490   -234401.6644       -55.387
1.8000         1.189021     0.000013606   -234406.5657       -38.836
1.9000        -2.060697     0.000019048   -234409.8154       -26.437
2.0000        -4.233873     0.000024490   -234411.9886       -17.359
2.1000        -5.626174     0.000013606   -234413.3809       -10.777
2.2000        -6.448652     0.000027211   -234414.2034        -5.995
2.3000        -6.866181     0.000019048   -234414.6209        -2.617
2.4000        -6.995032     0.000019048   -234414.7497        -0.248
2.5000        -6.927559     0.000016327   -234414.6823         1.402
2.6000        -6.535592     0.000021769   -234414.2903         2.198
2.7000        -6.051306     0.000024490   -234413.8060         2.628
2.8000        -5.574195     0.000021769   -234413.3289         2.851
2.9000        -4.997455     0.000021769   -234412.7522         2.767
3.0000        -4.453771     0.000010885   -234412.2085         2.627
3.1000        -3.979454     0.000021769   -234411.7342         2.466
3.2000        -3.525166     0.000016327   -234411.2799         2.258
3.3000        -3.124589     0.000016327   -234410.8793         2.074
3.4000        -2.771630     0.000016327   -234410.5263         1.896
3.5000        -2.459986     0.000016327   -234410.2147         1.743
3.6000        -2.183840     0.000010885   -234409.9385         1.571
3.7000        -1.925223     0.000016327   -234409.6799         1.409
3.8000        -1.666399     0.000013606   -234409.4211         1.226
3.9000        -1.441028     0.000019048   -234409.1957         1.075
4.0000        -1.245379     0.000019048   -234409.0001         0.938
5.0000        -0.272783     0.000010885   -234408.0275         0.238
6.0000        -0.008985     0.000024490   -234407.7637         0.104
7.0000         0.091615     0.000024490   -234407.6631         0.041
8.0000         0.145997     0.000016327   -234407.6087         0.025
9.0000         0.181606     0.000005442   -234407.5731         0.017
10.0000         0.207473     0.000019048   -234407.5472         0.014
100.0000         0.369827     0.000005442   -234407.3849         0.000
1000.0000         0.382693     0.000005442   -234407.3720
