0.0020   1129323.084987     0.000016327   1072228.5844
0.0040    553654.590479     0.000013606    496560.0901
0.0060    362029.762592     0.000021769    304935.2620
0.0080    266460.896162     0.000021769    209366.3957
0.0100    209375.201102     0.000024490    152280.7006
0.0120    171473.236793     0.000005442    114378.7363
0.0140    144482.066433     0.000019048     87387.5659
0.0160    124324.127470     0.000024490     67229.6270
0.0180    108709.463851     0.000002721     51614.9634
0.0200     96266.977658     0.000016327     39172.4772
0.0400     41418.639213     0.000008163    -15675.8613
0.0600     23970.845684     0.000027211    -33123.6548
0.0800     15817.034714     0.000013606    -41277.4658
0.1000     11229.413850     0.000027211    -45865.0866
0.1200      8346.164405     0.000016327    -48748.3361
0.1400      6385.748725     0.000024490    -50708.7518
0.1600      4989.018620     0.000016327    -52105.4819
0.1800      3965.060230     0.000010885    -53129.4403    -43986.684
0.2000      3199.499367     0.000019048    -53895.0011    -33162.709
0.2400      2171.113326     0.000021769    -54923.3872    -19646.116
0.2800      1547.215206     0.000021769    -55547.2853    -12257.403
0.3200      1148.114309     0.000013606    -55946.3862     -8084.735
0.3600       876.531594     0.000024490    -56217.9689     -5720.043
0.4000       677.263211     0.000024490    -56417.2373     -4350.786
0.4500       490.858966     0.000021769    -56603.6415     -3157.486
0.5000       356.992489     0.000016327    -56737.5080     -2243.108
0.5500       262.543255     0.000008163    -56831.9572     -1579.773
0.6000       195.828390     0.000013606    -56898.6721     -1117.732
0.6500       148.316889     0.000021769    -56946.1836      -800.978
0.7000       114.004990     0.000024490    -56980.4955      -583.266
0.7500        88.809556     0.000024490    -57005.6909      -432.504
0.8000        69.962230     0.000016327    -57024.5383      -327.122
0.8500        55.590659     0.000024490    -57038.9098      -252.554
0.9000        44.409777     0.000021769    -57050.0907      -199.003
0.9500        35.542042     0.000013606    -57058.9584      -159.786
1.0000        28.382052     0.000016327    -57066.1184      -130.229
1.1000        17.660384     0.000016327    -57076.8401       -89.042
1.2000        10.229349     0.000021769    -57084.2711       -61.482
1.3000         5.033344     0.000013606    -57089.4671       -42.047
1.4000         1.794970     0.000019048    -57092.7055       -28.381
1.5000        -0.254908     0.000019048    -57094.7554       -18.577
1.6000        -1.567292     0.000024490    -57096.0678       -11.593
1.7000        -2.354183     0.000019048    -57096.8547        -6.726
1.8000        -2.773636     0.000016327    -57097.2741        -3.401
1.9000        -2.947688     0.000021769    -57097.4482        -1.163
2.0000        -2.958954     0.000016327    -57097.4594         0.251
2.1000        -2.868653     0.000019048    -57097.3691         1.172
2.2000        -2.717452     0.000019048    -57097.2179         1.696
2.3000        -2.531547     0.000024490    -57097.0320         1.990
2.4000        -2.330215     0.000013606    -57096.8307         2.117
2.5000        -2.123849     0.000016327    -57096.6243         2.141
2.6000        -1.918009     0.000016327    -57096.4185         2.108
2.7000        -1.717529     0.000019048    -57096.2180         2.037
2.8000        -1.524679     0.000019048    -57096.0252         1.944
2.9000        -1.242015     0.000016327    -57095.7425         1.737
3.0000        -0.970699     0.000019048    -57095.4712         1.532
3.1000        -0.737527     0.000024490    -57095.2380         1.350
3.2000        -0.536494     0.000021769    -57095.0370         1.191
3.3000        -0.362491     0.000024490    -57094.8630         1.054
3.4000        -0.211062     0.000024490    -57094.7115         0.928
3.5000        -0.078935     0.000021769    -57094.5794         0.825
3.6000         0.036488     0.000019048    -57094.4640         0.732
3.7000         0.137516     0.000016327    -57094.3630         0.649
3.8000         0.226119     0.000016327    -57094.2744         0.578
3.9000         0.322439     0.000013606    -57094.1780         0.494
4.0000         0.417681     0.000021769    -57094.0828         0.408
5.0000         0.802189     0.000019048    -57093.6983         0.065
6.0000         0.859709     0.000016327    -57093.6408         0.012
7.0000         0.868356     0.000013606    -57093.6321         0.002
8.0000         0.869679     0.000013606    -57093.6308         0.001
9.0000         0.869842     0.000027211    -57093.6307         0.000
10.0000         0.869826     0.000024490    -57093.6307         0.000
100.0000         0.869390     0.000016327    -57093.6311
1000.0000         0.869352     0.000013606    -57093.6311
