0.0020         0.000000     0.000021769  43493748.2466
0.0040  21650031.442290     0.000010885  20639267.6157
0.0060  14051273.122106     0.000019048  13040509.2968
0.0080  10263181.212345     0.000024490   9252417.3849
0.0100   7997511.579273     0.000005442   6986747.7530
0.0120   6495437.422298     0.000010885   5484673.5971
0.0140   5429124.209740     0.000013606   4418360.3830
0.0160   4634375.005649     0.000010885   3623611.1784
0.0180   4020983.385039     0.000019048   3010219.5579
0.0200   3534021.087523     0.000010885   2523257.2613
0.0400   1420777.045413     0.000010885    410013.2193
0.0600    784068.265152     0.000021769   -226695.5610
0.0800    496697.375481     0.000016327   -514066.4508
0.1000    340227.034211     0.000013606   -670536.7921
0.1200    246487.786315     0.000019048   -764276.0398
0.1400    184758.909159     0.000010885   -826004.9169
0.1600    141144.146610     0.000024490   -869619.6796
0.1800    109724.860280     0.000013606   -901038.9659
0.2000     86783.294765     0.000013606   -923980.5314
0.2400     56779.501150     0.000005442   -953984.3249
0.2800     38189.370878     0.000016327   -972574.4554
0.3200     26523.298012     0.000016327   -984240.5281
0.3600     18875.516730     0.000021769   -991888.3094
0.4000     13830.740612     0.000021769   -996933.0857
0.4500      9432.454210     0.000021769  -1001331.3719
0.5000      6585.106139     0.000010885  -1004178.7201    -45069.184
0.5500      4750.036530     0.000005442  -1006013.7897    -29658.626
0.6000      3516.471580     0.000021769  -1007247.3547    -20433.176
0.6500      2650.301117     0.000024490  -1008113.5250    -14617.864
0.7000      2023.598114     0.000019048  -1008740.2282    -10682.407
0.7500      1562.528204     0.000019048  -1009201.2981     -7905.527
0.8000      1219.328516     0.000021769  -1009544.4978     -5917.803
0.8500       961.218966     0.000019048  -1009802.6071     -4483.155
0.9000       764.496334     0.000024490  -1009999.3300     -3441.026
0.9500       612.633106     0.000019048  -1010151.1930     -2675.936
1.0000       493.887139     0.000019048  -1010269.9391     -2106.452
1.1000       324.864315     0.000021769  -1010438.9619     -1341.012
1.2000       216.219875     0.000027211  -1010547.6064      -866.680
1.3000       146.164258     0.000008163  -1010617.6619      -567.466
1.4000        99.900627     0.000024490  -1010663.9256      -381.510
1.5000        68.103691     0.000013606  -1010695.7224      -262.542
1.6000        46.482539     0.000016327  -1010717.3438      -179.452
1.7000        31.711794     0.000021769  -1010732.1144      -123.266
1.8000        21.554928     0.000013606  -1010742.2713       -84.946
1.9000        14.551953     0.000019048  -1010749.2741       -58.584
2.0000         9.732542     0.000019048  -1010754.0936       -40.221
2.1000         6.436067     0.000005442  -1010757.3902       -27.266
2.2000         4.210792     0.000013606  -1010759.6153       -18.192
2.3000         2.856522     0.000024490  -1010760.9696       -12.023
2.4000         2.024797     0.000021769  -1010761.8015        -7.759
2.5000         1.524282     0.000008163  -1010762.3019        -4.834
2.6000         1.246753     0.000010885  -1010762.5794        -2.937
2.7000         1.114290     0.000027211  -1010762.7120        -1.617
2.8000         1.071775     0.000010885  -1010762.7544        -0.824
2.9000         1.081046     0.000008163  -1010762.7452        -0.317
3.0000         1.116758     0.000008163  -1010762.7095        -0.035
3.1000         1.163638     0.000027211  -1010762.6624         0.128
3.2000         1.212279     0.000024490  -1010762.6140         0.218
3.3000         1.258592     0.000008163  -1010762.5677         0.253
3.4000         1.300449     0.000016327  -1010762.5258         0.255
3.5000         1.337350     0.000008163  -1010762.4888         0.252
3.6000         1.369786     0.000019048  -1010762.4564         0.232
3.7000         1.398239     0.000021769  -1010762.4279         0.217
3.8000         1.423129     0.000021769  -1010762.4031         0.203
3.9000         1.445020     0.000019048  -1010762.3811         0.186
4.0000         1.464468     0.000024490  -1010762.3617         0.164
5.0000         1.572187     0.000010885  -1010762.2540         0.051
6.0000         1.603293     0.000008163  -1010762.2230         0.011
7.0000         1.610539     0.000016327  -1010762.2156         0.000
8.0000         1.611970     0.000013606  -1010762.2143        -0.002
9.0000         1.612229     0.000013606  -1010762.2140        -0.002
10.0000         1.612267     0.000013606  -1010762.2140        -0.001
100.0000         1.612278     0.000013606  -1010762.2140
1000.0000         1.612278     0.000013606  -1010762.2140
