0.0020   4823193.752127     0.000010885   4659230.4875
0.0040   2355603.709831     0.000008163   2191640.4465
0.0060   1536275.652100     0.000021769   1372312.3887
0.0080   1128269.556459     0.000013606    964306.2931
0.0100    884230.678875     0.000016327    720267.4156
0.0120    722362.444062     0.000024490    558399.1807
0.0140    607421.744181     0.000016327    443458.4808
0.0160    521533.319249     0.000024490    357570.0558
0.0180    454971.606246     0.000016327    291008.3427
0.0200    401917.404705     0.000021769    237954.1413
0.0400    168691.982185     0.000021769      4728.7188
0.0600     96516.834089     0.000021769    -67446.4293
0.0800     62773.014108     0.000013606   -101190.2493
0.1000     43868.479853     0.000013606   -120094.7836
0.1200     32251.150682     0.000013606   -131712.1127
0.1400     24564.421408     0.000016327   -139398.8420
0.1600     19149.327734     0.000013606   -144813.9357
0.1800     15178.128924     0.000016327   -148785.1345
0.2000     12208.086967     0.000024490   -151755.1764
0.2400      8235.005088     0.000019048   -155728.2583
0.2800      5847.662058     0.000021769   -158115.6013    -46845.379
0.3200      4317.457250     0.000016327   -159645.8062    -31177.048
0.3600      3251.356963     0.000021769   -160711.9064    -22860.612
0.4000      2462.818487     0.000008163   -161500.4449    -16745.480
0.4500      1775.090236     0.000019048   -162188.1732    -11157.551
0.5000      1312.259847     0.000013606   -162651.0036     -7607.569
0.5500       992.999694     0.000016327   -162970.2637     -5312.984
0.6000       767.622863     0.000005442   -163195.6405     -3806.546
0.6500       602.937672     0.000019048   -163360.3257     -2838.609
0.7000       477.342314     0.000019048   -163485.9211     -2230.287
0.7500       376.453759     0.000016327   -163586.8097     -1838.869
0.8000       293.595880     0.000013606   -163669.6675     -1470.684
0.8500       228.749175     0.000008163   -163734.5142     -1137.764
0.9000       178.852351     0.000010885   -163784.4111      -871.203
0.9500       140.677219     0.000016327   -163822.5862      -666.046
1.0000       111.444449     0.000027211   -163851.8190      -510.897
1.1000        71.485646     0.000008163   -163891.7778      -307.706
1.2000        46.934912     0.000016327   -163916.3285      -193.566
1.3000        31.144333     0.000010885   -163932.1191      -127.128
1.4000        20.589127     0.000019048   -163942.6743       -86.225
1.5000        13.376700     0.000013606   -163949.8867       -59.785
1.6000         8.339335     0.000021769   -163954.9241       -41.942
1.7000         5.030448     0.000021769   -163958.2330       -30.009
1.8000         2.717450     0.000019048   -163960.5460       -21.424
1.9000         1.076129     0.000021769   -163962.1873       -15.126
2.0000        -0.069988     0.000019048   -163963.3334       -10.488
2.1000        -0.851143     0.000016327   -163964.1146        -7.082
2.2000        -1.365313     0.000010885   -163964.6287        -4.540
2.3000        -1.685577     0.000024490   -163964.9490        -2.791
2.4000        -1.866656     0.000013606   -163965.1301        -1.442
2.5000        -1.949593     0.000016327   -163965.2130        -0.527
2.6000        -1.962589     0.000013606   -163965.2260         0.101
2.7000        -1.928028     0.000013606   -163965.1914         0.561
2.8000        -1.860636     0.000027211   -163965.1240         0.845
2.9000        -1.770556     0.000021769   -163965.0340         1.024
3.0000        -1.666314     0.000013606   -163964.9297         1.157
3.1000        -1.553455     0.000019048   -163964.8169         1.218
3.2000        -1.435072     0.000016327   -163964.6985         1.233
3.3000        -1.238429     0.000013606   -163964.5019         1.173
3.4000        -1.040986     0.000013606   -163964.3044         1.087
3.5000        -0.863883     0.000016327   -163964.1273         1.003
3.6000        -0.704745     0.000016327   -163963.9682         0.916
3.7000        -0.561562     0.000013606   -163963.8250         0.840
3.8000        -0.433083     0.000016327   -163963.6965         0.766
3.9000        -0.317854     0.000013606   -163963.5813         0.700
4.0000        -0.214450     0.000016327   -163963.4779         0.637
5.0000         0.461179     0.000010885   -163962.8022         0.169
6.0000         0.643819     0.000019048   -163962.6196         0.045
7.0000         0.684522     0.000016327   -163962.5789         0.011
8.0000         0.696416     0.000013606   -163962.5670         0.004
9.0000         0.701736     0.000010885   -163962.5617         0.002
10.0000         0.704968     0.000013606   -163962.5584         0.001
100.0000         0.723167     0.000021769   -163962.5402
1000.0000         0.724571     0.000010885   -163962.5388
