0.0020         0.000000     0.000021769  50255160.7395
0.0040  25042503.839776     0.000021769  23843494.9875
0.0060  16257837.511870     0.000021769  15058828.6588
0.0080  11875023.476556     0.000016327  10676014.6230
0.0100   9252786.309232     0.000005442   8053777.4568
0.0120   7515259.984159     0.000010885   6316251.1323
0.0140   6280090.593520     0.000010885   5081081.7419
0.0160   5359262.174979     0.000019048   4160253.3231
0.0180   4648360.508734     0.000005442   3449351.6569
0.0200   4083316.477031     0.000010885   2884307.6258
0.0400   1635432.241439     0.000010885    436423.3890
0.0600    900111.605093     0.000021769   -298897.2475
0.0800    568492.786720     0.000019048   -630516.0657
0.1000    389637.063764     0.000024490   -809371.7887
0.1200    281149.539294     0.000027211   -917859.3132
0.1400    209240.649206     0.000010885   -989768.2032
0.1600    158994.730512     0.000027211  -1040014.1221
0.1800    123382.147905     0.000019048  -1075626.7046
0.2000     97672.022226     0.000024490  -1101336.8302
0.2400     62990.749903     0.000024490  -1136018.1027
0.2800     42113.570432     0.000021769  -1156895.2819
0.3200     29116.185284     0.000019048  -1169892.6673
0.3600     20901.787637     0.000019048  -1178107.0650
0.4000     15046.482693     0.000008163  -1183962.3699
0.4500     10331.133575     0.000008163  -1188677.7190
0.5000      7361.167963     0.000021769  -1191647.6845    -47690.651
0.5500      5382.576932     0.000013606  -1193626.2754    -32711.167
0.6000      3998.904115     0.000016327  -1195009.9483    -23285.838
0.6500      3005.878720     0.000016327  -1196002.9737    -16846.239
0.7000      2283.143171     0.000016327  -1196725.7092    -12284.251
0.7500      1754.145423     0.000010885  -1197254.7072     -9028.152
0.8000      1364.801501     0.000021769  -1197644.0511     -6757.738
0.8500      1067.394353     0.000016327  -1197941.4581     -5250.148
0.9000       835.490488     0.000021769  -1198173.3620     -4084.044
0.9500       655.646418     0.000021769  -1198353.2060     -3168.070
1.0000       516.494318     0.000016327  -1198492.3582     -2457.799
1.1000       324.461584     0.000013606  -1198684.3910     -1481.638
1.2000       207.644677     0.000013606  -1198801.2078      -905.896
1.3000       135.371247     0.000010885  -1198873.4813      -565.045
1.4000        90.120614     0.000008163  -1198918.7320      -360.109
1.5000        61.195948     0.000008163  -1198947.6566      -235.367
1.6000        42.140501     0.000010885  -1198966.7119      -158.041
1.7000        29.242027     0.000021769  -1198979.6104      -108.729
1.8000        20.245314     0.000019048  -1198988.6073       -76.199
1.9000        13.883665     0.000013606  -1198994.9688       -54.030
2.0000         9.335427     0.000016327  -1198999.5172       -38.490
2.1000         6.079037     0.000013606  -1199002.7735       -27.454
2.2000         3.757352     0.000027211  -1199005.0952       -19.563
2.3000         2.115517     0.000019048  -1199006.7369       -13.853
2.4000         0.967599     0.000021769  -1199007.8849        -9.684
2.5000         0.177108     0.000019048  -1199008.6754        -6.669
2.6000        -0.327114     0.000013606  -1199009.1796        -4.598
2.7000        -0.654399     0.000013606  -1199009.5070        -3.094
2.8000        -0.865162     0.000024490  -1199009.7176        -2.024
2.9000        -0.994876     0.000008163  -1199009.8474        -1.245
3.0000        -1.069642     0.000024490  -1199009.9222        -0.698
3.1000        -1.107161     0.000016327  -1199009.9598        -0.312
3.2000        -1.120451     0.000008163  -1199009.9729        -0.027
3.3000        -1.118641     0.000027211  -1199009.9712         0.151
3.4000        -1.106911     0.000005442  -1199009.9595         0.276
3.5000        -1.090418     0.000024490  -1199009.9429         0.361
3.6000        -1.071544     0.000013606  -1199009.9242         0.396
3.7000        -1.050793     0.000024490  -1199009.9032         0.416
3.8000        -1.030155     0.000010885  -1199009.8828         0.429
3.9000        -1.010362     0.000021769  -1199009.8629         0.426
4.0000        -0.990710     0.000016327  -1199009.8433         0.407
5.0000        -0.825093     0.000021769  -1199009.6776         0.208
6.0000        -0.736449     0.000013606  -1199009.5889         0.076
7.0000        -0.709679     0.000013606  -1199009.5622         0.018
8.0000        -0.703676     0.000019048  -1199009.5563         0.002
9.0000        -0.702027     0.000024490  -1199009.5546        -0.001
10.0000        -0.701559     0.000021769  -1199009.5541        -0.002
100.0000        -0.701425     0.000008163  -1199009.5538
1000.0000        -0.701425     0.000008163  -1199009.5538
