0.0020         0.000000     0.000013606  33159970.7877
0.0040  16557711.412225     0.000027211  15671347.7812
0.0060  10747997.571596     0.000019048   9861633.9391
0.0080   7858089.017291     0.000008163   6971725.3862
0.0100   6130444.132410     0.000013606   5244080.4992
0.0120   4982917.409389     0.000019048   4096553.7771
0.0140   4166392.265764     0.000021769   3280028.6338
0.0160   3557909.431621     0.000016327   2671545.7992
0.0180   3088287.022785     0.000010885   2201923.3903
0.0200   2715767.764699     0.000021769   1829404.1323
0.0400   1097055.904017     0.000013606    210692.2716
0.0600    607035.826024     0.000010885   -279327.8064
0.0800    384391.478717     0.000019048   -501972.1538
0.1000    263048.693914     0.000013606   -623314.9385
0.1200    188320.151546     0.000010885   -698043.4810
0.1400    140018.908386     0.000019048   -746344.7241
0.1600    107684.175101     0.000024490   -778679.4573
0.1800     84126.731857     0.000005442   -802236.9005
0.2000     66624.360864     0.000016327   -819739.2715
0.2400     43451.695801     0.000019048   -842911.9366
0.2800     30014.947190     0.000008163   -856348.6853
0.3200     21218.622765     0.000021769   -865145.0096
0.3600     15350.160931     0.000010885   -871013.4715
0.4000     11495.403632     0.000019048   -874868.2289
0.4500      8321.968551     0.000010885   -878041.6638    -51108.774
0.5000      6178.738291     0.000021769   -880184.8940    -35994.130
0.5500      4633.235972     0.000016327   -881730.3966    -26308.960
0.6000      3505.155596     0.000008163   -882858.4768    -19202.106
0.6500      2679.715082     0.000016327   -883683.9174    -14114.398
0.7000      2068.266244     0.000021769   -884295.3661    -10593.716
0.7500      1603.713925     0.000027211   -884759.9185     -8115.759
0.8000      1248.380700     0.000010885   -885115.2518     -6261.353
0.8500       973.113350     0.000013606   -885390.5190     -4818.100
0.9000       761.286322     0.000002721   -885602.3461     -3679.973
0.9500       599.934698     0.000024490   -885763.6977     -2805.872
1.0000       477.035095     0.000008163   -885886.5974     -2147.689
1.1000       309.029568     0.000024490   -886054.6028     -1293.785
1.2000       205.353105     0.000021769   -886158.2793      -815.533
1.3000       138.702243     0.000013606   -886224.9300      -534.284
1.4000        94.779173     0.000016327   -886268.8533      -361.816
1.5000        65.445380     0.000016327   -886298.1869      -251.202
1.6000        45.180319     0.000016327   -886318.4521      -176.803
1.7000        30.526661     0.000019048   -886333.1057      -124.927
1.8000        19.769719     0.000021769   -886343.8626       -89.392
1.9000        12.072842     0.000010885   -886351.5596       -64.382
2.0000         6.701723     0.000024490   -886356.9306       -46.385
2.1000         2.833090     0.000021769   -886360.7993       -33.466
2.2000         0.043590     0.000027211   -886363.5887       -24.158
2.3000        -1.962168     0.000027211   -886365.5945       -17.343
2.4000        -3.389653     0.000019048   -886367.0220       -12.244
2.5000        -4.386823     0.000019048   -886368.0193        -8.491
2.6000        -5.061608     0.000010885   -886368.6941        -5.636
2.7000        -5.495132     0.000024490   -886369.1276        -3.558
2.8000        -5.748252     0.000019048   -886369.3806        -1.986
2.9000        -5.869033     0.000024490   -886369.5015        -0.850
3.0000        -5.892565     0.000013606   -886369.5249        -0.016
3.1000        -5.847860     0.000021769   -886369.4802         0.579
3.2000        -5.754930     0.000008163   -886369.3875         0.963
3.3000        -5.624171     0.000021769   -886369.2566         1.237
3.4000        -5.471804     0.000024490   -886369.1042         1.421
3.5000        -5.308636     0.000013606   -886368.9409         1.503
3.6000        -5.140475     0.000013606   -886368.7727         1.540
3.7000        -4.972349     0.000027211   -886368.6049         1.548
3.8000        -4.800311     0.000016327   -886368.4326         1.517
3.9000        -4.544635     0.000021769   -886368.1771         1.387
4.0000        -4.314405     0.000016327   -886367.9469         1.287
5.0000        -2.911108     0.000016327   -886366.5436         0.433
6.0000        -2.419248     0.000019048   -886366.0516         0.179
7.0000        -2.232622     0.000021769   -886365.8649         0.074
8.0000        -2.132772     0.000013606   -886365.7651         0.045
9.0000        -2.067544     0.000010885   -886365.7000         0.032
10.0000        -2.020490     0.000013606   -886365.6530         0.024
100.0000        -1.731379     0.000013606   -886365.3637         0.000
1000.0000        -1.708848     0.000016327   -886365.3411
