0.0020  22672158.531106     0.000021769  22221363.2871
0.0040  11050099.234747     0.000024490  10599303.9916
0.0060   7186114.319308     0.000021769   6735319.0772
0.0080   5259551.275622     0.000021769   4808756.0309
0.0100   4107910.396893     0.000021769   3657115.1526
0.0120   3341754.915817     0.000016327   2890959.6720
0.0140   2796663.837819     0.000016327   2345868.5945
0.0160   2390961.794992     0.000019048   1940166.5516
0.0180   2077033.487775     0.000010885   1626238.2445
0.0200   1827274.849067     0.000010885   1376479.6058
0.0400    743871.957937     0.000021769    293076.7144
0.0600    413925.292804     0.000016327    -36869.9506
0.0800    263222.840358     0.000024490   -187572.4030
0.1000    180471.712080     0.000010885   -270323.5313
0.1200    130487.813304     0.000024490   -320307.4300
0.1400     97623.031541     0.000016327   -353172.2117
0.1600     74739.270208     0.000010885   -376055.9732
0.1800     58421.983590     0.000019048   -392373.2598
0.2000     46601.155460     0.000013606   -404194.0878
0.2400     31077.717271     0.000008163   -419717.5261
0.2800     21188.800705     0.000013606   -429606.4426
0.3200     15026.108087     0.000010885   -435769.1354
0.3600     10945.733300     0.000013606   -439849.5101
0.4000      8233.203854     0.000019048   -442562.0394
0.4500      5957.150497     0.000019048   -444838.0928    -38593.831
0.5000      4331.393755     0.000013606   -446463.8497    -26462.430
0.5500      3234.881673     0.000016327   -447560.3617    -18053.295
0.6000      2472.015242     0.000019048   -448323.2280    -12812.371
0.6500      1920.249771     0.000016327   -448874.9935     -9717.126
0.7000      1491.886125     0.000005442   -449303.3572     -7533.647
0.7500      1160.663418     0.000008163   -449634.5800     -5798.840
0.8000       906.521344     0.000021769   -449888.7220     -4414.805
0.8500       713.887769     0.000021769   -450081.3555     -3342.292
0.9000       568.334128     0.000005442   -450226.9093     -2537.221
0.9500       457.376167     0.000019048   -450337.8673     -1945.271
1.0000       371.697914     0.000021769   -450423.5453     -1510.832
1.1000       251.408221     0.000010885   -450543.8352      -946.467
1.2000       174.219719     0.000019048   -450621.0236      -619.105
1.3000       123.834084     0.000021769   -450671.4093      -423.185
1.4000        89.092040     0.000021769   -450706.1515      -294.439
1.5000        64.715127     0.000024490   -450730.5283      -203.513
1.6000        47.686622     0.000010885   -450747.5569      -141.866
1.7000        35.610474     0.000021769   -450759.6330      -102.199
1.8000        26.784142     0.000024490   -450768.4593       -76.286
1.9000        19.996199     0.000013606   -450775.2472       -58.074
2.0000        14.857338     0.000010885   -450780.3861       -44.323
2.1000        11.060344     0.000013606   -450784.1831       -33.580
2.2000         8.184810     0.000010885   -450787.0586       -25.275
2.3000         6.025136     0.000016327   -450789.2183       -18.868
2.4000         4.421819     0.000008163   -450790.8216       -13.884
2.5000         3.247868     0.000013606   -450791.9955       -10.097
2.6000         2.402804     0.000010885   -450792.8405        -7.162
2.7000         1.809193     0.000021769   -450793.4342        -4.983
2.8000         1.405852     0.000019048   -450793.8375        -3.301
2.9000         1.145096     0.000019048   -450794.0982        -2.070
3.0000         0.991091     0.000010885   -450794.2522        -1.145
3.1000         0.915005     0.000010885   -450794.3284        -0.464
3.2000         0.946412     0.000016327   -450794.2971        -0.029
3.3000         1.021611     0.000010885   -450794.2217         0.275
3.4000         1.115115     0.000010885   -450794.1284         0.481
3.5000         1.219911     0.000008163   -450794.0236         0.604
3.6000         1.330632     0.000019048   -450793.9129         0.677
3.7000         1.442868     0.000002721   -450793.8005         0.714
3.8000         1.553556     0.000019048   -450793.6897         0.722
3.9000         1.661136     0.000019048   -450793.5822         0.709
4.0000         1.764180     0.000002721   -450793.4791         0.683
5.0000         2.504635     0.000024490   -450792.7387         0.293
6.0000         2.799334     0.000013606   -450792.4440         0.136
7.0000         2.926882     0.000016327   -450792.3166         0.062
8.0000         2.997831     0.000024490   -450792.2456         0.038
9.0000         3.044430     0.000019048   -450792.1991         0.027
10.0000         3.078003     0.000002721   -450792.1653         0.020
100.0000         3.283610     0.000008163   -450791.9599         0.000
1000.0000         3.299504     0.000013606   -450791.9438
