0.0020    572570.499819     0.000013606    534814.3822
0.0040    281161.995531     0.000021769    243405.8779
0.0060    184133.930700     0.000024490    146377.8131
0.0080    135670.823237     0.000010885     97914.7056
0.0100    106672.455939     0.000016327     68916.3383
0.0120     87441.955686     0.000027211     49685.8380
0.0140     73745.016596     0.000021769     35988.8989
0.0160     63514.610817     0.000021769     25758.4932
0.0180     55592.762918     0.000021769     17836.6453
0.0200     49284.575981     0.000013606     11528.4583
0.0400     21406.493851     0.000019048    -16349.6238
0.0600     12533.141776     0.000013606    -25222.9759
0.0800      8301.312998     0.000021769    -29454.8047
0.1000      5922.817860     0.000013606    -31833.2998
0.1200      4438.073053     0.000021769    -33318.0446
0.1400      3435.254671     0.000019048    -34320.8630    -41816.590
0.1600      2718.779988     0.000016327    -35037.3377    -30633.878
0.1800      2185.021005     0.000016327    -35571.0966    -23215.949
0.2000      1775.726662     0.000016327    -35980.3910    -17995.640
0.2400      1203.085851     0.000010885    -36553.0318    -11255.398
0.2800       839.065243     0.000021769    -36917.0524     -7272.502
0.3200       601.055141     0.000024490    -37155.0625     -4817.569
0.3600       441.554572     0.000024490    -37314.5631     -3270.525
0.4000       332.030561     0.000027211    -37424.0871     -2275.931
0.4500       239.243385     0.000019048    -37516.8743     -1501.519
0.5000       176.715440     0.000016327    -37579.4022     -1038.140
0.5500       132.664391     0.000024490    -37623.4532      -752.638
0.6000       100.172822     0.000016327    -37655.9448      -564.778
0.6500        75.593669     0.000010885    -37680.5240      -430.702
0.7000        56.826181     0.000016327    -37699.2915      -329.232
0.7500        42.526375     0.000021769    -37713.5913      -250.511
0.8000        31.696675     0.000002721    -37724.4210      -189.336
0.8500        23.554911     0.000027211    -37732.5627      -142.205
0.9000        17.474650     0.000016327    -37738.6430      -106.270
0.9500        12.960535     0.000013606    -37743.1571       -79.142
1.0000         9.623212     0.000021769    -37746.4944       -58.873
1.1000         5.342032     0.000016327    -37750.7756       -32.865
1.2000         2.978195     0.000021769    -37753.1394       -19.064
1.3000         1.667044     0.000021769    -37754.4506       -12.133
1.4000         0.837833     0.000013606    -37755.2798        -8.729
1.5000         0.233808     0.000027211    -37755.8838        -6.877
1.6000        -0.279058     0.000019048    -37756.3967        -5.619
1.7000        -0.743075     0.000013606    -37756.8607        -4.369
1.8000        -1.128334     0.000021769    -37757.2460        -3.309
1.9000        -1.424166     0.000021769    -37757.5418        -2.335
2.0000        -1.635296     0.000027211    -37757.7529        -1.535
2.1000        -1.764373     0.000024490    -37757.8820        -0.887
2.2000        -1.628085     0.000008163    -37757.7457        -0.487
2.3000        -1.557939     0.000010885    -37757.6756        -0.142
2.4000        -1.472068     0.000019048    -37757.5897         0.104
2.5000        -1.371680     0.000024490    -37757.4893         0.307
2.6000        -1.260930     0.000027211    -37757.3786         0.437
2.7000        -1.143883     0.000016327    -37757.2615         0.537
2.8000        -1.023426     0.000016327    -37757.1411         0.587
2.9000        -0.902700     0.000010885    -37757.0204         0.626
3.0000        -0.783528     0.000021769    -37756.9012         0.627
3.1000        -0.667653     0.000024490    -37756.7853         0.623
3.2000        -0.555910     0.000013606    -37756.6735         0.608
3.3000        -0.449402     0.000021769    -37756.5670         0.583
3.4000        -0.348532     0.000016327    -37756.4662         0.558
3.5000        -0.253779     0.000010885    -37756.3714         0.520
3.6000        -0.165467     0.000021769    -37756.2831         0.485
3.7000        -0.083452     0.000008163    -37756.2011         0.445
3.8000        -0.007744     0.000019048    -37756.1254         0.413
3.9000         0.061726     0.000016327    -37756.0559         0.377
4.0000         0.125167     0.000010885    -37755.9925         0.348
5.0000         0.499585     0.000024490    -37755.6181         0.122
6.0000         0.615791     0.000013606    -37755.5018         0.029
7.0000         0.652611     0.000019048    -37755.4650         0.012
8.0000         0.667038     0.000016327    -37755.4506         0.009
9.0000         0.675270     0.000005442    -37755.4424         0.003
10.0000         0.680435     0.000016327    -37755.4372         0.003
100.0000         0.710476     0.000024490    -37755.4072
1000.0000         0.712800     0.000016327    -37755.4048
