0.0020  10945820.244097     0.000016327  10717646.5895
0.0040   5334694.336483     0.000010885   5106520.6828
0.0060   3479123.976153     0.000021769   3250950.3210
0.0080   2551731.477215     0.000013606   2323557.8226
0.0100   1997003.345729     0.000008163   1768829.6911
0.0120   1628286.405250     0.000013606   1400112.7506
0.0140   1366120.414393     0.000024490   1137946.7599
0.0160   1170508.127480     0.000013606    942334.4729
0.0180   1018997.006308     0.000016327    790823.3517
0.0200    898346.082204     0.000021769    670172.4277
0.0400    372369.056833     0.000013606    144195.4022
0.0600    210166.630015     0.000010885    -18007.0246
0.0800    134992.169767     0.000016327    -93181.4848
0.1000     93459.056459     0.000013606   -134714.5981
0.1200     67735.479100     0.000016327   -160438.1755
0.1400     50734.486046     0.000013606   -177439.1685
0.1600     39133.829199     0.000021769   -189039.8254
0.1800     31008.272311     0.000016327   -197165.3823
0.2000     25114.745658     0.000016327   -203058.9089
0.2400     16850.287649     0.000019048   -211323.3669
0.2800     11723.463504     0.000024490   -216450.1911
0.3200      8391.853988     0.000013606   -219781.8006
0.3600      6229.903917     0.000019048   -221943.7507    -43723.490
0.4000      4763.488135     0.000019048   -223410.1664    -31116.610
0.4500      3431.212067     0.000021769   -224742.4425    -22407.668
0.5000      2499.798235     0.000016327   -225673.8564    -15255.211
0.5500      1862.244901     0.000016327   -226311.4097    -10581.159
0.6000      1412.876656     0.000024490   -226760.7779     -7584.538
0.6500      1086.860795     0.000008163   -227086.7938     -5564.335
0.7000       845.647884     0.000021769   -227328.0067     -4151.251
0.7500       664.026053     0.000010885   -227509.6285     -3189.330
0.8000       519.512231     0.000005442   -227654.1424     -2597.580
0.8500       401.879360     0.000010885   -227771.7752     -2070.431
0.9000       310.645027     0.000008163   -227863.0095     -1592.735
0.9500       240.876456     0.000016327   -227932.7781     -1212.182
1.0000       187.805556     0.000016327   -227985.8490      -922.283
1.1000       116.268036     0.000024490   -228057.3865      -543.794
1.2000        73.408548     0.000013606   -228100.2460      -332.343
1.3000        46.788942     0.000024490   -228126.8656      -210.218
1.4000        29.741514     0.000016327   -228143.9131      -136.317
1.5000        18.603354     0.000008163   -228155.0512       -89.709
1.6000        11.247267     0.000005442   -228162.4073       -59.385
1.7000         6.711043     0.000008163   -228166.9435       -39.802
1.8000         3.718233     0.000013606   -228169.9363       -26.522
1.9000         1.762602     0.000021769   -228171.8920       -17.437
2.0000         0.518029     0.000010885   -228173.1365       -11.257
2.1000        -0.241262     0.000019048   -228173.8959        -7.004
2.2000        -0.672331     0.000013606   -228174.3269        -4.129
2.3000        -0.885116     0.000019048   -228174.5397        -2.221
2.4000        -0.956007     0.000021769   -228174.6106        -0.947
2.5000        -0.938186     0.000005442   -228174.5928        -0.148
2.6000        -0.867714     0.000024490   -228174.5223         0.346
2.7000        -0.768697     0.000016327   -228174.4233         0.649
2.8000        -0.657093     0.000024490   -228174.3117         0.781
2.9000        -0.542750     0.000016327   -228174.1973         0.860
3.0000        -0.431600     0.000013606   -228174.0862         0.863
3.1000        -0.327070     0.000024490   -228173.9816         0.833
3.2000        -0.230690     0.000019048   -228173.8853         0.789
3.3000        -0.143045     0.000016327   -228173.7976         0.734
3.4000        -0.064135     0.000016327   -228173.7187         0.668
3.5000         0.006455     0.000019048   -228173.6481         0.607
3.6000         0.069373     0.000021769   -228173.5852         0.547
3.7000         0.125132     0.000013606   -228173.5294         0.492
3.8000         0.174371     0.000027211   -228173.4802         0.436
3.9000         0.217835     0.000027211   -228173.4367         0.388
4.0000         0.256187     0.000021769   -228173.3984         0.344
5.0000         0.498845     0.000024490   -228173.1557         0.063
6.0000         0.534097     0.000016327   -228173.1205         0.009
7.0000         0.538299     0.000019048   -228173.1163         0.003
8.0000         0.538304     0.000024490   -228173.1163         0.001
9.0000         0.537860     0.000013606   -228173.1167         0.001
10.0000         0.537447     0.000016327   -228173.1171         0.000
100.0000         0.534339     0.000013606   -228173.1202
1000.0000         0.534054     0.000021769   -228173.1205
