0.0020  15633695.157569     0.000016327  15004497.7705
0.0040   7611441.537190     0.000024490   6982244.1500
0.0060   4947469.910654     0.000013606   4318272.5228
0.0080   3621146.909861     0.000021769   2991949.5219
0.0100   2829611.994735     0.000016327   2200414.6079
0.0120   2304377.865975     0.000021769   1675180.4793
0.0140   1930938.387035     0.000016327   1301741.0003
0.0160   1652431.896939     0.000021769   1023234.5103
0.0180   1437225.224636     0.000008163    808027.8380
0.0200   1266308.374406     0.000016327    637110.9878
0.0400    520966.988100     0.000013606   -108230.3986
0.0600    292944.813664     0.000016327   -336252.5731
0.0800    188288.084110     0.000027211   -440909.3025
0.1000    130172.690133     0.000024490   -499024.6967
0.1200     94318.477921     0.000019048   -534878.9088
0.1400     70565.633806     0.000013606   -558631.7530
0.1600     53977.239095     0.000027211   -575220.1476
0.1800     42076.998783     0.000016327   -587120.3880
0.2000     33400.249578     0.000010885   -595797.1373
0.2400     22113.896096     0.000021769   -607083.4907
0.2800     15384.026850     0.000021769   -613813.3598
0.3200     10847.828496     0.000016327   -618349.5583
0.3600      7871.692036     0.000013606   -621325.6948
0.4000      5882.552003     0.000021769   -623314.8348    -40944.981
0.4500      4220.012692     0.000010885   -624977.3741    -26937.796
0.5000      3083.409127     0.000005442   -626113.9775    -19162.376
0.5500      2268.028180     0.000013606   -626929.3585    -13696.526
0.6000      1688.936761     0.000010885   -627508.4500     -9692.274
0.6500      1277.983787     0.000027211   -627919.4030     -6919.533
0.7000       982.318081     0.000016327   -628215.0687     -5025.882
0.7500       765.720365     0.000013606   -628431.6662     -3716.551
0.8000       604.178217     0.000027211   -628593.2086     -2797.947
0.8500       481.374485     0.000013606   -628716.0123     -2151.334
0.9000       385.702186     0.000021769   -628811.6845     -1701.646
0.9500       309.020869     0.000019048   -628888.3660     -1376.928
1.0000       247.107882     0.000021769   -628950.2787     -1104.173
1.1000       159.494253     0.000021769   -629037.8923      -684.367
1.2000       106.080101     0.000005442   -629091.3067      -428.582
1.3000        71.658751     0.000019048   -629125.7280      -283.793
1.4000        47.937571     0.000021769   -629149.4493      -193.275
1.5000        32.051612     0.000021769   -629165.3350      -129.812
1.6000        21.357389     0.000019048   -629176.0294       -87.255
1.7000        14.170713     0.000027211   -629183.2159       -58.418
1.8000         9.377648     0.000013606   -629188.0092       -38.618
1.9000         6.497475     0.000024490   -629190.8892       -25.632
2.0000         4.661938     0.000016327   -629192.7249       -16.752
2.1000         3.508744     0.000024490   -629193.8779       -10.835
2.2000         2.812575     0.000010885   -629194.5742        -6.749
2.3000         2.415901     0.000008163   -629194.9709        -4.190
2.4000         2.208564     0.000016327   -629195.1783        -2.454
2.5000         2.115980     0.000024490   -629195.2708        -1.458
2.6000         2.088725     0.000010885   -629195.2980        -0.760
2.7000         2.094869     0.000013606   -629195.2918        -0.403
2.8000         2.116802     0.000021769   -629195.2700        -0.170
2.9000         2.143485     0.000019048   -629195.2433        -0.023
3.0000         2.170465     0.000021769   -629195.2164         0.029
3.1000         2.196186     0.000010885   -629195.1905         0.077
3.2000         2.219353     0.000010885   -629195.1674         0.110
3.3000         2.240317     0.000010885   -629195.1465         0.117
3.4000         2.259773     0.000008163   -629195.1269         0.120
3.5000         2.277591     0.000008163   -629195.1092         0.127
3.6000         2.293782     0.000019048   -629195.0928         0.127
3.7000         2.308615     0.000016327   -629195.0782         0.121
3.8000         2.322563     0.000010885   -629195.0643         0.113
3.9000         2.335478     0.000027211   -629195.0512         0.109
4.0000         2.347184     0.000016327   -629195.0395         0.102
5.0000         2.417425     0.000021769   -629194.9693         0.034
6.0000         2.438136     0.000019048   -629194.9486         0.007
7.0000         2.442655     0.000024490   -629194.9440         0.000
8.0000         2.443494     0.000021769   -629194.9432        -0.001
9.0000         2.443632     0.000013606   -629194.9432        -0.001
10.0000         2.443654     0.000019048   -629194.9432        -0.001
100.0000         2.443660     0.000019048   -629194.9432
1000.0000         2.443660     0.000024490   -629194.9432
