0.0020  10795702.035058     0.000016327  10441856.6311
0.0040   5261783.968441     0.000016327   4907938.5652
0.0060   3423854.639264     0.000010885   3070009.2372
0.0080   2509831.573280     0.000013606   2155986.1701
0.0100   1964012.010713     0.000019048   1610166.6076
0.0120   1601584.121405     0.000021769   1247738.7182
0.0140   1343449.422244     0.000021769    989604.0191
0.0160   1150638.014482     0.000027211    796792.6115
0.0180   1001513.126814     0.000016327    647667.7237
0.0200    882826.737563     0.000027211    528981.3345
0.0400    365840.563244     0.000013606     11995.1602
0.0600    205830.958787     0.000016327   -148014.4443
0.0800    132130.503434     0.000021769   -221714.8997
0.1000     91385.419123     0.000021769   -262459.9840
0.1200     66175.872374     0.000010885   -287669.5309
0.1400     49680.685551     0.000021769   -304164.7175
0.1600     38449.780022     0.000019048   -315395.6231
0.1800     30404.427188     0.000010885   -323440.9760
0.2000     24303.042608     0.000019048   -329542.3604
0.2400     16011.750076     0.000024490   -337833.6531
0.2800     10891.083957     0.000019048   -342954.3192
0.3200      7677.789236     0.000013606   -346167.6139
0.3600      5583.571337     0.000005442   -348261.8318    -42934.436
0.4000      4121.819667     0.000013606   -349723.5833    -31001.573
0.4500      2848.076142     0.000019048   -350997.3270    -20513.832
0.5000      2012.367511     0.000016327   -351833.0355    -13431.516
0.5500      1460.792604     0.000016327   -352384.6105     -8980.175
0.6000      1086.043591     0.000021769   -352759.3596     -6225.784
0.6500       821.441353     0.000024490   -353023.9619     -4506.256
0.7000       626.364536     0.000019048   -353219.0385     -3392.721
0.7500       477.974916     0.000016327   -353367.4282     -2591.619
0.8000       364.895563     0.000027211   -353480.5076     -1965.420
0.8500       279.500921     0.000016327   -353565.9021     -1480.473
0.9000       214.898631     0.000010885   -353630.5044     -1117.165
0.9500       165.777041     0.000019048   -353679.6262      -842.662
1.0000       129.292515     0.000019048   -353716.1107      -634.442
1.1000        80.581989     0.000024490   -353764.8212      -369.122
1.2000        51.393472     0.000021769   -353794.0095      -228.427
1.3000        33.032665     0.000024490   -353812.3704      -147.226
1.4000        21.550713     0.000013606   -353823.8523       -96.529
1.5000        14.289417     0.000005442   -353831.1136       -63.654
1.6000         9.556721     0.000008163   -353835.8462       -41.792
1.7000         6.494239     0.000008163   -353838.9089       -27.157
1.8000         4.541917     0.000024490   -353840.8613       -17.356
1.9000         3.575722     0.000024490   -353841.8273       -11.497
2.0000         3.037347     0.000010885   -353842.3658        -7.759
2.1000         2.691754     0.000019048   -353842.7114        -5.458
2.2000         2.608789     0.000019048   -353842.7944        -4.397
2.3000         2.551509     0.000005442   -353842.8515        -3.816
2.4000         2.423172     0.000019048   -353842.9800        -3.354
2.5000         2.256121     0.000021769   -353843.1471        -2.967
2.6000         2.078363     0.000021769   -353843.3248        -2.480
2.7000         1.930937     0.000016327   -353843.4722        -2.071
2.8000         1.813550     0.000016327   -353843.5895        -1.623
2.9000         1.713970     0.000027211   -353843.6891        -1.231
3.0000         1.635854     0.000002721   -353843.7672        -0.932
3.1000         1.578851     0.000024490   -353843.8244        -0.626
3.2000         1.540062     0.000024490   -353843.8630        -0.380
3.3000         1.518469     0.000008163   -353843.8845        -0.205
3.4000         1.533387     0.000008163   -353843.8698        -0.052
3.5000         1.563776     0.000021769   -353843.8393         0.076
3.6000         1.603391     0.000005442   -353843.7996         0.159
3.7000         1.649797     0.000013606   -353843.7533         0.209
3.8000         1.701145     0.000021769   -353843.7019         0.249
3.9000         1.754577     0.000016327   -353843.6486         0.279
4.0000         1.808265     0.000013606   -353843.5947         0.294
5.0000         2.220983     0.000013606   -353843.1822         0.158
6.0000         2.382480     0.000005442   -353843.0205         0.066
7.0000         2.432195     0.000019048   -353842.9710         0.020
8.0000         2.448343     0.000016327   -353842.9547         0.008
9.0000         2.454843     0.000024490   -353842.9481         0.004
10.0000         2.458316     0.000024490   -353842.9449         0.002
100.0000         2.474969     0.000010885   -353842.9280
1000.0000         2.476183     0.000008163   -353842.9269
