0.0020   8204150.210106     0.000008163   7884442.0552
0.0040   4000111.344756     0.000016327   3680403.1877
0.0060   2604292.677241     0.000013606   2284584.5209
0.0080   1909226.028886     0.000021769   1589517.8727
0.0100   1494001.409303     0.000019048   1174293.2532
0.0120   1218758.665268     0.000027211    899050.5089
0.0140   1022992.789976     0.000008163    703284.6337
0.0160    876857.346362     0.000013606    557149.1902
0.0180    763748.132541     0.000013606    444039.9763
0.0200    673552.947541     0.000019048    353844.7912
0.0400    280240.334727     0.000021769    -39467.8215
0.0600    158492.162246     0.000010885   -161215.9940
0.0800    102149.340504     0.000016327   -217558.8157
0.1000     71068.381471     0.000019048   -248639.7748
0.1200     51762.442591     0.000010885   -267945.7137
0.1400     38930.773936     0.000024490   -280777.3822
0.1600     30028.271457     0.000019048   -289679.8848
0.1800     23675.937527     0.000024490   -296032.2187
0.2000     19041.688638     0.000010885   -300666.4675
0.2400     12700.550997     0.000005442   -307007.6052
0.2800      8715.153588     0.000013606   -310993.0026
0.3200      6189.025404     0.000016327   -313519.1309    -50547.389
0.3600      4526.074362     0.000016327   -315182.0819    -33926.271
0.4000      3392.596788     0.000024490   -316315.5595    -23562.126
0.4500      2422.051623     0.000021769   -317286.1046    -16056.391
0.5000      1744.397629     0.000019048   -317963.7587    -11304.828
0.5500      1268.211296     0.000019048   -318439.9451     -7869.521
0.6000       938.972311     0.000024490   -318769.1839     -5449.716
0.6500       710.866025     0.000013606   -318997.2902     -3816.181
0.7000       549.627056     0.000019048   -319158.5292     -2730.506
0.7500       432.323751     0.000021769   -319275.8326     -2018.105
0.8000       343.528663     0.000024490   -319364.6275     -1555.741
0.8500       274.543984     0.000027211   -319433.6122     -1228.733
0.9000       219.623025     0.000021769   -319488.5332      -980.712
0.9500       175.854580     0.000013606   -319532.3017      -777.970
1.0000       141.323305     0.000013606   -319566.8329      -610.217
1.1000        93.560845     0.000005442   -319614.5955      -365.064
1.2000        65.302926     0.000013606   -319642.8534      -214.272
1.3000        48.987397     0.000016327   -319659.1688      -132.297
1.4000        38.682240     0.000027211   -319669.4740       -97.576
1.5000        30.447454     0.000010885   -319677.7087       -77.978
1.6000        23.712982     0.000019048   -319684.4433       -61.618
1.7000        18.433092     0.000021769   -319689.7231       -47.216
1.8000        14.411272     0.000024490   -319693.7450       -35.474
1.9000        11.407289     0.000010885   -319696.7488       -26.121
2.0000         9.201422     0.000013606   -319698.9549       -18.995
2.1000         7.604102     0.000010885   -319700.5522       -13.631
2.2000         6.462413     0.000008163   -319701.6940        -9.693
2.3000         5.653872     0.000021769   -319702.5024        -6.823
2.4000         5.086602     0.000027211   -319703.0698        -4.777
2.5000         4.690524     0.000027211   -319703.4657        -3.314
2.6000         4.415120     0.000019048   -319703.7411        -2.310
2.7000         4.223307     0.000005442   -319703.9329        -1.604
2.8000         4.089293     0.000008163   -319704.0671        -1.123
2.9000         3.994709     0.000008163   -319704.1615        -0.800
3.0000         3.927072     0.000008163   -319704.2292        -0.574
3.1000         3.877991     0.000010885   -319704.2782        -0.423
3.2000         3.841656     0.000010885   -319704.3147        -0.313
3.3000         3.814153     0.000013606   -319704.3422        -0.228
3.4000         3.793054     0.000016327   -319704.3631        -0.181
3.5000         3.776749     0.000016327   -319704.3795        -0.139
3.6000         3.764060     0.000016327   -319704.3922        -0.105
3.7000         3.754106     0.000016327   -319704.4020        -0.085
3.8000         3.746446     0.000016327   -319704.4099        -0.064
3.9000         3.740606     0.000005442   -319704.4156        -0.048
4.0000         3.736364     0.000016327   -319704.4200        -0.035
5.0000         3.735866     0.000024490   -319704.4203         0.015
6.0000         3.749159     0.000002721   -319704.4072         0.009
7.0000         3.754724     0.000027211   -319704.4015         0.002
8.0000         3.756220     0.000008163   -319704.4001         0.000
9.0000         3.756555     0.000008163   -319704.3996        -0.000
10.0000         3.756612     0.000008163   -319704.3996        -0.000
100.0000         3.756631     0.000008163   -319704.3996
1000.0000         3.756634     0.000008163   -319704.3996
