0.0020   9530667.498332     0.000021769   9172280.1366
0.0040   4645468.827059     0.000024490   4287081.4629
0.0060   3023454.661901     0.000016327   2665067.2989
0.0080   2215934.621699     0.000024490   1857547.2585
0.0100   1733516.594787     0.000005442   1375129.2319
0.0120   1413501.272123     0.000008163   1055113.9091
0.0140   1185802.438912     0.000010885    827415.0760
0.0160   1015793.082600     0.000024490    657405.7196
0.0180    884241.303663     0.000010885    525853.9405
0.0200    779534.935665     0.000016327    421147.5726
0.0400    323549.089462     0.000024490    -34838.2736
0.0600    182606.870668     0.000013606   -175780.4924
0.0800    117618.271015     0.000019048   -240769.0920
0.1000     81662.462311     0.000008163   -276724.9008
0.1200     59310.455836     0.000024490   -299076.9072
0.1400     44544.213587     0.000021769   -313843.1495
0.1600     34390.911631     0.000010885   -323996.4514
0.1800     27198.675720     0.000019048   -331188.6874
0.2000     21788.030769     0.000016327   -336599.3322
0.2400     14381.354843     0.000016327   -344006.0084
0.2800      9858.466192     0.000005442   -348528.8969
0.3200      6968.483415     0.000021769   -351418.8797
0.3600      5073.254691     0.000013606   -353314.1083    -38627.479
0.4000      3773.216089     0.000016327   -354614.1469    -27396.675
0.4500      2636.349415     0.000027211   -355751.0137    -18629.771
0.5000      1868.016767     0.000024490   -356519.3462    -12469.209
0.5500      1355.530434     0.000024490   -357031.8326     -8354.397
0.6000      1009.952312     0.000016327   -357377.4108     -5703.800
0.6500       770.591738     0.000005442   -357616.7712     -4019.631
0.7000       598.290787     0.000024490   -357789.0724     -2953.700
0.7500       469.074823     0.000027211   -357918.2882     -2267.858
0.8000       368.343018     0.000024490   -358019.0201     -1776.793
0.8500       289.632515     0.000019048   -358097.7305     -1383.749
0.9000       228.561555     0.000008163   -358158.8015     -1067.310
0.9500       181.348272     0.000024490   -358206.0147      -820.447
1.0000       144.796331     0.000024490   -358242.5667      -633.076
1.1000        94.327931     0.000016327   -358293.0351      -382.231
1.2000        63.971853     0.000024490   -358323.3913      -241.924
1.3000        44.161451     0.000008163   -358343.2017      -163.442
1.4000        30.558019     0.000008163   -358356.8050      -113.748
1.5000        21.180812     0.000016327   -358366.1823       -79.820
1.6000        14.663421     0.000024490   -358372.6997       -55.328
1.7000        10.203490     0.000010885   -358377.1597       -37.840
1.8000         7.196108     0.000021769   -358380.1671       -25.589
1.9000         5.196215     0.000010885   -358382.1668       -17.218
2.0000         3.893600     0.000024490   -358383.4694       -11.813
2.1000         3.010835     0.000013606   -358384.3522        -8.174
2.2000         2.599243     0.000019048   -358384.7639        -6.185
2.3000         2.328656     0.000016327   -358385.0344        -4.913
2.4000         2.071533     0.000010885   -358385.2915        -4.175
2.5000         1.818372     0.000005442   -358385.5446        -3.622
2.6000         1.563248     0.000008163   -358385.7998        -3.228
2.7000         1.311339     0.000010885   -358386.0518        -2.898
2.8000         1.072646     0.000010885   -358386.2904        -2.553
2.9000         0.842465     0.000010885   -358386.5207        -2.263
3.0000         0.630445     0.000013606   -358386.7326        -1.953
3.1000         0.441279     0.000021769   -358386.9218        -1.647
3.2000         0.277358     0.000013606   -358387.0858        -1.359
3.3000         0.143012     0.000010885   -358387.2200        -1.120
3.4000         0.033541     0.000024490   -358387.3297        -0.885
3.5000        -0.054175     0.000024490   -358387.4173        -0.689
3.6000        -0.122280     0.000013606   -358387.4853        -0.514
3.7000        -0.173064     0.000019048   -358387.5362        -0.384
3.8000        -0.209269     0.000021769   -358387.5724        -0.260
3.9000        -0.233264     0.000027211   -358387.5963        -0.173
4.0000        -0.248309     0.000019048   -358387.6113        -0.084
5.0000        -0.166188     0.000016327   -358387.5294         0.152
6.0000         0.040760     0.000021769   -358387.3223         0.073
7.0000         0.109471     0.000016327   -358387.2537         0.025
8.0000         0.129124     0.000010885   -358387.2339         0.008
9.0000         0.134552     0.000013606   -358387.2284         0.002
10.0000         0.136144     0.000019048   -358387.2268         0.001
100.0000         0.138495     0.000021769   -358387.2246
1000.0000         0.138631     0.000005442   -358387.2243
