0.0020  12201244.206291     0.000027211  11838705.2765
0.0040   5945710.651795     0.000024490   5583171.7213
0.0060   3870225.624149     0.000021769   3507686.6939
0.0080   2836678.629188     0.000013606   2474139.7000
0.0100   2219558.606373     0.000027211   1857019.6772
0.0120   1809504.353920     0.000005442   1446965.4247
0.0140   1517560.896659     0.000024490   1155021.9673
0.0160   1299644.751174     0.000021769    937105.8220
0.0180   1131090.861532     0.000021769    768551.9322
0.0200    996940.565254     0.000010885    634401.6359
0.0400    412515.874858     0.000021769     49976.9456
0.0600    231708.591363     0.000013606   -130830.3379
0.0800    148611.294833     0.000021769   -213927.6344
0.1000    102532.104691     0.000005442   -260006.8246
0.1200     74256.206123     0.000021769   -288282.7231
0.1400     55912.086629     0.000013606   -306626.8427
0.1600     43359.259718     0.000010885   -319179.6694
0.1800     34193.788626     0.000016327   -328345.1406
0.2000     27257.205980     0.000016327   -335281.7232
0.2400     17733.225293     0.000013606   -344805.7039
0.2800     12057.308726     0.000013606   -350481.6205
0.3200      8552.785234     0.000027211   -353986.1440
0.3600      6237.933932     0.000019048   -356300.9955    -48368.498
0.4000      4585.149557     0.000008163   -357953.7797    -34852.092
0.4500      3173.531257     0.000021769   -359365.3981    -22501.089
0.5000      2256.455524     0.000008163   -360282.4739    -14808.130
0.5500      1642.621898     0.000016327   -360896.3074    -10110.349
0.6000      1216.215834     0.000019048   -361322.7136     -7163.460
0.6500       908.756597     0.000010885   -361630.1727     -5261.150
0.7000       680.212425     0.000024490   -361858.7168     -3939.492
0.7500       508.670373     0.000019048   -362030.2588     -2944.864
0.8000       381.469886     0.000016327   -362157.4593     -2182.023
0.8500       287.329019     0.000021769   -362251.6001     -1601.975
0.9000       218.490250     0.000010885   -362320.4390     -1170.402
0.9500       168.144835     0.000019048   -362370.7844      -860.310
1.0000       130.924239     0.000024490   -362408.0050      -641.457
1.1000        82.141776     0.000008163   -362456.7874      -380.231
1.2000        52.528952     0.000013606   -362486.4002      -239.530
1.3000        33.716751     0.000010885   -362505.2125      -153.209
1.4000        21.679330     0.000027211   -362517.2500       -97.907
1.5000        14.104918     0.000024490   -362524.8243       -62.437
1.6000         9.441527     0.000016327   -362529.4878       -39.615
1.7000         6.530425     0.000024490   -362532.3989       -24.920
1.8000         4.735918     0.000021769   -362534.1935       -15.665
1.9000         3.718941     0.000024490   -362535.2104       -10.176
2.0000         3.145069     0.000021769   -362535.7843        -6.992
2.1000         2.731597     0.000013606   -362536.1976        -5.066
2.2000         2.426301     0.000021769   -362536.5029        -3.772
2.3000         2.366809     0.000008163   -362536.5625        -3.360
2.4000         2.260723     0.000005442   -362536.6686        -2.819
2.5000         2.139782     0.000021769   -362536.7894        -2.352
2.6000         2.055554     0.000002721   -362536.8738        -1.806
2.7000         1.986435     0.000016327   -362536.9429        -1.357
2.8000         1.937049     0.000021769   -362536.9922        -0.952
2.9000         1.906683     0.000005442   -362537.0226        -0.603
3.0000         1.895374     0.000027211   -362537.0338        -0.347
3.1000         1.901628     0.000021769   -362537.0275        -0.106
3.2000         1.937721     0.000010885   -362536.9916         0.067
3.3000         1.990769     0.000010885   -362536.9386         0.183
3.4000         2.053040     0.000008163   -362536.8762         0.264
3.5000         2.120451     0.000010885   -362536.8088         0.324
3.6000         2.190223     0.000019048   -362536.7391         0.365
3.7000         2.260451     0.000008163   -362536.6689         0.379
3.8000         2.330074     0.000016327   -362536.5992         0.374
3.9000         2.397580     0.000010885   -362536.5317         0.370
4.0000         2.461731     0.000021769   -362536.4675         0.358
5.0000         2.880669     0.000013606   -362536.0485         0.147
6.0000         3.022770     0.000010885   -362535.9064         0.063
7.0000         3.067236     0.000008163   -362535.8621         0.020
8.0000         3.084061     0.000008163   -362535.8452         0.009
9.0000         3.092420     0.000019048   -362535.8368         0.006
10.0000         3.097745     0.000024490   -362535.8316         0.004
100.0000         3.127245     0.000013606   -362535.8019
1000.0000         3.129441     0.000021769   -362535.7998
