0.0020  12713817.407027     0.000021769  12202174.0971
0.0040   6190959.749508     0.000013606   5679316.4406
0.0060   4024985.772912     0.000024490   3513342.4629
0.0080   2946723.647955     0.000019048   2435080.3392
0.0100   2303363.425527     0.000027211   1791720.1168
0.0120   1876473.170071     0.000013606   1364829.8613
0.0140   1572964.963733     0.000019048   1061321.6550
0.0160   1346438.910492     0.000024490    834795.6017
0.0180   1170947.640313     0.000021769    659304.3316
0.0200   1031760.649278     0.000016327    520117.3404
0.0400    426299.636380     0.000008163    -85343.6724
0.0600    239434.278673     0.000013606   -272209.0301
0.0800    153853.848258     0.000019048   -357789.4604
0.1000    106490.980350     0.000021769   -405152.3284
0.1200     77446.325257     0.000027211   -434196.9836
0.1400     58333.564455     0.000027211   -453309.7444
0.1600     44972.062375     0.000016327   -466671.2465
0.1800     35196.881231     0.000008163   -476446.4276
0.2000     27928.980736     0.000008163   -483714.3280
0.2400     18341.005714     0.000021769   -493302.3031
0.2800     12658.206650     0.000019048   -498985.1022
0.3200      9067.165104     0.000013606   -502576.1436
0.3600      6600.503922     0.000010885   -505042.8050
0.4000      4860.047553     0.000013606   -506783.2611    -35984.087
0.4500      3414.841109     0.000016327   -508228.4676    -22970.827
0.5000      2477.594076     0.000019048   -509165.7146    -15201.191
0.5500      1845.263074     0.000013606   -509798.0457    -10504.966
0.6000      1396.173620     0.000010885   -510247.1352     -7725.873
0.6500      1056.638719     0.000021769   -510586.6700     -5895.234
0.7000       802.414249     0.000024490   -510840.8944     -4363.577
0.7500       614.662893     0.000005442   -511028.6460     -3219.219
0.8000       475.589895     0.000016327   -511167.7188     -2394.935
0.8500       371.448957     0.000021769   -511271.8598     -1804.787
0.9000       292.406981     0.000013606   -511350.9018     -1379.362
0.9500       231.609509     0.000019048   -511411.6992     -1068.312
1.0000       184.270401     0.000019048   -511459.0383      -836.618
1.1000       117.594274     0.000013606   -511525.7146      -523.595
1.2000        75.558833     0.000019048   -511567.7500      -330.877
1.3000        48.899681     0.000008163   -511594.4090      -211.151
1.4000        31.963842     0.000024490   -511611.3451      -137.145
1.5000        20.999081     0.000021769   -511622.3096       -89.611
1.6000        13.782343     0.000019048   -511629.5264       -59.211
1.7000         8.970901     0.000016327   -511634.3379       -39.543
1.8000         5.827846     0.000016327   -511637.4808       -26.832
1.9000         3.670507     0.000019048   -511639.6384       -18.270
2.0000         2.200147     0.000013606   -511641.1086       -12.247
2.1000         1.212020     0.000010885   -511642.0967        -8.115
2.2000         0.563273     0.000010885   -511642.7454        -5.226
2.3000         0.155456     0.000016327   -511643.1533        -3.176
2.4000        -0.083944     0.000016327   -511643.3928        -1.746
2.5000        -0.204279     0.000016327   -511643.5130        -0.790
2.6000        -0.242859     0.000024490   -511643.5517        -0.073
2.7000        -0.163418     0.000016327   -511643.4722         0.298
2.8000        -0.043394     0.000016327   -511643.3522         0.591
2.9000         0.093999     0.000013606   -511643.2148         0.763
3.0000         0.241028     0.000013606   -511643.0679         0.816
3.1000         0.390886     0.000016327   -511642.9179         0.866
3.2000         0.538173     0.000016327   -511642.7707         0.888
3.3000         0.680484     0.000013606   -511642.6284         0.816
3.4000         0.815711     0.000024490   -511642.4932         0.772
3.5000         0.941571     0.000016327   -511642.3672         0.717
3.6000         1.057342     0.000019048   -511642.2515         0.672
3.7000         1.162944     0.000021769   -511642.1459         0.587
3.8000         1.258595     0.000021769   -511642.0502         0.525
3.9000         1.344153     0.000021769   -511641.9647         0.472
4.0000         1.420013     0.000021769   -511641.8888         0.416
5.0000         1.804243     0.000005442   -511641.5046         0.098
6.0000         1.884816     0.000005442   -511641.4240         0.016
7.0000         1.900672     0.000010885   -511641.4082         0.004
8.0000         1.904139     0.000016327   -511641.4047         0.000
9.0000         1.905119     0.000024490   -511641.4036         0.000
10.0000         1.905532     0.000013606   -511641.4033        -0.000
100.0000         1.907198     0.000021769   -511641.4017
1000.0000         1.907315     0.000024490   -511641.4014
