0.0020  25965820.410789     0.000016327  25436812.1869
0.0040  12647915.329464     0.000013606  12118907.1056
0.0060   8222208.119762     0.000021769   7693199.8961
0.0080   6016650.365690     0.000024490   5487642.1427
0.0100   4698088.955153     0.000019048   4169080.7299
0.0120   3821019.160807     0.000016327   3292010.9380
0.0140   3198307.678915     0.000019048   2669299.4547
0.0160   2734331.298784     0.000024490   2205323.0746
0.0180   2375267.954491     0.000027211   1846259.7304
0.0200   2090171.871685     0.000021769   1561163.6476
0.0400    851545.448467     0.000021769    322537.2243
0.0600    474259.340770     0.000013606    -54748.8834
0.0800    301834.121362     0.000019048   -227174.1028
0.1000    207487.197243     0.000021769   -321521.0269
0.1200    150182.351488     0.000016327   -378825.8726
0.1400    112422.878705     0.000010885   -416585.3456
0.1600     86615.721092     0.000016327   -442392.5032
0.1800     68317.262684     0.000027211   -460690.9615
0.2000     55036.576539     0.000021769   -473971.6477
0.2400     36197.817276     0.000024490   -492810.4068
0.2800     24717.072863     0.000021769   -504291.1514
0.3200     17498.187592     0.000021769   -511510.0365
0.3600     12831.339796     0.000019048   -516176.8843
0.4000      9582.674332     0.000010885   -519425.5500
0.4500      6739.995810     0.000008163   -522268.2285    -45142.268
0.5000      4895.700833     0.000021769   -524112.5233    -30007.490
0.5500      3637.221353     0.000005442   -525371.0027    -21152.337
0.6000      2730.030447     0.000010885   -526278.1937    -15520.305
0.6500      2059.759186     0.000019048   -526948.4650    -11484.663
0.7000      1565.757318     0.000013606   -527442.4670     -8421.935
0.7500      1204.298505     0.000013606   -527803.9257     -6155.098
0.8000       939.457574     0.000019048   -528068.7666     -4525.764
0.8500       743.448656     0.000027211   -528264.7755     -3377.996
0.9000       596.236982     0.000027211   -528411.9872     -2561.194
0.9500       483.937020     0.000019048   -528524.2870     -1981.380
1.0000       396.151182     0.000027211   -528612.0729     -1566.359
1.1000       267.146280     0.000024490   -528741.0778     -1055.128
1.2000       179.813713     0.000013606   -528828.4106      -702.789
1.3000       122.102739     0.000005442   -528886.1213      -464.268
1.4000        83.860137     0.000016327   -528924.3640      -309.398
1.5000        58.293798     0.000002721   -528949.9304      -209.192
1.6000        40.934206     0.000019048   -528967.2899      -143.789
1.7000        29.170227     0.000013606   -528979.0540      -100.531
1.8000        21.270188     0.000019048   -528986.9540       -71.261
1.9000        15.717180     0.000016327   -528992.5070       -50.460
2.0000        12.072788     0.000024490   -528996.1514       -36.070
2.1000         9.611158     0.000019048   -528998.6130       -25.884
2.2000         7.950394     0.000024490   -529000.2737       -18.615
2.3000         6.829100     0.000021769   -529001.3951       -13.387
2.4000         6.038231     0.000013606   -529002.1858        -9.668
2.5000         5.475134     0.000016327   -529002.7491        -7.068
2.6000         5.062849     0.000005442   -529003.1614        -5.242
2.7000         4.748193     0.000008163   -529003.4759        -4.032
2.8000         4.545672     0.000021769   -529003.6786        -3.229
2.9000         4.361464     0.000027211   -529003.8626        -2.629
3.0000         4.194460     0.000024490   -529004.0297        -2.175
3.1000         4.044876     0.000019048   -529004.1793        -1.752
3.2000         3.915129     0.000013606   -529004.3091        -1.450
3.3000         3.806461     0.000019048   -529004.4177        -1.161
3.4000         3.718571     0.000013606   -529004.5056        -0.910
3.5000         3.650724     0.000019048   -529004.5734        -0.707
3.6000         3.601855     0.000002721   -529004.6223        -0.529
3.7000         3.569585     0.000008163   -529004.6547        -0.377
3.8000         3.551346     0.000010885   -529004.6729        -0.247
3.9000         3.545544     0.000013606   -529004.6787        -0.158
4.0000         3.550303     0.000010885   -529004.6738        -0.075
5.0000         3.815563     0.000019048   -529004.4087         0.161
6.0000         4.021907     0.000002721   -529004.2022         0.085
7.0000         4.098055     0.000008163   -529004.1263         0.031
8.0000         4.120203     0.000010885   -529004.1040         0.012
9.0000         4.125071     0.000010885   -529004.0991         0.004
10.0000         4.125139     0.000008163   -529004.0991         0.002
100.0000         4.112804     0.000021769   -529004.1113
1000.0000         4.111792     0.000013606   -529004.1124
