0.0020    352098.218490     0.000002721    188273.3454
0.0040    172111.397957     0.000002721      8286.5248
0.0060    112381.084085     0.000002721    -51443.7890
0.0080     82593.499695     0.000005442    -81231.3734
0.0100     64817.235642     0.000010885    -99007.6375
0.0120     53025.132948     0.000019048   -110799.7402
0.0140     44630.409379     0.000021769   -119194.4637
0.0160     38356.988443     0.000024490   -125467.8847
0.0180     33522.706639     0.000021769   -130302.1665
0.0200     29678.153323     0.000021769   -134146.7198
0.0400     12674.286337     0.000008163   -151150.5868
0.0600      7321.544701     0.000016327   -156503.3284
0.0800      4821.922847     0.000021769   -159002.9503
0.1000      3414.536368     0.000010885   -160410.3367
0.1200      2535.963762     0.000016327   -161288.9093    -35656.198
0.1400      1949.087293     0.000013606   -161875.7858    -24262.062
0.1600      1540.328404     0.000016327   -162284.5447    -17137.909
0.1800      1245.965196     0.000021769   -162578.9079    -12527.625
0.2000      1027.080014     0.000021769   -162797.7931     -9480.519
0.2400       726.223132     0.000005442   -163098.6500     -5951.653
0.2800       529.736540     0.000010885   -163295.1366     -4050.635
0.3200       393.215315     0.000016327   -163431.6578     -2864.217
0.3600       295.841190     0.000016327   -163529.0319     -2059.772
0.4000       225.529041     0.000016327   -163599.3441     -1495.476
0.4500       163.744129     0.000010885   -163661.1290     -1015.205
0.5000       121.442248     0.000010885   -163703.4309      -701.612
0.5500        91.866043     0.000016327   -163733.0071      -496.169
0.6000        70.675974     0.000024490   -163754.1971      -360.083
0.6500        55.074633     0.000010885   -163769.7985      -268.310
0.7000        43.293652     0.000019048   -163781.5795      -204.891
0.7500        34.183418     0.000019048   -163790.6897      -159.674
0.8000        27.000162     0.000008163   -163797.8729      -126.581
0.8500        21.255453     0.000008163   -163803.6177      -101.541
0.9000        16.607885     0.000016327   -163808.2652       -82.069
0.9500        12.820916     0.000010885   -163812.0522       -66.799
1.0000         9.724229     0.000021769   -163815.1489       -54.519
1.1000         5.088923     0.000008163   -163819.7842       -36.347
1.2000         1.967640     0.000010885   -163822.9055       -24.089
1.3000        -0.120462     0.000024490   -163824.9936       -15.673
1.4000        -1.385329     0.000019048   -163826.2584        -9.896
1.5000        -2.159521     0.000010885   -163827.0326        -5.781
1.6000        -2.597638     0.000013606   -163827.4708        -3.128
1.7000        -2.805413     0.000021769   -163827.6785        -1.201
1.8000        -2.862046     0.000005442   -163827.7352         0.072
1.9000        -2.811032     0.000005442   -163827.6841         0.870
2.0000        -2.691702     0.000013606   -163827.5648         1.451
2.1000        -2.530423     0.000013606   -163827.4035         1.817
2.2000        -2.312634     0.000021769   -163827.1857         1.962
2.3000        -2.039978     0.000019048   -163826.9131         2.018
2.4000        -1.768074     0.000021769   -163826.6412         2.016
2.5000        -1.504445     0.000010885   -163826.3776         1.950
2.6000        -1.251645     0.000013606   -163826.1248         1.832
2.7000        -1.012751     0.000016327   -163825.8859         1.721
2.8000        -0.790578     0.000010885   -163825.6637         1.600
2.9000        -0.586139     0.000002721   -163825.4593         1.479
3.0000        -0.375925     0.000024490   -163825.2490         1.336
3.1000        -0.105085     0.000016327   -163824.9782         1.088
3.2000         0.118878     0.000019048   -163824.7542         0.898
3.3000         0.303481     0.000008163   -163824.5696         0.748
3.4000         0.455383     0.000008163   -163824.4177         0.626
3.5000         0.580310     0.000008163   -163824.2928         0.524
3.6000         0.683131     0.000005442   -163824.1900         0.439
3.7000         0.768199     0.000005442   -163824.1049         0.358
3.8000         0.839006     0.000005442   -163824.0341         0.295
3.9000         0.897946     0.000008163   -163823.9752         0.244
4.0000         0.946880     0.000008163   -163823.9262         0.206
5.0000         1.152397     0.000008163   -163823.7207         0.032
6.0000         1.195018     0.000013606   -163823.6781         0.028
7.0000         1.209674     0.000027211   -163823.6634         0.008
8.0000         1.217718     0.000010885   -163823.6554         0.005
9.0000         1.223095     0.000019048   -163823.6500         0.003
10.0000         1.227141     0.000027211   -163823.6460         0.003
100.0000         1.253847     0.000005442   -163823.6193
1000.0000         1.256083     0.000016327   -163823.6170
