0.0020   7966983.649702     0.000019048   7579357.9079
0.0040   3885933.066256     0.000019048   3498307.3230
0.0060   2529698.201829     0.000027211   2142072.4595
0.0080   1854742.942400     0.000010885   1467117.2001
0.0100   1451662.952498     0.000019048   1064037.2103
0.0120   1184460.210758     0.000021769    796834.4683
0.0140    994544.933726     0.000013606    606919.1913
0.0160    852927.389741     0.000019048    465301.6474
0.0180    743315.843070     0.000027211    355690.1007
0.0200    656032.237643     0.000005442    268406.4953
0.0400    274951.194186     0.000013606   -112674.5482
0.0600    155706.766009     0.000021769   -231918.9764
0.0800    100275.729057     0.000019048   -287350.0133
0.1000     69617.673157     0.000016327   -318008.0692
0.1200     50479.525924     0.000010885   -337146.2165
0.1400     37818.834202     0.000024490   -349806.9082
0.1600     29172.056076     0.000016327   -358453.6863
0.1800     23077.466883     0.000021769   -364548.2754
0.2000     18628.049808     0.000016327   -368997.6927
0.2400     12355.656371     0.000008163   -375270.0860
0.2800      8493.345776     0.000019048   -379132.3967
0.3200      6050.892630     0.000021769   -381574.8497    -48875.325
0.3600      4441.929833     0.000008163   -383183.8125    -32876.809
0.4000      3336.288157     0.000008163   -384289.4542    -23192.285
0.4500      2370.407307     0.000019048   -385255.3350    -16019.923
0.5000      1698.777381     0.000016327   -385926.9650    -11109.734
0.5500      1236.005491     0.000021769   -386389.7370     -7635.032
0.6000       917.024432     0.000024490   -386708.7180     -5287.485
0.6500       694.362555     0.000024490   -386931.3798     -3719.722
0.7000       536.120608     0.000027211   -387089.6217     -2683.091
0.7500       420.192801     0.000016327   -387205.5496     -2001.142
0.8000       332.332031     0.000013606   -387293.4103     -1541.756
0.8500       263.896170     0.000021769   -387361.8461     -1212.065
0.9000       209.891008     0.000019048   -387415.8512      -958.782
0.9500       167.546944     0.000019048   -387458.1954      -761.548
1.0000       133.871483     0.000021769   -387491.8709      -604.426
1.1000        85.747460     0.000010885   -387539.9948      -379.504
1.2000        55.485585     0.000013606   -387570.2569      -239.821
1.3000        36.111925     0.000019048   -387589.6306      -157.368
1.4000        22.806309     0.000024490   -387602.9361      -107.920
1.5000        13.182166     0.000021769   -387612.5603       -76.607
1.6000         6.122619     0.000024490   -387619.6197       -54.783
1.7000         1.233212     0.000027211   -387624.5090       -37.990
1.8000        -1.909527     0.000021769   -387627.6520       -25.282
1.9000        -3.944858     0.000010885   -387629.6871       -16.128
2.0000        -5.177507     0.000008163   -387630.9198        -9.429
2.1000        -5.840638     0.000016327   -387631.5829        -4.743
2.2000        -6.101138     0.000016327   -387631.8436        -1.414
2.3000        -6.089897     0.000013606   -387631.8322         0.813
2.4000        -5.704534     0.000013606   -387631.4469         1.996
2.5000        -5.215913     0.000016327   -387630.9584         2.655
2.6000        -4.718690     0.000005442   -387630.4610         2.959
2.7000        -4.231935     0.000013606   -387629.9742         3.108
2.8000        -3.768863     0.000021769   -387629.5113         3.104
2.9000        -3.236934     0.000013606   -387628.9793         2.878
3.0000        -2.758936     0.000013606   -387628.5012         2.656
3.1000        -2.342776     0.000021769   -387628.0852         2.437
3.2000        -1.978611     0.000016327   -387627.7211         2.205
3.3000        -1.658379     0.000019048   -387627.4008         2.000
3.4000        -1.363149     0.000021769   -387627.1056         1.807
3.5000        -1.065928     0.000021769   -387626.8084         1.600
3.6000        -0.779397     0.000024490   -387626.5219         1.378
3.7000        -0.533077     0.000019048   -387626.2753         1.192
3.8000        -0.322014     0.000008163   -387626.0645         1.017
3.9000        -0.142278     0.000002721   -387625.8846         0.880
4.0000         0.010392     0.000002721   -387625.7319         0.759
5.0000         0.710715     0.000016327   -387625.0318         0.175
6.0000         0.871418     0.000013606   -387624.8710         0.085
7.0000         0.926017     0.000016327   -387624.8163         0.031
8.0000         0.954589     0.000019048   -387624.7877         0.020
9.0000         0.973411     0.000019048   -387624.7689         0.015
10.0000         0.987221     0.000021769   -387624.7550         0.011
100.0000         1.075400     0.000013606   -387624.6669         0.000
1000.0000         1.082540     0.000000000   -387624.6598
