0.0020         0.000000     0.000008163  52154443.8525
0.0040  25985143.880570     0.000021769  24740251.7264
0.0060  16867434.536675     0.000021769  15622542.3819
0.0080  12318269.473206     0.000024490  11073377.3190
0.0100   9595551.457892     0.000019048   8350659.3029
0.0120   7792665.113154     0.000013606   6547772.9604
0.0140   6510181.154757     0.000024490   5265289.0014
0.0160   5554620.139360     0.000024490   4309727.9840
0.0180   4817194.214928     0.000024490   3572302.0612
0.0200   4231489.621184     0.000005442   2986597.4675
0.0400   1695658.304260     0.000010885    450766.1502
0.0600    932043.134973     0.000013606   -312849.0193
0.0800    588505.098384     0.000019048   -656387.0558
0.1000    403819.205651     0.000024490   -841072.9485
0.1200    291229.843350     0.000010885   -953662.3107
0.1400    216535.309064     0.000021769  -1028356.8452
0.1600    164170.921346     0.000019048  -1080721.2328
0.1800    127293.632807     0.000010885  -1117598.5213
0.2000    100822.409004     0.000021769  -1144069.7450
0.2400     64997.946931     0.000008163  -1179894.2072
0.2800     43442.878324     0.000016327  -1201449.2759
0.3200     30166.637090     0.000021769  -1214725.5171
0.3600     21605.475750     0.000005442  -1223286.6783
0.4000     15589.296459     0.000005442  -1229302.8578
0.4500     10788.918017     0.000021769  -1234103.2362
0.5000      7746.006935     0.000019048  -1237146.1473    -49110.675
0.5500      5699.808611     0.000010885  -1239192.3455    -33989.093
0.6000      4257.372673     0.000021769  -1240634.7814    -24351.685
0.6500      3218.207520     0.000005442  -1241673.9468    -17627.044
0.7000      2463.107600     0.000024490  -1242429.0467    -12872.450
0.7500      1908.126436     0.000024490  -1242984.0277     -9583.791
0.8000      1487.303674     0.000024490  -1243404.8506     -7351.646
0.8500      1165.023563     0.000016327  -1243727.1307     -5665.425
0.9000       916.031129     0.000019048  -1243976.1231     -4382.900
0.9500       723.371887     0.000013606  -1244168.7822     -3390.273
1.0000       573.882105     0.000016327  -1244318.2721     -2624.710
1.1000       366.961664     0.000013606  -1244525.1925     -1589.309
1.2000       240.109968     0.000021769  -1244652.0441      -982.236
1.3000       161.259519     0.000013606  -1244730.8946      -629.637
1.4000       109.880393     0.000019048  -1244782.2738      -421.430
1.5000        74.976370     0.000024490  -1244817.1778      -290.011
1.6000        51.158880     0.000010885  -1244840.9951      -202.512
1.7000        34.513014     0.000013606  -1244857.6412      -142.782
1.8000        22.710511     0.000008163  -1244869.4436      -100.558
1.9000        14.400246     0.000024490  -1244877.7539       -71.232
2.0000         8.424942     0.000008163  -1244883.7293       -50.773
2.1000         4.115909     0.000019048  -1244888.0382       -36.073
2.2000         1.026961     0.000013606  -1244891.1272       -25.480
2.3000        -1.154658     0.000019048  -1244893.3088       -17.849
2.4000        -2.631625     0.000013606  -1244894.7858       -12.185
2.5000        -3.382344     0.000016327  -1244895.5366        -8.483
2.6000        -3.859245     0.000010885  -1244896.0133        -5.782
2.7000        -4.140739     0.000010885  -1244896.2950        -3.770
2.8000        -4.282481     0.000021769  -1244896.4367        -2.292
2.9000        -4.321983     0.000024490  -1244896.4762        -1.170
3.0000        -4.289224     0.000019048  -1244896.4433        -0.354
3.1000        -4.202982     0.000019048  -1244896.3570         0.223
3.2000        -4.068866     0.000010885  -1244896.2231         0.669
3.3000        -3.879224     0.000013606  -1244896.0335         0.926
3.4000        -3.675386     0.000008163  -1244895.8296         1.136
3.5000        -3.466245     0.000016327  -1244895.6204         1.259
3.6000        -3.256472     0.000005442  -1244895.4106         1.299
3.7000        -3.048455     0.000019048  -1244895.2027         1.316
3.8000        -2.846187     0.000019048  -1244895.0002         1.310
3.9000        -2.652183     0.000024490  -1244894.8062         1.272
4.0000        -2.451777     0.000016327  -1244894.6060         1.201
5.0000        -1.012346     0.000008163  -1244893.1665         0.479
6.0000        -0.491977     0.000010885  -1244892.6462         0.170
7.0000        -0.333889     0.000002721  -1244892.4881         0.061
8.0000        -0.270008     0.000005442  -1244892.4241         0.031
9.0000        -0.234979     0.000010885  -1244892.3890         0.021
10.0000        -0.211427     0.000024490  -1244892.3656         0.014
100.0000        -0.077835     0.000013606  -1244892.2320         0.000
1000.0000        -0.067849     0.000013606  -1244892.2220
