0.0020   3548740.270283     0.000019048   3466061.9575
0.0040   1736620.824659     0.000019048   1653942.5126
0.0060   1133547.237323     0.000021769   1050868.9254
0.0080    833218.567794     0.000013606    750540.2558
0.0100    653849.085187     0.000005442    571170.7733
0.0120    534438.037843     0.000021769    451759.7258
0.0140    449669.729212     0.000024490    366991.4171
0.0160    386517.176267     0.000021769    303838.8643
0.0180    337658.192201     0.000027211    254979.8802
0.0200    298618.128749     0.000019048    215939.8167
0.0400    126418.586585     0.000016327     43740.2746
0.0600     72629.300156     0.000016327    -10049.0119
0.0800     47525.279274     0.000013606    -35153.0328
0.1000     33340.792294     0.000016327    -49337.5197
0.1200     24501.131462     0.000021769    -58177.1806
0.1400     18686.796428     0.000016327    -63991.5156
0.1600     14683.302523     0.000016327    -67995.0095
0.1800     11786.011110     0.000024490    -70892.3009
0.2000      9601.196378     0.000021769    -73077.1156
0.2400      6544.248750     0.000019048    -76134.0633
0.2800      4584.992820     0.000016327    -78093.3192    -39036.757
0.3200      3312.084311     0.000024490    -79366.2277    -25627.649
0.3600      2466.395011     0.000024490    -80211.9170    -17244.682
0.4000      1890.010762     0.000019048    -80788.3013    -11940.071
0.4500      1400.565831     0.000013606    -81277.7462     -8021.254
0.5000      1055.373713     0.000024490    -81622.9383     -5991.528
0.5500       793.520509     0.000013606    -81884.7915     -4550.286
0.6000       597.891084     0.000016327    -82080.4209     -3304.207
0.6500       457.136867     0.000013606    -82221.1751     -2362.874
0.7000       356.252075     0.000010885    -82322.0600     -1705.341
0.7500       282.894187     0.000019048    -82395.4179     -1252.824
0.8000       228.416050     0.000019048    -82449.8960      -941.150
0.8500       187.102473     0.000021769    -82491.2096      -725.111
0.9000       154.780693     0.000024490    -82523.5313      -574.399
0.9500       128.730731     0.000021769    -82549.5813      -467.712
1.0000       107.155724     0.000019048    -82571.1563      -389.513
1.1000        73.923357     0.000010885    -82604.3887      -276.374
1.2000        50.605890     0.000019048    -82627.7061      -193.871
1.3000        34.390056     0.000010885    -82643.9220      -133.536
1.4000        23.291145     0.000016327    -82655.0209       -90.785
1.5000        15.772261     0.000021769    -82662.5398       -61.259
1.6000        10.704574     0.000013606    -82667.6075       -41.231
1.7000         7.293555     0.000019048    -82671.0185       -27.778
1.8000         4.995093     0.000027211    -82673.3169       -18.722
1.9000         3.443088     0.000010885    -82674.8689       -12.673
2.0000         2.393993     0.000010885    -82675.9180        -8.550
2.1000         1.686345     0.000008163    -82676.6257        -5.765
2.2000         1.212145     0.000008163    -82677.0999        -3.822
2.3000         0.899484     0.000008163    -82677.4125        -2.515
2.4000         0.774907     0.000010885    -82677.5371        -1.746
2.5000         0.743023     0.000016327    -82677.5690        -1.348
2.6000         0.709771     0.000010885    -82677.6023        -1.029
2.7000         0.678214     0.000010885    -82677.6338        -0.780
2.8000         0.650491     0.000008163    -82677.6615        -0.577
2.9000         0.627721     0.000013606    -82677.6843        -0.416
3.0000         0.610349     0.000005442    -82677.7017        -0.289
3.1000         0.598153     0.000024490    -82677.7139        -0.188
3.2000         0.590512     0.000021769    -82677.7215        -0.116
3.3000         0.586732     0.000021769    -82677.7253        -0.058
3.4000         0.586022     0.000010885    -82677.7260        -0.018
3.5000         0.587627     0.000008163    -82677.7244         0.013
3.6000         0.590920     0.000016327    -82677.7211         0.030
3.7000         0.595385     0.000021769    -82677.7166         0.042
3.8000         0.600504     0.000019048    -82677.7115         0.050
3.9000         0.605992     0.000013606    -82677.7060         0.053
4.0000         0.611552     0.000027211    -82677.7005         0.054
5.0000         0.650739     0.000021769    -82677.6613         0.021
6.0000         0.661999     0.000010885    -82677.6500         0.004
7.0000         0.664276     0.000019048    -82677.6478         0.001
8.0000         0.664693     0.000021769    -82677.6473
9.0000         0.664761     0.000021769    -82677.6473        -0.000
10.0000         0.664774     0.000024490    -82677.6472        -0.000
100.0000         0.664777     0.000024490    -82677.6472
1000.0000         0.664777     0.000024490    -82677.6472
