0.0020         0.000000     0.000021769  37223784.5043
0.0040  18528557.317344     0.000024490  17687751.8718
0.0060  12032119.243279     0.000024490  11191313.7977
0.0080   8793427.134227     0.000021769   7952621.6882
0.0100   6856355.423450     0.000027211   6015549.9763
0.0120   5570566.344287     0.000019048   4729760.8966
0.0140   4658413.765911     0.000027211   3817608.3199
0.0160   3978259.521962     0.000016327   3137454.0754
0.0180   3453061.844840     0.000013606   2612256.3981
0.0200   3036175.134046     0.000019048   2195369.6872
0.0400   1224062.912648     0.000027211    383257.4658
0.0600    675918.261692     0.000019048   -164887.1851
0.0800    428260.655873     0.000013606   -412544.7909
0.1000    293493.883098     0.000019048   -547311.5636
0.1200    211714.836884     0.000027211   -629090.6098
0.1400    159009.973838     0.000019048   -681795.4729
0.1600    122437.020467     0.000021769   -718368.4261
0.1800     95402.760692     0.000010885   -745402.6860
0.2000     75392.491363     0.000016327   -765412.9553
0.2400     49023.191847     0.000019048   -791782.2549
0.2800     33314.739009     0.000013606   -807490.7079
0.3200     22996.896149     0.000010885   -817808.5506
0.3600     16419.882400     0.000027211   -824385.5643
0.4000     11989.111321     0.000019048   -828816.3355
0.4500      8250.225412     0.000021769   -832555.2213
0.5000      5809.830933     0.000010885   -834995.6158    -40118.897
0.5500      4103.787301     0.000013606   -836701.6596    -27965.339
0.6000      2959.275618     0.000016327   -837846.1711    -18532.862
0.6500      2190.762830     0.000010885   -838614.6838    -12671.765
0.7000      1654.402030     0.000008163   -839151.0447     -9048.959
0.7500      1264.503392     0.000021769   -839540.9434     -6679.058
0.8000       974.727326     0.000010885   -839830.7195     -4998.365
0.8500       757.192251     0.000013606   -840048.2545     -3769.475
0.9000       592.655372     0.000016327   -840212.7914     -2861.981
0.9500       467.327641     0.000021769   -840338.1192     -2187.537
1.0000       371.189856     0.000013606   -840434.2568     -1683.613
1.1000       239.171294     0.000021769   -840566.2753     -1018.356
1.2000       158.277983     0.000021769   -840647.1688      -634.029
1.3000       107.407715     0.000013606   -840698.0389      -408.112
1.4000        74.251323     0.000002721   -840731.1955      -270.540
1.5000        51.936370     0.000013606   -840753.5104      -183.059
1.6000        36.743973     0.000013606   -840768.7028      -126.418
1.7000        26.176789     0.000010885   -840779.2698       -88.216
1.8000        18.750423     0.000008163   -840786.6964       -61.851
1.9000        13.499772     0.000024490   -840791.9471       -43.619
2.0000         9.765400     0.000024490   -840795.6813       -31.022
2.1000         7.087173     0.000024490   -840798.3594       -22.276
2.2000         5.144089     0.000024490   -840800.3026       -16.177
2.3000         3.714255     0.000019048   -840801.7326       -11.876
2.4000         2.644526     0.000021769   -840802.8022        -8.869
2.5000         1.831169     0.000019048   -840803.6156        -6.599
2.6000         1.203565     0.000010885   -840804.2431        -5.039
2.7000         0.714748     0.000024490   -840804.7321        -3.775
2.8000         0.395493     0.000027211   -840805.0513        -2.860
2.9000         0.156150     0.000010885   -840805.2907        -2.109
3.0000        -0.021843     0.000013606   -840805.4687        -1.597
3.1000        -0.152444     0.000013606   -840805.5993        -1.158
3.2000        -0.247216     0.000016327   -840805.6940        -0.829
3.3000        -0.313565     0.000019048   -840805.7604        -0.590
3.4000        -0.358573     0.000008163   -840805.8053        -0.386
3.5000        -0.387681     0.000019048   -840805.8344        -0.236
3.6000        -0.404516     0.000024490   -840805.8513        -0.146
3.7000        -0.411970     0.000005442   -840805.8586        -0.053
3.8000        -0.413031     0.000008163   -840805.8597         0.007
3.9000        -0.409542     0.000005442   -840805.8562         0.048
4.0000        -0.402386     0.000019048   -840805.8491         0.068
5.0000        -0.293097     0.000010885   -840805.7397         0.086
6.0000        -0.229335     0.000024490   -840805.6760         0.033
7.0000        -0.207144     0.000016327   -840805.6540         0.009
8.0000        -0.200962     0.000008163   -840805.6477         0.001
9.0000        -0.199427     0.000010885   -840805.6461        -0.001
10.0000        -0.199062     0.000021769   -840805.6458        -0.001
100.0000        -0.198964     0.000010885   -840805.6458
1000.0000        -0.198964     0.000013606   -840805.6458
