0.0020   7451579.143912     0.000016327   7194603.9252
0.0040   3634623.140172     0.000021769   3377647.9223
0.0060   2367569.550747     0.000019048   2110594.3324
0.0080   1736936.705619     0.000021769   1479961.4873
0.0100   1360126.252362     0.000024490   1103151.0341
0.0120   1110312.867596     0.000021769    853337.6494
0.0140    932553.519443     0.000010885    675578.3010
0.0160    799674.824749     0.000010885    542699.6064
0.0180    696717.222394     0.000019048    439742.0041
0.0200    614759.574340     0.000008163    357784.3561
0.0400    256417.889417     0.000013606      -557.3289
0.0600    145577.717829     0.000021769   -111397.5005
0.0800     93964.453961     0.000024490   -163010.7644
0.1000     65516.088559     0.000021769   -191459.1298
0.1200     47917.297919     0.000013606   -209057.9204
0.1400     36115.109354     0.000024490   -220860.1090
0.1600     27890.783974     0.000019048   -229084.4343
0.1800     22009.925684     0.000016327   -234965.2926
0.2000     17704.843162     0.000019048   -239270.3752
0.2400     12011.704347     0.000013606   -244963.5140
0.2800      8351.283083     0.000016327   -248623.9353
0.3200      5949.294720     0.000010885   -251025.9236    -48236.743
0.3600      4361.860635     0.000024490   -252613.3577    -32356.161
0.4000      3283.651232     0.000013606   -253691.5671    -22300.828
0.4500      2378.666186     0.000021769   -254596.5521    -14656.504
0.5000      1760.620413     0.000010885   -255214.5979    -10484.452
0.5500      1310.534209     0.000016327   -255664.6841     -7666.677
0.6000       982.977647     0.000021769   -255992.2407     -5533.487
0.6500       746.953269     0.000016327   -256228.2651     -3968.124
0.7000       577.597598     0.000021769   -256397.6207     -2875.145
0.7500       453.706591     0.000013606   -256521.5117     -2125.180
0.8000       362.189303     0.000008163   -256613.0290     -1579.988
0.8500       293.429438     0.000016327   -256681.7889     -1202.793
0.9000       240.341997     0.000019048   -256734.8763      -943.012
0.9500       198.479182     0.000019048   -256776.7391      -766.238
1.0000       164.389107     0.000027211   -256810.8292      -640.299
1.1000       111.615557     0.000019048   -256863.6028      -436.061
1.2000        76.641036     0.000016327   -256898.5773      -272.941
1.3000        55.175160     0.000024490   -256920.0432      -168.816
1.4000        41.569105     0.000013606   -256933.6492      -114.321
1.5000        31.779139     0.000027211   -256943.4392       -85.511
1.6000        24.271714     0.000024490   -256950.9466       -65.325
1.7000        18.543932     0.000019048   -256956.6744       -50.165
1.8000        14.159885     0.000016327   -256961.0584       -38.469
1.9000        10.813814     0.000016327   -256964.4045       -29.166
2.0000         8.289076     0.000008163   -256966.9292       -21.840
2.1000         6.410028     0.000010885   -256968.8083       -16.122
2.2000         5.031224     0.000021769   -256970.1871       -11.757
2.3000         4.031575     0.000021769   -256971.1868        -8.458
2.4000         3.314816     0.000010885   -256971.9035        -6.046
2.5000         2.804719     0.000021769   -256972.4136        -4.271
2.6000         2.444070     0.000024490   -256972.7742        -3.010
2.7000         2.189437     0.000019048   -256973.0289        -2.106
2.8000         2.009458     0.000019048   -256973.2089        -1.474
2.9000         1.881200     0.000027211   -256973.3371        -1.043
3.0000         1.788956     0.000005442   -256973.4294        -0.740
3.1000         1.721415     0.000005442   -256973.4969        -0.536
3.2000         1.671104     0.000013606   -256973.5472        -0.394
3.3000         1.632760     0.000010885   -256973.5856        -0.293
3.4000         1.603083     0.000008163   -256973.6152        -0.224
3.5000         1.579812     0.000010885   -256973.6385        -0.173
3.6000         1.561433     0.000027211   -256973.6569        -0.135
3.7000         1.546742     0.000002721   -256973.6716        -0.102
3.8000         1.535115     0.000008163   -256973.6832        -0.079
3.9000         1.525841     0.000027211   -256973.6925        -0.065
4.0000         1.518856     0.000021769   -256973.6995        -0.048
5.0000         1.508034     0.000010885   -256973.7103         0.014
6.0000         1.522205     0.000024490   -256973.6961         0.010
7.0000         1.528943     0.000027211   -256973.6894         0.003
8.0000         1.530894     0.000010885   -256973.6874         0.001
9.0000         1.531368     0.000010885   -256973.6869        -0.000
10.0000         1.531452     0.000010885   -256973.6869        -0.000
100.0000         1.531487     0.000010885   -256973.6868
1000.0000         1.531493     0.000010885   -256973.6868
