0.0020   2535731.880729     0.000024490   2436794.7458
0.0040   1240731.489427     0.000010885   1141794.3545
0.0060    810006.774630     0.000016327    711069.6397
0.0080    595633.238238     0.000010885    496696.1033
0.0100    467452.901226     0.000024490    368515.7664
0.0120    382292.390647     0.000016327    283355.2557
0.0140    321688.513159     0.000016327    222751.3782
0.0160    276510.621047     0.000024490    177573.4861
0.0180    241528.232069     0.000005442    142591.0971
0.0200    213664.096825     0.000010885    114726.9619
0.0400     90644.054813     0.000024490     -8293.0801
0.0600     52172.199139     0.000010885    -46764.9358
0.0800     34284.051665     0.000024490    -64653.0833
0.1000     24162.235337     0.000010885    -74774.8996
0.1200     17806.729116     0.000019048    -81130.4058
0.1400     13586.939381     0.000013606    -85350.1956
0.1600     10677.498738     0.000027211    -88259.6362
0.1800      8602.093247     0.000010885    -90335.0417
0.2000      7040.759446     0.000019048    -91896.3755
0.2400      4837.269729     0.000013606    -94099.8652    -43709.991
0.2800      3412.362719     0.000016327    -95524.7723    -28720.495
0.3200      2466.656755     0.000019048    -96470.4782    -19249.948
0.3600      1827.475039     0.000010885    -97109.6599    -13129.957
0.4000      1387.371055     0.000019048    -97549.7639     -9143.612
0.4500      1014.168258     0.000021769    -97922.9667     -6052.007
0.5000       760.488827     0.000016327    -98176.6461     -4256.468
0.5500       576.398081     0.000016327    -98360.7369     -3190.391
0.6000       435.885502     0.000013606    -98501.2495     -2455.383
0.6500       328.699059     0.000013606    -98608.4359     -1869.558
0.7000       247.627551     0.000021769    -98689.5074     -1399.836
0.7500       187.032480     0.000024490    -98750.1025     -1042.187
0.8000       141.832675     0.000021769    -98795.3023      -777.572
0.8500       108.000341     0.000027211    -98829.1346      -583.332
0.9000        82.517786     0.000013606    -98854.6172      -440.894
0.9500        63.158107     0.000021769    -98873.9769      -336.578
1.0000        48.278538     0.000016327    -98888.8564      -260.286
1.1000        27.502313     0.000024490    -98909.6327      -162.634
1.2000        14.205717     0.000024490    -98922.9292      -105.906
1.3000         5.506033     0.000010885    -98931.6289       -69.108
1.4000        -0.100429     0.000013606    -98937.2354       -43.816
1.5000        -3.567697     0.000016327    -98940.7027       -26.353
1.6000        -5.366738     0.000010885    -98942.5017       -15.167
1.7000        -6.298878     0.000013606    -98943.4338        -7.756
1.8000        -6.681903     0.000024490    -98943.8169        -2.950
1.9000        -6.717079     0.000008163    -98943.8520         0.076
2.0000        -6.538381     0.000016327    -98943.6734         1.924
2.1000        -6.237579     0.000027211    -98943.3725         2.980
2.2000        -5.868034     0.000021769    -98943.0030         3.517
2.3000        -5.439776     0.000027211    -98942.5747         3.700
2.4000        -5.019610     0.000008163    -98942.1546         3.684
2.5000        -4.617325     0.000016327    -98941.7523         3.574
2.6000        -4.239500     0.000019048    -98941.3745         3.396
2.7000        -3.887363     0.000016327    -98941.0223         3.181
2.8000        -3.511582     0.000027211    -98940.6466         2.880
2.9000        -3.103998     0.000005442    -98940.2390         2.488
3.0000        -2.757116     0.000016327    -98939.8921         2.152
3.1000        -2.459527     0.000021769    -98939.5945         1.861
3.2000        -2.203470     0.000024490    -98939.3384         1.619
3.3000        -1.982745     0.000005442    -98939.1177         1.411
3.4000        -1.791726     0.000002721    -98938.9267         1.232
3.5000        -1.611217     0.000016327    -98938.7462         1.051
3.6000        -1.454827     0.000016327    -98938.5898         0.903
3.7000        -1.320700     0.000008163    -98938.4557         0.786
3.8000        -1.205960     0.000019048    -98938.3409         0.681
3.9000        -1.107550     0.000021769    -98938.2425         0.594
4.0000        -1.022626     0.000010885    -98938.1576         0.518
5.0000        -0.581497     0.000005442    -98937.7165         0.152
6.0000        -0.421358     0.000019048    -98937.5563         0.097
7.0000        -0.336186     0.000005442    -98937.4711         0.049
8.0000        -0.280389     0.000016327    -98937.4154         0.034
9.0000        -0.240336     0.000008163    -98937.3753         0.025
10.0000        -0.209944     0.000002721    -98937.3449         0.020
100.0000        -0.003513     0.000016327    -98937.1385         0.000
1000.0000         0.014144     0.000019048    -98937.1208
