0.0020  15450891.990694     0.000024490  15166287.5446
0.0040   7537891.702217     0.000013606   7253287.2572
0.0060   4907099.698553     0.000016327   4622495.2526
0.0080   3595401.163370     0.000021769   3310796.7170
0.0100   2811413.496673     0.000024490   2526809.0508
0.0120   2290762.422252     0.000024490   2006157.9763
0.0140   1919916.669664     0.000010885   1635312.2238
0.0160   1643066.047038     0.000016327   1358461.6012
0.0180   1429432.224254     0.000027211   1144827.7783
0.0200   1259354.759153     0.000013606    974750.3132
0.0400    517391.484827     0.000024490    232787.0389
0.0600    289341.986890     0.000016327      4737.5410
0.0800    185145.956170     0.000021769    -99458.4897
0.1000    127419.436296     0.000008163   -157185.0096
0.1200     91945.309694     0.000010885   -192659.1362
0.1400     69067.918929     0.000019048   -215536.5269
0.1600     53491.313732     0.000019048   -231113.1322
0.1800     42252.701186     0.000008163   -242351.7447
0.2000     33740.438320     0.000013606   -250864.0076
0.2400     22446.774581     0.000019048   -262157.6713
0.2800     15811.063573     0.000019048   -268793.3823
0.3200     11521.725412     0.000021769   -273082.7205
0.3600      8371.822705     0.000005442   -276232.6233
0.4000      6249.431411     0.000021769   -278355.0145    -43368.627
0.4500      4512.566304     0.000019048   -280091.8795    -27608.916
0.5000      3374.109069     0.000024490   -281230.3369    -18761.273
0.5500      2574.596815     0.000008163   -282029.8490    -13653.279
0.6000      1978.025081     0.000019048   -282626.4208    -10398.632
0.6500      1522.315366     0.000019048   -283082.1306     -7917.348
0.7000      1177.353492     0.000024490   -283427.0924     -5960.701
0.7500       918.092411     0.000016327   -283686.3534     -4488.003
0.8000       722.639041     0.000021769   -283881.8068     -3409.827
0.8500       573.247742     0.000021769   -284031.1982     -2624.400
0.9000       457.406024     0.000021769   -284147.0399     -2047.020
0.9500       366.441323     0.000019048   -284238.0046     -1614.950
1.0000       294.315716     0.000021769   -284310.1303     -1284.757
1.1000       190.646894     0.000027211   -284413.7989      -824.762
1.2000       123.658439     0.000008163   -284480.7874      -536.413
1.3000        79.624493     0.000008163   -284524.8214      -353.926
1.4000        50.416235     0.000027211   -284554.0296      -233.407
1.5000        31.480467     0.000021769   -284572.9654      -155.484
1.6000        18.797913     0.000024490   -284585.6481      -103.443
1.7000        10.322273     0.000010885   -284594.1236       -68.389
1.8000         4.753466     0.000013606   -284599.6925       -44.655
1.9000         1.202439     0.000010885   -284603.2435       -28.640
2.0000        -0.991515     0.000021769   -284605.4373       -17.853
2.1000        -2.266437     0.000013606   -284606.7124       -10.604
2.2000        -2.915456     0.000019048   -284607.3614        -5.750
2.3000        -3.159883     0.000024490   -284607.6058        -2.551
2.4000        -2.987452     0.000008163   -284607.4333        -0.724
2.5000        -2.686099     0.000008163   -284607.1320         0.384
2.6000        -2.346346     0.000027211   -284606.7922         1.048
2.7000        -1.997431     0.000008163   -284606.4433         1.422
2.8000        -1.657773     0.000024490   -284606.1037         1.623
2.9000        -1.336373     0.000027211   -284605.7824         1.676
3.0000        -1.037905     0.000005442   -284605.4839         1.680
3.1000        -0.764812     0.000016327   -284605.2107         1.624
3.2000        -0.515928     0.000016327   -284604.9619         1.529
3.3000        -0.291148     0.000013606   -284604.7369         1.446
3.4000        -0.089183     0.000013606   -284604.5350         1.345
3.5000         0.092432     0.000024490   -284604.3535         1.233
3.6000         0.313135     0.000021769   -284604.1328         1.104
3.7000         0.510861     0.000016327   -284603.9350         0.984
3.8000         0.685697     0.000013606   -284603.7603         0.866
3.9000         0.840201     0.000024490   -284603.6057         0.756
4.0000         0.976032     0.000024490   -284603.4699         0.663
5.0000         1.646763     0.000024490   -284602.7992         0.148
6.0000         1.782295     0.000019048   -284602.6637         0.030
7.0000         1.806034     0.000021769   -284602.6397         0.005
8.0000         1.810099     0.000008163   -284602.6359         0.001
9.0000         1.810818     0.000008163   -284602.6351        -0.000
10.0000         1.810946     0.000008163   -284602.6348        -0.000
100.0000         1.810853     0.000027211   -284602.6351
1000.0000         1.810839     0.000021769   -284602.6351
