0.0020         0.000000     0.000019048  39949132.5100
0.0040  19898646.521319     0.000013606  18963769.3092
0.0060  12920116.691556     0.000019048  11985239.4794
0.0080   9440127.217747     0.000024490   8505250.0056
0.0100   7358349.055549     0.000019048   6423471.8422
0.0120   5977121.445187     0.000027211   5042244.2307
0.0140   4997002.865335     0.000027211   4062125.6522
0.0160   4266728.608522     0.000019048   3331851.3959
0.0180   3702838.616711     0.000008163   2767961.4028
0.0200   3255106.964212     0.000013606   2320229.7508
0.0400   1310284.691165     0.000021769    375407.4780
0.0600    722287.950898     0.000024490   -212589.2624
0.0800    457792.134528     0.000016327   -477085.0788
0.1000    313380.393031     0.000024490   -621496.8202
0.1200    226128.818710     0.000021769   -708748.3946
0.1400    169739.889532     0.000008163   -765137.3237
0.1600    129837.033791     0.000021769   -805040.1796
0.1800    100938.150704     0.000019048   -833939.0626
0.2000     79744.691074     0.000005442   -855132.5223
0.2400     52070.309373     0.000027211   -882806.9039
0.2800     35127.258118     0.000019048   -899749.9552
0.3200     24366.987788     0.000024490   -910510.2256
0.3600     17411.515834     0.000019048   -917465.6973
0.4000     12713.147672     0.000024490   -922164.0657
0.4500      8836.693070     0.000005442   -926040.5203
0.5000      6176.481710     0.000016327   -928700.7317    -43113.064
0.5500      4427.579188     0.000027211   -930449.6340    -28085.135
0.6000      3268.696519     0.000008163   -931608.5167    -19044.488
0.6500      2464.478954     0.000019048   -932412.7343    -13550.191
0.7000      1882.414118     0.000008163   -932994.7991     -9954.078
0.7500      1451.767191     0.000021769   -933425.4461     -7404.604
0.8000      1130.456744     0.000010885   -933746.7566     -5540.423
0.8500       889.304008     0.000016327   -933987.9092     -4173.163
0.9000       706.905958     0.000019048   -934170.3072     -3171.624
0.9500       567.563064     0.000021769   -934309.6502     -2436.552
1.0000       459.859928     0.000021769   -934417.3535     -1894.474
1.1000       308.491656     0.000019048   -934568.7218     -1192.396
1.2000       210.156942     0.000021769   -934667.0564      -788.059
1.3000       144.777936     0.000024490   -934732.4353      -526.519
1.4000       101.616101     0.000008163   -934775.5972      -353.371
1.5000        72.664400     0.000016327   -934804.5488      -240.860
1.6000        52.784451     0.000005442   -934824.4289      -167.734
1.7000        38.789589     0.000010885   -934838.4237      -119.660
1.8000        28.813162     0.000016327   -934848.4002       -87.883
1.9000        21.419698     0.000002721   -934855.7935       -65.417
2.0000        15.886168     0.000016327   -934861.3270       -48.999
2.1000        11.739889     0.000016327   -934865.4735       -36.596
2.2000         8.649507     0.000016327   -934868.5639       -27.315
2.3000         6.343096     0.000024490   -934870.8703       -20.330
2.4000         4.629067     0.000010885   -934872.5843       -15.090
2.5000         3.360194     0.000021769   -934873.8532       -11.144
2.6000         2.424437     0.000027211   -934874.7887        -8.228
2.7000         1.735910     0.000021769   -934875.4775        -6.049
2.8000         1.229936     0.000024490   -934875.9833        -4.468
2.9000         0.858027     0.000010885   -934876.3553        -3.279
3.0000         0.583886     0.000005442   -934876.6293        -2.447
3.1000         0.380954     0.000016327   -934876.8323        -1.813
3.2000         0.229517     0.000021769   -934876.9839        -1.349
3.3000         0.115850     0.000016327   -934877.0973        -1.042
3.4000         0.029826     0.000010885   -934877.1833        -0.779
3.5000        -0.035998     0.000013606   -934877.2492        -0.597
3.6000        -0.086502     0.000013606   -934877.2998        -0.483
3.7000        -0.125483     0.000013606   -934877.3387        -0.372
3.8000        -0.155940     0.000019048   -934877.3692        -0.283
3.9000        -0.179641     0.000005442   -934877.3929        -0.218
4.0000        -0.197952     0.000002721   -934877.4114        -0.176
5.0000        -0.244666     0.000019048   -934877.4579         0.003
6.0000        -0.226377     0.000019048   -934877.4397         0.013
7.0000        -0.214703     0.000016327   -934877.4280         0.005
8.0000        -0.210905     0.000013606   -934877.4242         0.000
9.0000        -0.209969     0.000021769   -934877.4233        -0.001
10.0000        -0.209751     0.000019048   -934877.4231        -0.001
100.0000        -0.209705     0.000013606   -934877.4231
1000.0000        -0.209702     0.000008163   -934877.4231
