0.0020   4417235.167757     0.000013606   4354722.7511
0.0040   2167673.732425     0.000005442   2105161.3148
0.0060   1418539.509603     0.000027211   1356027.0920
0.0080   1044505.860239     0.000010885    981993.4426
0.0100    820580.801678     0.000019048    758068.3840
0.0120    671567.592579     0.000021769    609055.1751
0.0140    565412.777627     0.000005442    502900.3601
0.0160    486306.914529     0.000013606    423794.4969
0.0180    424895.993395     0.000008163    362383.5759
0.0200    375856.074539     0.000005442    313343.6569
0.0400    158925.513622     0.000027211     96413.0961
0.0600     90797.535544     0.000010885     28285.1180
0.0800     59037.553442     0.000019048     -3474.8641
0.1000     41217.355583     0.000021769    -21295.0620
0.1200     30208.001784     0.000024490    -32304.4158
0.1400     22996.380823     0.000021769    -39516.0367
0.1600     18016.450730     0.000010885    -44495.9668
0.1800     14397.308563     0.000013606    -48115.1090
0.2000     11620.668747     0.000024490    -50891.7488
0.2400      7767.397278     0.000010885    -54745.0203
0.2800      5376.718316     0.000024490    -57135.6992    -47051.680
0.3200      3857.366921     0.000002721    -58655.0506    -30353.930
0.3600      2862.164306     0.000002721    -59650.2533    -20263.936
0.4000      2187.405330     0.000013606    -60325.0122    -14051.503
0.4500      1591.237381     0.000010885    -60921.1802    -10847.874
0.5000      1119.483588     0.000016327    -61392.9340     -7878.943
0.5500       791.497557     0.000008163    -61720.9200     -5399.040
0.6000       566.586425     0.000016327    -61945.8311     -3707.882
0.6500       411.410895     0.000027211    -62101.0067     -2579.715
0.7000       302.604272     0.000019048    -62209.8133     -1822.835
0.7500       225.006857     0.000008163    -62287.4107     -1311.688
0.8000       168.604022     0.000021769    -62343.8135      -963.107
0.8500       126.780721     0.000024490    -62385.6368      -721.093
0.9000        95.208160     0.000010885    -62417.2094      -548.218
0.9500        71.078879     0.000019048    -62441.3387      -420.109
1.0000        52.545100     0.000016327    -62459.8725      -321.990
1.1000        27.637355     0.000010885    -62484.7802      -184.991
1.2000        13.616261     0.000019048    -62498.8013      -101.749
1.3000         6.052647     0.000019048    -62506.3649       -53.304
1.4000         2.192523     0.000019048    -62510.2250       -26.134
1.5000         0.498216     0.000024490    -62511.9193       -11.698
1.6000        -0.093017     0.000016327    -62512.5106        -3.926
1.7000         0.330292     0.000021769    -62512.0873        -0.641
1.8000         1.035685     0.000010885    -62511.3819         0.922
1.9000         1.730560     0.000027211    -62510.6870         2.058
2.0000         2.439760     0.000021769    -62509.9778         2.732
2.1000         3.125841     0.000027211    -62509.2917         2.998
2.2000         4.094542     0.000010885    -62508.3230         2.428
2.3000         4.843220     0.000016327    -62507.5743         2.042
2.4000         5.412787     0.000021769    -62507.0048         1.841
2.5000         5.860154     0.000016327    -62506.5574         1.695
2.6000         6.222569     0.000024490    -62506.1950         1.621
2.7000         6.524732     0.000013606    -62505.8928         1.537
2.8000         6.783926     0.000008163    -62505.6336         1.481
2.9000         7.009781     0.000013606    -62505.4078         1.423
3.0000         7.250893     0.000010885    -62505.1667         1.322
3.1000         7.482274     0.000013606    -62504.9353         1.221
3.2000         7.689595     0.000027211    -62504.7280         1.122
3.3000         7.875637     0.000013606    -62504.5419         1.015
3.4000         8.042831     0.000008163    -62504.3747         0.916
3.5000         8.192056     0.000010885    -62504.2255         0.824
3.6000         8.324565     0.000013606    -62504.0930         0.736
3.7000         8.442063     0.000024490    -62503.9755         0.651
3.8000         8.546150     0.000013606    -62503.8714         0.573
3.9000         8.637664     0.000019048    -62503.7799         0.505
4.0000         8.717601     0.000027211    -62503.6999         0.441
5.0000         9.105042     0.000016327    -62503.3125         0.097
6.0000         9.179664     0.000019048    -62503.2379         0.019
7.0000         9.192453     0.000010885    -62503.2251         0.003
8.0000         9.194676     0.000010885    -62503.2229         0.000
9.0000         9.195079     0.000010885    -62503.2225        -0.000
10.0000         9.195150     0.000013606    -62503.2224        -0.000
100.0000         9.195169     0.000013606    -62503.2224
1000.0000         9.195169     0.000013606    -62503.2224
