0.0020   3634881.192401     0.000013606   3217521.9700
0.0040   1771990.016309     0.000024490   1354630.7931
0.0060   1153554.924982     0.000008163    736195.7017
0.0080    845928.815529     0.000005442    428569.5924
0.0100    662311.045108     0.000008163    244951.8219
0.0120    540373.971639     0.000027211    123014.7484
0.0140    453688.469134     0.000010885     36329.2459
0.0160    388964.263019     0.000008163    -28394.9602
0.0180    338852.470322     0.000010885    -78506.7529
0.0200    298956.087669     0.000021769   -118403.1355
0.0400    125026.685298     0.000013606   -292332.5380
0.0600     71046.086483     0.000010885   -346313.1366
0.0800     46062.878292     0.000019048   -371296.3449
0.1000     32267.048396     0.000016327   -385092.1749
0.1200     23636.814794     0.000021769   -393722.4085
0.1400     17795.300596     0.000027211   -399563.9227
0.1600     13683.487857     0.000010885   -403675.7355
0.1800     10737.609468     0.000013606   -406621.6137
0.2000      8596.000240     0.000005442   -408763.2230
0.2400      5792.058737     0.000024490   -411567.1644
0.2800      4083.716431     0.000027211   -413275.5067    -34271.181
0.3200      2939.769431     0.000016327   -414419.4537    -23726.198
0.3600      2142.109475     0.000019048   -415217.1138    -16558.811
0.4000      1586.070802     0.000019048   -415773.1523    -11550.139
0.4500      1118.044652     0.000024490   -416241.1785     -7503.654
0.5000       809.129848     0.000019048   -416550.0935     -5054.139
0.5500       596.841369     0.000019048   -416762.3818     -3555.934
0.6000       444.659985     0.000021769   -416914.5632     -2596.320
0.6500       332.445209     0.000013606   -417026.7781     -1930.846
0.7000       248.886375     0.000021769   -417110.3369     -1451.162
0.7500       185.970215     0.000019048   -417173.2529     -1097.580
0.8000       137.979664     0.000016327   -417221.2435      -829.157
0.8500       102.032079     0.000013606   -417257.1911      -623.034
0.9000        74.996319     0.000024490   -417284.2270      -469.140
0.9500        54.607672     0.000024490   -417304.6154      -354.104
1.0000        39.169044     0.000010885   -417320.0541      -268.621
1.1000        18.474870     0.000021769   -417340.7483      -156.670
1.2000         6.322617     0.000021769   -417352.9007       -92.585
1.3000        -0.845450     0.000013606   -417360.0687       -54.144
1.4000        -4.948803     0.000013606   -417364.1719       -29.826
1.5000        -7.086574     0.000019048   -417366.3099       -14.037
1.6000        -7.961203     0.000019048   -417367.1845        -4.090
1.7000        -8.025887     0.000010885   -417367.2490         2.268
1.8000        -7.598499     0.000021769   -417366.8218         5.916
1.9000        -6.886573     0.000027211   -417366.1099         7.971
2.0000        -5.907485     0.000010885   -417365.1306         8.617
2.1000        -4.915679     0.000019048   -417364.1390         8.650
2.2000        -3.481981     0.000019048   -417362.7052         7.455
2.3000        -2.293385     0.000016327   -417361.5166         6.344
2.4000        -1.335715     0.000021769   -417360.5590         5.477
2.5000        -0.536835     0.000013606   -417359.7601         4.734
2.6000         0.161366     0.000021769   -417359.0619         4.040
2.7000         0.843635     0.000021769   -417358.3797         3.401
2.8000         1.406456     0.000010885   -417357.8167         2.874
2.9000         1.873698     0.000019048   -417357.3495         2.422
3.0000         2.264780     0.000010885   -417356.9584         2.054
3.1000         2.592734     0.000021769   -417356.6305         1.712
3.2000         2.867341     0.000019048   -417356.3560         1.445
3.3000         3.097062     0.000005442   -417356.1260         1.236
3.4000         3.289844     0.000024490   -417355.9334         1.020
3.5000         3.451956     0.000013606   -417355.7712         0.850
3.6000         3.587648     0.000002721   -417355.6357         0.716
3.7000         3.700704     0.000013606   -417355.5225         0.606
3.8000         3.794689     0.000021769   -417355.4286         0.521
3.9000         3.872827     0.000010885   -417355.3505         0.436
4.0000         3.938052     0.000010885   -417355.2852         0.360
5.0000         4.218109     0.000019048   -417355.0052         0.062
6.0000         4.279596     0.000005442   -417354.9437         0.050
7.0000         4.303150     0.000013606   -417354.9200         0.015
8.0000         4.317205     0.000016327   -417354.9059         0.010
9.0000         4.326993     0.000019048   -417354.8961         0.008
10.0000         4.334343     0.000010885   -417354.8887         0.006
100.0000         4.383228     0.000008163   -417354.8400         0.000
1000.0000         4.387310     0.000019048   -417354.8359
