0.0020   8577480.806145     0.000027211   8175400.2362
0.0040   4181087.580203     0.000008163   3779007.0091
0.0060   2720191.894260     0.000016327   2318111.3246
0.0080   1993234.578621     0.000010885   1591154.0088
0.0100   1559061.597616     0.000016327   1156981.0278
0.0120   1271232.403524     0.000013606    869151.8338
0.0140   1066627.841394     0.000021769    664547.2716
0.0160    914025.895265     0.000016327    511945.3255
0.0180    795895.740821     0.000013606    393815.1710
0.0200    701826.010238     0.000013606    299745.4404
0.0400    291715.180060     0.000005442   -110365.3897
0.0600    164739.332969     0.000016327   -237341.2368
0.0800    106243.932652     0.000027211   -295836.6371
0.1000     73893.946735     0.000016327   -328186.6230
0.1200     53712.101992     0.000024490   -348368.4678
0.1400     40315.989002     0.000027211   -361764.5809
0.1600     31140.871694     0.000024490   -370939.6982
0.1800     24663.325856     0.000021769   -377417.2439
0.2000     19836.577299     0.000016327   -382243.9924
0.2400     13104.173805     0.000013606   -388976.3960
0.2800      9011.466299     0.000021769   -393069.1034
0.3200      6418.411440     0.000024490   -395662.1584
0.3600      4709.087790     0.000013606   -397371.4820    -34984.005
0.4000      3526.501513     0.000024490   -398554.0683    -24985.214
0.4500      2484.219129     0.000019048   -399596.3507    -17191.448
0.5000      1770.178092     0.000016327   -400310.3917    -11690.417
0.5500      1286.275617     0.000013606   -400794.2941     -7925.147
0.6000       956.516532     0.000024490   -401124.0532     -5450.802
0.6500       727.202408     0.000016327   -401353.3675     -3843.941
0.7000       563.048282     0.000016327   -401517.5216     -2800.203
0.7500       441.400819     0.000024490   -401639.1690     -2113.406
0.8000       348.266562     0.000013606   -401732.3033     -1639.214
0.8500       275.511325     0.000013606   -401805.0584     -1286.121
0.9000       218.332418     0.000016327   -401862.2374     -1009.612
0.9500       173.949556     0.000016327   -401906.6203      -794.397
1.0000       139.121097     0.000024490   -401941.4487      -625.313
1.1000        90.004944     0.000021769   -401990.5647      -389.562
1.2000        58.452068     0.000021769   -402022.1177      -253.748
1.3000        36.687408     0.000016327   -402043.8825      -173.222
1.4000        22.236385     0.000016327   -402058.3334      -116.830
1.5000        12.578158     0.000013606   -402067.9915       -79.014
1.6000         6.112858     0.000013606   -402074.4569       -53.439
1.7000         1.815784     0.000019048   -402078.7539       -35.769
1.8000        -0.992813     0.000024490   -402081.5626       -23.550
1.9000        -2.778466     0.000016327   -402083.3483       -14.964
2.0000        -3.856407     0.000013606   -402084.4261        -8.953
2.1000        -4.453515     0.000005442   -402085.0234        -4.860
2.2000        -4.721746     0.000021769   -402085.2914        -2.035
2.3000        -4.772283     0.000024490   -402085.3420        -0.170
2.4000        -4.677851     0.000002721   -402085.2476         1.077
2.5000        -4.470359     0.000024490   -402085.0403         1.854
2.6000        -4.205856     0.000019048   -402084.7758         2.286
2.7000        -3.917646     0.000021769   -402084.4873         2.534
2.8000        -3.622158     0.000027211   -402084.1921         2.636
2.9000        -3.328027     0.000024490   -402083.8979         2.624
3.0000        -3.042305     0.000024490   -402083.6122         2.572
3.1000        -2.743641     0.000019048   -402083.3134         2.442
3.2000        -2.369634     0.000019048   -402082.9395         2.156
3.3000        -2.044395     0.000013606   -402082.6141         1.917
3.4000        -1.761878     0.000005442   -402082.3316         1.690
3.5000        -1.516325     0.000021769   -402082.0862         1.484
3.6000        -1.302558     0.000016327   -402081.8723         1.300
3.7000        -1.115493     0.000021769   -402081.6854         1.135
3.8000        -0.951743     0.000024490   -402081.5216         1.000
3.9000        -0.807104     0.000005442   -402081.3768         0.883
4.0000        -0.664774     0.000019048   -402081.2345         0.765
5.0000         0.006844     0.000021769   -402080.5629         0.177
6.0000         0.184251     0.000013606   -402080.3855         0.091
7.0000         0.258881     0.000005442   -402080.3109         0.036
8.0000         0.303402     0.000002721   -402080.2663         0.024
9.0000         0.334210     0.000002721   -402080.2355         0.017
10.0000         0.357057     0.000002721   -402080.2127         0.013
100.0000         0.505139     0.000013606   -402080.0647         0.000
1000.0000         0.517231     0.000008163   -402080.0527
