0.0020   3110674.359259     0.000010885   3069230.1586
0.0040   1528558.682984     0.000016327   1487114.4825
0.0060   1001280.244155     0.000019048    959836.0436
0.0080    737970.311719     0.000013606    696526.1112
0.0100    580259.188441     0.000024490    538814.9880
0.0120    475265.239305     0.000016327    433821.0389
0.0140    400396.104787     0.000024490    358951.9043
0.0160    344445.904027     0.000019048    303001.7038
0.0180    301160.574170     0.000013606    259716.3738
0.0200    266609.737826     0.000021769    225165.5374
0.0400    113444.449108     0.000010885     72000.2487
0.0600     65092.826326     0.000016327     23648.6259
0.0800     42598.142974     0.000024490      1153.9426
0.1000     29976.288608     0.000027211    -11467.9118
0.1200     22046.404689     0.000019048    -19397.7957
0.1400     16743.460451     0.000021769    -24700.7399
0.1600     13066.072319     0.000024490    -28378.1281
0.1800     10445.758367     0.000016327    -30998.4420
0.2000      8535.143776     0.000013606    -32909.0566
0.2400      5905.811826     0.000010885    -35538.3886
0.2800      4177.501367     0.000019048    -37266.6990    -34788.815
0.3200      3032.106658     0.000027211    -38412.0937    -23470.976
0.3600      2243.707243     0.000021769    -39200.4932    -16404.058
0.4000      1687.970734     0.000019048    -39756.2296    -11605.953
0.4500      1216.350294     0.000019048    -40227.8501     -7580.234
0.5000       905.133356     0.000019048    -40539.0670     -5080.534
0.5500       692.452016     0.000016327    -40751.7484     -3568.296
0.6000       537.770204     0.000013606    -40906.4302     -2710.578
0.6500       416.187224     0.000010885    -41028.0132     -2172.492
0.7000       320.496173     0.000008163    -41123.7042     -1730.053
0.7500       245.157986     0.000019048    -41199.0424     -1299.528
0.8000       189.347530     0.000013606    -41254.8529      -950.095
0.8500       148.833209     0.000019048    -41295.3672      -690.466
0.9000       119.299696     0.000024490    -41324.9007      -503.343
0.9500        98.197297     0.000010885    -41346.0031      -394.859
1.0000        80.229699     0.000016327    -41363.9707      -332.340
1.1000        52.051093     0.000010885    -41392.1493      -221.040
1.2000        33.921043     0.000021769    -41410.2794      -145.711
1.3000        21.928772     0.000013606    -41422.2716       -97.325
1.4000        14.073195     0.000016327    -41430.1272       -64.681
1.5000         8.875631     0.000021769    -41435.3248       -42.107
1.6000         5.527054     0.000027211    -41438.6733       -26.797
1.7000         3.490547     0.000013606    -41440.7098       -16.731
1.8000         2.403555     0.000016327    -41441.7968       -10.347
1.9000         1.774458     0.000008163    -41442.4259        -6.413
2.0000         1.404954     0.000016327    -41442.7954        -4.138
2.1000         1.159170     0.000016327    -41443.0412        -2.900
2.2000         0.956361     0.000010885    -41443.2440        -2.252
2.3000         0.762009     0.000013606    -41443.4384        -1.836
2.4000         0.571826     0.000016327    -41443.6286        -1.527
2.5000         0.395820     0.000010885    -41443.8046        -1.201
2.6000         0.244198     0.000024490    -41443.9562        -0.880
2.7000         0.174607     0.000021769    -41444.0258        -0.561
2.8000         0.141116     0.000024490    -41444.0593        -0.260
2.9000         0.124356     0.000010885    -41444.0760        -0.022
3.0000         0.123298     0.000019048    -41444.0771         0.168
3.1000         0.134786     0.000016327    -41444.0656         0.330
3.2000         0.156300     0.000016327    -41444.0441         0.449
3.3000         0.186575     0.000013606    -41444.0138         0.528
3.4000         0.223533     0.000005442    -41443.9769         0.593
3.5000         0.264666     0.000013606    -41443.9357         0.632
3.6000         0.308738     0.000013606    -41443.8917         0.654
3.7000         0.355068     0.000016327    -41443.8453         0.659
3.8000         0.402612     0.000016327    -41443.7978         0.656
3.9000         0.452368     0.000010885    -41443.7480         0.643
4.0000         0.524249     0.000008163    -41443.6761         0.612
5.0000         1.160248     0.000027211    -41443.0401         0.251
6.0000         1.361179     0.000005442    -41442.8392         0.073
7.0000         1.408666     0.000010885    -41442.7917         0.021
8.0000         1.419191     0.000010885    -41442.7812         0.006
9.0000         1.421488     0.000019048    -41442.7789         0.002
10.0000         1.421921     0.000008163    -41442.7785         0.001
100.0000         1.420944     0.000008163    -41442.7795
1000.0000         1.420832     0.000005442    -41442.7796
