0.0020   9973672.945046     0.000027211   9317517.9287
0.0040   4861836.985780     0.000008163   4205681.9677
0.0060   3162725.204747     0.000019048   2506570.1876
0.0080   2317883.541814     0.000010885   1661728.5246
0.0100   1813348.740229     0.000019048   1157193.7232
0.0120   1478707.288848     0.000021769    822552.2716
0.0140   1240817.910315     0.000008163    584662.8931
0.0160   1063223.347385     0.000024490    407068.3302
0.0180    925759.044325     0.000021769    269604.0272
0.0200    816412.864997     0.000008163    160257.8479
0.0400    338193.669984     0.000016327   -317961.3472
0.0600    190016.766383     0.000021769   -466138.2506
0.0800    122141.687912     0.000013606   -534013.3293
0.1000     84356.230126     0.000016327   -571798.7870
0.1200     61261.906191     0.000016327   -594893.1110
0.1400     46283.859391     0.000027211   -609871.1578
0.1600     35816.951132     0.000010885   -620338.0659
0.1800     28164.565226     0.000024490   -627990.4520
0.2000     22460.915614     0.000027211   -633694.1015
0.2400     14855.971889     0.000016327   -641299.0453
0.2800     10285.364301     0.000013606   -645869.6529
0.3200      7400.067584     0.000021769   -648754.9496
0.3600      5455.868130     0.000024490   -650699.1489    -40556.669
0.4000      4079.985623     0.000024490   -652075.0316    -28779.221
0.4500      2917.900619     0.000005442   -653237.1166    -18497.569
0.5000      2164.043974     0.000021769   -653990.9732    -12201.327
0.5500      1655.384489     0.000010885   -654499.6326     -8542.040
0.6000      1283.502335     0.000019048   -654871.5147     -6500.814
0.6500       997.584379     0.000024490   -655157.4327     -4976.740
0.7000       781.161627     0.000005442   -655373.8556     -3735.252
0.7500       619.041653     0.000021769   -655535.9756     -2802.374
0.8000       496.794378     0.000008163   -655658.2228     -2126.608
0.8500       403.435006     0.000024490   -655751.5821     -1639.636
0.9000       330.789158     0.000013606   -655824.2281     -1288.857
0.9500       273.160355     0.000010885   -655881.8567     -1031.763
1.0000       226.651097     0.000016327   -655928.3661      -838.935
1.1000       157.307605     0.000016327   -655997.7095      -576.847
1.2000       108.896578     0.000021769   -656046.1204      -408.988
1.3000        74.439960     0.000021769   -656080.5771      -291.019
1.4000        49.852622     0.000013606   -656105.1645      -204.987
1.5000        32.537891     0.000024490   -656122.4792      -143.497
1.6000        20.313487     0.000013606   -656134.7036      -100.858
1.7000        11.536865     0.000021769   -656143.4804       -71.518
1.8000         5.172198     0.000024490   -656149.8448       -51.001
1.9000         0.688359     0.000016327   -656154.3287       -35.864
2.0000        -2.323089     0.000019048   -656157.3402       -24.573
2.1000        -4.360566     0.000024490   -656159.3778       -16.346
2.2000        -5.676357     0.000021769   -656160.6935       -10.232
2.3000        -6.469526     0.000008163   -656161.4867        -5.819
2.4000        -6.879580     0.000016327   -656161.8968        -2.629
2.5000        -7.021767     0.000016327   -656162.0388        -0.330
2.6000        -6.972662     0.000019048   -656161.9898         1.173
2.7000        -6.591629     0.000027211   -656161.6089         1.977
2.8000        -6.139832     0.000019048   -656161.1569         2.436
2.9000        -5.687402     0.000013606   -656160.7046         2.628
3.0000        -5.116564     0.000013606   -656160.1337         2.590
3.1000        -4.597398     0.000010885   -656159.6145         2.494
3.2000        -4.118363     0.000010885   -656159.1354         2.309
3.3000        -3.679854     0.000027211   -656158.6970         2.135
3.4000        -3.293172     0.000021769   -656158.3103         2.000
3.5000        -2.952491     0.000024490   -656157.9696         1.840
3.6000        -2.651062     0.000019048   -656157.6681         1.645
3.7000        -2.382488     0.000019048   -656157.3995         1.482
3.8000        -2.143755     0.000008163   -656157.1609         1.375
3.9000        -1.904357     0.000010885   -656156.9214         1.199
4.0000        -1.681145     0.000010885   -656156.6983         1.057
5.0000        -0.559352     0.000019048   -656155.5764         0.267
6.0000        -0.254560     0.000019048   -656155.2716         0.124
7.0000        -0.140664     0.000021769   -656155.1579         0.043
8.0000        -0.080176     0.000024490   -656155.0972         0.026
9.0000        -0.041021     0.000016327   -656155.0583         0.018
10.0000        -0.012765     0.000021769   -656155.0300         0.014
100.0000         0.163244     0.000013606   -656154.8539         0.000
1000.0000         0.177124     0.000016327   -656154.8400
