0.0020   5074243.661585     0.000013606   4997540.3915
0.0040   2488573.202214     0.000016327   2411869.9327
0.0060   1627423.345341     0.000010885   1550720.0757
0.0080   1197606.891199     0.000021769   1120903.6218
0.0100    940237.633165     0.000013606    863534.3638
0.0120    768982.165022     0.000016327    692278.8956
0.0140    647060.508175     0.000024490    570357.2388
0.0160    555982.746657     0.000013606    479279.4773
0.0180    485337.825747     0.000013606    408634.5563
0.0200    428952.699152     0.000008163    352249.4298
0.0400    180191.497342     0.000013606    103488.2279
0.0600    102840.548004     0.000008163     26137.2785
0.0800     66892.342251     0.000010885     -9810.9272
0.1000     46703.853761     0.000027211    -29999.4157
0.1200     34246.616749     0.000016327    -42456.6527
0.1400     26063.280853     0.000013606    -50639.9886
0.1600     20347.765952     0.000024490    -56355.5035
0.1800     16145.896214     0.000016327    -60557.3733
0.2000     12967.650825     0.000024490    -63735.6187
0.2400      8647.700260     0.000013606    -68055.5692
0.2800      6016.148505     0.000027211    -70687.1210
0.3200      4347.935834     0.000019048    -72355.3336    -33394.949
0.3600      3250.532637     0.000027211    -73452.7369    -22405.321
0.4000      2486.103649     0.000013606    -74217.1658    -17354.120
0.4500      1727.142162     0.000024490    -74976.1273    -12458.715
0.5000      1216.524444     0.000013606    -75486.7450     -8265.459
0.5500       875.739922     0.000019048    -75827.5296     -5546.957
0.6000       644.983423     0.000008163    -76058.2861     -3789.016
0.6500       485.588268     0.000013606    -76217.6812     -2649.641
0.7000       372.698444     0.000024490    -76330.5711     -1906.371
0.7500       290.385849     0.000005442    -76412.8836     -1414.449
0.8000       228.505205     0.000010885    -76474.7643     -1079.028
0.8500       180.948191     0.000013606    -76522.3213      -839.757
0.9000       143.864874     0.000019048    -76559.4046      -660.851
0.9500       114.694796     0.000024490    -76588.5747      -521.914
1.0000        91.664281     0.000021769    -76611.6052      -411.614
1.1000        59.179842     0.000008163    -76644.0897      -254.052
1.2000        39.084261     0.000027211    -76664.1852      -156.899
1.3000        26.660907     0.000019048    -76676.6086       -99.195
1.4000        18.963733     0.000016327    -76684.3058       -65.107
1.5000        13.831057     0.000024490    -76689.4384       -43.360
1.6000        10.400819     0.000027211    -76692.8687       -29.132
1.7000         8.109810     0.000019048    -76695.1597       -19.618
1.8000         6.587090     0.000024490    -76696.6824       -13.138
1.9000         5.585645     0.000010885    -76697.6838        -8.715
2.0000         4.939320     0.000027211    -76698.3302        -5.625
2.1000         4.534994     0.000021769    -76698.7345        -3.505
2.2000         4.295289     0.000024490    -76698.9742        -2.041
2.3000         4.166827     0.000016327    -76699.1027        -1.047
2.4000         4.112401     0.000024490    -76699.1571        -0.376
2.5000         4.106744     0.000013606    -76699.1627         0.058
2.6000         4.132146     0.000013606    -76699.1373         0.349
2.7000         4.176459     0.000013606    -76699.0930         0.503
2.8000         4.231658     0.000013606    -76699.0378         0.601
2.9000         4.291839     0.000013606    -76698.9777         0.641
3.0000         4.353513     0.000010885    -76698.9160         0.644
3.1000         4.414116     0.000021769    -76698.8554         0.623
3.2000         4.471937     0.000016327    -76698.7975         0.592
3.3000         4.526085     0.000019048    -76698.7434         0.546
3.4000         4.576285     0.000021769    -76698.6932         0.503
3.5000         4.622065     0.000019048    -76698.6474         0.455
3.6000         4.663288     0.000016327    -76698.6062         0.410
3.7000         4.700260     0.000013606    -76698.5692         0.364
3.8000         4.733330     0.000013606    -76698.5361         0.323
3.9000         4.762653     0.000013606    -76698.5068         0.285
4.0000         4.788457     0.000013606    -76698.4810         0.251
5.0000         4.919336     0.000021769    -76698.3502         0.059
6.0000         4.949718     0.000027211    -76698.3198         0.013
7.0000         4.956461     0.000013606    -76698.3130         0.003
8.0000         4.957949     0.000010885    -76698.3115         0.001
9.0000         4.958267     0.000010885    -76698.3112         0.000
10.0000         4.958335     0.000010885    -76698.3112
100.0000         4.958352     0.000010885    -76698.3111
1000.0000         4.958352     0.000010885    -76698.3111
