0.0020   2749487.969609     0.000027211   2694578.2304
0.0040   1345816.633080     0.000016327   1290906.8937
0.0060    879180.940583     0.000027211    824271.2013
0.0080    646554.071371     0.000016327    591644.3321
0.0100    507533.455007     0.000021769    452623.7157
0.0120    415070.858828     0.000019048    360161.1195
0.0140    349306.850873     0.000024490    294397.1115
0.0160    300325.814599     0.000024490    245416.0753
0.0180    262484.459598     0.000019048    207574.7203
0.0200    232401.699144     0.000019048    177491.9598
0.0400     99182.741159     0.000027211     44273.0019
0.0600     57177.985693     0.000021769      2268.2464
0.0800     37532.544030     0.000021769    -17377.1953
0.1000     26461.650409     0.000010885    -28448.0889
0.1200     19479.484494     0.000016327    -35430.2548
0.1400     14791.406420     0.000024490    -40118.3329
0.1600     11535.628889     0.000005442    -43374.1104
0.1800      9215.140839     0.000013606    -45694.5984
0.2000      7522.460610     0.000024490    -47387.2787
0.2400      5207.698313     0.000008163    -49702.0410    -46602.058
0.2800      3682.440023     0.000019048    -51227.2993    -30820.788
0.3200      2665.406772     0.000010885    -52244.3325    -20824.362
0.3600      1967.160865     0.000027211    -52942.5784    -14523.999
0.4000      1476.512233     0.000016327    -53433.2271    -10265.081
0.4500      1057.074276     0.000016327    -53852.6650     -6768.351
0.5000       777.951000     0.000021769    -54131.7883     -4541.668
0.5500       588.297091     0.000013606    -54321.4422     -3142.685
0.6000       454.173903     0.000013606    -54455.5654     -2293.574
0.6500       353.496277     0.000008163    -54556.2430     -1820.444
0.7000       271.852959     0.000019048    -54637.8863     -1448.776
0.7500       207.706376     0.000021769    -54702.0329     -1112.516
0.8000       159.360664     0.000019048    -54750.3786      -835.750
0.8500       123.152294     0.000019048    -54786.5870      -624.436
0.9000        96.089137     0.000019048    -54813.6502      -467.092
0.9500        75.795504     0.000019048    -54833.9438      -351.281
1.0000        60.470794     0.000016327    -54849.2685      -266.447
1.1000        39.760187     0.000019048    -54869.9791      -158.787
1.2000        27.076868     0.000010885    -54882.6624      -100.168
1.3000        18.836716     0.000019048    -54890.9026       -66.767
1.4000        13.200289     0.000013606    -54896.5390       -46.306
1.5000         9.210870     0.000021769    -54900.5284       -32.777
1.6000         6.334974     0.000019048    -54903.4043       -23.339
1.7000         4.242972     0.000021769    -54905.4963       -16.603
1.8000         2.713929     0.000016327    -54907.0253       -11.721
1.9000         1.590071     0.000010885    -54908.1492        -8.199
2.0000         0.756934     0.000008163    -54908.9823        -5.660
2.1000         0.130998     0.000010885    -54909.6083        -3.860
2.2000        -0.215356     0.000016327    -54909.9546        -2.484
2.3000        -0.411230     0.000008163    -54910.1505        -1.464
2.4000        -0.488763     0.000016327    -54910.2280        -0.760
2.5000        -0.518402     0.000019048    -54910.2577        -0.352
2.6000        -0.518053     0.000010885    -54910.2573        -0.033
2.7000        -0.497299     0.000013606    -54910.2366         0.177
2.8000        -0.463571     0.000021769    -54910.2029         0.297
2.9000        -0.422620     0.000021769    -54910.1619         0.378
3.0000        -0.378399     0.000027211    -54910.1177         0.415
3.1000        -0.333307     0.000021769    -54910.0726         0.427
3.2000        -0.288950     0.000019048    -54910.0282         0.419
3.3000        -0.246524     0.000019048    -54909.9858         0.405
3.4000        -0.206622     0.000019048    -54909.9459         0.381
3.5000        -0.169527     0.000016327    -54909.9088         0.355
3.6000        -0.135423     0.000021769    -54909.8747         0.323
3.7000        -0.104231     0.000024490    -54909.8435         0.297
3.8000        -0.075971     0.000021769    -54909.8153         0.269
3.9000        -0.050477     0.000021769    -54909.7898         0.241
4.0000        -0.027630     0.000019048    -54909.7669         0.215
5.0000         0.096930     0.000019048    -54909.6424         0.061
6.0000         0.133417     0.000013606    -54909.6059         0.014
7.0000         0.145293     0.000021769    -54909.5940         0.006
8.0000         0.148386     0.000016327    -54909.5909         0.001
9.0000         0.148925     0.000021769    -54909.5904         0.000
10.0000         0.149037     0.000024490    -54909.5902
100.0000         0.149072     0.000024490    -54909.5902
1000.0000         0.149072     0.000024490    -54909.5902
