0.0020         0.000000     0.000027211  40248521.1597
0.0040  20053405.081900     0.000021769  19096910.3922
0.0060  13021946.570818     0.000024490  12065451.8801
0.0080   9515080.787198     0.000013606   8558586.0969
0.0100   7417095.460248     0.000010885   6460600.7689
0.0120   6024614.708578     0.000019048   5068120.0179
0.0140   5036325.511783     0.000016327   4079830.8205
0.0160   4300163.559040     0.000008163   3343668.8698
0.0180   3731745.937018     0.000013606   2775251.2460
0.0200   3280507.891204     0.000016327   2324013.2007
0.0400   1319885.082840     0.000027211    363390.3924
0.0600    727296.060351     0.000016327   -229198.6300
0.0800    461023.581195     0.000016327   -495471.1091
0.1000    315469.020227     0.000019048   -641025.6701
0.1200    227544.836929     0.000019048   -728949.8534
0.1400    170734.749669     0.000013606   -785759.9406
0.1600    130474.976752     0.000024490   -826019.7137
0.1800    101415.012773     0.000005442   -855079.6775
0.2000     80186.624132     0.000021769   -876308.0663
0.2400     52494.667314     0.000021769   -904000.0232
0.2800     35382.849803     0.000005442   -921111.8404
0.3200     24538.143758     0.000013606   -931956.5467
0.3600     17518.915435     0.000010885   -938975.7750
0.4000     12814.775621     0.000013606   -943679.9148
0.4500      8925.332304     0.000013606   -947569.3580
0.5000      6256.931173     0.000013606   -950237.7592    -42882.046
0.5500      4513.100932     0.000013606   -951981.5893    -28103.560
0.6000      3347.850187     0.000024490   -953146.8401    -19268.051
0.6500      2530.493583     0.000013606   -953964.1969    -13835.442
0.7000      1935.181897     0.000019048   -954559.5085    -10191.849
0.7500      1494.381764     0.000024490   -955000.3086     -7574.485
0.8000      1165.956941     0.000019048   -955328.7333     -5660.410
0.8500       919.686278     0.000019048   -955575.0041     -4263.784
0.9000       733.362453     0.000019048   -955761.3278     -3243.613
0.9500       590.927838     0.000010885   -955903.7626     -2494.290
1.0000       480.802360     0.000016327   -956013.8880     -1940.977
1.1000       325.872639     0.000021769   -956168.8177     -1227.835
1.2000       224.290917     0.000021769   -956270.3995      -829.621
1.3000       155.874340     0.000024490   -956338.8160      -558.385
1.4000       109.460260     0.000008163   -956385.2302      -379.227
1.5000        77.598869     0.000002721   -956417.0915      -261.962
1.6000        55.503980     0.000021769   -956439.1863      -183.921
1.7000        39.950006     0.000016327   -956454.7403      -130.955
1.8000        28.875142     0.000019048   -956465.8151       -94.302
1.9000        21.029933     0.000013606   -956473.6604       -68.363
2.0000        15.491320     0.000019048   -956479.1990       -49.767
2.1000        11.635528     0.000005442   -956483.0549       -36.371
2.2000         8.913403     0.000016327   -956485.7768       -26.560
2.3000         6.948917     0.000008163   -956487.7415       -19.300
2.4000         5.566390     0.000005442   -956489.1238       -14.051
2.5000         4.599999     0.000016327   -956490.0904       -10.220
2.6000         3.896198     0.000016327   -956490.7941        -7.568
2.7000         3.368814     0.000008163   -956491.3214        -5.629
2.8000         2.956434     0.000013606   -956491.7340        -4.327
2.9000         2.616544     0.000013606   -956492.0738        -3.397
3.0000         2.324261     0.000024490   -956492.3661        -2.802
3.1000         2.091550     0.000005442   -956492.5987        -2.336
3.2000         1.888928     0.000021769   -956492.8015        -1.972
3.3000         1.703983     0.000002721   -956492.9865        -1.706
3.4000         1.540813     0.000013606   -956493.1495        -1.406
3.5000         1.400290     0.000016327   -956493.2902        -1.164
3.6000         1.282655     0.000019048   -956493.4077        -1.000
3.7000         1.188825     0.000002721   -956493.5016        -0.785
3.8000         1.116010     0.000027211   -956493.5743        -0.621
3.9000         1.061854     0.000010885   -956493.6284        -0.491
4.0000         1.025709     0.000008163   -956493.6646        -0.379
5.0000         1.148484     0.000010885   -956493.5419         0.077
6.0000         1.376967     0.000005442   -956493.3133         0.058
7.0000         1.477688     0.000016327   -956493.2126         0.028
8.0000         1.513650     0.000013606   -956493.1767         0.010
9.0000         1.525993     0.000021769   -956493.1645         0.002
10.0000         1.530331     0.000016327   -956493.1601        -0.001
100.0000         1.536785     0.000010885   -956493.1536
1000.0000         1.537155     0.000002721   -956493.1533
