0.0020         0.000000     0.000021769  46947355.3332
0.0040  23355919.994189     0.000010885  22258453.9600
0.0060  15152430.375470     0.000013606  14054964.3413
0.0080  11062479.087154     0.000021769   9965013.0530
0.0100   8616243.722138     0.000010885   7518777.6886
0.0120   6995739.840358     0.000021769   5898273.8066
0.0140   5845359.406090     0.000016327   4747893.3709
0.0160   4988640.635200     0.000019048   3891174.6011
0.0180   4328012.224097     0.000019048   3230546.1904
0.0200   3803550.841347     0.000024490   2706084.8073
0.0400   1528982.511116     0.000008163    431516.4769
0.0600    844438.048418     0.000016327   -253027.9857
0.0800    534591.459530     0.000019048   -562874.5746
0.1000    367621.904529     0.000008163   -729844.1295
0.1200    267084.975774     0.000010885   -830381.0583
0.1400    200146.631722     0.000024490   -897319.4023
0.1600    152718.037419     0.000019048   -944747.9967
0.1800    118809.636110     0.000013606   -978656.3981
0.2000     94230.216496     0.000005442  -1003235.8175
0.2400     61388.093695     0.000008163  -1036077.9403
0.2800     41360.001136     0.000010885  -1056106.0328
0.3200     28618.586775     0.000021769  -1068847.4474
0.3600     20540.919688     0.000019048  -1076925.1143
0.4000     14927.624807     0.000016327  -1082538.4093
0.4500     10207.797770     0.000019048  -1087258.2363
0.5000      7255.369196     0.000021769  -1090210.6648    -46976.641
0.5500      5327.532286     0.000016327  -1092138.5019    -31474.196
0.6000      4007.373594     0.000010885  -1093458.6606    -22053.821
0.6500      3067.253580     0.000013606  -1094398.7806    -15960.538
0.7000      2379.290609     0.000027211  -1095086.7435    -11809.298
0.7500      1865.825101     0.000027211  -1095600.2089     -8889.909
0.8000      1476.815550     0.000002721  -1095989.2187     -6796.217
0.8500      1177.223991     0.000019048  -1096288.8101     -5279.534
0.9000       942.359322     0.000027211  -1096523.6747     -4176.550
0.9500       754.630303     0.000019048  -1096711.4037     -3345.353
1.0000       604.225734     0.000021769  -1096861.8084     -2676.027
1.1000       389.468790     0.000008163  -1097076.5654     -1689.592
1.2000       254.403045     0.000010885  -1097211.6310     -1062.740
1.3000       169.098287     0.000024490  -1097296.9358      -676.455
1.4000       114.295270     0.000019048  -1097351.7387      -439.521
1.5000        78.303995     0.000013606  -1097387.7301      -291.783
1.6000        54.191136     0.000013606  -1097411.8430      -197.138
1.7000        37.794811     0.000013606  -1097428.2392      -134.767
1.8000        26.528246     0.000010885  -1097439.5058       -92.920
1.9000        18.716349     0.000024490  -1097447.3176       -64.693
2.0000        13.248967     0.000019048  -1097452.7852       -45.373
2.1000         9.379926     0.000013606  -1097456.6541       -32.229
2.2000         6.602448     0.000016327  -1097459.4316       -23.174
2.3000         4.581232     0.000002721  -1097461.4529       -16.945
2.4000         3.094586     0.000013606  -1097462.9394       -12.497
2.5000         1.985727     0.000010885  -1097464.0483        -9.340
2.6000         1.160264     0.000016327  -1097464.8739        -7.009
2.7000         0.538285     0.000013606  -1097465.4959        -5.281
2.8000         0.076861     0.000008163  -1097465.9572        -3.993
2.9000        -0.269287     0.000005442  -1097466.3033        -3.001
3.0000        -0.520078     0.000021769  -1097466.5542        -2.252
3.1000        -0.704476     0.000021769  -1097466.7387        -1.669
3.2000        -0.831262     0.000027211  -1097466.8655        -1.205
3.3000        -0.917993     0.000016327  -1097466.9520        -0.876
3.4000        -0.972005     0.000019048  -1097467.0062        -0.604
3.5000        -0.999300     0.000016327  -1097467.0334        -0.393
3.6000        -1.010492     0.000005442  -1097467.0445        -0.239
3.7000        -1.003943     0.000005442  -1097467.0380        -0.118
3.8000        -0.987580     0.000016327  -1097467.0217        -0.019
3.9000        -0.964742     0.000016327  -1097466.9988         0.053
4.0000        -0.932916     0.000013606  -1097466.9670         0.099
5.0000        -0.568378     0.000019048  -1097466.6024         0.169
6.0000        -0.343424     0.000010885  -1097466.3776         0.089
7.0000        -0.239730     0.000021769  -1097466.2739         0.033
8.0000        -0.188118     0.000019048  -1097466.2222         0.017
9.0000        -0.159061     0.000019048  -1097466.1931         0.010
10.0000        -0.140313     0.000024490  -1097466.1743         0.009
100.0000        -0.040072     0.000013606  -1097466.0742         0.000
1000.0000        -0.032836     0.000010885  -1097466.0668
