0.0020   5631398.450242     0.000021769   5224387.4187
0.0040   2746002.550564     0.000024490   2338991.5188
0.0060   1787058.714671     0.000019048   1380047.6830
0.0080   1309935.984448     0.000019048    902924.9526
0.0100   1024977.343938     0.000019048    617966.3122
0.0120    835949.620190     0.000024490    428938.5884
0.0140    701556.018416     0.000016327    294544.9867
0.0160    601458.239494     0.000027211    194447.2078
0.0180    523976.708511     0.000021769    116965.6768
0.0200    462405.524875     0.000024490     55394.4932
0.0400    192854.067506     0.000024490   -214156.9642
0.0600    109153.507471     0.000010885   -297857.5243
0.0800     70619.364884     0.000021769   -336391.6668
0.1000     49393.609490     0.000019048   -357617.4221
0.1200     36099.638641     0.000013606   -370911.3932
0.1400     27143.408455     0.000013606   -379867.6233
0.1600     20933.916791     0.000010885   -386077.1151
0.1800     16519.003213     0.000013606   -390492.0285
0.2000     13292.543478     0.000013606   -393718.4881
0.2400      8980.416809     0.000013606   -398030.6149
0.2800      6212.776422     0.000019048   -400798.2553
0.3200      4393.523513     0.000010885   -402617.5082    -36536.711
0.3600      3191.336248     0.000013606   -403819.6955    -24489.542
0.4000      2375.922927     0.000021769   -404635.1089    -16844.617
0.4500      1691.577480     0.000013606   -405319.4543    -11066.659
0.5000      1229.012962     0.000008163   -405782.0186     -7713.036
0.5500       900.934415     0.000008163   -406110.0972     -5539.014
0.6000       664.731979     0.000024490   -406346.2997     -3975.813
0.6500       495.440058     0.000010885   -406515.5916     -2840.069
0.7000       374.362291     0.000008163   -406636.6695     -2032.720
0.7500       287.338393     0.000010885   -406723.6932     -1466.607
0.8000       224.094839     0.000002721   -406786.9368     -1072.554
0.8500       177.330439     0.000021769   -406833.7013      -799.640
0.9000       142.057517     0.000019048   -406868.9743      -610.366
0.9500       115.005390     0.000008163   -406896.0262      -476.934
1.0000        94.276173     0.000013606   -406916.7556      -384.213
1.1000        63.739212     0.000013606   -406947.2925      -260.548
1.2000        42.661061     0.000024490   -406968.3707      -176.527
1.3000        28.332187     0.000013606   -406982.6994      -117.697
1.4000        18.770688     0.000021769   -406992.2610       -77.320
1.5000        12.494289     0.000019048   -406998.5375       -50.180
1.6000         8.418545     0.000013606   -407002.6133       -32.428
1.7000         6.066084     0.000016327   -407004.9657       -21.651
1.8000         4.481578     0.000016327   -407006.5502       -15.041
1.9000         3.354531     0.000016327   -407007.6773       -10.768
2.0000         2.504050     0.000013606   -407008.5277        -8.062
2.1000         1.838712     0.000013606   -407009.1930        -6.075
2.2000         1.345130     0.000021769   -407009.6866        -4.727
2.3000         0.961033     0.000019048   -407010.0706        -3.590
2.4000         0.668758     0.000013606   -407010.3631        -2.724
2.5000         0.453837     0.000024490   -407010.5778        -2.046
2.6000         0.304781     0.000024490   -407010.7269        -1.449
2.7000         0.210200     0.000010885   -407010.8216        -0.992
2.8000         0.159910     0.000021769   -407010.8719        -0.657
2.9000         0.144435     0.000019048   -407010.8872        -0.352
3.0000         0.156234     0.000024490   -407010.8755        -0.116
3.1000         0.188450     0.000019048   -407010.8434         0.023
3.2000         0.235896     0.000024490   -407010.7957         0.139
3.3000         0.293559     0.000010885   -407010.7380         0.244
3.4000         0.357906     0.000024490   -407010.6738         0.306
3.5000         0.426340     0.000016327   -407010.6053         0.346
3.6000         0.496790     0.000010885   -407010.5351         0.362
3.7000         0.567507     0.000027211   -407010.4643         0.373
3.8000         0.636739     0.000021769   -407010.3949         0.378
3.9000         0.703752     0.000021769   -407010.3280         0.367
4.0000         0.767906     0.000021769   -407010.2638         0.354
5.0000         1.208001     0.000013606   -407009.8237         0.163
6.0000         1.367740     0.000019048   -407009.6640         0.043
7.0000         1.416696     0.000019048   -407009.6150         0.018
8.0000         1.432911     0.000019048   -407009.5987         0.007
9.0000         1.439779     0.000027211   -407009.5919         0.003
10.0000         1.443654     0.000021769   -407009.5881         0.002
100.0000         1.462934     0.000005442   -407009.5688
1000.0000         1.464354     0.000016327   -407009.5674
