0.0020  18843788.467155     0.000010885  18316639.8135
0.0040   9176515.909987     0.000008163   8649367.2541
0.0060   5965256.968482     0.000027211   5438108.3134
0.0080   4366368.312556     0.000010885   3839219.6569
0.0100   3410619.556467     0.000024490   2883470.9026
0.0120   2775965.175435     0.000021769   2248816.5207
0.0140   2324956.603650     0.000016327   1797807.9489
0.0160   1988739.247624     0.000013606   1461590.5928
0.0180   1728812.850521     0.000019048   1201664.1958
0.0200   1522402.408838     0.000021769    995253.7542
0.0400    625097.118299     0.000016327     97948.4636
0.0600    348789.435688     0.000010885   -178359.2190
0.0800    222473.294684     0.000027211   -304675.3600
0.1000    153356.924003     0.000024490   -373791.7306
0.1200    111322.082848     0.000021769   -415826.5718
0.1400     83457.159847     0.000027211   -443691.4950
0.1600     63796.607741     0.000021769   -463352.0469
0.1800     49671.756298     0.000010885   -477476.8984
0.2000     39402.451616     0.000024490   -487746.2030
0.2400     26143.075469     0.000019048   -501005.5791
0.2800     18015.009198     0.000027211   -509133.6454
0.3200     12686.105354     0.000002721   -514462.5494
0.3600      9208.824788     0.000027211   -517939.8298
0.4000      6827.494247     0.000005442   -520321.1606    -49429.893
0.4500      4815.119228     0.000013606   -522333.5355    -32747.670
0.5000      3421.765146     0.000027211   -523726.8896    -23460.141
0.5500      2442.861900     0.000021769   -524705.7929    -16049.717
0.6000      1777.788197     0.000016327   -525370.8664    -10890.774
0.6500      1323.403014     0.000024490   -525825.2518     -7515.649
0.7000      1006.015397     0.000016327   -526142.6393     -5328.361
0.7500       777.720427     0.000024490   -526370.9342     -3897.267
0.8000       608.324252     0.000019048   -526540.3306     -2937.221
0.8500       479.077797     0.000008163   -526669.5768     -2270.774
0.9000       378.800423     0.000024490   -526769.8543     -1795.852
0.9500       299.138572     0.000019048   -526849.5162     -1420.326
1.0000       236.179848     0.000013606   -526912.4750     -1118.396
1.1000       147.576046     0.000024490   -527001.0785      -692.863
1.2000        92.247174     0.000016327   -527056.4075      -435.344
1.3000        57.118630     0.000021769   -527091.5360      -278.668
1.4000        34.477358     0.000013606   -527114.1773      -181.070
1.5000        19.727253     0.000024490   -527128.9275      -118.730
1.6000        10.063645     0.000019048   -527138.5911       -78.012
1.7000         3.748487     0.000016327   -527144.9063       -51.054
1.8000        -0.291932     0.000024490   -527148.9466       -33.320
1.9000        -2.912474     0.000021769   -527151.5671       -21.358
2.0000        -4.568306     0.000021769   -527153.2229       -13.265
2.1000        -5.570197     0.000027211   -527154.2248        -7.732
2.2000        -6.129791     0.000013606   -527154.7846        -4.103
2.3000        -6.393464     0.000027211   -527155.0482        -1.666
2.4000        -6.462535     0.000024490   -527155.1174        -0.068
2.5000        -6.406831     0.000013606   -527155.0616         0.933
2.6000        -6.274409     0.000013606   -527154.9291         1.522
2.7000        -6.098022     0.000010885   -527154.7527         1.851
2.8000        -5.900029     0.000010885   -527154.5546         1.986
2.9000        -5.694855     0.000008163   -527154.3494         2.010
3.0000        -5.468938     0.000021769   -527154.1236         1.959
3.1000        -5.236912     0.000027211   -527153.8918         1.839
3.2000        -4.955342     0.000013606   -527153.6101         1.626
3.3000        -4.703716     0.000021769   -527153.3584         1.424
3.4000        -4.486876     0.000024490   -527153.1415         1.238
3.5000        -4.299833     0.000008163   -527152.9546         1.071
3.6000        -4.138731     0.000016327   -527152.7935         0.935
3.7000        -4.000024     0.000021769   -527152.6547         0.813
3.8000        -3.874100     0.000024490   -527152.5287         0.692
3.9000        -3.751777     0.000013606   -527152.4066         0.574
4.0000        -3.649669     0.000027211   -527152.3042         0.478
5.0000        -3.216771     0.000016327   -527151.8716         0.087
6.0000        -3.120948     0.000019048   -527151.7755         0.038
7.0000        -3.079652     0.000010885   -527151.7344         0.014
8.0000        -3.053530     0.000016327   -527151.7083         0.009
9.0000        -3.034931     0.000016327   -527151.6895         0.007
10.0000        -3.020919     0.000013606   -527151.6757         0.005
100.0000        -2.928961     0.000019048   -527151.5837         0.000
1000.0000        -2.921394     0.000013606   -527151.5761
