0.0020  18073052.737025     0.000019048  17564621.1430
0.0040   8799547.633961     0.000016327   8291116.0419
0.0060   5721028.853239     0.000024490   5212597.2596
0.0080   4187855.834226     0.000019048   3679424.2414
0.0100   3271413.610945     0.000021769   2762982.0194
0.0120   2662737.054098     0.000010885   2154305.4612
0.0140   2230205.487945     0.000021769   1721773.8950
0.0160   1907694.035999     0.000013606   1399262.4432
0.0180   1658438.951447     0.000019048   1150007.3587
0.0200   1460428.590891     0.000021769    951996.9980
0.0400    599946.912454     0.000021769     91515.3196
0.0600    334929.549902     0.000019048   -173502.0429
0.0800    213769.103376     0.000027211   -294662.4896
0.1000    147450.069643     0.000013606   -360981.5232
0.1200    107060.708464     0.000010885   -401370.8842
0.1400     80366.875777     0.000019048   -428064.7170
0.1600     61486.652558     0.000024490   -446944.9403
0.1800     47843.130652     0.000021769   -460588.4622
0.2000     37897.638293     0.000008163   -470533.9545
0.2400     25019.123188     0.000024490   -483412.4696
0.2800     17306.788031     0.000024490   -491124.8048
0.3200     12131.833226     0.000019048   -496299.7595
0.3600      8781.345643     0.000024490   -499650.2473
0.4000      6502.419895     0.000013606   -501929.1728    -47320.635
0.4500      4577.560293     0.000021769   -503854.0324    -31019.256
0.5000      3276.498143     0.000005442   -505155.0947    -21988.387
0.5500      2342.734357     0.000019048   -506088.8584    -15531.327
0.6000      1695.937752     0.000010885   -506735.6550    -10620.429
0.6500      1253.087140     0.000021769   -507178.5058     -7310.484
0.7000       945.439181     0.000008163   -507486.1538     -5141.420
0.7500       726.262037     0.000019048   -507705.3307     -3720.491
0.8000       565.406811     0.000019048   -507866.1860     -2773.559
0.8500       443.996063     0.000021769   -507987.5967     -2119.997
0.9000       350.350166     0.000027211   -508081.2428     -1649.135
0.9500       277.028210     0.000013606   -508154.5647     -1300.292
1.0000       219.052502     0.000016327   -508212.5402     -1036.450
1.1000       135.743984     0.000027211   -508295.8487      -652.899
1.2000        83.532803     0.000013606   -508348.0601      -409.697
1.3000        50.536577     0.000013606   -508381.0563      -259.687
1.4000        29.582001     0.000021769   -508402.0107      -166.505
1.5000        16.398360     0.000024490   -508415.1944      -108.220
1.6000         7.868937     0.000019048   -508423.7238       -70.481
1.7000         2.369530     0.000016327   -508429.2232       -45.600
1.8000        -1.129477     0.000019048   -508432.7223       -28.952
1.9000        -3.293210     0.000013606   -508434.8862       -17.749
2.0000        -4.561397     0.000005442   -508436.1542       -10.185
2.1000        -5.227290     0.000021769   -508436.8201        -5.032
2.2000        -5.493192     0.000010885   -508437.0859        -1.693
2.3000        -5.497241     0.000024490   -508437.0900         0.533
2.4000        -5.334846     0.000005442   -508436.9276         1.893
2.5000        -5.072814     0.000021769   -508436.6655         2.712
2.6000        -4.755221     0.000013606   -508436.3480         3.135
2.7000        -4.380474     0.000019048   -508435.9733         3.264
2.8000        -3.880764     0.000024490   -508435.4737         3.010
2.9000        -3.453249     0.000013606   -508435.0462         2.771
3.0000        -3.014707     0.000024490   -508434.6075         2.506
3.1000        -2.628436     0.000024490   -508434.2214         2.239
3.2000        -2.292998     0.000010885   -508433.8859         2.002
3.3000        -2.000851     0.000021769   -508433.5936         1.795
3.4000        -1.689256     0.000024490   -508433.2821         1.514
3.5000        -1.422552     0.000010885   -508433.0154         1.296
3.6000        -1.195726     0.000013606   -508432.7885         1.102
3.7000        -1.003431     0.000008163   -508432.5963         0.934
3.8000        -0.840810     0.000024490   -508432.4336         0.780
3.9000        -0.703499     0.000024490   -508432.2965         0.655
4.0000        -0.588065     0.000024490   -508432.1808         0.549
5.0000        -0.099915     0.000021769   -508431.6927         0.096
6.0000        -0.012931     0.000019048   -508431.6058         0.031
7.0000         0.012724     0.000019048   -508431.5800         0.009
8.0000         0.026324     0.000024490   -508431.5664         0.005
9.0000         0.035568     0.000013606   -508431.5571         0.004
10.0000         0.042420     0.000016327   -508431.5503         0.002
100.0000         0.086617     0.000021769   -508431.5063
1000.0000         0.090206     0.000005442   -508431.5027
