0.0020  25494111.139784     0.000016327  24850825.6803
0.0040  12406098.059155     0.000021769  11762812.5979
0.0060   8061079.487775     0.000021769   7417794.0265
0.0080   5899233.841274     0.000024490   5255948.3795
0.0100   4607150.305587     0.000013606   3963864.8441
0.0120   3748870.177029     0.000019048   3105584.7170
0.0140   3138258.782090     0.000024490   2494973.3216
0.0160   2682567.407388     0.000021769   2039281.9469
0.0180   2330397.619477     0.000010885   1687112.1589
0.0200   2050902.804743     0.000005442   1407617.3442
0.0400    835435.942543     0.000005442    192150.4820
0.0600    464771.164917     0.000005442   -178514.2956
0.0800    296007.209863     0.000010885   -347278.2508
0.1000    203624.083918     0.000019048   -439661.3767
0.1200    147162.994428     0.000021769   -496122.4661
0.1400    109542.586545     0.000016327   -533742.8741
0.1600     83645.843079     0.000010885   -559639.6174
0.1800     65558.862256     0.000024490   -577726.5983
0.2000     52617.021448     0.000013606   -590668.4392
0.2400     34699.088508     0.000005442   -608586.3720
0.2800     23583.002231     0.000010885   -619702.4583
0.3200     16634.927379     0.000019048   -626650.5332
0.3600     12149.684365     0.000008163   -631135.7761
0.4000      8948.625627     0.000019048   -634336.8350
0.4500      6220.896983     0.000024490   -637064.5635    -43066.729
0.5000      4478.573863     0.000024490   -638806.8866    -27928.271
0.5500      3326.137199     0.000013606   -639959.3233    -18941.399
0.6000      2525.345717     0.000013606   -640760.1149    -13516.652
0.6500      1942.469530     0.000016327   -641342.9909    -10021.897
0.7000      1505.979310     0.000021769   -641779.4813     -7566.537
0.7500      1175.645452     0.000027211   -642109.8151     -5755.684
0.8000       923.980663     0.000021769   -642361.4800     -4404.147
0.8500       730.684950     0.000019048   -642554.7756     -3392.848
0.9000       581.001447     0.000016327   -642704.4592     -2634.028
0.9500       464.552963     0.000016327   -642820.9077     -2066.125
1.0000       372.741188     0.000005442   -642912.7195     -1633.529
1.1000       241.400890     0.000016327   -643044.0596     -1038.486
1.2000       157.078295     0.000024490   -643128.3823      -669.498
1.3000       102.664377     0.000010885   -643182.7961      -437.591
1.4000        66.480494     0.000008163   -643218.9802      -290.362
1.5000        42.307927     0.000013606   -643243.1526      -193.569
1.6000        26.104077     0.000027211   -643259.3565      -129.003
1.7000        15.500251     0.000021769   -643269.9602       -86.239
1.8000         8.583647     0.000013606   -643276.8768       -57.599
1.9000         3.990900     0.000021769   -643281.4695       -38.035
2.0000         0.994228     0.000016327   -643284.4663       -24.727
2.1000        -0.913280     0.000024490   -643286.3739       -15.726
2.2000        -2.084475     0.000016327   -643287.5450        -9.590
2.3000        -2.762101     0.000027211   -643288.2226        -5.532
2.4000        -3.094292     0.000019048   -643288.5548        -2.844
2.5000        -3.083095     0.000021769   -643288.5437        -1.188
2.6000        -2.955351     0.000016327   -643288.4158        -0.182
2.7000        -2.772858     0.000016327   -643288.2335         0.451
2.8000        -2.565850     0.000021769   -643288.0264         0.829
2.9000        -2.351685     0.000021769   -643287.8122         1.015
3.0000        -2.141229     0.000013606   -643287.6019         1.116
3.1000        -1.941095     0.000021769   -643287.4016         1.124
3.2000        -1.753238     0.000019048   -643287.2139         1.094
3.3000        -1.579981     0.000027211   -643287.0405         1.064
3.4000        -1.421600     0.000016327   -643286.8822         1.000
3.5000        -1.276936     0.000016327   -643286.7374         0.917
3.6000        -1.145646     0.000019048   -643286.6062         0.846
3.7000        -1.027075     0.000027211   -643286.4876         0.788
3.8000        -0.920259     0.000024490   -643286.3809         0.720
3.9000        -0.823490     0.000024490   -643286.2841         0.647
4.0000        -0.735875     0.000027211   -643286.1964         0.590
5.0000        -0.104579     0.000013606   -643285.5651         0.166
6.0000         0.073607     0.000005442   -643285.3869         0.043
7.0000         0.113820     0.000008163   -643285.3466         0.009
8.0000         0.124334     0.000010885   -643285.3363         0.002
9.0000         0.128318     0.000016327   -643285.3322         0.000
10.0000         0.130544     0.000016327   -643285.3300         0.000
100.0000         0.142487     0.000005442   -643285.3181
1000.0000         0.143393     0.000005442   -643285.3172
