0.0020  12096484.912313     0.000013606  11678525.2171
0.0040   5893972.547515     0.000019048   5476012.8520
0.0060   3834474.595157     0.000005442   3416514.9007
0.0080   2809468.222708     0.000024490   2391508.5280
0.0100   2197472.064927     0.000021769   1779512.3700
0.0120   1791095.744739     0.000021769   1373136.0499
0.0140   1501715.341216     0.000010885   1083755.6463
0.0160   1285632.938959     0.000008163    867673.2441
0.0180   1118509.109516     0.000016327    700549.4146
0.0200    985621.742237     0.000008163    567662.0474
0.0400    407387.274171     0.000027211    -10572.4206
0.0600    228691.465842     0.000021769   -189268.2289
0.0800    146746.808366     0.000021769   -271212.8864
0.1000    101367.736112     0.000019048   -316591.9588
0.1200     73486.632029     0.000024490   -344473.0629
0.1400     55372.855118     0.000024490   -362586.8396
0.1600     42863.572689     0.000016327   -375096.1222
0.1800     33749.473962     0.000013606   -384210.2209
0.2000     26854.958201     0.000021769   -391104.7367
0.2400     17567.687005     0.000019048   -400392.0079
0.2800     12026.271633     0.000021769   -405933.4231
0.3200      8555.525743     0.000024490   -409404.1692
0.3600      6235.211603     0.000027211   -411724.4833    -48480.633
0.4000      4587.517063     0.000024490   -413372.1777    -34604.796
0.4500      3184.506443     0.000005442   -414775.1883    -22387.095
0.5000      2271.197257     0.000013606   -415688.4974    -14748.866
0.5500      1659.791791     0.000010885   -416299.9029    -10062.942
0.6000      1235.118375     0.000021769   -416724.5765     -7142.611
0.6500       927.506993     0.000027211   -417032.1877     -5282.878
0.7000       696.894837     0.000013606   -417262.7999     -3998.061
0.7500       522.782251     0.000027211   -417436.9126     -3005.142
0.8000       392.745167     0.000013606   -417566.9496     -2230.489
0.8500       296.444009     0.000019048   -417663.2507     -1649.762
0.9000       225.051709     0.000021769   -417734.6431     -1226.439
0.9500       171.730209     0.000010885   -417787.9646      -920.967
1.0000       131.448768     0.000021769   -417828.2459      -700.355
1.1000        76.781030     0.000010885   -417882.9136      -419.756
1.2000        43.680560     0.000016327   -417916.0141      -258.779
1.3000        23.746433     0.000016327   -417935.9484      -160.322
1.4000        11.553224     0.000013606   -417948.1415       -96.509
1.5000         4.385334     0.000016327   -417955.3096       -55.647
1.6000         0.405736     0.000005442   -417959.2889       -30.251
1.7000        -1.579162     0.000021769   -417961.2740       -15.022
1.8000        -2.465374     0.000021769   -417962.1603        -6.173
1.9000        -2.741007     0.000002721   -417962.4357        -1.238
2.0000        -2.561169     0.000027211   -417962.2561         1.344
2.1000        -1.939579     0.000008163   -417961.6343         2.109
2.2000        -1.139733     0.000002721   -417960.8346         2.104
2.3000        -0.494826     0.000005442   -417960.1896         2.111
2.4000         0.065068     0.000005442   -417959.6296         2.176
2.5000         0.804138     0.000010885   -417958.8906         1.994
2.6000         1.420345     0.000016327   -417958.2745         1.881
2.7000         1.952562     0.000016327   -417957.7422         1.693
2.8000         2.409817     0.000005442   -417957.2851         1.617
2.9000         2.786697     0.000021769   -417956.9082         1.534
3.0000         3.104243     0.000016327   -417956.5907         1.444
3.1000         3.403027     0.000008163   -417956.2919         1.393
3.2000         3.684219     0.000024490   -417956.0105         1.329
3.3000         3.936662     0.000013606   -417955.7580         1.232
3.4000         4.164522     0.000019048   -417955.5302         1.154
3.5000         4.369826     0.000019048   -417955.3251         1.076
3.6000         4.554959     0.000021769   -417955.1398         1.009
3.7000         4.722306     0.000010885   -417954.9724         0.912
3.8000         4.873613     0.000024490   -417954.8211         0.828
3.9000         5.009879     0.000013606   -417954.6848         0.761
4.0000         5.131971     0.000016327   -417954.5629         0.688
5.0000         5.800163     0.000002721   -417953.8946         0.199
6.0000         5.965797     0.000016327   -417953.7291         0.051
7.0000         6.000624     0.000013606   -417953.6943         0.011
8.0000         6.008254     0.000013606   -417953.6867         0.003
9.0000         6.010263     0.000016327   -417953.6845         0.001
10.0000         6.010967     0.000002721   -417953.6839         0.000
100.0000         6.013408     0.000019048   -417953.6815
1000.0000         6.013569     0.000024490   -417953.6812
