0.0020         0.000000     0.000021769  32670179.8369
0.0040  16249283.267395     0.000016327  15519114.2848
0.0060  10549168.492027     0.000019048   9818999.5103
0.0080   7708896.118622     0.000016327   6978727.1369
0.0100   6010905.194060     0.000024490   5280736.2115
0.0120   4883643.230990     0.000024490   4153474.2487
0.0140   4083865.505191     0.000019048   3353696.5223
0.0160   3487930.813633     0.000021769   2757761.8315
0.0180   3028157.303363     0.000024490   2297988.3209
0.0200   2663354.737070     0.000013606   1933185.7545
0.0400   1078509.953274     0.000019048    348340.9707
0.0600    597065.638030     0.000019048   -133103.3445
0.0800    378287.465118     0.000024490   -351881.5175
0.1000    259561.609014     0.000019048   -470607.3736
0.1200    186859.892290     0.000027211   -543309.0902
0.1400    139857.170099     0.000019048   -590311.8123
0.1600    108027.984314     0.000021769   -622140.9983
0.1800     84742.837531     0.000019048   -645426.1450
0.2000     67129.310328     0.000010885   -663039.6721
0.2400     43562.767416     0.000010885   -686606.2150
0.2800     29620.695154     0.000024490   -700548.2873
0.3200     20764.339679     0.000021769   -709404.6429
0.3600     14672.061188     0.000021769   -715496.9213
0.4000     10663.200690     0.000019048   -719505.7819
0.4500      7417.622763     0.000021769   -722751.3597
0.5000      5298.070864     0.000010885   -724870.9117    -34884.861
0.5500      3830.326709     0.000019048   -726338.6557    -24558.262
0.6000      2790.659228     0.000021769   -727378.3232    -17375.168
0.6500      2059.530374     0.000016327   -728109.4520    -12172.675
0.7000      1546.048221     0.000013606   -728622.9343     -8600.981
0.7500      1180.414870     0.000021769   -728988.5676     -6218.941
0.8000       912.546375     0.000021769   -729256.4360     -4654.146
0.8500       707.807700     0.000021769   -729461.1748     -3602.379
0.9000       548.578119     0.000013606   -729620.4045     -2785.888
0.9500       426.177344     0.000019048   -729742.8052     -2141.043
1.0000       332.255755     0.000016327   -729836.7267     -1643.742
1.1000       204.604348     0.000013606   -729964.3781      -972.204
1.2000       128.534316     0.000013606   -730040.4483      -586.219
1.3000        82.416042     0.000016327   -730086.5665      -365.700
1.4000        53.560506     0.000008163   -730115.4220      -234.085
1.5000        34.906338     0.000013606   -730134.0762      -152.490
1.6000        22.669849     0.000010885   -730146.3126      -100.407
1.7000        14.596160     0.000019048   -730154.3862       -66.208
1.8000         9.306208     0.000021769   -730159.6764       -43.455
1.9000         5.910381     0.000021769   -730163.0721       -28.250
2.0000         3.701509     0.000005442   -730165.2809       -18.058
2.1000         2.291540     0.000008163   -730166.6910       -11.294
2.2000         1.605687     0.000019048   -730167.3767        -7.342
2.3000         1.286590     0.000019048   -730167.6959        -4.893
2.4000         1.091305     0.000021769   -730167.8913        -3.309
2.5000         1.038101     0.000013606   -730167.9443        -2.199
2.6000         1.088350     0.000021769   -730167.8943        -1.544
2.7000         1.211922     0.000021769   -730167.7707        -1.140
2.8000         1.303644     0.000021769   -730167.6787        -0.790
2.9000         1.382491     0.000005442   -730167.6001        -0.459
3.0000         1.458803     0.000024490   -730167.5236        -0.198
3.1000         1.538350     0.000019048   -730167.4442         0.033
3.2000         1.621848     0.000016327   -730167.3606         0.199
3.3000         1.709423     0.000027211   -730167.2730         0.327
3.4000         1.800524     0.000008163   -730167.1819         0.425
3.5000         1.892060     0.000021769   -730167.0904         0.484
3.6000         1.983803     0.000005442   -730166.9987         0.510
3.7000         2.074404     0.000010885   -730166.9081         0.531
3.8000         2.161809     0.000021769   -730166.8208         0.528
3.9000         2.245299     0.000005442   -730166.7372         0.513
4.0000         2.324953     0.000005442   -730166.6575         0.491
5.0000         2.849145     0.000019048   -730166.1334         0.198
6.0000         3.024187     0.000019048   -730165.9584         0.060
7.0000         3.073492     0.000019048   -730165.9089         0.029
8.0000         3.088687     0.000002721   -730165.8939         0.014
9.0000         3.094801     0.000016327   -730165.8877         0.008
10.0000         3.098202     0.000005442   -730165.8844         0.006
100.0000         3.114129     0.000019048   -730165.8684         0.000
1000.0000         3.115155     0.000016327   -730165.8673
