0.0020  23182831.255127     0.000013606  22658933.5146
0.0040  11292152.578959     0.000021769  10768254.8390
0.0060   7337845.945644     0.000008163   6813948.2046
0.0080   5367507.019503     0.000019048   4843609.2795
0.0100   4189650.855792     0.000016327   3665753.1163
0.0120   3407690.648533     0.000019048   2883792.9087
0.0140   2851791.846766     0.000016327   2327894.1064
0.0160   2437038.442130     0.000002721   1913140.7019
0.0180   2117055.296446     0.000016327   1593157.5561
0.0200   1863137.155686     0.000019048   1339239.4153
0.0400    760477.264517     0.000027211    236579.5242
0.0600    424024.535249     0.000021769    -99873.2051
0.0800    269967.313441     0.000010885   -253930.4269
0.1000    185581.335701     0.000021769   -338316.4045
0.1200    134317.297061     0.000021769   -389580.4432
0.1400    100351.468541     0.000013606   -423546.2718
0.1600     76660.299003     0.000013606   -447237.4414
0.1800     59911.823116     0.000019048   -463985.9171
0.2000     47818.023748     0.000021769   -476079.7165
0.2400     31646.558100     0.000019048   -492251.1822
0.2800     21635.456349     0.000021769   -502262.2839
0.3200     15199.232803     0.000027211   -508698.5075
0.3600     10957.465346     0.000019048   -512940.2751
0.4000      8154.401449     0.000013606   -515743.3390
0.4500      5682.227010     0.000027211   -518215.5133    -41027.524
0.5000      4015.471580     0.000016327   -519882.2688    -26678.641
0.5500      2923.799133     0.000010885   -520973.9413    -17726.578
0.6000      2184.982074     0.000024490   -521712.7582    -12275.538
0.6500      1661.996257     0.000019048   -522235.7440     -8903.967
0.7000      1275.698185     0.000019048   -522622.0422     -6680.777
0.7500       983.386335     0.000027211   -522914.3541     -5084.189
0.8000       760.385633     0.000027211   -523137.3547     -3883.479
0.8500       589.881660     0.000019048   -523307.8586     -2972.280
0.9000       459.197257     0.000019048   -523438.5430     -2282.448
0.9500       358.628370     0.000013606   -523539.1119     -1761.090
1.0000       280.825868     0.000021769   -523616.9145     -1366.327
1.1000       173.040799     0.000021769   -523724.6997      -836.127
1.2000       106.522215     0.000019048   -523791.2182      -519.850
1.3000        64.970988     0.000016327   -523832.7694      -324.866
1.4000        38.941274     0.000027211   -523858.7990      -202.628
1.5000        22.664638     0.000010885   -523875.0758      -126.009
1.6000        12.512496     0.000013606   -523885.2278       -78.319
1.7000         6.237268     0.000021769   -523891.5031       -48.722
1.8000         2.386820     0.000016327   -523895.3535       -30.234
1.9000         0.014191     0.000016327   -523897.7260       -18.566
2.0000        -1.382665     0.000021769   -523899.1231       -11.059
2.1000        -2.117022     0.000021769   -523899.8572        -6.239
2.2000        -2.453434     0.000027211   -523900.1938        -3.104
2.3000        -2.538391     0.000019048   -523900.2787        -1.107
2.4000        -2.468436     0.000002721   -523900.2088         0.195
2.5000        -2.299055     0.000005442   -523900.0393         0.998
2.6000        -2.069473     0.000019048   -523899.8099         1.499
2.7000        -1.816279     0.000010885   -523899.5565         1.760
2.8000        -1.532932     0.000008163   -523899.2733         1.861
2.9000        -1.201127     0.000027211   -523898.9416         1.821
3.0000        -0.898667     0.000024490   -523898.6390         1.759
3.1000        -0.624112     0.000016327   -523898.3644         1.661
3.2000        -0.375076     0.000005442   -523898.1154         1.562
3.3000        -0.131020     0.000016327   -523897.8713         1.426
3.4000         0.102135     0.000002721   -523897.6381         1.295
3.5000         0.307113     0.000016327   -523897.4332         1.170
3.6000         0.488494     0.000021769   -523897.2517         1.054
3.7000         0.649297     0.000005442   -523897.0909         0.952
3.8000         0.793446     0.000024490   -523896.9470         0.850
3.9000         0.926600     0.000021769   -523896.8136         0.753
4.0000         1.043845     0.000019048   -523896.6964         0.668
5.0000         1.642839     0.000019048   -523896.0974         0.175
6.0000         1.773718     0.000005442   -523895.9665         0.042
7.0000         1.796134     0.000024490   -523895.9442         0.010
8.0000         1.799139     0.000019048   -523895.9412         0.002
9.0000         1.798986     0.000002721   -523895.9412         0.002
10.0000         1.798466     0.000002721   -523895.9418         0.000
100.0000         1.794208     0.000005442   -523895.9461
1000.0000         1.793827     0.000019048   -523895.9464
