0.0020   6059315.549252     0.000019048   5664297.2085
0.0040   2954855.156068     0.000024490   2559836.8158
0.0060   1922858.728667     0.000016327   1527840.3884
0.0080   1409493.545036     0.000010885   1014475.2046
0.0100   1102811.374768     0.000005442    707793.0344
0.0120    899429.833335     0.000024490    504411.4930
0.0140    754872.605739     0.000019048    359854.2655
0.0160    647203.516304     0.000019048    252185.1760
0.0180    563858.166477     0.000019048    168839.8262
0.0200    497606.174139     0.000021769    102587.8338
0.0400    207513.592841     0.000013606   -187504.7474
0.0600    117341.363449     0.000010885   -277676.9767
0.0800     75730.519058     0.000013606   -319287.8211
0.1000     52881.147119     0.000016327   -342137.1931
0.1200     38630.656103     0.000016327   -356387.6842
0.1400     29001.014877     0.000027211   -366017.3254
0.1600     22312.452886     0.000016327   -372705.8873
0.1800     17577.870935     0.000019048   -377440.4694
0.2000     14140.629996     0.000027211   -380877.7104
0.2400      9573.338883     0.000021769   -385445.0014
0.2800      6617.506587     0.000019048   -388400.8336
0.3200      4691.406679     0.000016327   -390326.9337    -38720.501
0.3600      3413.715493     0.000008163   -391604.6247    -26107.150
0.4000      2543.678288     0.000013606   -392474.6620    -17973.966
0.4500      1813.150966     0.000024490   -393205.1892    -11829.259
0.5000      1317.638141     0.000013606   -393700.7022     -8274.895
0.5500       965.980571     0.000008163   -394052.3597     -5923.084
0.6000       714.291390     0.000013606   -394304.0488     -4219.175
0.6500       535.134239     0.000019048   -394483.2062     -2997.257
0.7000       407.497638     0.000013606   -394610.8426     -2140.967
0.7500       315.768133     0.000016327   -394702.5722     -1547.491
0.8000       249.137060     0.000027211   -394769.2031     -1139.218
0.8500       199.838647     0.000027211   -394818.5017      -858.396
0.9000       162.521197     0.000010885   -394855.8192      -666.448
0.9500       133.257763     0.000021769   -394885.0826      -533.438
1.0000       109.563734     0.000024490   -394908.7766      -435.399
1.1000        73.882135     0.000016327   -394944.4581      -295.206
1.2000        49.511279     0.000019048   -394968.8289      -198.013
1.3000        33.166354     0.000019048   -394985.1740      -130.543
1.4000        22.395341     0.000016327   -394995.9451       -85.243
1.5000        15.376833     0.000024490   -395002.9634       -55.808
1.6000        10.827044     0.000021769   -395007.5132       -37.291
1.7000         7.880129     0.000027211   -395010.4602       -25.988
1.8000         5.833919     0.000019048   -395012.5065       -19.027
1.9000         4.342297     0.000016327   -395013.9979       -14.210
2.0000         3.231217     0.000021769   -395015.1090       -10.800
2.1000         2.394271     0.000024490   -395015.9460        -8.126
2.2000         1.765486     0.000024490   -395016.5748        -6.138
2.3000         1.297118     0.000024490   -395017.0431        -4.520
2.4000         0.954432     0.000027211   -395017.3857        -3.221
2.5000         0.710125     0.000010885   -395017.6301        -2.278
2.6000         0.542290     0.000008163   -395017.7980        -1.461
2.7000         0.433260     0.000008163   -395017.9071        -0.856
2.8000         0.369563     0.000027211   -395017.9708        -0.441
2.9000         0.339805     0.000024490   -395018.0004        -0.074
3.0000         0.334542     0.000021769   -395018.0056         0.186
3.1000         0.347299     0.000016327   -395017.9931         0.334
3.2000         0.373191     0.000019048   -395017.9670         0.442
3.3000         0.407455     0.000024490   -395017.9330         0.519
3.4000         0.446713     0.000016327   -395017.8935         0.582
3.5000         0.488741     0.000010885   -395017.8516         0.593
3.6000         0.532391     0.000016327   -395017.8078         0.575
3.7000         0.576188     0.000016327   -395017.7640         0.567
3.8000         0.618765     0.000013606   -395017.7215         0.549
3.9000         0.659335     0.000016327   -395017.6810         0.517
4.0000         0.697730     0.000027211   -395017.6426         0.482
5.0000         0.950002     0.000016327   -395017.3904         0.170
6.0000         1.051595     0.000024490   -395017.2886         0.042
7.0000         1.075209     0.000008163   -395017.2652         0.010
8.0000         1.079389     0.000021769   -395017.2608         0.002
9.0000         1.079778     0.000010885   -395017.2606         0.000
10.0000         1.079465     0.000013606   -395017.2608
100.0000         1.076298     0.000021769   -395017.2641
1000.0000         1.076009     0.000008163   -395017.2644
