0.0020         0.000000     0.000019048  36874957.9999
0.0040  18367383.744174     0.000013606  17515298.0414
0.0060  11930006.041610     0.000021769  11077920.3405
0.0080   8719745.665664     0.000021769   7867659.9628
0.0100   6799084.863915     0.000019048   5946999.1608
0.0120   5523998.443948     0.000016327   4671912.7423
0.0140   4619054.876219     0.000027211   3766969.1746
0.0160   3944745.843689     0.000021769   3092660.1420
0.0180   3424122.948138     0.000005442   2572037.2460
0.0200   3010827.897388     0.000021769   2158742.1952
0.0400   1214384.364073     0.000021769    362298.6620
0.0600    669807.190632     0.000024490   -182278.5115
0.0800    424427.543036     0.000021769   -427658.1592
0.1000    290776.797109     0.000021769   -561308.9051
0.1200    209538.745717     0.000016327   -642546.9564
0.1400    157184.388035     0.000021769   -694901.3141
0.1600    120867.633246     0.000021769   -731218.0688
0.1800     94126.785318     0.000013606   -757958.9167
0.2000     74364.433802     0.000016327   -777721.2684
0.2400     48352.524238     0.000013606   -803733.1779
0.2800     32943.347126     0.000024490   -819142.3550
0.3200     22728.527993     0.000019048   -829357.1740
0.3600     16234.231396     0.000027211   -835851.4708
0.4000     11899.202482     0.000010885   -840186.4995
0.4500      8253.420239     0.000021769   -843832.2818
0.5000      5854.806910     0.000013606   -846230.8951    -39411.311
0.5500      4191.128625     0.000024490   -847894.5734    -27388.472
0.6000      3064.711472     0.000013606   -849020.9905    -18335.264
0.6500      2300.481737     0.000024490   -849785.2204    -12690.579
0.7000      1757.977901     0.000016327   -850327.7242     -9260.358
0.7500      1355.827539     0.000019048   -850729.8746     -6945.152
0.8000      1053.416999     0.000016327   -851032.2852     -5238.753
0.8500       825.344569     0.000008163   -851260.3575     -3961.934
0.9000       652.887939     0.000027211   -851432.8141     -3009.946
0.9500       521.454869     0.000002721   -851564.2473     -2303.951
1.0000       420.286463     0.000005442   -851665.4157     -1788.581
1.1000       278.594321     0.000010885   -851807.1077     -1109.073
1.2000       189.082083     0.000019048   -851896.6201      -709.279
1.3000       131.172513     0.000016327   -851954.5295      -469.479
1.4000        92.778947     0.000021769   -851992.9231      -322.472
1.5000        66.193294     0.000013606   -852019.5089      -224.204
1.6000        47.569292     0.000013606   -852038.1327      -155.571
1.7000        34.633582     0.000008163   -852051.0684      -108.138
1.8000        25.647745     0.000005442   -852060.0545       -75.658
1.9000        19.332154     0.000013606   -852066.3699       -53.576
2.0000        14.911246     0.000010885   -852070.7910       -38.602
2.1000        11.740969     0.000013606   -852073.9611       -28.428
2.2000         9.411219     0.000010885   -852076.2909       -21.212
2.3000         7.663975     0.000008163   -852078.0382       -15.954
2.4000         6.456170     0.000024490   -852079.2458       -12.231
2.5000         5.582211     0.000016327   -852080.1199        -9.360
2.6000         4.908179     0.000005442   -852080.7939        -7.130
2.7000         4.395424     0.000024490   -852081.3066        -5.342
2.8000         4.013490     0.000021769   -852081.6886        -3.955
2.9000         3.737278     0.000024490   -852081.9648        -2.841
3.0000         3.545999     0.000016327   -852082.1561        -2.004
3.1000         3.423006     0.000013606   -852082.2791        -1.319
3.2000         3.353407     0.000002721   -852082.3488        -0.806
3.3000         3.325788     0.000010885   -852082.3762        -0.434
3.4000         3.330669     0.000021769   -852082.3713        -0.123
3.5000         3.359274     0.000019048   -852082.3428         0.094
3.6000         3.405716     0.000019048   -852082.2965         0.227
3.7000         3.464751     0.000024490   -852082.2375         0.338
3.8000         3.531661     0.000019048   -852082.1705         0.412
3.9000         3.602914     0.000016327   -852082.0992         0.441
4.0000         3.676178     0.000008163   -852082.0260         0.452
5.0000         4.246287     0.000002721   -852081.4559         0.228
6.0000         4.465523     0.000008163   -852081.2366         0.075
7.0000         4.540360     0.000008163   -852081.1618         0.039
8.0000         4.571289     0.000008163   -852081.1308         0.021
9.0000         4.587803     0.000019048   -852081.1142         0.014
10.0000         4.598609     0.000010885   -852081.1036         0.010
100.0000         4.657669     0.000008163   -852081.0445         0.000
1000.0000         4.661965     0.000013606   -852081.0402
