0.0020         0.000000     0.000019048  30183568.1024
0.0040  15011553.989808     0.000005442  14361753.5383
0.0060   9752878.709489     0.000027211   9103078.2586
0.0080   7131962.780980     0.000010885   6482162.3281
0.0100   5564982.451641     0.000010885   4915181.9994
0.0120   4523391.832453     0.000005442   3873591.3807
0.0140   3784897.702017     0.000005442   3135097.2502
0.0160   3234110.386849     0.000016327   2584309.9347
0.0180   2808386.237366     0.000013606   2158585.7852
0.0200   2470803.655082     0.000019048   1821003.2029
0.0400   1005095.602169     0.000024490    355295.1501
0.0600    562612.488294     0.000024490    -87187.9638
0.0800    358145.160327     0.000027211   -291655.2918
0.1000    245724.277322     0.000021769   -404076.1748
0.1200    176571.635200     0.000010885   -473228.8169
0.1400    131698.357723     0.000021769   -518102.0943
0.1600    101428.058174     0.000027211   -548372.3938
0.1800     80026.496177     0.000019048   -569773.9560
0.2000     63616.729706     0.000013606   -586183.7225
0.2400     41557.494373     0.000016327   -608242.9577
0.2800     28354.303245     0.000021769   -621446.1488
0.3200     20041.957783     0.000010885   -629758.4942
0.3600     14242.166873     0.000016327   -635558.2851
0.4000     10307.181791     0.000021769   -639493.2702
0.4500      7098.794771     0.000021769   -642701.6573    -50664.361
0.5000      5034.019173     0.000013606   -644766.4330    -33449.211
0.5500      3640.188987     0.000016327   -646160.2630    -23150.855
0.6000      2659.394088     0.000024490   -647141.0580    -16510.017
0.6500      1959.207372     0.000021769   -647841.2448    -11767.303
0.7000      1462.383603     0.000027211   -648338.0686     -8398.507
0.7500      1105.051396     0.000019048   -648695.4007     -6024.866
0.8000       846.447613     0.000016327   -648954.0045     -4381.086
0.8500       657.245884     0.000002721   -649143.2062     -3256.252
0.9000       515.197132     0.000010885   -649285.2548     -2494.199
0.9500       404.857680     0.000021769   -649395.5943     -1937.459
1.0000       319.420689     0.000016327   -649481.0313     -1498.001
1.1000       202.271017     0.000024490   -649598.1810      -900.024
1.2000       131.457484     0.000021769   -649668.9945      -550.650
1.3000        87.461606     0.000010885   -649712.9905      -347.003
1.4000        59.894397     0.000013606   -649740.5578      -224.195
1.5000        42.032412     0.000013606   -649758.4196      -149.412
1.6000        29.977677     0.000021769   -649770.4743      -100.904
1.7000        21.970925     0.000024490   -649778.4812       -68.677
1.8000        16.575063     0.000016327   -649783.8770       -46.655
1.9000        12.930319     0.000016327   -649787.5217       -31.425
2.0000        10.497365     0.000008163   -649789.9546       -20.945
2.1000         9.103197     0.000013606   -649791.3490       -14.046
2.2000         8.211545     0.000016327   -649792.2404        -9.501
2.3000         7.832716     0.000010885   -649792.6195        -6.821
2.4000         7.562107     0.000008163   -649792.8899        -5.109
2.5000         7.353733     0.000002721   -649793.0984        -3.988
2.6000         7.177599     0.000024490   -649793.2744        -3.279
2.7000         7.016676     0.000021769   -649793.4353        -2.781
2.8000         6.889487     0.000002721   -649793.5626        -2.481
2.9000         6.776130     0.000019048   -649793.6758        -2.172
3.0000         6.654901     0.000002721   -649793.7972        -1.908
3.1000         6.534749     0.000021769   -649793.9174        -1.615
3.2000         6.421794     0.000010885   -649794.0304        -1.357
3.3000         6.320424     0.000000000   -649794.1316        -1.114
3.4000         6.232215     0.000013606   -649794.2198        -0.884
3.5000         6.157332     0.000008163   -649794.2949        -0.687
3.6000         6.095804     0.000013606   -649794.3564        -0.529
3.7000         6.046829     0.000019048   -649794.4053        -0.382
3.8000         6.008170     0.000005442   -649794.4440        -0.254
3.9000         5.978888     0.000008163   -649794.4731        -0.156
4.0000         5.958259     0.000013606   -649794.4938        -0.080
5.0000         6.135759     0.000027211   -649794.3164         0.123
6.0000         6.333335     0.000016327   -649794.1188         0.055
7.0000         6.403288     0.000010885   -649794.0489         0.022
8.0000         6.425481     0.000027211   -649794.0266         0.008
9.0000         6.432771     0.000013606   -649794.0192         0.002
10.0000         6.435599     0.000019048   -649794.0165         0.001
100.0000         6.444116     0.000016327   -649794.0081
1000.0000         6.444720     0.000021769   -649794.0072
