0.0020  17560345.693418     0.000013606  17158503.2947
0.0040   8554923.668340     0.000016327   8153081.2696
0.0060   5565499.792653     0.000019048   5163657.3952
0.0080   4075328.707983     0.000013606   3673486.3094
0.0100   3184079.180606     0.000021769   2782236.7814
0.0120   2592349.846213     0.000019048   2190507.4477
0.0140   2171750.957849     0.000010885   1769908.5595
0.0160   1857748.272383     0.000021769   1455905.8739
0.0180   1614846.554094     0.000021769   1213004.1557
0.0200   1421925.183391     0.000024490   1020082.7849
0.0400    583556.801939     0.000016327    181714.4035
0.0600    326224.455902     0.000024490    -75617.9425
0.0800    208433.609523     0.000013606   -193408.7889
0.1000    143498.099211     0.000021769   -258344.2992
0.1200    103971.260089     0.000027211   -297871.1382
0.1400     78141.381131     0.000005442   -323701.0173
0.1600     60143.415838     0.000021769   -341698.9827
0.1800     47094.124637     0.000027211   -354748.2737
0.2000     37464.226220     0.000019048   -364378.1721
0.2400     24764.580872     0.000021769   -377077.8174
0.2800     17263.215862     0.000019048   -384579.1824
0.3200     12143.080306     0.000016327   -389699.3181
0.3600      8771.122275     0.000019048   -393071.2762
0.4000      6488.192861     0.000024490   -395354.2054    -47366.566
0.4500      4559.628623     0.000010885   -397282.7698    -31017.133
0.5000      3284.280817     0.000005442   -398558.1176    -20868.639
0.5500      2398.253855     0.000010885   -399444.1446    -15070.134
0.6000      1755.532179     0.000013606   -400086.8661    -10809.571
0.6500      1302.488762     0.000016327   -400539.9097     -7504.569
0.7000       986.783547     0.000021769   -400855.6150     -5260.331
0.7500       763.952729     0.000019048   -401078.4456     -3766.852
0.8000       602.218869     0.000019048   -401240.1795     -2777.072
0.8500       480.490256     0.000021769   -401361.9080     -2127.485
0.9000       384.937453     0.000008163   -401457.4608     -1689.388
0.9500       309.220938     0.000021769   -401533.1774     -1347.372
1.0000       249.415550     0.000019048   -401592.9828     -1068.727
1.1000       164.546882     0.000010885   -401677.8514      -669.817
1.2000       110.870308     0.000019048   -401731.5280      -425.656
1.3000        76.149010     0.000021769   -401766.2495      -278.772
1.4000        53.259837     0.000016327   -401789.1386      -187.530
1.5000        37.698758     0.000027211   -401804.6998      -129.264
1.6000        27.188454     0.000010885   -401815.2099       -90.728
1.7000        19.903691     0.000016327   -401822.4946       -63.971
1.8000        14.844339     0.000010885   -401827.5541       -44.991
1.9000        11.310286     0.000019048   -401831.0880       -31.456
2.0000         8.854719     0.000019048   -401833.5436       -21.868
2.1000         7.158388     0.000019048   -401835.2399       -15.190
2.2000         5.987718     0.000008163   -401836.4106       -10.628
2.3000         5.299349     0.000008163   -401837.0990        -7.655
2.4000         4.869409     0.000008163   -401837.5289        -5.820
2.5000         4.525715     0.000021769   -401837.8726        -4.537
2.6000         4.234164     0.000002721   -401838.1643        -3.782
2.7000         3.971231     0.000005442   -401838.4272        -3.205
2.8000         3.723237     0.000010885   -401838.6751        -2.815
2.9000         3.484963     0.000013606   -401838.9135        -2.484
3.0000         3.256899     0.000027211   -401839.1415        -2.160
3.1000         3.045878     0.000005442   -401839.3524        -1.930
3.2000         2.854946     0.000027211   -401839.5434        -1.653
3.3000         2.680782     0.000021769   -401839.7176        -1.401
3.4000         2.525950     0.000013606   -401839.8724        -1.178
3.5000         2.392159     0.000021769   -401840.0063        -0.966
3.6000         2.279300     0.000005442   -401840.1192        -0.777
3.7000         2.186425     0.000016327   -401840.2120        -0.606
3.8000         2.111827     0.000002721   -401840.2865        -0.465
3.9000         2.056937     0.000005442   -401840.3415        -0.349
4.0000         2.016843     0.000021769   -401840.3815        -0.255
5.0000         1.993901     0.000024490   -401840.4044         0.145
6.0000         2.187581     0.000013606   -401840.2109         0.090
7.0000         2.288217     0.000016327   -401840.1102         0.034
8.0000         2.318204     0.000024490   -401840.0803         0.011
9.0000         2.326261     0.000005442   -401840.0721         0.003
10.0000         2.328406     0.000002721   -401840.0699         0.001
100.0000         2.329040     0.000010885   -401840.0694
1000.0000         2.329032     0.000008163   -401840.0694
