0.0020   9381327.985140     0.000016327   9226590.6544
0.0040   4589033.647713     0.000024490   4434296.3153
0.0060   2993522.095738     0.000021769   2838784.7644
0.0080   2197733.233016     0.000019048   2042995.9016
0.0100   1721458.945413     0.000010885   1566721.6142
0.0120   1405767.493844     0.000010885   1251030.1624
0.0140   1181100.820354     0.000016327   1026363.4891
0.0160   1012975.923031     0.000008163    858238.5916
0.0180    882505.108754     0.000016327    727767.7773
0.0200    778935.207864     0.000019048    624197.8764
0.0400    323993.473935     0.000021769    169256.1426
0.0600    182953.626848     0.000019048     28216.2955
0.0800    117607.192200     0.000016327    -37130.1391
0.1000     81645.562413     0.000019048    -73091.7689
0.1200     59487.110466     0.000010885    -95250.2209
0.1400     44678.833762     0.000010885   -110058.4976
0.1600     34413.123444     0.000013606   -120324.2079
0.1800     27156.103782     0.000008163   -127581.2275
0.2000     21921.158377     0.000010885   -132816.1729
0.2400     15043.514706     0.000016327   -139693.8166
0.2800     10537.068996     0.000024490   -144200.2623
0.3200      7620.640785     0.000016327   -147116.6905
0.3600      5568.108535     0.000024490   -149169.2228    -42269.901
0.4000      4164.075621     0.000016327   -150573.2557    -28844.676
0.4500      3005.040329     0.000016327   -151732.2910    -18413.370
0.5000      2240.027944     0.000016327   -152497.3034    -13406.299
0.5500      1632.440798     0.000021769   -153104.8905    -10331.530
0.6000      1201.665128     0.000021769   -153535.6662     -7095.437
0.6500       904.894968     0.000027211   -153832.4363     -4919.300
0.7000       697.471667     0.000019048   -154039.8596     -3474.362
0.7500       549.342898     0.000027211   -154187.9884     -2514.550
0.8000       440.833394     0.000016327   -154296.4979     -1873.108
0.8500       358.942292     0.000016327   -154378.3890     -1437.507
0.9000       295.307495     0.000027211   -154442.0238     -1132.645
0.9500       244.685319     0.000016327   -154492.6460      -910.171
1.0000       203.749251     0.000016327   -154533.5821      -740.289
1.1000       142.901612     0.000024490   -154594.4297      -496.311
1.2000       102.080864     0.000019048   -154635.2505      -333.791
1.3000        74.338908     0.000019048   -154662.9924      -229.459
1.4000        54.378492     0.000021769   -154682.9528      -164.396
1.5000        39.470661     0.000016327   -154697.8607      -122.034
1.6000        28.631665     0.000021769   -154708.6997       -91.000
1.7000        20.823888     0.000021769   -154716.5074       -66.478
1.8000        15.110817     0.000024490   -154722.2205       -48.688
1.9000        10.926366     0.000019048   -154726.4050       -35.627
2.0000         7.867849     0.000019048   -154729.4635       -25.997
2.1000         5.640756     0.000010885   -154731.6906       -18.881
2.2000         4.026451     0.000013606   -154733.3049       -13.656
2.3000         2.863259     0.000024490   -154734.4681        -9.805
2.4000         2.030425     0.000013606   -154735.3009        -7.013
2.5000         1.437145     0.000016327   -154735.8942        -4.968
2.6000         1.018444     0.000008163   -154736.3129        -3.502
2.7000         0.724384     0.000008163   -154736.6070        -2.445
2.8000         0.520244     0.000021769   -154736.8111        -1.695
2.9000         0.378821     0.000021769   -154736.9525        -1.166
3.0000         0.282476     0.000021769   -154737.0488        -0.795
3.1000         0.216453     0.000024490   -154737.1149        -0.541
3.2000         0.172284     0.000027211   -154737.1590        -0.364
3.3000         0.142411     0.000027211   -154737.1889        -0.243
3.4000         0.122500     0.000024490   -154737.2088        -0.162
3.5000         0.109575     0.000013606   -154737.2217        -0.108
3.6000         0.100696     0.000021769   -154737.2306        -0.071
3.7000         0.095327     0.000019048   -154737.2360        -0.045
3.8000         0.091874     0.000016327   -154737.2395        -0.029
3.9000         0.089580     0.000013606   -154737.2417        -0.015
4.0000         0.088837     0.000027211   -154737.2425        -0.007
5.0000         0.099447     0.000013606   -154737.2319         0.017
6.0000         0.114527     0.000013606   -154737.2168         0.011
7.0000         0.122451     0.000005442   -154737.2089         0.004
8.0000         0.125526     0.000002721   -154737.2058         0.001
9.0000         0.126473     0.000010885   -154737.2048         0.000
10.0000         0.126702     0.000010885   -154737.2046         0.000
100.0000         0.126816     0.000010885   -154737.2045
1000.0000         0.126838     0.000010885   -154737.2045
