0.0020  10106921.050586     0.000013606   9923049.1673
0.0040   4943119.498961     0.000016327   4759247.6171
0.0060   3224151.495786     0.000024490   3040279.6116
0.0080   2366554.468137     0.000013606   2182682.5850
0.0100   1853312.859916     0.000021769   1669440.9768
0.0120   1512070.878235     0.000021769   1328198.9952
0.0140   1269354.662604     0.000016327   1085482.7795
0.0160   1087880.252067     0.000010885    904008.3689
0.0180    947406.626712     0.000016327    763534.7434
0.0200    835432.207047     0.000021769    651560.3240
0.0400    346458.922478     0.000021769    162587.0393
0.0600    195654.275833     0.000024490     11782.3927
0.0800    125702.481256     0.000016327    -58169.4019
0.1000     87212.726611     0.000010885    -96659.1566
0.1200     63380.939242     0.000019048   -120490.9439
0.1400     47525.458902     0.000013606   -136346.4243
0.1600     36610.040507     0.000010885   -147261.8427
0.1800     28903.560410     0.000019048   -154968.3228
0.2000     23339.261202     0.000008163   -160532.6220
0.2400     15760.347329     0.000005442   -168111.5359
0.2800     10954.684693     0.000024490   -172917.1985
0.3200      7813.878522     0.000008163   -176058.0047
0.3600      5702.358953     0.000021769   -178169.5242    -42809.303
0.4000      4285.912655     0.000016327   -179585.9705    -29045.412
0.4500      3106.802688     0.000021769   -180765.0805    -19485.609
0.5000      2239.781575     0.000016327   -181632.1016    -14920.070
0.5500      1618.124490     0.000019048   -182253.7587    -10160.909
0.6000      1195.837513     0.000021769   -182676.0457     -6936.851
0.6500       904.619420     0.000019048   -182967.2638     -4849.898
0.7000       698.311394     0.000024490   -183173.5718     -3501.376
0.7500       546.969376     0.000010885   -183324.9138     -2616.749
0.8000       432.137782     0.000021769   -183439.7454     -2013.984
0.8500       342.806791     0.000010885   -183529.0764     -1579.978
0.9000       272.347673     0.000027211   -183599.5355     -1251.009
0.9500       216.417933     0.000005442   -183655.4652      -995.474
1.0000       171.652626     0.000024490   -183700.2305      -800.443
1.1000       106.083042     0.000008163   -183765.8001      -520.835
1.2000        63.700273     0.000019048   -183808.1829      -328.977
1.3000        37.403658     0.000019048   -183834.4795      -205.792
1.4000        20.884755     0.000016327   -183850.9984      -129.338
1.5000        10.468055     0.000019048   -183861.4151       -81.441
1.6000         3.954159     0.000021769   -183867.9290       -51.040
1.7000         0.095033     0.000019048   -183871.7881       -31.750
1.8000        -2.222189     0.000013606   -183874.1054       -19.219
1.9000        -3.538124     0.000013606   -183875.4213       -11.052
2.0000        -4.206202     0.000024490   -183876.0894        -5.750
2.1000        -4.458620     0.000019048   -183876.3418        -2.313
2.2000        -4.448707     0.000013606   -183876.3319        -0.169
2.3000        -4.278499     0.000021769   -183876.1617         1.189
2.4000        -4.015507     0.000002721   -183875.8987         1.972
2.5000        -3.655206     0.000005442   -183875.5384         2.325
2.6000        -3.178533     0.000016327   -183875.0617         2.330
2.7000        -2.758060     0.000016327   -183874.6412         2.245
2.8000        -2.377849     0.000019048   -183874.2610         2.115
2.9000        -2.026732     0.000024490   -183873.9099         1.948
3.0000        -1.721208     0.000013606   -183873.6044         1.786
3.1000        -1.455331     0.000013606   -183873.3385         1.614
3.2000        -1.224094     0.000008163   -183873.1073         1.468
3.3000        -1.023214     0.000019048   -183872.9064         1.328
3.4000        -0.848459     0.000027211   -183872.7316         1.190
3.5000        -0.688195     0.000019048   -183872.5714         1.068
3.6000        -0.495324     0.000010885   -183872.3785         0.936
3.7000        -0.327359     0.000027211   -183872.2105         0.814
3.8000        -0.181331     0.000021769   -183872.0645         0.700
3.9000        -0.054450     0.000019048   -183871.9376         0.605
4.0000         0.055187     0.000024490   -183871.8280         0.522
5.0000         0.566125     0.000013606   -183871.3170         0.105
6.0000         0.658837     0.000010885   -183871.2243         0.020
7.0000         0.673711     0.000008163   -183871.2095         0.004
8.0000         0.676154     0.000005442   -183871.2070         0.001
9.0000         0.676633     0.000005442   -183871.2065
10.0000         0.676766     0.000027211   -183871.2064        -0.000
100.0000         0.677207     0.000005442   -183871.2060
1000.0000         0.677243     0.000008163   -183871.2059
