0.0020         0.000000     0.000019048  38326629.8666
0.0040  19092547.006602     0.000010885  18197304.7044
0.0060  12399342.621672     0.000016327  11504100.3211
0.0080   9061424.734913     0.000024490   8166182.4329
0.0100   7064489.453650     0.000013606   6169247.1519
0.0120   5739058.090027     0.000016327   4843815.7895
0.0140   4798354.176440     0.000019048   3903111.8759
0.0160   4097550.918350     0.000013606   3202308.6173
0.0180   3556439.327304     0.000021769   2661197.0256
0.0200   3126826.904692     0.000008163   2231584.6030
0.0400   1259839.117659     0.000010885    364596.8159
0.0600    694542.804342     0.000019048   -200699.4974
0.0800    440142.620964     0.000016327   -455099.6809
0.1000    301366.576217     0.000027211   -593875.7256
0.1200    217270.939081     0.000021769   -677971.3626
0.1400    163086.528418     0.000019048   -732155.7733
0.1600    125036.926241     0.000021769   -770205.3755
0.1800     97237.595111     0.000021769   -798004.7066
0.2000     76791.522047     0.000019048   -818450.7798
0.2400     50022.332024     0.000016327   -845219.9697
0.2800     33924.351898     0.000008163   -861317.9499
0.3200     23459.343626     0.000024490   -871782.9581
0.3600     16792.683997     0.000021769   -878449.6179
0.4000     12278.627483     0.000016327   -882963.6742
0.4500      8526.828439     0.000013606   -886715.4734
0.5000      6030.025492     0.000019048   -889212.2763    -41806.552
0.5500      4312.054422     0.000021769   -890930.2474    -27664.248
0.6000      3173.934974     0.000024490   -892068.3667    -18585.565
0.6500      2392.478242     0.000016327   -892849.8236    -13115.671
0.7000      1829.037716     0.000010885   -893413.2641     -9648.806
0.7500      1410.646491     0.000016327   -893831.6551     -7214.381
0.8000      1097.054402     0.000027211   -894145.2474     -5417.370
0.8500       861.177817     0.000010885   -894381.1239     -4084.769
0.9000       682.795815     0.000019048   -894559.5058     -3103.006
0.9500       546.637454     0.000013606   -894695.6643     -2380.112
1.0000       441.562904     0.000021769   -894800.7389     -1852.354
1.1000       294.532286     0.000021769   -894947.7694     -1152.424
1.2000       201.883744     0.000027211   -895040.4180      -748.920
1.3000       140.435865     0.000021769   -895101.8659      -505.949
1.4000        98.597307     0.000019048   -895143.7045      -345.766
1.5000        70.038169     0.000013606   -895172.2634      -236.861
1.6000        50.381853     0.000008163   -895191.9199      -163.762
1.7000        36.609739     0.000021769   -895205.6921      -115.738
1.8000        26.716176     0.000019048   -895215.5856       -84.259
1.9000        19.617319     0.000010885   -895222.6845       -62.995
2.0000        14.377960     0.000013606   -895227.9238       -47.487
2.1000        10.396065     0.000024490   -895231.9057       -36.057
2.2000         7.370707     0.000016327   -895234.9310       -27.170
2.3000         5.084289     0.000016327   -895237.2173       -20.358
2.4000         3.372053     0.000010885   -895238.9297       -15.152
2.5000         2.104361     0.000008163   -895240.1972       -11.094
2.6000         1.179908     0.000016327   -895241.1219        -8.013
2.7000         0.518932     0.000013606   -895241.7828        -5.637
2.8000         0.058007     0.000021769   -895242.2438        -3.870
2.9000        -0.250650     0.000024490   -895242.5524        -2.508
3.0000        -0.445219     0.000016327   -895242.7469        -1.536
3.1000        -0.553717     0.000024490   -895242.8555        -0.785
3.2000        -0.545801     0.000016327   -895242.8476        -0.284
3.3000        -0.501386     0.000021769   -895242.8030         0.041
3.4000        -0.432528     0.000010885   -895242.7342         0.298
3.5000        -0.348627     0.000005442   -895242.6503         0.454
3.6000        -0.255325     0.000008163   -895242.5570         0.539
3.7000        -0.156920     0.000010885   -895242.4585         0.605
3.8000        -0.057753     0.000002721   -895242.3595         0.629
3.9000         0.040003     0.000013606   -895242.2618         0.633
4.0000         0.134604     0.000016327   -895242.1671         0.614
5.0000         0.840533     0.000019048   -895241.4612         0.259
6.0000         1.119455     0.000008163   -895241.1823         0.086
7.0000         1.236222     0.000005442   -895241.0656         0.052
8.0000         1.299586     0.000005442   -895241.0022         0.031
9.0000         1.340741     0.000005442   -895240.9611         0.022
10.0000         1.370290     0.000016327   -895240.9314         0.017
100.0000         1.548881     0.000021769   -895240.7529         0.000
1000.0000         1.562579     0.000016327   -895240.7390
