0.0020   5956336.518106     0.000024490   5757379.8077
0.0040   2906695.003588     0.000027211   2707738.2928
0.0060   1895581.201780     0.000008163   1696624.4910
0.0080   1391537.879376     0.000019048   1192581.1684
0.0100   1090146.970233     0.000016327    891190.2593
0.0120    890369.143963     0.000021769    691412.4330
0.0140    748356.415944     0.000024490    549399.7051
0.0160    642148.091177     0.000024490    443191.3802
0.0180    559845.080332     0.000016327    360888.3693
0.0200    494278.793796     0.000010885    295322.0829
0.0400    207116.071394     0.000021769      8159.3605
0.0600    118239.342396     0.000019048    -80717.3685
0.0800     76596.633819     0.000019048   -122360.0770
0.1000     53485.991515     0.000024490   -145470.7194
0.1200     39256.507661     0.000013606   -159700.2032
0.1400     29748.106285     0.000016327   -169208.6046
0.1600     23051.876941     0.000021769   -175904.8339
0.1800     18199.218836     0.000021769   -180757.4920
0.2000     14621.387596     0.000008163   -184335.3233
0.2400      9903.838880     0.000016327   -189052.8720
0.2800      7081.906886     0.000024490   -191874.8040
0.3200      5209.467715     0.000008163   -193747.2432    -39105.746
0.3600      3890.610811     0.000021769   -195066.1001    -27542.518
0.4000      2960.425160     0.000019048   -195996.2857    -19448.373
0.4500      2168.366836     0.000019048   -196788.3440    -12742.629
0.5000      1643.338113     0.000021769   -197313.3728     -8620.356
0.5500      1274.694961     0.000024490   -197682.0159     -6426.555
0.6000       986.135258     0.000021769   -197970.5756     -5140.387
0.6500       759.697732     0.000021769   -198197.0131     -3936.259
0.7000       589.016852     0.000016327   -198367.6940     -2938.186
0.7500       461.937143     0.000024490   -198494.7737     -2187.472
0.8000       366.993899     0.000010885   -198589.7170     -1641.764
0.8500       295.183874     0.000013606   -198661.5270     -1250.865
0.9000       239.872888     0.000019048   -198716.8380      -971.373
0.9500       196.358432     0.000010885   -198760.3524      -769.560
1.0000       161.385437     0.000019048   -198795.3254      -621.389
1.1000       109.928317     0.000016327   -198846.7825      -421.631
1.2000        74.441111     0.000016327   -198882.2698      -296.373
1.3000        49.373002     0.000021769   -198907.3379      -209.531
1.4000        31.757103     0.000019048   -198924.9538      -146.190
1.5000        19.565437     0.000010885   -198937.1454      -100.330
1.6000        11.263118     0.000024490   -198945.4477       -67.731
1.7000         5.700124     0.000027211   -198951.0107       -44.921
1.8000         2.043832     0.000010885   -198954.6671       -29.148
1.9000        -0.299508     0.000021769   -198957.0104       -18.370
2.0000        -1.742476     0.000013606   -198958.4534       -10.976
2.1000        -2.574582     0.000027211   -198959.2855        -5.998
2.2000        -2.993558     0.000021769   -198959.7044        -2.624
2.3000        -3.137289     0.000010885   -198959.8482        -0.411
2.4000        -3.099767     0.000010885   -198959.8106         1.035
2.5000        -2.818722     0.000016327   -198959.5296         1.735
2.6000        -2.419648     0.000024490   -198959.1305         1.924
2.7000        -2.058466     0.000019048   -198958.7693         2.020
2.8000        -1.732996     0.000027211   -198958.4439         2.027
2.9000        -1.408214     0.000010885   -198958.1191         1.912
3.0000        -0.991801     0.000016327   -198957.7027         1.590
3.1000        -0.665468     0.000013606   -198957.3763         1.339
3.2000        -0.406239     0.000005442   -198957.1171         1.143
3.3000        -0.197400     0.000002721   -198956.9083         0.994
3.4000        -0.026980     0.000010885   -198956.7378         0.870
3.5000         0.113749     0.000024490   -198956.5971         0.765
3.6000         0.231180     0.000021769   -198956.4797         0.675
3.7000         0.370932     0.000021769   -198956.3399         0.542
3.8000         0.481971     0.000016327   -198956.2289         0.437
3.9000         0.568979     0.000010885   -198956.1419         0.353
4.0000         0.637196     0.000021769   -198956.0737         0.286
5.0000         0.865891     0.000005442   -198955.8450         0.036
6.0000         0.887946     0.000019048   -198955.8229         0.006
7.0000         0.890147     0.000016327   -198955.8207         0.001
8.0000         0.890253     0.000008163   -198955.8206        -0.000
9.0000         0.890136     0.000005442   -198955.8207        -0.000
10.0000         0.890019     0.000002721   -198955.8208        -0.000
100.0000         0.889203     0.000008163   -198955.8217
1000.0000         0.889135     0.000010885   -198955.8217
