0.0020   7204876.907461     0.000027211   7071542.7107
0.0040   3525134.438755     0.000024490   3391800.2428
0.0060   2300717.968653     0.000024490   2167383.7713
0.0080   1690420.205818     0.000019048   1557086.0085
0.0100   1325411.866429     0.000016327   1192077.6692
0.0120   1082717.122706     0.000005442    949382.9255
0.0140    909788.165756     0.000016327    776453.9686
0.0160    780672.511819     0.000010885    647338.3145
0.0180    680657.060391     0.000008163    547322.8631
0.0200    600956.321830     0.000010885    467622.1245
0.0400    250928.779178     0.000019048    117594.5819
0.0600    143033.022387     0.000013606      9698.8252
0.0800     92554.244776     0.000016327    -40779.9525
0.1000     64434.405663     0.000016327    -68899.7916
0.1200     47145.191758     0.000024490    -86189.0055
0.1400     35629.580788     0.000019048    -97704.6164
0.1600     27530.638356     0.000013606   -105803.5589
0.1800     21661.948132     0.000010885   -111672.2491
0.2000     17338.016036     0.000016327   -115996.1812
0.2400     11659.693894     0.000008163   -121674.5033
0.2800      8312.530738     0.000008163   -125021.6665
0.3200      5949.794789     0.000013606   -127384.4024    -48863.180
0.3600      4344.831411     0.000010885   -128989.3658    -32606.124
0.4000      3258.310299     0.000019048   -130075.8869    -22562.887
0.4500      2334.878833     0.000013606   -130999.3184    -15033.811
0.5000      1710.679178     0.000027211   -131623.5181    -10261.156
0.5500      1281.000015     0.000019048   -132053.1972     -7163.100
0.6000       974.825369     0.000019048   -132359.3719     -5266.578
0.6500       738.340922     0.000016327   -132595.8563     -4258.668
0.7000       549.274159     0.000024490   -132784.9231     -3238.640
0.7500       409.893985     0.000024490   -132924.3032     -2365.939
0.8000       308.342638     0.000024490   -133025.8546     -1730.232
0.8500       233.846130     0.000024490   -133100.3511     -1278.783
0.9000       178.500143     0.000019048   -133155.6971      -958.412
0.9500       136.763774     0.000010885   -133197.4334      -729.030
1.0000       104.816461     0.000016327   -133229.3808      -562.209
1.1000        60.661829     0.000021769   -133273.5354      -344.020
1.2000        33.413904     0.000013606   -133300.7833      -212.322
1.3000        16.688004     0.000016327   -133317.5092      -128.640
1.4000         6.755161     0.000027211   -133327.4421       -74.963
1.5000         1.123670     0.000021769   -133333.0735       -41.038
1.6000        -1.880310     0.000010885   -133336.0775       -20.286
1.7000        -3.278228     0.000024490   -133337.4755        -7.932
1.8000        -3.047255     0.000008163   -133337.2445        -2.549
1.9000        -2.643416     0.000024490   -133336.8406         0.693
2.0000        -2.116132     0.000024490   -133336.3134         2.663
2.1000        -1.389759     0.000016327   -133335.5870         3.605
2.2000        -0.582155     0.000019048   -133334.7794         3.941
2.3000         0.564694     0.000008163   -133333.6325         3.301
2.4000         1.534704     0.000010885   -133332.6625         2.775
2.5000         2.341034     0.000024490   -133331.8562         2.363
2.6000         2.972976     0.000021769   -133331.2243         2.092
2.7000         3.478776     0.000021769   -133330.7185         1.907
2.8000         3.892846     0.000019048   -133330.3044         1.779
2.9000         4.269825     0.000008163   -133329.9274         1.666
3.0000         4.612280     0.000010885   -133329.5849         1.542
3.1000         4.913790     0.000024490   -133329.2834         1.440
3.2000         5.180862     0.000008163   -133329.0164         1.337
3.3000         5.418880     0.000013606   -133328.7783         1.233
3.4000         5.632367     0.000021769   -133328.5649         1.123
3.5000         5.823758     0.000016327   -133328.3735         1.028
3.6000         5.994929     0.000019048   -133328.2023         0.940
3.7000         6.148124     0.000019048   -133328.0491         0.845
3.8000         6.285490     0.000019048   -133327.9117         0.757
3.9000         6.408167     0.000008163   -133327.7891         0.682
4.0000         6.517097     0.000016327   -133327.6801         0.610
5.0000         7.088250     0.000016327   -133327.1090         0.158
6.0000         7.218707     0.000005442   -133326.9785         0.036
7.0000         7.244406     0.000008163   -133326.9528         0.007
8.0000         7.249576     0.000010885   -133326.9477         0.001
9.0000         7.250803     0.000016327   -133326.9464        -0.000
10.0000         7.251187     0.000010885   -133326.9460        -0.000
100.0000         7.252283     0.000013606   -133326.9449
1000.0000         7.252362     0.000008163   -133326.9449
