0.0020   4107508.385865     0.000024490   3799414.9248
0.0040   2004366.524652     0.000021769   1696273.0629
0.0060   1305692.497163     0.000021769    997599.0356
0.0080    957845.591967     0.000016327    649752.1303
0.0100    750071.518981     0.000010885    441978.0573
0.0120    612214.163524     0.000024490    304120.7019
0.0140    514211.914977     0.000027211    206118.4533
0.0160    441095.994553     0.000021769    133002.5329
0.0180    384552.704845     0.000019048     76459.2432
0.0200    339551.646391     0.000024490     31458.1847
0.0400    142327.332218     0.000019048   -165766.1295
0.0600     80999.420435     0.000016327   -227094.0412
0.0800     52410.165082     0.000016327   -255683.2966
0.1000     36636.145610     0.000013606   -271457.3161
0.1200     26949.927307     0.000016327   -281143.5344
0.1400     20431.309738     0.000021769   -287662.1519
0.1600     15791.557821     0.000016327   -292301.9039
0.1800     12411.015142     0.000010885   -295682.4464
0.2000      9915.397709     0.000019048   -298178.0640
0.2400      6633.680742     0.000016327   -301459.7809
0.2800      4665.976560     0.000019048   -303427.4851    -39053.794
0.3200      3370.207502     0.000019048   -304723.2542    -26801.062
0.3600      2466.711281     0.000008163   -305626.7504    -18835.927
0.4000      1831.778859     0.000021769   -306261.6829    -13246.222
0.4500      1293.922125     0.000019048   -306799.5395     -8641.797
0.5000       939.829884     0.000016327   -307153.6319     -5772.550
0.5500       698.546348     0.000024490   -307394.9153     -4036.446
0.6000       525.213669     0.000010885   -307568.2481     -2981.476
0.6500       395.134317     0.000013606   -307698.3273     -2260.231
0.7000       296.586461     0.000016327   -307796.8753     -1705.638
0.7500       222.595739     0.000013606   -307870.8661     -1273.300
0.8000       167.557167     0.000010885   -307925.9044      -943.820
0.8500       126.803633     0.000005442   -307966.6581      -698.032
0.9000        96.655012     0.000008163   -307996.8067      -516.682
0.9500        74.304548     0.000013606   -308019.1570      -383.662
1.0000        57.662970     0.000016327   -308035.7987      -286.388
1.1000        35.921018     0.000021769   -308057.5406      -163.912
1.2000        23.437818     0.000016327   -308070.0238       -99.407
1.3000        15.853988     0.000016327   -308077.6076       -66.383
1.4000        10.563965     0.000019048   -308082.8978       -47.575
1.5000         6.652993     0.000010885   -308086.8086       -34.490
1.6000         3.790311     0.000027211   -308089.6713       -24.426
1.7000         1.771563     0.000024490   -308091.6901       -16.649
1.8000         0.415515     0.000019048   -308093.0460       -10.783
1.9000        -0.447127     0.000024490   -308093.9089        -6.539
2.0000        -0.952363     0.000027211   -308094.4139        -3.548
2.1000        -1.210934     0.000016327   -308094.6727        -1.517
2.2000        -1.299592     0.000008163   -308094.7612        -0.162
2.3000        -1.278840     0.000016327   -308094.7405         0.738
2.4000        -1.186869     0.000002721   -308094.6485         1.265
2.5000        -1.050912     0.000019048   -308094.5124         1.579
2.6000        -0.859023     0.000016327   -308094.3206         1.689
2.7000        -0.640015     0.000024490   -308094.1016         1.660
2.8000        -0.430854     0.000008163   -308093.8926         1.606
2.9000        -0.235104     0.000021769   -308093.6967         1.529
3.0000        -0.052964     0.000021769   -308093.5146         1.417
3.1000         0.116906     0.000008163   -308093.3448         1.297
3.2000         0.273752     0.000024490   -308093.1878         1.195
3.3000         0.416775     0.000019048   -308093.0449         1.109
3.4000         0.548473     0.000010885   -308092.9132         1.006
3.5000         0.675400     0.000005442   -308092.7862         0.889
3.6000         0.790649     0.000005442   -308092.6711         0.793
3.7000         0.894003     0.000016327   -308092.5676         0.718
3.8000         0.986669     0.000021769   -308092.4751         0.648
3.9000         1.069035     0.000027211   -308092.3927         0.588
4.0000         1.142451     0.000019048   -308092.3192         0.523
5.0000         1.588218     0.000019048   -308091.8735         0.185
6.0000         1.788110     0.000016327   -308091.6735         0.147
7.0000         1.901660     0.000013606   -308091.5600         0.071
8.0000         1.977419     0.000027211   -308091.4844         0.050
9.0000         2.032052     0.000019048   -308091.4297         0.038
10.0000         2.073903     0.000008163   -308091.3878         0.029
100.0000         2.357881     0.000024490   -308091.1037         0.000
1000.0000         2.381988     0.000008163   -308091.0797
