0.0020   9978595.025747     0.000010885   9777908.0682
0.0040   4870953.918446     0.000021769   4670266.9617
0.0060   3176087.902072     0.000013606   2975400.9441
0.0080   2330586.204133     0.000019048   2129899.2467
0.0100   1824738.424129     0.000013606   1624051.4665
0.0120   1488353.867013     0.000019048   1287666.9095
0.0140   1249044.245528     0.000024490   1048357.2879
0.0160   1070456.193287     0.000002721    869769.2356
0.0180    932130.899507     0.000021769    731443.9419
0.0200    821935.872458     0.000024490    621248.9149
0.0400    341113.175692     0.000027211    140426.2181
0.0600    192985.953550     0.000024490     -7701.0040
0.0800    124091.878573     0.000021769    -76595.0790
0.1000     86073.124008     0.000024490   -114613.8336
0.1200     62521.664541     0.000019048   -138165.2930
0.1400     46898.775516     0.000019048   -153788.1820
0.1600     36145.935783     0.000013606   -164541.0218
0.1800     28552.275955     0.000019048   -172134.6816
0.2000     23076.930871     0.000016327   -177610.0267
0.2400     15586.071669     0.000016327   -185100.8859
0.2800     10843.045747     0.000016327   -189843.9118
0.3200      7768.925472     0.000013606   -192918.0321
0.3600      5721.592865     0.000019048   -194965.3647    -41560.911
0.4000      4344.174909     0.000016327   -196342.7826    -28371.513
0.4500      3174.540691     0.000021769   -197512.4169    -20026.650
0.5000      2303.770182     0.000021769   -198383.1874    -14692.460
0.5500      1688.006417     0.000016327   -198998.9511    -10181.469
0.6000      1260.493513     0.000016327   -199426.4641     -7115.150
0.6500       958.503073     0.000021769   -199728.4545     -5092.001
0.7000       739.777591     0.000016327   -199947.1800     -3750.122
0.7500       576.632478     0.000024490   -200110.3251     -2827.302
0.8000       452.526530     0.000013606   -200234.4310     -2165.732
0.8500       356.982976     0.000019048   -200329.9746     -1675.156
0.9000       282.915208     0.000024490   -200404.0424     -1303.948
0.9500       225.071141     0.000013606   -200461.8864     -1026.319
1.0000       179.055753     0.000008163   -200507.9018      -821.986
1.1000       112.660224     0.000008163   -200574.2973      -525.097
1.2000        70.703384     0.000019048   -200616.2542      -326.893
1.3000        44.663596     0.000021769   -200642.2940      -204.529
1.4000        28.188481     0.000010885   -200658.7691      -130.249
1.5000        17.580018     0.000010885   -200669.3776       -84.018
1.6000        10.668546     0.000010885   -200676.2890       -54.576
1.7000         6.137871     0.000027211   -200680.8197       -35.528
1.8000         3.161597     0.000019048   -200683.7960       -23.071
1.9000         1.208306     0.000019048   -200685.7493       -14.863
2.0000        -0.064877     0.000016327   -200687.0225        -9.422
2.1000        -0.883323     0.000016327   -200687.8409        -5.810
2.2000        -1.394897     0.000016327   -200688.3525        -3.398
2.3000        -1.697923     0.000021769   -200688.6555        -1.792
2.4000        -1.857820     0.000024490   -200688.8154        -0.733
2.5000        -1.919598     0.000019048   -200688.8772        -0.040
2.6000        -1.913377     0.000021769   -200688.8710         0.412
2.7000        -1.861597     0.000027211   -200688.8192         0.689
2.8000        -1.778744     0.000016327   -200688.7363         0.843
2.9000        -1.676755     0.000013606   -200688.6343         0.939
3.0000        -1.563450     0.000019048   -200688.5210         0.964
3.1000        -1.437543     0.000010885   -200688.3951         0.953
3.2000        -1.307121     0.000024490   -200688.2647         0.931
3.3000        -1.180566     0.000019048   -200688.1381         0.885
3.4000        -1.058842     0.000019048   -200688.0164         0.825
3.5000        -0.941694     0.000008163   -200687.8993         0.769
3.6000        -0.828119     0.000013606   -200687.7857         0.713
3.7000        -0.691969     0.000019048   -200687.6495         0.630
3.8000        -0.569401     0.000027211   -200687.5270         0.554
3.9000        -0.460553     0.000008163   -200687.4181         0.494
4.0000        -0.364586     0.000010885   -200687.3222         0.434
5.0000         0.124745     0.000000000   -200686.8328         0.107
6.0000         0.243128     0.000019048   -200686.7144         0.030
7.0000         0.275243     0.000013606   -200686.6823         0.008
8.0000         0.287682     0.000019048   -200686.6699         0.003
9.0000         0.294569     0.000021769   -200686.6630         0.002
10.0000         0.299263     0.000021769   -200686.6583         0.001
100.0000         0.327312     0.000019048   -200686.6303
1000.0000         0.329514     0.000019048   -200686.6281
