0.0020  17898838.042133     0.000027211  17545020.9404
0.0040   8730946.549489     0.000010885   8377129.4496
0.0060   5684246.200031     0.000010885   5330429.0996
0.0080   4164053.925005     0.000024490   3810236.8235
0.0100   3254771.437555     0.000021769   2900954.3361
0.0120   2650538.769606     0.000024490   2296721.6691
0.0140   2220319.089339     0.000013606   1866501.9888
0.0160   1899149.652133     0.000024490   1545332.5516
0.0180   1651002.724211     0.000013606   1297185.6234
0.0200   1453572.883390     0.000016327   1099755.7828
0.0400    595034.217864     0.000010885    241217.1172
0.0600    332108.637667     0.000016327    -21708.4630
0.0800    211964.597310     0.000019048   -141852.5033
0.1000    145709.845350     0.000024490   -208107.2553
0.1200    105640.360656     0.000019048   -248176.7400
0.1400     79623.678042     0.000019048   -274193.4225
0.1600     61302.375066     0.000016327   -292514.7256
0.1800     48011.308127     0.000013606   -305805.7924
0.2000     38226.334947     0.000016327   -315590.7658
0.2400     25297.235609     0.000019048   -328519.8649
0.2800     17638.758940     0.000013606   -336178.3417
0.3200     12437.595076     0.000016327   -341379.5056
0.3600      9004.420240     0.000010885   -344812.6804
0.4000      6728.622445     0.000027211   -347088.4783    -46725.242
0.4500      4832.412429     0.000021769   -348984.6881    -30620.606
0.5000      3565.864060     0.000024490   -350251.2365    -20869.057
0.5500      2674.997628     0.000021769   -351142.1031    -15298.092
0.6000      2014.133305     0.000008163   -351802.9672    -11347.625
0.6500      1524.185519     0.000024490   -352292.9152     -8294.089
0.7000      1170.734658     0.000021769   -352646.3659     -5983.566
0.7500       913.078235     0.000021769   -352904.0225     -4425.088
0.8000       718.603199     0.000016327   -353098.4974     -3399.941
0.8500       566.362195     0.000013606   -353250.7384     -2711.494
0.9000       444.464975     0.000027211   -353372.6356     -2164.523
0.9500       347.523794     0.000021769   -353469.5768     -1713.204
1.0000       271.042998     0.000005442   -353546.0577     -1347.305
1.1000       164.493346     0.000008163   -353652.6074      -820.741
1.2000       100.120068     0.000013606   -353716.9806      -498.626
1.3000        60.920022     0.000021769   -353756.1805      -306.813
1.4000        36.622150     0.000027211   -353780.4784      -191.752
1.5000        21.372318     0.000008163   -353795.7282      -121.113
1.6000        11.740400     0.000024490   -353805.3602       -76.684
1.7000         5.670795     0.000019048   -353811.4297       -48.110
1.8000         1.947890     0.000013606   -353815.1528       -29.473
1.9000        -0.279815     0.000027211   -353817.3803       -17.171
2.0000        -1.159943     0.000019048   -353818.2606        -9.954
2.1000        -1.394611     0.000021769   -353818.4952        -5.737
2.2000        -1.380431     0.000005442   -353818.4810        -3.119
2.3000        -1.281937     0.000024490   -353818.3825        -1.512
2.4000        -0.908499     0.000021769   -353818.0092        -0.947
2.5000        -0.424740     0.000021769   -353817.5254        -0.970
2.6000        -0.098500     0.000013606   -353817.1991        -0.925
2.7000         0.117885     0.000024490   -353816.9828        -0.832
2.8000         0.263390     0.000021769   -353816.8372        -0.652
2.9000         0.368891     0.000002721   -353816.7319        -0.475
3.0000         0.454803     0.000013606   -353816.6459        -0.263
3.1000         0.532500     0.000027211   -353816.5681        -0.080
3.2000         0.610006     0.000019048   -353816.4905         0.077
3.3000         0.689248     0.000016327   -353816.4113         0.223
3.4000         0.770817     0.000019048   -353816.3297         0.327
3.5000         0.855265     0.000027211   -353816.2453         0.397
3.6000         0.940940     0.000013606   -353816.1596         0.454
3.7000         1.026324     0.000027211   -353816.0744         0.495
3.8000         1.110443     0.000010885   -353815.9901         0.509
3.9000         1.192814     0.000010885   -353815.9079         0.507
4.0000         1.272487     0.000008163   -353815.8282         0.500
5.0000         1.825580     0.000005442   -353815.2750         0.243
6.0000         2.026963     0.000021769   -353815.0736         0.099
7.0000         2.087846     0.000027211   -353815.0129         0.036
8.0000         2.107751     0.000016327   -353814.9928         0.018
9.0000         2.115838     0.000016327   -353814.9849         0.011
10.0000         2.120170     0.000005442   -353814.9805         0.007
100.0000         2.139180     0.000027211   -353814.9615         0.000
1000.0000         2.140429     0.000013606   -353814.9601
