0.0020         0.000000     0.000013606  34622571.6490
0.0040  17250290.052882     0.000024490  16412748.8235
0.0060  11206797.213732     0.000024490  10369255.9844
0.0080   8197706.127207     0.000016327   7360164.8994
0.0100   6397044.831185     0.000010885   5559503.6028
0.0120   5200313.339223     0.000016327   4362772.1106
0.0140   4349209.309459     0.000016327   3511668.0804
0.0160   3715018.076580     0.000021769   2877476.8470
0.0180   3225359.184263     0.000024490   2387817.9553
0.0200   2836517.287950     0.000021769   1998976.0590
0.0400   1144974.205359     0.000019048    307432.9762
0.0600    631648.489814     0.000021769   -205892.7392
0.0800    400207.045651     0.000021769   -437334.1833
0.1000    274508.781391     0.000021769   -563032.4477
0.1200    197377.421836     0.000016327   -640163.8071
0.1400    147624.176694     0.000016327   -689917.0523
0.1600    113708.203109     0.000013606   -723833.0260
0.1800     88871.818013     0.000016327   -748669.4111
0.2000     70204.023284     0.000019048   -767337.2057
0.2400     45689.923774     0.000016327   -791851.3052
0.2800     31327.142737     0.000024490   -806214.0863
0.3200     21803.755503     0.000013606   -815737.4735
0.3600     15576.715621     0.000013606   -821964.5133
0.4000     11500.237693     0.000016327   -826040.9913
0.4500      8124.294810     0.000019048   -829416.9343
0.5000      5878.338640     0.000008163   -831662.8905    -37006.378
0.5500      4316.113660     0.000024490   -833225.1153    -26153.498
0.6000      3218.446491     0.000016327   -834322.7824    -18175.018
0.6500      2455.071310     0.000013606   -835086.1579    -12767.672
0.7000      1910.323182     0.000010885   -835630.9058     -9430.118
0.7500      1496.289440     0.000019048   -836044.9397     -7238.506
0.8000      1178.062779     0.000019048   -836363.1664     -5571.980
0.8500       932.546928     0.000005442   -836608.6820     -4285.553
0.9000       743.755386     0.000016327   -836797.4736     -3286.131
0.9500       599.040132     0.000027211   -836942.1890     -2530.454
1.0000       487.431421     0.000027211   -837053.7976     -1963.699
1.1000       331.918840     0.000019048   -837209.3102     -1221.646
1.2000       233.131355     0.000016327   -837308.0976      -793.674
1.3000       167.914817     0.000013606   -837373.3144      -537.209
1.4000       123.525305     0.000024490   -837417.7038      -377.388
1.5000        91.910985     0.000005442   -837449.3180      -269.982
1.6000        69.097533     0.000013606   -837472.1315      -194.990
1.7000        52.401742     0.000019048   -837488.8273      -144.346
1.8000        39.883765     0.000021769   -837501.3453      -108.417
1.9000        30.403570     0.000016327   -837510.8255       -81.739
2.0000        23.263539     0.000013606   -837517.9655       -61.662
2.1000        17.881683     0.000013606   -837523.3474       -46.474
2.2000        13.817286     0.000021769   -837527.4117       -35.110
2.3000        10.748096     0.000021769   -837530.4809       -26.430
2.4000         8.434681     0.000027211   -837532.7944       -19.873
2.5000         6.695854     0.000013606   -837534.5332       -14.880
2.6000         5.393797     0.000013606   -837535.8352       -11.074
2.7000         4.421068     0.000010885   -837536.8080        -8.229
2.8000         3.696494     0.000013606   -837537.5327        -6.086
2.9000         3.157180     0.000016327   -837538.0720        -4.482
3.0000         2.755769     0.000019048   -837538.4734        -3.334
3.1000         2.455897     0.000021769   -837538.7733        -2.435
3.2000         2.230880     0.000021769   -837538.9983        -1.828
3.3000         2.061037     0.000010885   -837539.1681        -1.372
3.4000         1.931612     0.000021769   -837539.2973        -1.012
3.5000         1.832176     0.000024490   -837539.3969        -0.773
3.6000         1.755154     0.000019048   -837539.4739        -0.600
3.7000         1.694962     0.000024490   -837539.5341        -0.460
3.8000         1.647476     0.000021769   -837539.5817        -0.352
3.9000         1.609900     0.000021769   -837539.6193        -0.284
4.0000         1.580315     0.000021769   -837539.6486        -0.222
5.0000         1.486959     0.000021769   -837539.7420        -0.008
6.0000         1.501386     0.000024490   -837539.7276         0.013
7.0000         1.515258     0.000021769   -837539.7137         0.008
8.0000         1.520396     0.000021769   -837539.7088         0.002
9.0000         1.521781     0.000021769   -837539.7074        -0.000
10.0000         1.522116     0.000019048   -837539.7069        -0.001
100.0000         1.522208     0.000019048   -837539.7069
1000.0000         1.522208     0.000019048   -837539.7069
