0.0020         0.000000     0.000019048  32190684.1816
0.0040  16083053.522358     0.000019048  15222902.1274
0.0060  10447655.454919     0.000024490   9587504.0609
0.0080   7643660.028370     0.000027211   6783508.6336
0.0100   5966431.103380     0.000013606   5106279.7095
0.0120   4852480.764795     0.000019048   3992329.3711
0.0140   4060205.778042     0.000008163   3200054.3845
0.0160   3469752.024436     0.000013606   2609600.6298
0.0180   3014056.248729     0.000005442   2153904.8542
0.0200   2652589.718743     0.000016327   1792438.3241
0.0400   1080184.219288     0.000021769    220032.8247
0.0600    598284.110963     0.000013606   -261867.2836
0.0800    378301.650147     0.000021769   -481849.7444
0.1000    258187.427845     0.000027211   -601963.9667
0.1200    184456.237629     0.000024490   -675695.1568
0.1400    136934.473914     0.000024490   -723216.9206
0.1600    105227.325880     0.000019048   -754924.0686
0.1800     82310.128331     0.000019048   -777841.2663
0.2000     65293.156092     0.000016327   -794858.2385
0.2400     42547.348830     0.000021769   -817604.0458
0.2800     29296.846339     0.000019048   -830854.5483
0.3200     20771.616227     0.000013606   -839379.7782
0.3600     14989.133996     0.000024490   -845162.2605
0.4000     11190.813971     0.000021769   -848960.5807
0.4500      8083.569168     0.000021769   -852067.8255    -49778.151
0.5000      6006.795787     0.000008163   -854144.5987    -34687.178
0.5500      4519.271491     0.000013606   -855632.1230    -25412.158
0.6000      3426.114121     0.000016327   -856725.2804    -18658.610
0.6500      2622.998419     0.000027211   -857528.3962    -13738.115
0.7000      2028.892695     0.000019048   -858122.5018    -10252.702
0.7500      1579.604103     0.000016327   -858571.7905     -7881.279
0.8000      1233.282781     0.000019048   -858918.1118     -6103.288
0.8500       964.871590     0.000013606   -859186.5229     -4730.707
0.9000       756.377270     0.000016327   -859395.0174     -3648.327
0.9500       594.886783     0.000019048   -859556.5078     -2804.033
1.0000       470.157469     0.000021769   -859681.2372     -2154.950
1.1000       301.421213     0.000016327   -859849.9734     -1288.780
1.2000       199.143012     0.000024490   -859952.2516      -803.320
1.3000       134.655846     0.000019048   -860016.7388      -525.516
1.4000        91.704581     0.000027211   -860059.6900      -355.190
1.5000        62.620103     0.000016327   -860088.7744      -245.987
1.6000        42.442719     0.000008163   -860108.9519      -172.400
1.7000        28.309844     0.000027211   -860123.0847      -122.568
1.8000        17.993644     0.000019048   -860133.4008       -87.137
1.9000        10.446651     0.000027211   -860140.9479       -62.241
2.0000         4.928547     0.000016327   -860146.4661       -44.713
2.1000         0.905171     0.000021769   -860150.4893       -32.076
2.2000        -1.978067     0.000019048   -860153.3726       -22.787
2.3000        -3.986010     0.000013606   -860155.3805       -15.909
2.4000        -5.293512     0.000021769   -860156.6881       -10.678
2.5000        -6.133903     0.000019048   -860157.5283        -6.816
2.6000        -6.598644     0.000027211   -860157.9931        -3.901
2.7000        -6.805992     0.000021769   -860158.2005        -1.828
2.8000        -6.769801     0.000013606   -860158.1643        -0.424
2.9000        -6.544499     0.000016327   -860157.9390         0.371
3.0000        -6.246224     0.000008163   -860157.6407         0.957
3.1000        -5.930397     0.000002721   -860157.3251         1.342
3.2000        -5.606413     0.000013606   -860157.0010         1.553
3.3000        -5.282668     0.000019048   -860156.6772         1.703
3.4000        -4.966404     0.000008163   -860156.3610         1.781
3.5000        -4.660977     0.000013606   -860156.0557         1.761
3.6000        -4.368469     0.000024490   -860155.7631         1.725
3.7000        -4.060678     0.000010885   -860155.4554         1.648
3.8000        -3.756876     0.000016327   -860155.1514         1.542
3.9000        -3.481502     0.000021769   -860154.8760         1.418
4.0000        -3.231302     0.000005442   -860154.6260         1.304
5.0000        -1.705961     0.000008163   -860153.1005         0.429
6.0000        -1.234464     0.000019048   -860152.6289         0.162
7.0000        -1.075797     0.000027211   -860152.4703         0.061
8.0000        -0.999385     0.000008163   -860152.3938         0.035
9.0000        -0.951958     0.000024490   -860152.3465         0.024
10.0000        -0.918417     0.000002721   -860152.3130         0.018
100.0000        -0.717276     0.000016327   -860152.1119         0.000
1000.0000        -0.701850     0.000016327   -860152.0964
