0.0020  17683486.129715     0.000021769  17341617.2193
0.0040   8628762.675171     0.000013606   8286893.7666
0.0060   5618323.113866     0.000019048   5276454.2045
0.0080   4116345.405651     0.000019048   3774476.4967
0.0100   3217981.211959     0.000024490   2876112.3017
0.0120   2620906.472038     0.000024490   2279037.5627
0.0140   2195706.198935     0.000016327   1853837.2894
0.0160   1878267.467901     0.000019048   1536398.5586
0.0180   1633008.178358     0.000013606   1291139.2689
0.0200   1437798.555417     0.000016327   1095929.6461
0.0400    588604.846684     0.000005442    246735.9373
0.0600    328626.767828     0.000019048    -13242.1415
0.0800    209781.031614     0.000016327   -132087.8778
0.1000    144197.607659     0.000008163   -197671.3017
0.1200    104500.637501     0.000019048   -237368.2719
0.1400     78825.725613     0.000021769   -263043.1838
0.1600     60827.518064     0.000019048   -281041.3913
0.1800     47749.904829     0.000016327   -294119.0045
0.2000     38084.810060     0.000024490   -303784.0994
0.2400     25272.914580     0.000010885   -316595.9947
0.2800     17686.159913     0.000021769   -324182.7494
0.3200     12543.101498     0.000019048   -329325.8080
0.3600      9124.789249     0.000008163   -332744.1201
0.4000      6859.320203     0.000021769   -335009.5891    -46484.705
0.4500      4972.721808     0.000019048   -336896.1876    -30484.916
0.5000      3704.312794     0.000016327   -338164.5965    -21074.464
0.5500      2799.052698     0.000010885   -339069.8568    -15643.421
0.6000      2115.043319     0.000019048   -339753.8661    -11865.966
0.6500      1605.377350     0.000021769   -340263.5320     -8612.715
0.7000      1237.121661     0.000013606   -340631.7876     -6268.819
0.7500       966.120530     0.000024490   -340902.7889     -4664.715
0.8000       761.263552     0.000024490   -341107.6458     -3574.344
0.8500       601.424487     0.000008163   -341267.4848     -2838.968
0.9000       473.739784     0.000016327   -341395.1696     -2267.600
0.9500       372.240248     0.000024490   -341496.6692     -1798.593
1.0000       292.178661     0.000008163   -341576.7308     -1417.651
1.1000       179.621426     0.000019048   -341689.2881      -875.778
1.2000       110.003064     0.000024490   -341758.9062      -543.193
1.3000        66.614648     0.000016327   -341802.2948      -340.638
1.4000        39.254787     0.000019048   -341829.6545      -216.199
1.5000        21.822889     0.000010885   -341847.0864      -138.294
1.6000        10.703189     0.000024490   -341858.2061       -88.389
1.7000         3.634449     0.000021769   -341865.2750       -55.797
1.8000        -0.779645     0.000021769   -341869.6890       -34.298
1.9000        -3.445216     0.000024490   -341872.3546       -20.145
2.0000        -4.964526     0.000016327   -341873.8738       -10.901
2.1000        -5.739702     0.000010885   -341874.6491        -4.982
2.2000        -6.038807     0.000024490   -341874.9482        -1.228
2.3000        -5.830311     0.000010885   -341874.7397         0.614
2.4000        -5.502925     0.000024490   -341874.4124         1.624
2.5000        -5.132497     0.000019048   -341874.0417         2.153
2.6000        -4.752582     0.000010885   -341873.6619         2.391
2.7000        -4.379193     0.000024490   -341873.2885         2.477
2.8000        -3.958619     0.000010885   -341872.8681         2.378
2.9000        -3.549272     0.000021769   -341872.4586         2.162
3.0000        -3.189306     0.000021769   -341872.0986         2.006
3.1000        -2.820282     0.000021769   -341871.7296         1.809
3.2000        -2.467083     0.000019048   -341871.3764         1.622
3.3000        -2.158830     0.000019048   -341871.0681         1.477
3.4000        -1.867393     0.000024490   -341870.7766         1.339
3.5000        -1.602781     0.000008163   -341870.5122         1.203
3.6000        -1.371057     0.000024490   -341870.2803         1.099
3.7000        -1.167023     0.000002721   -341870.0765         1.018
3.8000        -0.985978     0.000021769   -341869.8953         0.937
3.9000        -0.823531     0.000010885   -341869.7328         0.857
4.0000        -0.676777     0.000013606   -341869.5861         0.794
5.0000         0.247866     0.000010885   -341868.6615         0.337
6.0000         0.581271     0.000019048   -341868.3282         0.129
7.0000         0.685012     0.000008163   -341868.2245         0.042
8.0000         0.718982     0.000005442   -341868.1905         0.019
9.0000         0.733380     0.000010885   -341868.1761         0.011
10.0000         0.741494     0.000016327   -341868.1679         0.007
100.0000         0.781275     0.000005442   -341868.1282         0.000
1000.0000         0.784085     0.000016327   -341868.1252
