0.0020  18033833.229733     0.000019048  17390612.4344
0.0040   8775453.553612     0.000027211   8132232.7578
0.0060   5701521.027085     0.000024490   5058300.2332
0.0080   4173853.098159     0.000013606   3530632.3036
0.0100   3262035.536558     0.000021769   2618814.7419
0.0120   2656357.963730     0.000024490   2013137.1690
0.0140   2225449.760952     0.000019048   1582228.9664
0.0160   1903997.300555     0.000021769   1260776.5059
0.0180   1655348.674242     0.000016327   1012127.8797
0.0200   1457849.580116     0.000019048    814628.7855
0.0400    596606.757195     0.000019048    -46614.0374
0.0600    333955.970154     0.000016327   -309264.8245
0.0800    213648.981104     0.000024490   -429571.8134
0.1000    147398.306305     0.000016327   -495822.4882
0.1200    106700.797800     0.000010885   -536519.9968
0.1400     79671.646291     0.000024490   -563549.1483
0.1600     60832.681160     0.000024490   -582388.1134
0.1800     47413.235500     0.000024490   -595807.5589
0.2000     37684.707135     0.000019048   -605536.0874
0.2400     25080.065803     0.000013606   -618140.7288
0.2800     17276.885069     0.000010885   -625943.9095
0.3200     12201.418393     0.000019048   -631019.3761
0.3600      8896.670280     0.000016327   -634324.1243
0.4000      6653.581878     0.000019048   -636567.2127    -46497.768
0.4500      4742.779463     0.000019048   -638478.0151    -31532.009
0.5000      3415.400948     0.000021769   -639805.3936    -22060.634
0.5500      2495.597158     0.000019048   -640725.1975    -15133.673
0.6000      1863.143070     0.000019048   -641357.6516    -10474.979
0.6500      1420.627166     0.000016327   -641800.1674     -7427.696
0.7000      1102.883262     0.000024490   -642117.9113     -5433.851
0.7500       864.501191     0.000019048   -642356.2935     -4174.395
0.8000       678.827586     0.000027211   -642541.9669     -3282.876
0.8500       532.859655     0.000024490   -642687.9348     -2577.069
0.9000       418.740086     0.000016327   -642802.0545     -2001.283
0.9500       330.399981     0.000019048   -642890.3947     -1542.669
1.0000       262.465131     0.000013606   -642958.3293     -1187.327
1.1000       169.414647     0.000010885   -643051.3800      -714.744
1.2000       112.473345     0.000021769   -643108.3213      -445.879
1.3000        76.313544     0.000024490   -643144.4811      -288.267
1.4000        52.601052     0.000021769   -643168.1934      -191.310
1.5000        36.695645     0.000021769   -643184.0990      -129.188
1.6000        25.848325     0.000010885   -643194.9463       -88.277
1.7000        18.353153     0.000013606   -643202.4414       -60.793
1.8000        13.104399     0.000016327   -643207.6902       -42.162
1.9000         9.360464     0.000019048   -643211.4342       -29.444
2.0000         6.614122     0.000019048   -643214.1804       -20.978
2.1000         4.688700     0.000027211   -643216.1059       -15.039
2.2000         3.411142     0.000013606   -643217.3834       -10.802
2.3000         2.488014     0.000019048   -643218.3065        -7.878
2.4000         1.814127     0.000024490   -643218.9805        -5.762
2.5000         1.317516     0.000013606   -643219.4771        -4.275
2.6000         0.948772     0.000008163   -643219.8458        -3.186
2.7000         0.673784     0.000013606   -643220.1209        -2.369
2.8000         0.468213     0.000016327   -643220.3264        -1.787
2.9000         0.314741     0.000013606   -643220.4798        -1.325
3.0000         0.200668     0.000021769   -643220.5938        -0.983
3.1000         0.116525     0.000013606   -643220.6779        -0.725
3.2000         0.055215     0.000010885   -643220.7394        -0.525
3.3000         0.011298     0.000008163   -643220.7832        -0.368
3.4000        -0.019423     0.000027211   -643220.8140        -0.260
3.5000        -0.040150     0.000021769   -643220.8347        -0.173
3.6000        -0.053405     0.000019048   -643220.8480        -0.107
3.7000        -0.061168     0.000027211   -643220.8556        -0.058
3.8000        -0.064869     0.000021769   -643220.8594        -0.026
3.9000        -0.065661     0.000016327   -643220.8602        -0.000
4.0000        -0.064483     0.000027211   -643220.8592         0.016
5.0000        -0.030118     0.000013606   -643220.8246         0.024
6.0000        -0.015489     0.000019048   -643220.8102         0.005
7.0000        -0.012417     0.000008163   -643220.8069         0.000
8.0000        -0.011891     0.000010885   -643220.8064        -0.000
9.0000        -0.011807     0.000010885   -643220.8064        -0.001
10.0000        -0.011793     0.000010885   -643220.8064        -0.000
100.0000        -0.011791     0.000010885   -643220.8064
1000.0000        -0.011791     0.000010885   -643220.8064
