0.0020         0.000000     0.000021769  43778001.8634
0.0040  21780082.273404     0.000016327  20778219.7032
0.0060  14131181.311340     0.000021769  13129318.7408
0.0080  10319043.356377     0.000019048   9317180.7849
0.0100   8038991.278118     0.000021769   7037128.7058
0.0120   6527591.017564     0.000027211   5525728.4453
0.0140   5452474.918874     0.000019048   4450612.3472
0.0160   4650246.747348     0.000013606   3648384.1775
0.0180   4031542.776969     0.000010885   3029680.2068
0.0200   3541506.791039     0.000019048   2539644.2198
0.0400   1428236.312378     0.000008163    426373.7413
0.0600    789897.730228     0.000024490   -211964.8409
0.0800    500438.768607     0.000027211   -501423.8025
0.1000    344245.457784     0.000010885   -657617.1132
0.1200    250740.009291     0.000013606   -751122.5617
0.1400    188480.730445     0.000021769   -813381.8407
0.1600    144062.896415     0.000005442   -857799.6748
0.1800    111712.985458     0.000021769   -890149.5856
0.2000     88232.789720     0.000019048   -913629.7814
0.2400     57600.796949     0.000021769   -944261.7742
0.2800     38800.114780     0.000002721   -963062.4564
0.3200     26949.423401     0.000024490   -974913.1478
0.3600     19144.695204     0.000027211   -982717.8761
0.4000     14026.931915     0.000021769   -987835.6392
0.4500      9540.449769     0.000013606   -992322.1214
0.5000      6648.566532     0.000013606   -995214.0046    -45770.586
0.5500      4785.824691     0.000019048   -997076.7466    -30061.272
0.6000      3539.613264     0.000024490   -998322.9578    -20548.627
0.6500      2672.293707     0.000027211   -999190.2775    -14575.889
0.7000      2048.258592     0.000019048   -999814.3126    -10639.612
0.7500      1588.122606     0.000013606  -1000274.4486     -7929.113
0.8000      1242.781944     0.000013606  -1000619.7893     -6008.288
0.8500       979.252530     0.000016327  -1000883.3186     -4609.545
0.9000       775.831341     0.000021769  -1001086.7398     -3570.978
0.9500       617.496846     0.000019048  -1001245.0742     -2787.846
1.0000       493.631015     0.000021769  -1001368.9402     -2189.141
1.1000       319.849124     0.000013606  -1001542.7220     -1363.441
1.2000       210.640766     0.000021769  -1001651.9303      -870.715
1.3000       139.110248     0.000013606  -1001723.4609      -578.679
1.4000        91.865023     0.000008163  -1001770.7061      -382.856
1.5000        60.551966     0.000010885  -1001802.0191      -253.034
1.6000        39.736769     0.000008163  -1001822.8345      -167.972
1.7000        25.844837     0.000008163  -1001836.7264      -111.806
1.8000        16.555821     0.000010885  -1001846.0153       -74.383
1.9000        10.346467     0.000016327  -1001852.2247       -49.452
2.0000         6.201363     0.000024490  -1001856.3698       -32.794
2.1000         3.441597     0.000016327  -1001859.1296       -21.661
2.2000         1.612855     0.000021769  -1001860.9582       -14.182
2.3000         0.411132     0.000013606  -1001862.1601        -9.212
2.4000        -0.367142     0.000021769  -1001862.9384        -5.827
2.5000        -0.858884     0.000013606  -1001863.4301        -3.589
2.6000        -1.155793     0.000024490  -1001863.7269        -2.098
2.7000        -1.320262     0.000008163  -1001863.8913        -1.073
2.8000        -1.394761     0.000010885  -1001863.9659        -0.419
2.9000        -1.408111     0.000021769  -1001863.9792         0.015
3.0000        -1.380946     0.000027211  -1001863.9520         0.291
3.1000        -1.326833     0.000016327  -1001863.8981         0.473
3.2000        -1.255871     0.000013606  -1001863.8271         0.571
3.3000        -1.174863     0.000016327  -1001863.7460         0.609
3.4000        -1.088437     0.000016327  -1001863.6597         0.638
3.5000        -1.000318     0.000019048  -1001863.5716         0.636
3.6000        -0.912733     0.000024490  -1001863.4839         0.613
3.7000        -0.827055     0.000008163  -1001863.3982         0.585
3.8000        -0.744738     0.000019048  -1001863.3158         0.556
3.9000        -0.659455     0.000024490  -1001863.2306         0.518
4.0000        -0.559420     0.000019048  -1001863.1305         0.458
5.0000        -0.016006     0.000019048  -1001862.5871         0.120
6.0000         0.120285     0.000016327  -1001862.4510         0.031
7.0000         0.154710     0.000027211  -1001862.4164         0.007
8.0000         0.166104     0.000024490  -1001862.4050         0.001
9.0000         0.171614     0.000024490  -1001862.3996         0.000
10.0000         0.175111     0.000024490  -1001862.3960        -0.000
100.0000         0.195106     0.000019048  -1001862.3762
1000.0000         0.196649     0.000019048  -1001862.3745
