0.0020  17126075.810735     0.000013606  16587762.3483
0.0040   8338118.367786     0.000024490   7799804.9046
0.0060   5420930.816322     0.000010885   4882617.3544
0.0080   3967293.190645     0.000027211   3428979.7283
0.0100   3099567.852364     0.000013606   2561254.3905
0.0120   2522932.052569     0.000013606   1984618.5906
0.0140   2113127.685745     0.000019048   1574814.2237
0.0160   1807758.954293     0.000013606   1269445.4923
0.0180   1571615.106480     0.000021769   1033301.6446
0.0200   1384246.295183     0.000008163    845932.8331
0.0400    568982.066363     0.000013606     30668.6044
0.0600    318276.180750     0.000024490   -220037.2813
0.0800    203472.406726     0.000016327   -334841.0554
0.1000    140382.852707     0.000016327   -397930.6092
0.1200    101963.444973     0.000021769   -436350.0171
0.1400     76481.761368     0.000027211   -461831.7005
0.1600     58543.245848     0.000005442   -479770.2161
0.1800     45579.648621     0.000021769   -492733.8133
0.2000     36107.579226     0.000013606   -502205.8828
0.2400     23813.604719     0.000013606   -514499.8574
0.2800     16530.429961     0.000019048   -521783.0321
0.3200     11574.799084     0.000024490   -526738.6630
0.3600      8360.843388     0.000027211   -529952.6187
0.4000      6197.629321     0.000027211   -532115.8327    -44695.635
0.4500      4381.890081     0.000016327   -533931.5718    -29270.010
0.5000      3155.727652     0.000021769   -535157.7345    -20678.151
0.5500      2272.883087     0.000013606   -536040.5788    -14793.025
0.6000      1653.936075     0.000019048   -536659.5260    -10213.183
0.6500      1226.870111     0.000016327   -537086.5920     -7067.397
0.7000       928.780862     0.000021769   -537384.6811     -4986.531
0.7500       715.804403     0.000008163   -537597.6576     -3614.923
0.8000       559.480920     0.000010885   -537753.9811     -2696.327
0.8500       441.498407     0.000027211   -537871.9635     -2057.900
0.9000       350.680441     0.000013606   -537962.7815     -1595.901
0.9500       279.757962     0.000013606   -538033.7039     -1254.061
1.0000       223.685278     0.000027211   -538089.7768     -1006.582
1.1000       141.772742     0.000024490   -538171.6894      -651.953
1.2000        89.543281     0.000016327   -538223.9187      -409.870
1.3000        56.711483     0.000021769   -538256.7506      -257.911
1.4000        35.927307     0.000010885   -538277.5346      -163.879
1.5000        22.622872     0.000021769   -538290.8391      -105.116
1.6000        14.026664     0.000010885   -538299.4355       -67.819
1.7000         8.437019     0.000019048   -538305.0250       -43.905
1.8000         4.788558     0.000021769   -538308.6735       -28.408
1.9000         2.405019     0.000027211   -538311.0569       -18.293
2.0000         0.851102     0.000013606   -538312.6110       -11.770
2.1000        -0.154566     0.000016327   -538313.6167        -7.423
2.2000        -0.794148     0.000016327   -538314.2562        -4.569
2.3000        -1.187168     0.000019048   -538314.6491        -2.703
2.4000        -1.412492     0.000019048   -538314.8744        -1.435
2.5000        -1.523585     0.000021769   -538314.9857        -0.623
2.6000        -1.556715     0.000010885   -538315.0186        -0.077
2.7000        -1.537493     0.000013606   -538314.9996         0.271
2.8000        -1.483378     0.000024490   -538314.9454         0.491
2.9000        -1.406973     0.000016327   -538314.8690         0.619
3.0000        -1.317355     0.000016327   -538314.7794         0.682
3.1000        -1.220314     0.000021769   -538314.6823         0.713
3.2000        -1.120557     0.000021769   -538314.5827         0.713
3.3000        -1.021026     0.000027211   -538314.4831         0.698
3.4000        -0.923544     0.000024490   -538314.3857         0.665
3.5000        -0.829708     0.000010885   -538314.2918         0.629
3.6000        -0.740373     0.000016327   -538314.2023         0.591
3.7000        -0.647903     0.000019048   -538314.1100         0.547
3.8000        -0.543575     0.000024490   -538314.0055         0.481
3.9000        -0.450022     0.000027211   -538313.9119         0.429
4.0000        -0.366695     0.000027211   -538313.8287         0.379
5.0000         0.065457     0.000013606   -538313.3965         0.092
6.0000         0.168705     0.000013606   -538313.2934         0.017
7.0000         0.194926     0.000027211   -538313.2670         0.006
8.0000         0.203971     0.000024490   -538313.2580         0.002
9.0000         0.208556     0.000024490   -538313.2534         0.001
10.0000         0.211544     0.000024490   -538313.2504         0.000
100.0000         0.229117     0.000021769   -538313.2330
1000.0000         0.230494     0.000021769   -538313.2316
