0.0020  19938859.296900     0.000021769  19549714.4789
0.0040   9724898.822964     0.000019048   9335754.0049
0.0060   6327238.021584     0.000019048   5938093.2056
0.0080   4633248.691302     0.000010885   4244103.8739
0.0100   3620595.341607     0.000005442   3231450.5231
0.0120   2947086.871318     0.000027211   2557942.0539
0.0140   2467488.753253     0.000024490   2078343.9361
0.0160   2110230.578973     0.000008163   1721085.7618
0.0180   1834001.165569     0.000021769   1444856.3483
0.0200   1614086.146098     0.000016327   1224941.3287
0.0400    658853.601677     0.000016327    269708.7844
0.0600    367152.319813     0.000010885    -21992.4975
0.0800    233940.698911     0.000010885   -155204.1184
0.1000    160632.233538     0.000016327   -228512.5837
0.1200    116334.257852     0.000016327   -272810.5595
0.1400     87294.200687     0.000019048   -301850.6165
0.1600     67016.398532     0.000019048   -322128.4188
0.1800     52431.232923     0.000016327   -336713.5844
0.2000     41707.790603     0.000013606   -347437.0266
0.2400     27738.667476     0.000016327   -361406.1497
0.2800     19188.341385     0.000021769   -369956.4759
0.3200     13538.508625     0.000021769   -375606.3087
0.3600      9908.416615     0.000019048   -379236.4006
0.4000      7450.121638     0.000016327   -381694.6958    -51056.831
0.4500      5387.215297     0.000010885   -383757.6021    -33062.641
0.5000      4004.628960     0.000024490   -385140.1883    -23479.140
0.5500      2982.200492     0.000019048   -386162.6168    -17466.061
0.6000      2245.050036     0.000016327   -386899.7673    -12302.542
0.6500      1722.930423     0.000013606   -387421.8867     -8814.833
0.7000      1345.109830     0.000010885   -387799.7074     -6491.803
0.7500      1060.590486     0.000021769   -388084.2268     -5073.485
0.8000       833.466542     0.000016327   -388311.3508     -4016.196
0.8500       656.050466     0.000016327   -388488.7669     -3138.610
0.9000       517.628152     0.000005442   -388627.1891     -2428.460
0.9500       410.547072     0.000016327   -388734.2703     -1870.062
1.0000       327.947913     0.000010885   -388816.8694     -1441.082
1.1000       214.548717     0.000024490   -388930.2686      -868.970
1.2000       145.389662     0.000019048   -388999.4277      -540.833
1.3000       101.838464     0.000021769   -389042.9787      -352.342
1.4000        72.919208     0.000021769   -389071.8982      -240.950
1.5000        52.761836     0.000021769   -389092.0556      -169.623
1.6000        38.471970     0.000016327   -389106.3453      -120.897
1.7000        28.218299     0.000024490   -389116.5989       -86.481
1.8000        20.843050     0.000013606   -389123.9742       -62.056
1.9000        15.523154     0.000013606   -389129.2941       -44.809
2.0000        11.665528     0.000024490   -389133.1518       -32.655
2.1000         8.846814     0.000021769   -389135.9704       -24.053
2.2000         6.768427     0.000008163   -389138.0488       -17.897
2.3000         5.220955     0.000024490   -389139.5963       -13.464
2.4000         4.058256     0.000019048   -389140.7591       -10.178
2.5000         3.177401     0.000008163   -389141.6399        -7.762
2.6000         2.507040     0.000008163   -389142.3104        -5.884
2.7000         1.995689     0.000016327   -389142.8217        -4.502
2.8000         1.606912     0.000016327   -389143.2103        -3.369
2.9000         1.347933     0.000016327   -389143.4693        -2.566
3.0000         1.160302     0.000013606   -389143.6571        -1.913
3.1000         1.015725     0.000013606   -389143.8016        -1.388
3.2000         0.907399     0.000005442   -389143.9099        -0.991
3.3000         0.828176     0.000010885   -389143.9890        -0.659
3.4000         0.772333     0.000024490   -389144.0448        -0.397
3.5000         0.736071     0.000016327   -389144.0813        -0.218
3.6000         0.715249     0.000008163   -389144.1020        -0.058
3.7000         0.706547     0.000010885   -389144.1107         0.060
3.8000         0.707543     0.000024490   -389144.1099         0.142
3.9000         0.716228     0.000016327   -389144.1012         0.194
4.0000         0.731091     0.000010885   -389144.0862         0.239
5.0000         0.964067     0.000019048   -389143.8533         0.206
6.0000         1.101528     0.000010885   -389143.7158         0.092
7.0000         1.143983     0.000013606   -389143.6734         0.034
8.0000         1.151619     0.000027211   -389143.6658         0.015
9.0000         1.149714     0.000005442   -389143.6677         0.009
10.0000         1.146079     0.000002721   -389143.6712         0.005
100.0000         1.115447     0.000016327   -389143.7020
1000.0000         1.113001     0.000005442   -389143.7044
