0.0020  10657926.368337     0.000013606  10462876.2944
0.0040   5207582.239215     0.000013606   5012532.1645
0.0060   3396457.823947     0.000013606   3201407.7514
0.0080   2492628.473392     0.000016327   2297578.3997
0.0100   1951691.773204     0.000024490   1756641.6997
0.0120   1591983.620447     0.000019048   1396933.5469
0.0140   1336157.633909     0.000019048   1141107.5603
0.0160   1144977.317719     0.000019048    949927.2443
0.0180    996939.453759     0.000021769    801889.3802
0.0200    878941.247956     0.000021769    683891.1743
0.0400    364038.085562     0.000013606    168988.0120
0.0600    205298.144747     0.000021769     10248.0712
0.0800    131810.186658     0.000019048    -63239.8869
0.1000     91393.512551     0.000013606   -103656.5610
0.1200     66336.971694     0.000019048   -128713.1018
0.1400     49709.110037     0.000016327   -145340.9635
0.1600     38290.836445     0.000008163   -156759.2371
0.1800     30262.172429     0.000005442   -164787.9011
0.2000     24496.119033     0.000024490   -170553.9545
0.2400     16493.821453     0.000019048   -178556.2521
0.2800     11465.437728     0.000019048   -183584.6358
0.3200      8141.646557     0.000008163   -186908.4270
0.3600      5963.069278     0.000010885   -189087.0042    -43978.750
0.4000      4507.579818     0.000013606   -190542.4937    -29934.973
0.4500      3254.575067     0.000019048   -191795.4985    -21761.440
0.5000      2326.476628     0.000021769   -192723.5969    -15291.784
0.5500      1696.177536     0.000010885   -193353.8960    -10257.094
0.6000      1269.446084     0.000010885   -193780.6275     -7040.278
0.6500       971.795646     0.000013606   -194078.2779     -5003.721
0.7000       756.574285     0.000019048   -194293.4992     -3690.560
0.7500       595.286096     0.000019048   -194454.7874     -2808.094
0.8000       471.232752     0.000013606   -194578.8408     -2179.980
0.8500       374.381004     0.000005442   -194675.6925     -1714.870
0.9000       297.601207     0.000005442   -194752.4723     -1377.499
0.9500       235.572114     0.000008163   -194814.5014     -1125.205
1.0000       185.301509     0.000024490   -194864.7720      -897.451
1.1000       114.259093     0.000013606   -194935.8144      -552.652
1.2000        70.582426     0.000024490   -194979.4911      -340.094
1.3000        43.518622     0.000021769   -195006.5549      -211.829
1.4000        26.523922     0.000024490   -195023.5496      -133.575
1.5000        15.742084     0.000021769   -195034.3314       -84.942
1.6000         8.871209     0.000016327   -195041.2023       -54.143
1.7000         4.504749     0.000005442   -195045.5688       -34.288
1.8000         1.765056     0.000021769   -195048.3085       -21.317
1.9000         0.092053     0.000016327   -195049.9815       -12.778
2.0000        -0.878397     0.000027211   -195050.9519        -7.157
2.1000        -1.387485     0.000016327   -195051.4610        -3.488
2.2000        -1.596702     0.000019048   -195051.6702        -1.109
2.3000        -1.614381     0.000021769   -195051.6879         0.409
2.4000        -1.512769     0.000013606   -195051.5863         1.324
2.5000        -1.296571     0.000019048   -195051.3701         1.813
2.6000        -1.048169     0.000010885   -195051.1217         2.023
2.7000        -0.794464     0.000013606   -195050.8680         2.100
2.8000        -0.546731     0.000027211   -195050.6203         2.053
2.9000        -0.311728     0.000024490   -195050.3853         1.966
3.0000        -0.093749     0.000010885   -195050.1673         1.844
3.1000         0.123072     0.000010885   -195049.9504         1.664
3.2000         0.323241     0.000016327   -195049.7503         1.502
3.3000         0.495982     0.000027211   -195049.5775         1.347
3.4000         0.645294     0.000016327   -195049.4282         1.192
3.5000         0.812233     0.000005442   -195049.2613         1.044
3.6000         0.994936     0.000024490   -195049.0786         0.898
3.7000         1.153420     0.000010885   -195048.9201         0.766
3.8000         1.289058     0.000013606   -195048.7845         0.646
3.9000         1.404856     0.000008163   -195048.6687         0.548
4.0000         1.503160     0.000010885   -195048.5704         0.463
5.0000         1.931677     0.000016327   -195048.1418         0.081
6.0000         2.003453     0.000013606   -195048.0701         0.019
7.0000         2.018620     0.000019048   -195048.0549         0.004
8.0000         2.024629     0.000016327   -195048.0489         0.002
9.0000         2.028343     0.000016327   -195048.0452         0.001
10.0000         2.031050     0.000019048   -195048.0425         0.001
100.0000         2.048335     0.000005442   -195048.0252
1000.0000         2.049739     0.000010885   -195048.0238
