0.0020    428947.565194     0.000027211    166300.0507
0.0040    209384.125841     0.000016327    -53263.3886
0.0060    136549.871766     0.000008163   -126097.6427
0.0080    100262.775290     0.000027211   -162384.7392
0.0100     78589.535444     0.000019048   -184057.9790
0.0120     64274.019762     0.000016327   -198373.4947
0.0140     54030.235065     0.000013606   -208617.2794
0.0160     46405.030464     0.000016327   -216242.4840
0.0180     40504.435808     0.000008163   -222143.0786
0.0200     35810.057267     0.000021769   -226837.4572
0.0400     15204.472731     0.000024490   -247443.0417
0.0600      8761.045449     0.000005442   -253886.4690
0.0800      5746.916727     0.000019048   -256900.5977
0.1000      4056.036373     0.000010885   -258591.4781
0.1200      3011.534682     0.000021769   -259635.9798    -42181.335
0.1400      2320.291541     0.000008163   -260327.2229    -28664.712
0.1600      1836.356030     0.000019048   -260811.1584    -20497.131
0.1800      1480.690736     0.000010885   -261166.8237    -15350.780
0.2000      1209.392242     0.000016327   -261438.1222    -11892.457
0.2400       829.151258     0.000016327   -261818.3632     -7498.729
0.2800       586.353248     0.000013606   -262061.1612     -4875.815
0.3200       427.253938     0.000005442   -262220.2605     -3242.399
0.3600       320.344791     0.000019048   -262327.1697     -2213.180
0.4000       246.240984     0.000021769   -262401.2735     -1560.928
0.4500       182.186729     0.000019048   -262465.3278     -1059.239
0.5000       137.742002     0.000002721   -262509.7724      -752.853
0.5500       105.645742     0.000019048   -262541.8687      -552.668
0.6000        81.879869     0.000005442   -262565.6346      -413.081
0.6500        64.019764     0.000005442   -262583.4947      -311.524
0.7000        50.543870     0.000008163   -262596.9706      -235.798
0.7500        40.319400     0.000013606   -262607.1951      -178.524
0.8000        32.546479     0.000010885   -262614.9680      -135.480
0.8500        26.644109     0.000008163   -262620.8703      -102.935
0.9000        22.138231     0.000002721   -262625.3762       -78.421
0.9500        18.685374     0.000019048   -262628.8291       -60.261
1.0000        16.033284     0.000021769   -262631.4812       -47.033
1.1000        12.318789     0.000019048   -262635.1957       -30.376
1.2000         9.882172     0.000019048   -262637.6323       -21.767
1.3000         8.100218     0.000021769   -262639.4142       -16.853
1.4000         6.706766     0.000010885   -262640.8077       -13.648
1.5000         5.575699     0.000027211   -262641.9388       -10.886
1.6000         4.665946     0.000024490   -262642.8485        -8.739
1.7000         3.951606     0.000021769   -262643.5629        -6.656
1.8000         3.402039     0.000021769   -262644.1124        -4.953
1.9000         3.000709     0.000016327   -262644.5138        -3.622
2.0000         2.718405     0.000027211   -262644.7960        -2.436
2.1000         2.528309     0.000021769   -262644.9861        -1.532
2.2000         2.416097     0.000010885   -262645.0984        -0.891
2.3000         2.364782     0.000019048   -262645.1497        -0.341
2.4000         2.355797     0.000027211   -262645.1587         0.076
2.5000         2.419752     0.000010885   -262645.0947         0.362
2.6000         2.514426     0.000016327   -262645.0000         0.519
2.7000         2.623832     0.000021769   -262644.8906         0.638
2.8000         2.739847     0.000010885   -262644.7746         0.726
2.9000         2.857352     0.000021769   -262644.6571         0.767
3.0000         2.974236     0.000024490   -262644.5402         0.784
3.1000         3.089723     0.000013606   -262644.4248         0.747
3.2000         3.201981     0.000010885   -262644.3125         0.704
3.3000         3.308438     0.000010885   -262644.2060         0.670
3.4000         3.407357     0.000005442   -262644.1071         0.640
3.5000         3.498093     0.000027211   -262644.0164         0.597
3.6000         3.581110     0.000013606   -262643.9334         0.551
3.7000         3.656918     0.000019048   -262643.8576         0.495
3.8000         3.726788     0.000013606   -262643.7877         0.433
3.9000         3.790381     0.000013606   -262643.7241         0.392
4.0000         3.847455     0.000016327   -262643.6670         0.342
5.0000         4.161695     0.000021769   -262643.3528         0.088
6.0000         4.266826     0.000013606   -262643.2476         0.095
7.0000         4.311692     0.000024490   -262643.2028         0.033
8.0000         4.337086     0.000021769   -262643.1774         0.021
9.0000         4.354068     0.000002721   -262643.1604         0.015
10.0000         4.366496     0.000021769   -262643.1480         0.012
100.0000         4.447074     0.000016327   -262643.0674         0.000
1000.0000         4.453635     0.000013606   -262643.0608
