0.0020   6944241.649481     0.000021769   6618304.0063
0.0040   3386376.696656     0.000008163   3060439.0546
0.0060   2204640.093893     0.000016327   1878702.4508
0.0080   1616315.481659     0.000016327   1290377.8386
0.0100   1264854.627599     0.000016327    938916.9847
0.0120   1031875.372771     0.000021769    705937.7298
0.0140    866232.063874     0.000019048    540294.4210
0.0160    742658.920639     0.000019048    416721.2776
0.0180    647051.495725     0.000021769    321113.8528
0.0200    570882.734223     0.000024490    244945.0912
0.0400    238043.931331     0.000016327    -87893.7117
0.0600    134945.592820     0.000021769   -190992.0502
0.0800     87128.292629     0.000024490   -238809.3504
0.1000     60781.437864     0.000013606   -265156.2051
0.1200     44431.103360     0.000013606   -281506.5396
0.1400     33399.636949     0.000013606   -292538.0061
0.1600     25710.266036     0.000010885   -300227.3770
0.1800     20239.081422     0.000016327   -305698.5615
0.2000     16256.059066     0.000027211   -309681.5839
0.2400     10961.900913     0.000024490   -314975.7420
0.2800      7530.022999     0.000024490   -318407.6201
0.3200      5322.647745     0.000016327   -320614.9952    -44031.281
0.3600      3878.988445     0.000010885   -322058.6545    -29307.307
0.4000      2903.185973     0.000016327   -323034.4570    -20167.907
0.4500      2079.822644     0.000024490   -323857.8203    -13422.861
0.5000      1513.983082     0.000021769   -324423.6600     -9536.288
0.5500      1109.366228     0.000013606   -324828.2769     -6810.773
0.6000       822.018112     0.000024490   -325115.6249     -4807.140
0.6500       618.970044     0.000016327   -325318.6730     -3398.612
0.7000       474.402588     0.000019048   -325463.2404     -2426.608
0.7500       371.215268     0.000013606   -325566.4276     -1758.346
0.8000       295.716020     0.000013606   -325641.9270     -1304.126
0.8500       238.757632     0.000019048   -325698.8854     -1001.230
0.9000       194.024364     0.000008163   -325743.6187      -799.987
0.9500       157.803283     0.000008163   -325779.8398      -653.545
1.0000       128.219192     0.000005442   -325809.4238      -534.417
1.1000        84.583482     0.000010885   -325853.0594      -351.539
1.2000        56.247028     0.000013606   -325881.3960      -227.489
1.3000        38.173153     0.000008163   -325899.4698      -146.284
1.4000        26.525040     0.000027211   -325911.1179       -94.437
1.5000        18.950645     0.000013606   -325918.6925       -62.144
1.6000        13.905802     0.000010885   -325923.7372       -42.223
1.7000        10.476804     0.000021769   -325927.1661       -29.899
1.8000         8.019449     0.000010885   -325929.6236       -22.048
1.9000         6.189414     0.000021769   -325931.4535       -16.829
2.0000         4.792719     0.000016327   -325932.8503       -12.899
2.1000         3.859278     0.000021769   -325933.7837       -10.200
2.2000         3.336114     0.000019048   -325934.3069        -8.130
2.3000         2.876421     0.000019048   -325934.7665        -6.343
2.4000         2.503438     0.000010885   -325935.1396        -4.724
2.5000         2.218793     0.000016327   -325935.4242        -3.400
2.6000         2.018286     0.000016327   -325935.6248        -2.357
2.7000         1.889089     0.000024490   -325935.7540        -1.501
2.8000         1.817909     0.000008163   -325935.8251        -0.862
2.9000         1.795642     0.000016327   -325935.8474        -0.387
3.0000         1.810137     0.000024490   -325935.8329        -0.017
3.1000         1.851031     0.000019048   -325935.7919         0.248
3.2000         1.912697     0.000002721   -325935.7304         0.407
3.3000         1.989262     0.000024490   -325935.6536         0.526
3.4000         2.073666     0.000016327   -325935.5693         0.603
3.5000         2.162122     0.000021769   -325935.4808         0.643
3.6000         2.252187     0.000005442   -325935.3908         0.639
3.7000         2.342164     0.000010885   -325935.3010         0.624
3.8000         2.429333     0.000005442   -325935.2136         0.602
3.9000         2.511996     0.000002721   -325935.1309         0.574
4.0000         2.589251     0.000016327   -325935.0536         0.538
5.0000         3.073571     0.000008163   -325934.5695         0.191
6.0000         3.238134     0.000010885   -325934.4049         0.103
7.0000         3.299031     0.000010885   -325934.3439         0.040
8.0000         3.328988     0.000024490   -325934.3140         0.024
9.0000         3.347459     0.000016327   -325934.2955         0.017
10.0000         3.360433     0.000019048   -325934.2824         0.013
100.0000         3.438258     0.000008163   -325934.2046         0.000
1000.0000         3.444209     0.000010885   -325934.1989
