0.0020   5937697.240623     0.000013606   5848563.9549
0.0040   2911042.110977     0.000021769   2821908.8253
0.0060   1903246.448350     0.000019048   1814113.1626
0.0080   1400238.782668     0.000019048   1311105.4969
0.0100   1099049.572298     0.000024490   1009916.2865
0.0120    898639.045385     0.000024490    809505.7596
0.0140    756338.047219     0.000021769    667204.7615
0.0160    649933.765819     0.000010885    560800.4800
0.0180    567328.287798     0.000008163    478195.0022
0.0200    501362.967217     0.000010885    412229.6816
0.0400    210712.929297     0.000016327    121579.6436
0.0600    119936.354998     0.000019048     30803.0693
0.0800     77619.856046     0.000021769    -11513.4297
0.1000     54045.988360     0.000024490    -35087.2974
0.1200     39605.204223     0.000019048    -49528.0815
0.1400     30087.873070     0.000019048    -59045.4126
0.1600     23399.032108     0.000027211    -65734.2536
0.1800     18499.797369     0.000019048    -70633.4883
0.2000     14833.444247     0.000016327    -74299.8415
0.2400      9900.646830     0.000010885    -79232.6389
0.2800      6917.953619     0.000013606    -82215.3321
0.3200      5057.357718     0.000010885    -84075.9280    -37142.820
0.3600      3764.695480     0.000016327    -85368.5902    -29021.252
0.4000      2771.961195     0.000002721    -86361.3245    -20800.699
0.4500      1929.662119     0.000019048    -87203.6236    -13452.118
0.5000      1380.511691     0.000013606    -87752.7740     -8857.888
0.5500      1014.882873     0.000021769    -88118.4028     -5969.812
0.6000       765.784086     0.000016327    -88367.5016     -4215.047
0.6500       584.558779     0.000019048    -88548.7269     -3153.909
0.7000       447.259351     0.000010885    -88686.0264     -2387.945
0.7500       342.406933     0.000019048    -88790.8788     -1823.178
0.8000       262.010042     0.000005442    -88871.2757     -1394.198
0.8500       200.470314     0.000010885    -88932.8154     -1061.954
0.9000       154.003723     0.000021769    -88979.2820      -801.325
0.9500       119.171014     0.000008163    -89014.1147      -602.346
1.0000        92.857305     0.000008163    -89040.4284      -457.749
1.1000        56.883317     0.000016327    -89076.4024      -276.567
1.2000        34.481971     0.000005442    -89098.8037      -170.398
1.3000        20.514745     0.000021769    -89112.7710      -106.505
1.4000        11.815961     0.000019048    -89121.4698       -67.289
1.5000         6.282622     0.000016327    -89127.0031       -42.730
1.6000         2.774052     0.000024490    -89130.5117       -26.952
1.7000         0.607630     0.000013606    -89132.6781       -16.743
1.8000        -0.708343     0.000019048    -89133.9941       -10.081
1.9000        -1.470781     0.000016327    -89134.7565        -5.764
2.0000        -1.874920     0.000016327    -89135.1606        -2.971
2.1000        -2.048098     0.000016327    -89135.3338        -1.183
2.2000        -2.049206     0.000021769    -89135.3349        -0.068
2.3000        -1.932834     0.000024490    -89135.2185         0.574
2.4000        -1.775666     0.000024490    -89135.0614         0.970
2.5000        -1.592678     0.000024490    -89134.8784         1.170
2.6000        -1.399907     0.000016327    -89134.6856         1.268
2.7000        -1.205813     0.000024490    -89134.4915         1.287
2.8000        -1.015143     0.000027211    -89134.3009         1.248
2.9000        -0.832201     0.000027211    -89134.1179         1.182
3.0000        -0.659582     0.000024490    -89133.9453         1.095
3.1000        -0.498284     0.000019048    -89133.7840         0.993
3.2000        -0.349642     0.000019048    -89133.6353         0.893
3.3000        -0.215395     0.000016327    -89133.5011         0.792
3.4000        -0.095158     0.000008163    -89133.3809         0.693
3.5000         0.011257     0.000021769    -89133.2744         0.604
3.6000         0.104369     0.000013606    -89133.1814         0.523
3.7000         0.185231     0.000027211    -89133.1005         0.451
3.8000         0.255303     0.000016327    -89133.0304         0.383
3.9000         0.316629     0.000008163    -89132.9691         0.327
4.0000         0.368652     0.000027211    -89132.9171         0.277
5.0000         0.594675     0.000024490    -89132.6910         0.049
6.0000         0.630202     0.000024490    -89132.6555         0.009
7.0000         0.635819     0.000013606    -89132.6499         0.002
8.0000         0.636801     0.000019048    -89132.6489         0.000
9.0000         0.636986     0.000024490    -89132.6487        -0.000
10.0000         0.637024     0.000024490    -89132.6487        -0.000
100.0000         0.637032     0.000024490    -89132.6487
1000.0000         0.637030     0.000019048    -89132.6487
