0.0020         0.000000     0.000010885  33446307.3281
0.0040  16664773.056399     0.000024490  15875420.2931
0.0060  10830836.691403     0.000024490  10041483.9276
0.0080   7923215.188219     0.000013606   7133862.4239
0.0100   6182487.036688     0.000013606   5393134.2732
0.0120   5025578.226639     0.000016327   4236225.4618
0.0140   4203098.300307     0.000013606   3413745.5371
0.0160   3590203.389480     0.000019048   2800850.6253
0.0180   3117017.728544     0.000019048   2327664.9644
0.0200   2741447.981786     0.000008163   1952095.2175
0.0400   1108158.733492     0.000016327    318805.9694
0.0600    611649.849101     0.000016327   -177702.9151
0.0800    387478.512441     0.000021769   -401874.2518
0.1000    265907.448607     0.000010885   -523445.3156
0.1200    191227.088650     0.000021769   -598125.6755
0.1400    142993.111133     0.000019048   -646359.6531
0.1600    110351.592091     0.000013606   -679001.1722
0.1800     86386.067900     0.000010885   -702966.6963
0.2000     68349.957582     0.000016327   -721002.8066
0.2400     44411.183148     0.000010885   -744941.5810
0.2800     30325.415145     0.000013606   -759027.3490
0.3200     21220.957426     0.000010885   -768131.8067
0.3600     15084.515920     0.000021769   -774268.2484
0.4000     11076.950483     0.000021769   -778275.8138
0.4500      7808.801569     0.000024490   -781543.9626
0.5000      5639.626124     0.000016327   -783713.1381    -35687.029
0.5500      4136.038334     0.000010885   -785216.7258    -25128.281
0.6000      3076.264413     0.000021769   -786276.4997    -17760.277
0.6500      2326.778201     0.000013606   -787025.9859    -12501.201
0.7000      1797.476219     0.000024490   -787555.2879     -8976.377
0.7500      1408.132942     0.000013606   -787944.6312     -6870.915
0.8000      1105.963285     0.000013606   -788246.8010     -5310.158
0.8500       872.186171     0.000019048   -788480.5779     -4102.041
0.9000       691.598702     0.000024490   -788661.1655     -3163.086
0.9500       552.088944     0.000024490   -788800.6753     -2441.486
1.0000       444.013481     0.000010885   -788908.7506     -1891.823
1.1000       294.029801     0.000010885   -789058.7344     -1157.617
1.2000       201.550470     0.000024490   -789151.2136      -737.221
1.3000       141.665660     0.000013606   -789211.0986      -489.256
1.4000       101.153360     0.000024490   -789251.6109      -336.088
1.5000        72.995359     0.000027211   -789279.7687      -237.431
1.6000        52.913523     0.000013606   -789299.8507      -170.162
1.7000        38.403623     0.000013606   -789314.3607      -122.015
1.8000        27.966357     0.000024490   -789324.7979       -87.414
1.9000        20.500334     0.000013606   -789332.2638       -62.777
2.0000        15.172968     0.000002721   -789337.5913       -45.490
2.1000        11.356897     0.000008163   -789341.4071       -33.482
2.2000         8.586314     0.000008163   -789344.1778       -25.124
2.3000         6.538213     0.000027211   -789346.2260       -19.035
2.4000         5.041161     0.000016327   -789347.7229       -14.611
2.5000         3.974175     0.000016327   -789348.7899       -11.324
2.6000         3.144943     0.000002721   -789349.6193        -8.687
2.7000         2.507255     0.000019048   -789350.2568        -6.634
2.8000         2.024596     0.000010885   -789350.7396        -4.965
2.9000         1.667191     0.000016327   -789351.0969        -3.660
3.0000         1.410818     0.000005442   -789351.3535        -2.649
3.1000         1.235645     0.000021769   -789351.5284        -1.818
3.2000         1.124984     0.000008163   -789351.6392        -1.205
3.3000         1.065098     0.000024490   -789351.6990        -0.728
3.4000         1.045568     0.000027211   -789351.7186        -0.336
3.5000         1.056036     0.000019048   -789351.7080        -0.078
3.6000         1.089479     0.000021769   -789351.6748         0.123
3.7000         1.140068     0.000013606   -789351.6242         0.282
3.8000         1.201789     0.000013606   -789351.5624         0.375
3.9000         1.270769     0.000021769   -789351.4933         0.430
4.0000         1.344235     0.000010885   -789351.4199         0.469
5.0000         1.959397     0.000002721   -789350.8049         0.272
6.0000         2.210251     0.000005442   -789350.5540         0.091
7.0000         2.297126     0.000005442   -789350.4669         0.048
8.0000         2.332694     0.000005442   -789350.4315         0.027
9.0000         2.351206     0.000002721   -789350.4130         0.018
10.0000         2.363073     0.000024490   -789350.4011         0.013
100.0000         2.426535     0.000005442   -789350.3377         0.000
1000.0000         2.431101     0.000027211   -789350.3330
