0.0020  10177973.220214     0.000019048   9969594.7282
0.0040   4964939.176989     0.000008163   4756560.6876
0.0060   3236502.781599     0.000021769   3028124.2919
0.0080   2374620.577192     0.000021769   2166242.0865
0.0100   1859146.972108     0.000021769   1650768.4815
0.0120   1516429.812575     0.000008163   1308051.3219
0.0140   1272641.768810     0.000013606   1064263.2782
0.0160   1090730.763694     0.000021769    882352.2730
0.0180    949831.874645     0.000021769    741453.3840
0.0200    837580.650417     0.000024490    629202.1596
0.0400    347571.031008     0.000021769    139192.5403
0.0600    196498.043489     0.000021769    -11880.4472
0.0800    126320.605066     0.000021769    -82057.8856
0.1000     87588.354275     0.000010885   -120790.1364
0.1200     63595.756288     0.000016327   -144782.7344
0.1400     47691.377641     0.000021769   -160687.1130
0.1600     36755.418775     0.000016327   -171623.0719
0.1800     29050.128908     0.000021769   -179328.3618
0.2000     23503.634132     0.000016327   -184874.8565
0.2400     15845.141650     0.000013606   -192533.3490
0.2800     11033.176786     0.000024490   -197345.3139
0.3200      7901.601763     0.000016327   -200476.8889
0.3600      5829.576983     0.000024490   -202548.9137    -41961.019
0.4000      4438.181501     0.000024490   -203940.3092    -28751.635
0.4500      3232.118927     0.000019048   -205146.3717    -20827.421
0.5000      2339.664865     0.000010885   -206038.8258    -14907.872
0.5500      1716.552428     0.000016327   -206661.9383    -10288.589
0.6000      1284.319164     0.000013606   -207094.1715     -7203.152
0.6500       978.085474     0.000021769   -207400.4052     -5175.142
0.7000       755.232576     0.000019048   -207623.2581     -3822.883
0.7500       588.699673     0.000016327   -207789.7910     -2882.250
0.8000       462.230743     0.000016327   -207916.2599     -2203.542
0.8500       365.124109     0.000008163   -208013.3665     -1703.304
0.9000       289.749500     0.000021769   -208088.7412     -1336.512
0.9500       229.836264     0.000021769   -208148.6544     -1075.701
1.0000       181.724571     0.000024490   -208196.7661      -867.284
1.1000       112.887823     0.000013606   -208265.6029      -536.918
1.2000        70.638125     0.000024490   -208307.8525      -328.612
1.3000        44.507098     0.000016327   -208333.9836      -205.331
1.4000        27.937815     0.000021769   -208350.5529      -131.165
1.5000        17.224991     0.000013606   -208361.2657       -84.926
1.6000        10.223553     0.000027211   -208368.2671       -55.328
1.7000         5.626405     0.000013606   -208372.8643       -36.098
1.8000         2.609118     0.000013606   -208375.8816       -23.438
1.9000         0.642437     0.000019048   -208377.8482       -15.034
2.0000        -0.618276     0.000013606   -208379.1089        -9.406
2.1000        -1.400815     0.000024490   -208379.8915        -5.651
2.2000        -1.857292     0.000019048   -208380.3480        -3.089
2.3000        -2.090935     0.000016327   -208380.5816        -1.418
2.4000        -2.173118     0.000024490   -208380.6638        -0.267
2.5000        -2.154688     0.000019048   -208380.6454         0.443
2.6000        -2.069546     0.000021769   -208380.5602         0.913
2.7000        -1.943106     0.000008163   -208380.4338         1.192
2.8000        -1.791587     0.000013606   -208380.2823         1.324
2.9000        -1.627454     0.000024490   -208380.1181         1.409
3.0000        -1.423839     0.000024490   -208379.9145         1.400
3.1000        -1.199740     0.000008163   -208379.6904         1.330
3.2000        -0.977654     0.000016327   -208379.4683         1.249
3.3000        -0.762297     0.000016327   -208379.2530         1.137
3.4000        -0.564394     0.000024490   -208379.0551         1.019
3.5000        -0.381983     0.000010885   -208378.8727         0.909
3.6000        -0.215283     0.000016327   -208378.7060         0.805
3.7000        -0.068663     0.000010885   -208378.5593         0.696
3.8000         0.059990     0.000016327   -208378.4307         0.604
3.9000         0.172177     0.000002721   -208378.3185         0.524
4.0000         0.268808     0.000021769   -208378.2219         0.452
5.0000         0.712079     0.000005442   -208377.7786         0.092
6.0000         0.793215     0.000021769   -208377.6975         0.019
7.0000         0.808176     0.000013606   -208377.6825         0.004
8.0000         0.811585     0.000021769   -208377.6791         0.001
9.0000         0.812764     0.000027211   -208377.6779         0.000
10.0000         0.813414     0.000019048   -208377.6773        -0.000
100.0000         0.816745     0.000008163   -208377.6739
1000.0000         0.817011     0.000008163   -208377.6737
