0.0020   3390947.832219     0.000005442   3037446.4971
0.0040   1653808.587475     0.000010885   1300307.2509
0.0060   1077070.845450     0.000021769    723569.5090
0.0080    790053.055069     0.000021769    436551.7185
0.0100    618722.564922     0.000021769    265221.2284
0.0120    504974.527679     0.000008163    151473.1912
0.0140    424095.885374     0.000024490     70594.5489
0.0160    363726.669666     0.000013606     10225.3332
0.0180    316982.697281     0.000019048    -36518.6392
0.0200    279754.703013     0.000021769    -73746.6335
0.0400    117228.763659     0.000021769   -236272.5728
0.0600     66692.691550     0.000016327   -286808.6450
0.0800     43171.913934     0.000019048   -310329.4225
0.1000     30211.601653     0.000016327   -323289.7348
0.1200     22195.369435     0.000008163   -331305.9671
0.1400     16795.416171     0.000024490   -336705.9204
0.1600     12962.235830     0.000016327   -340539.1007
0.1800     10174.318458     0.000010885   -343327.0179
0.2000      8120.984231     0.000002721   -345380.3523
0.2400      5424.239185     0.000019048   -348077.0974    -50894.979
0.2800      3806.179857     0.000027211   -349695.1567    -32028.251
0.3200      2747.365367     0.000019048   -350753.9712    -21797.924
0.3600      2010.923307     0.000016327   -351490.4133    -15385.796
0.4000      1490.068580     0.000008163   -352011.2680    -10906.971
0.4500      1046.347603     0.000013606   -352454.9890     -7128.857
0.5000       754.608964     0.000016327   -352746.7275     -4749.217
0.5500       557.283967     0.000024490   -352944.0526     -3273.819
0.6000       418.356405     0.000008163   -353082.9801     -2360.829
0.6500       316.241312     0.000013606   -353185.0952     -1766.311
0.7000       239.199676     0.000019048   -353262.1367     -1339.474
0.7500       180.791198     0.000013606   -353320.5454     -1013.241
0.8000       136.729877     0.000010885   -353364.6066      -761.626
0.8500       103.683321     0.000008163   -353397.6532      -569.516
0.9000        78.988982     0.000021769   -353422.3476      -425.085
0.9500        60.564913     0.000016327   -353440.7716      -317.172
1.0000        46.791634     0.000010885   -353454.5449      -237.463
1.1000        28.658444     0.000024490   -353472.6781      -135.732
1.2000        18.120169     0.000013606   -353483.2162       -80.802
1.3000        11.697989     0.000013606   -353489.6384       -50.665
1.4000         7.586219     0.000005442   -353493.7503       -33.461
1.5000         4.861237     0.000013606   -353496.4752       -23.189
1.6000         3.181491     0.000019048   -353498.1550       -17.381
1.7000         2.079514     0.000010885   -353499.2571       -13.416
1.8000         1.168914     0.000010885   -353500.1676        -9.945
1.9000         0.481100     0.000019048   -353500.8555        -6.894
2.0000         0.029029     0.000016327   -353501.3074        -4.581
2.1000        -0.242579     0.000008163   -353501.5790        -2.858
2.2000        -0.389294     0.000008163   -353501.7257        -1.555
2.3000        -0.423385     0.000013606   -353501.7600        -0.705
2.4000        -0.402364     0.000021769   -353501.7387        -0.057
2.5000        -0.347492     0.000005442   -353501.6840         0.393
2.6000        -0.266511     0.000010885   -353501.6030         0.651
2.7000        -0.166487     0.000005442   -353501.5031         0.831
2.8000        -0.056521     0.000002721   -353501.3929         0.939
2.9000         0.058436     0.000027211   -353501.2781         0.979
3.0000         0.176221     0.000008163   -353501.1602         0.967
3.1000         0.293042     0.000013606   -353501.0435         0.949
3.2000         0.405357     0.000005442   -353500.9311         0.908
3.3000         0.511563     0.000005442   -353500.8250         0.856
3.4000         0.611239     0.000019048   -353500.7254         0.773
3.5000         0.704938     0.000008163   -353500.6315         0.705
3.6000         0.791038     0.000005442   -353500.5455         0.644
3.7000         0.869227     0.000021769   -353500.4672         0.588
3.8000         0.939465     0.000021769   -353500.3969         0.532
3.9000         1.002413     0.000010885   -353500.3341         0.481
4.0000         1.059019     0.000010885   -353500.2775         0.418
5.0000         1.380026     0.000000000   -353499.9564         0.126
6.0000         1.493677     0.000019048   -353499.8429         0.103
7.0000         1.546013     0.000027211   -353499.7904         0.041
8.0000         1.577583     0.000016327   -353499.7588         0.027
9.0000         1.599448     0.000013606   -353499.7371         0.020
10.0000         1.615698     0.000005442   -353499.7207         0.016
100.0000         1.722090     0.000021769   -353499.6143         0.000
1000.0000         1.730784     0.000005442   -353499.6056
