0.0020         0.000000     0.000005442  28064768.2633
0.0040  13980096.478232     0.000019048  13314248.6887
0.0060   9072210.654769     0.000008163   8406362.8646
0.0080   6628306.530948     0.000021769   5962458.7413
0.0100   5168386.183352     0.000010885   4502538.3930
0.0120   4200126.475240     0.000005442   3534278.6851
0.0140   3512357.360182     0.000024490   2846509.5709
0.0160   3000357.013996     0.000027211   2334509.2239
0.0180   2605583.287421     0.000010885   1939735.4975
0.0200   2292511.320055     0.000016327   1626663.5301
0.0400    932439.883584     0.000008163    266592.0936
0.0600    517972.087415     0.000021769   -147875.7025
0.0800    328508.879027     0.000019048   -337338.9110
0.1000    225638.690237     0.000016327   -440209.0997
0.1200    162613.540868     0.000008163   -503234.2491
0.1400    120948.140085     0.000019048   -544899.6499
0.1600     92710.056658     0.000008163   -573137.7332
0.1800     72976.088729     0.000013606   -592871.7013
0.2000     58253.154911     0.000027211   -607594.6350
0.2400     38185.824759     0.000008163   -627661.9652
0.2800     25894.027154     0.000016327   -639953.7629
0.3200     18395.916120     0.000008163   -647451.8739
0.3600     13364.453235     0.000016327   -652483.3367
0.4000      9801.970572     0.000027211   -656045.8195
0.4500      6925.107470     0.000019048   -658922.6826    -45173.672
0.5000      5085.298599     0.000016327   -660762.4913    -29882.817
0.5500      3828.840392     0.000024490   -662018.9495    -21130.992
0.6000      2919.991007     0.000008163   -662927.7989    -15578.426
0.6500      2244.429281     0.000019048   -663603.3608    -11641.745
0.7000      1738.100977     0.000027211   -664109.6889     -8750.608
0.7500      1356.254225     0.000021769   -664491.5358     -6627.339
0.8000      1065.843613     0.000024490   -664781.9465     -5066.182
0.8500       842.770042     0.000021769   -665005.0200     -3910.380
0.9000       669.659979     0.000016327   -665178.1300     -3053.797
0.9500       533.571314     0.000010885   -665314.2188     -2416.854
1.0000       425.561253     0.000019048   -665422.2287     -1922.851
1.1000       270.992725     0.000005442   -665576.7973     -1219.266
1.2000       173.504095     0.000005442   -665674.2860      -766.350
1.3000       112.209364     0.000021769   -665735.5807      -487.240
1.4000        72.841851     0.000010885   -665774.9480      -314.607
1.5000        47.174419     0.000013606   -665800.6157      -205.905
1.6000        30.251611     0.000010885   -665817.5385      -136.110
1.7000        19.044908     0.000021769   -665828.7452       -90.368
1.8000        11.614632     0.000024490   -665836.1753       -60.142
1.9000         6.668357     0.000010885   -665841.1218       -39.999
2.0000         3.381579     0.000010885   -665844.4083       -26.541
2.1000         1.211666     0.000016327   -665846.5782       -17.412
2.2000        -0.201922     0.000013606   -665847.9918       -11.250
2.3000        -1.066523     0.000016327   -665848.8566        -7.084
2.4000        -1.574117     0.000019048   -665849.3641        -4.166
2.5000        -1.847801     0.000013606   -665849.6378        -2.255
2.6000        -1.959604     0.000016327   -665849.7497        -0.904
2.7000        -1.960788     0.000010885   -665849.7508        -0.034
2.8000        -1.887633     0.000024490   -665849.6776         0.531
2.9000        -1.767192     0.000016327   -665849.5573         0.866
3.0000        -1.618403     0.000013606   -665849.4084         1.064
3.1000        -1.393166     0.000016327   -665849.1831         1.117
3.2000        -1.164414     0.000010885   -665848.9543         1.078
3.3000        -0.946864     0.000013606   -665848.7369         1.018
3.4000        -0.746531     0.000010885   -665848.5366         0.932
3.5000        -0.565899     0.000013606   -665848.3559         0.819
3.6000        -0.405572     0.000013606   -665848.1956         0.719
3.7000        -0.265564     0.000021769   -665848.0555         0.629
3.8000        -0.144664     0.000010885   -665847.9347         0.544
3.9000        -0.040784     0.000013606   -665847.8307         0.461
4.0000         0.047993     0.000013606   -665847.7420         0.394
5.0000         0.438506     0.000016327   -665847.3515         0.077
6.0000         0.510301     0.000016327   -665847.2797         0.023
7.0000         0.528696     0.000016327   -665847.2612         0.005
8.0000         0.536726     0.000016327   -665847.2533         0.002
9.0000         0.541705     0.000019048   -665847.2484         0.001
10.0000         0.545281     0.000021769   -665847.2446         0.001
100.0000         0.567864     0.000008163   -665847.2220
1000.0000         0.569679     0.000010885   -665847.2204
