0.0020  23864507.212823     0.000010885  23339038.1472
0.0040  11631610.174629     0.000005442  11106141.1078
0.0060   7562117.859595     0.000021769   7036648.7920
0.0080   5533385.574456     0.000016327   5007916.5077
0.0100   4320443.617956     0.000010885   3794974.5501
0.0120   3515196.395381     0.000021769   2989727.3277
0.0140   2942734.102188     0.000008163   2417265.0355
0.0160   2515552.122849     0.000013606   1990083.0561
0.0180   2185969.763029     0.000010885   1660500.6964
0.0200   1924373.173888     0.000027211   1398904.1072
0.0400    786354.969263     0.000010885    260885.9025
0.0600    439687.667977     0.000019048    -85781.3988
0.0800    281286.249410     0.000016327   -244182.8174
0.1000    193871.975260     0.000010885   -331597.0915
0.1200    140113.531501     0.000021769   -385355.5352
0.1400    104248.980728     0.000021769   -421220.0860
0.1600     79480.278695     0.000021769   -445988.7879
0.1800     62119.207883     0.000013606   -463349.8589
0.2000     49655.794833     0.000010885   -475813.2720
0.2400     32832.580847     0.000021769   -492636.4860
0.2800     22444.603321     0.000013606   -503024.4634
0.3200     15699.647731     0.000024490   -509769.4190
0.3600     11352.381602     0.000021769   -514116.6853
0.4000      8446.572636     0.000021769   -517022.4942
0.4500      5849.064226     0.000016327   -519620.0026    -42067.211
0.5000      4150.585149     0.000019048   -521318.4816    -27088.028
0.5500      3041.684296     0.000021769   -522427.3825    -18044.166
0.6000      2286.327052     0.000005442   -523182.7398    -12629.908
0.6500      1744.923577     0.000019048   -523724.1432     -9275.594
0.7000      1341.232854     0.000021769   -524127.8340     -6995.330
0.7500      1035.459839     0.000019048   -524433.6069     -5306.771
0.8000       803.461151     0.000024490   -524665.6055     -4025.033
0.8500       627.407830     0.000019048   -524841.6589     -3057.898
0.9000       493.362564     0.000019048   -524975.7041     -2335.156
0.9500       390.619456     0.000005442   -525078.4473     -1797.397
1.0000       311.165794     0.000024490   -525157.9010     -1396.274
1.1000       200.292991     0.000016327   -525268.7739      -864.891
1.2000       130.719084     0.000013606   -525338.3477      -548.945
1.3000        86.470023     0.000019048   -525382.5967      -353.027
1.4000        57.882628     0.000019048   -525411.1842      -229.026
1.5000        39.221176     0.000010885   -525429.8455      -150.078
1.6000        26.891278     0.000010885   -525442.1755       -99.604
1.7000        18.630799     0.000027211   -525450.4360       -67.025
1.8000        13.018754     0.000005442   -525456.0481       -45.705
1.9000         9.159639     0.000013606   -525459.9072       -31.499
2.0000         6.483082     0.000010885   -525462.5838       -21.874
2.1000         4.631682     0.000010885   -525464.4350       -15.296
2.2000         3.383416     0.000027211   -525465.6834       -10.728
2.3000         2.504221     0.000021769   -525466.5626        -7.572
2.4000         1.885069     0.000016327   -525467.1817        -5.248
2.5000         1.450120     0.000013606   -525467.6168        -3.645
2.6000         1.145956     0.000010885   -525467.9207        -2.419
2.7000         0.935003     0.000010885   -525468.1319        -1.576
2.8000         0.790088     0.000008163   -525468.2767        -0.945
2.9000         0.692114     0.000008163   -525468.3746        -0.524
3.0000         0.627361     0.000024490   -525468.4394        -0.201
3.1000         0.585777     0.000010885   -525468.4810         0.015
3.2000         0.560729     0.000024490   -525468.5060         0.148
3.3000         0.547265     0.000013606   -525468.5194         0.249
3.4000         0.541681     0.000016327   -525468.5251         0.311
3.5000         0.541719     0.000021769   -525468.5251         0.330
3.6000         0.545820     0.000024490   -525468.5210         0.345
3.7000         0.552517     0.000024490   -525468.5142         0.350
3.8000         0.560764     0.000019048   -525468.5060         0.341
3.9000         0.570152     0.000016327   -525468.4965         0.318
4.0000         0.580346     0.000016327   -525468.4865         0.302
5.0000         0.667925     0.000019048   -525468.3988         0.111
6.0000         0.707597     0.000021769   -525468.3591         0.030
7.0000         0.720653     0.000002721   -525468.3460         0.007
8.0000         0.724327     0.000019048   -525468.3425         0.001
9.0000         0.725246     0.000008163   -525468.3414        -0.000
10.0000         0.725464     0.000013606   -525468.3414        -0.001
100.0000         0.725521     0.000013606   -525468.3411
1000.0000         0.725524     0.000013606   -525468.3411
