0.0020  10876917.181851     0.000010885  10660809.0609
0.0040   5309118.541106     0.000021769   5093010.4206
0.0060   3462020.466600     0.000024490   3245912.3460
0.0080   2540172.033257     0.000027211   2324063.9124
0.0100   1988386.085122     0.000019048   1772277.9643
0.0120   1621405.010996     0.000016327   1405296.8902
0.0140   1360429.670100     0.000016327   1144321.5495
0.0160   1165577.275929     0.000021769    949469.1551
0.0180   1014630.420053     0.000005442    798522.2992
0.0200    894371.951811     0.000019048    678263.8310
0.0400    370282.999601     0.000016327    154174.8789
0.0600    208956.433198     0.000010885     -7151.6875
0.0800    134177.827083     0.000021769    -81930.2936
0.1000     92910.502256     0.000010885   -123197.6185
0.1200     67340.138543     0.000024490   -148767.9822
0.1400     50433.313918     0.000016327   -165674.8068
0.1600     38879.435556     0.000013606   -177228.6852
0.1800     30776.307620     0.000013606   -185331.8131
0.2000     24948.540982     0.000013606   -191159.5797
0.2400     16719.217835     0.000010885   -199388.9029
0.2800     11596.056363     0.000016327   -204512.0644
0.3200      8262.914404     0.000016327   -207845.2063
0.3600      6091.842943     0.000016327   -210016.2778    -43849.247
0.4000      4632.419235     0.000016327   -211475.7015    -30487.434
0.4500      3323.568410     0.000010885   -212784.5523    -22324.879
0.5000      2395.318655     0.000013606   -213712.8021    -15124.020
0.5500      1768.966932     0.000019048   -214339.1538    -10276.732
0.6000      1336.390458     0.000010885   -214771.7302     -7237.302
0.6500      1026.485739     0.000024490   -215081.6350     -5273.342
0.7000       798.012213     0.000016327   -215310.1085     -3930.653
0.7500       626.550513     0.000013606   -215481.5702     -2977.896
0.8000       494.978964     0.000019048   -215613.1417     -2337.743
0.8500       389.771682     0.000016327   -215718.3490     -1870.678
0.9000       306.007362     0.000024490   -215802.1134     -1494.956
0.9500       239.619918     0.000021769   -215868.5008     -1176.326
1.0000       187.807654     0.000019048   -215920.3131      -909.199
1.1000       116.774405     0.000013606   -215991.3463      -544.904
1.2000        73.730107     0.000008163   -216034.3906      -334.380
1.3000        46.966962     0.000016327   -216061.1538      -210.242
1.4000        29.917558     0.000013606   -216078.2032      -135.284
1.5000        18.902821     0.000024490   -216089.2179       -88.529
1.6000        11.648276     0.000010885   -216096.4724       -58.659
1.7000         6.981051     0.000013606   -216101.1397       -39.508
1.8000         3.960923     0.000010885   -216104.1598       -26.995
1.9000         1.903551     0.000013606   -216106.2172       -18.501
2.0000         0.504788     0.000010885   -216107.6159       -12.599
2.1000        -0.437401     0.000019048   -216108.5581        -8.474
2.2000        -1.060912     0.000024490   -216109.1816        -5.543
2.3000        -1.461456     0.000016327   -216109.5822        -3.514
2.4000        -1.705289     0.000024490   -216109.8260        -2.039
2.5000        -1.839469     0.000013606   -216109.9602        -1.016
2.6000        -1.896259     0.000016327   -216110.0170        -0.301
2.7000        -1.899034     0.000027211   -216110.0197         0.207
2.8000        -1.863387     0.000016327   -216109.9841         0.545
2.9000        -1.800992     0.000010885   -216109.9217         0.791
3.0000        -1.719749     0.000016327   -216109.8405         0.948
3.1000        -1.625584     0.000013606   -216109.7463         1.034
3.2000        -1.522782     0.000013606   -216109.6435         1.110
3.3000        -1.371971     0.000019048   -216109.4927         1.100
3.4000        -1.174577     0.000010885   -216109.2953         1.018
3.5000        -0.996721     0.000008163   -216109.1174         0.951
3.6000        -0.836761     0.000008163   -216108.9575         0.883
3.7000        -0.693014     0.000024490   -216108.8137         0.814
3.8000        -0.563643     0.000016327   -216108.6844         0.744
3.9000        -0.447004     0.000019048   -216108.5677         0.686
4.0000        -0.341862     0.000016327   -216108.4626         0.626
5.0000         0.350066     0.000019048   -216107.7707         0.178
6.0000         0.543090     0.000027211   -216107.5776         0.037
7.0000         0.584607     0.000024490   -216107.5361         0.010
8.0000         0.595413     0.000024490   -216107.5253         0.003
9.0000         0.599551     0.000024490   -216107.5212         0.001
10.0000         0.601862     0.000024490   -216107.5188         0.001
100.0000         0.614129     0.000027211   -216107.5066
1000.0000         0.615048     0.000005442   -216107.5057
