0.0020  17650054.430068     0.000016327  17270270.9635
0.0040   8604424.154345     0.000016327   8224640.6885
0.0060   5600612.393997     0.000016327   5220828.9273
0.0080   4101753.973378     0.000024490   3721970.5081
0.0100   3204946.027486     0.000021769   2825162.5600
0.0120   2609606.287224     0.000024490   2229822.8210
0.0140   2186213.028512     0.000027211   1806429.5624
0.0160   1870013.538496     0.000013606   1490230.0722
0.0180   1625361.759745     0.000021769   1245578.2936
0.0200   1431191.342925     0.000019048   1051407.8767
0.0400    587214.618245     0.000010885    207431.1521
0.0600    328130.113750     0.000013606    -51653.3524
0.0800    209615.660181     0.000024490   -170167.8060
0.1000    144317.850317     0.000013606   -235465.6159
0.1200    104765.116376     0.000027211   -275018.3498
0.1400     78856.471927     0.000016327   -300926.9943
0.1600     60672.747910     0.000016327   -319110.7182
0.1800     47485.589687     0.000021769   -332297.8764
0.2000     37753.666048     0.000013606   -342029.8000
0.2400     24868.189446     0.000016327   -354915.2766
0.2800     17247.252558     0.000013606   -362536.2136
0.3200     12112.192764     0.000008163   -367671.2735
0.3600      8726.355167     0.000019048   -371057.1110
0.4000      6469.363954     0.000027211   -373314.1023    -46448.362
0.4500      4583.307893     0.000013606   -375200.1582    -30319.252
0.5000      3333.026172     0.000027211   -376450.4399    -20505.319
0.5500      2462.472720     0.000016327   -377320.9934    -14816.234
0.6000      1827.215151     0.000019048   -377956.2511    -10779.769
0.6500      1371.470114     0.000024490   -378411.9960     -7639.729
0.7000      1046.349617     0.000024490   -378737.1166     -5483.675
0.7500       812.344265     0.000021769   -378971.1219     -3982.256
0.8000       640.147582     0.000024490   -379143.3186     -2971.971
0.8500       508.690509     0.000019048   -379274.7757     -2318.200
0.9000       404.129212     0.000005442   -379379.3369     -1856.645
0.9500       321.627430     0.000024490   -379461.8388     -1472.549
1.0000       256.417303     0.000005442   -379527.0488     -1161.247
1.1000       164.331199     0.000021769   -379619.1349      -719.512
1.2000       106.432222     0.000019048   -379677.0339      -450.460
1.3000        70.451814     0.000013606   -379713.0144      -282.821
1.4000        47.627467     0.000005442   -379735.8388      -181.626
1.5000        32.941735     0.000019048   -379750.5245      -118.612
1.6000        23.624286     0.000019048   -379759.8420       -78.786
1.7000        17.650506     0.000019048   -379765.8157       -52.706
1.8000        13.930613     0.000024490   -379769.5355       -35.477
1.9000        11.594996     0.000010885   -379771.8711       -23.826
2.0000        10.416751     0.000005442   -379773.0493       -16.441
2.1000         9.725494     0.000010885   -379773.7408       -11.456
2.2000         9.316515     0.000013606   -379774.1497        -8.027
2.3000         9.133644     0.000021769   -379774.3326        -5.784
2.4000         9.031038     0.000027211   -379774.4352        -4.401
2.5000         9.000760     0.000008163   -379774.4654        -3.571
2.6000         8.928304     0.000024490   -379774.5378        -3.069
2.7000         8.820969     0.000008163   -379774.6453        -2.614
2.8000         8.692517     0.000021769   -379774.7737        -2.242
2.9000         8.559151     0.000024490   -379774.9070        -1.912
3.0000         8.433484     0.000024490   -379775.0327        -1.539
3.1000         8.324453     0.000016327   -379775.1416        -1.245
3.2000         8.238057     0.000013606   -379775.2281        -0.947
3.3000         8.174535     0.000005442   -379775.2915        -0.680
3.4000         8.133288     0.000005442   -379775.3329        -0.466
3.5000         8.113059     0.000005442   -379775.3530        -0.285
3.6000         8.110234     0.000002721   -379775.3560        -0.126
3.7000         8.121328     0.000005442   -379775.3449        -0.002
3.8000         8.143661     0.000019048   -379775.3225         0.087
3.9000         8.175408     0.000019048   -379775.2907         0.149
4.0000         8.213945     0.000019048   -379775.2523         0.204
5.0000         8.637123     0.000021769   -379774.8289         0.212
6.0000         8.855728     0.000005442   -379774.6104         0.093
7.0000         8.928367     0.000008163   -379774.5378         0.030
8.0000         8.950568     0.000016327   -379774.5157         0.011
9.0000         8.957866     0.000019048   -379774.5084         0.006
10.0000         8.960827     0.000008163   -379774.5054         0.003
100.0000         8.970512     0.000010885   -379774.4956
1000.0000         8.971143     0.000021769   -379774.4951
