0.0020   3868279.968755     0.000010885   3700074.9045
0.0040   1889758.944102     0.000019048   1721553.8811
0.0060   1232771.090837     0.000016327   1064566.0278
0.0080    905470.214455     0.000019048    737265.1512
0.0100    709814.348288     0.000010885    541609.2852
0.0120    579888.233657     0.000021769    411683.1707
0.0140    487613.055542     0.000021769    319407.9924
0.0160    418736.832027     0.000024490    250531.7689
0.0180    365436.289183     0.000024490    197231.2261
0.0200    323016.728473     0.000016327    154811.6653
0.0400    136345.575519     0.000016327    -31859.4876
0.0600     78325.477679     0.000019048    -89879.5854
0.0800     51091.773515     0.000008163   -117113.2896
0.1000     35813.611396     0.000013606   -132391.4517
0.1200     26391.198554     0.000019048   -141813.8646
0.1400     20176.640871     0.000016327   -148028.4223
0.1600     15819.528859     0.000027211   -152385.5343
0.1800     12598.285357     0.000010885   -155606.7778
0.2000     10151.147402     0.000010885   -158053.9157
0.2400      6829.079768     0.000021769   -161375.9834
0.2800      4824.349410     0.000016327   -163380.7137    -39056.502
0.3200      3562.996131     0.000021769   -164642.0670    -25365.020
0.3600      2710.320673     0.000013606   -165494.7425    -18030.764
0.4000      2084.075325     0.000019048   -166120.9878    -13532.195
0.4500      1514.326310     0.000027211   -166690.7368     -9474.753
0.5000      1116.304911     0.000024490   -167088.7582     -6613.141
0.5500       837.056563     0.000019048   -167368.0066     -4668.580
0.6000       638.563656     0.000019048   -167566.4995     -3343.384
0.6500       495.389478     0.000016327   -167709.6737     -2431.245
0.7000       390.436149     0.000008163   -167814.6270     -1800.181
0.7500       311.863075     0.000016327   -167893.2000     -1367.847
0.8000       251.656688     0.000024490   -167953.4064     -1093.151
0.8500       202.207622     0.000019048   -168002.8555      -904.632
0.9000       160.631121     0.000019048   -168044.4320      -747.235
0.9500       127.257832     0.000013606   -168077.8053      -596.141
1.0000       100.787343     0.000016327   -168104.2758      -469.567
1.1000        63.782282     0.000010885   -168141.2808      -286.280
1.2000        41.264286     0.000016327   -168163.7988      -174.367
1.3000        27.451798     0.000027211   -168177.6113      -108.233
1.4000        18.770464     0.000021769   -168186.2927       -69.338
1.5000        13.127488     0.000013606   -168191.9356       -46.064
1.6000         9.322839     0.000013606   -168195.7403       -31.806
1.7000         6.660640     0.000019048   -168198.4025       -22.720
1.8000         4.731877     0.000024490   -168200.3312       -16.695
1.9000         3.295431     0.000024490   -168201.7677       -12.483
2.0000         2.206923     0.000016327   -168202.8562        -9.468
2.1000         1.376524     0.000016327   -168203.6866        -7.112
2.2000         0.744120     0.000013606   -168204.3190        -5.377
2.3000         0.266615     0.000010885   -168204.7965        -3.941
2.4000        -0.088121     0.000024490   -168205.1512        -2.832
2.5000        -0.346194     0.000019048   -168205.4093        -2.032
2.6000        -0.527591     0.000016327   -168205.5907        -1.327
2.7000        -0.648769     0.000013606   -168205.7119        -0.815
2.8000        -0.722789     0.000008163   -168205.7859        -0.443
2.9000        -0.760161     0.000024490   -168205.8233        -0.133
3.0000        -0.729181     0.000013606   -168205.7923         0.075
3.1000        -0.670464     0.000016327   -168205.7336         0.199
3.2000        -0.602468     0.000013606   -168205.6656         0.308
3.3000        -0.528595     0.000021769   -168205.5917         0.370
3.4000        -0.451410     0.000016327   -168205.5145         0.410
3.5000        -0.372783     0.000016327   -168205.4359         0.428
3.6000        -0.294582     0.000021769   -168205.3577         0.431
3.7000        -0.218012     0.000019048   -168205.2811         0.435
3.8000        -0.144376     0.000019048   -168205.2075         0.415
3.9000        -0.074184     0.000024490   -168205.1373         0.391
4.0000        -0.007706     0.000019048   -168205.0708         0.375
5.0000         0.424792     0.000016327   -168204.6383         0.158
6.0000         0.571970     0.000027211   -168204.4912         0.044
7.0000         0.616678     0.000024490   -168204.4464         0.020
8.0000         0.631963     0.000021769   -168204.4312         0.009
9.0000         0.638782     0.000016327   -168204.4243         0.006
10.0000         0.642771     0.000013606   -168204.4203         0.004
100.0000         0.662641     0.000016327   -168204.4005         0.000
1000.0000         0.664072     0.000016327   -168204.3990
