0.0020         0.000000     0.000024490  27901942.5079
0.0040  13899039.283285     0.000024490  13253680.2138
0.0060   9024611.497227     0.000002721   8379252.4256
0.0080   6596077.782834     0.000021769   5950718.7137
0.0100   5144482.132020     0.000016327   4499123.0607
0.0120   4181137.684320     0.000013606   3535778.6126
0.0140   3496353.390642     0.000024490   2850994.3192
0.0160   2986352.641189     0.000008163   2340993.5709
0.0180   2593034.513873     0.000010885   1947675.4435
0.0200   2280961.242361     0.000010885   1635602.1719
0.0400    926414.462086     0.000016327    281055.3918
0.0600    514481.459360     0.000021769   -130877.6110
0.0800    326128.490481     0.000013606   -319230.5798
0.1000    223832.062118     0.000019048   -421527.0083
0.1200    161336.700656     0.000016327   -484022.3697
0.1400    119993.928663     0.000021769   -525365.1417
0.1600     91949.996849     0.000024490   -553409.0736
0.1800     72326.485997     0.000019048   -573032.5843
0.2000     57767.107222     0.000008163   -587591.9631
0.2400     37797.479942     0.000019048   -607561.5906
0.2800     25557.851611     0.000019048   -619801.2188
0.3200     18106.354360     0.000024490   -627252.7159
0.3600     13187.474961     0.000008163   -632171.5953
0.4000      9660.204307     0.000019048   -635698.8660
0.4500      6802.064060     0.000010885   -638557.0063    -44890.043
0.5000      4974.569132     0.000013606   -640384.5013    -29673.509
0.5500      3727.208258     0.000005442   -641631.8622    -20971.924
0.6000      2824.949517     0.000016327   -642534.1208    -15448.465
0.6500      2155.575276     0.000024490   -643203.4950    -11487.974
0.7000      1656.976511     0.000008163   -643702.0938     -8557.176
0.7500      1285.493169     0.000019048   -644073.5772     -6410.648
0.8000      1005.916770     0.000024490   -644353.1536     -4855.973
0.8500       792.899170     0.000021769   -644566.1713     -3725.406
0.9000       628.507156     0.000013606   -644730.5632     -2892.547
0.9500       500.208396     0.000024490   -644858.8619     -2268.338
1.0000       399.182464     0.000013606   -644959.8880     -1792.315
1.1000       255.962772     0.000008163   -645103.1076     -1145.205
1.2000       164.212424     0.000016327   -645194.8579      -734.023
1.3000       104.987307     0.000019048   -645254.0830      -472.771
1.4000        66.439440     0.000013606   -645292.6309      -308.364
1.5000        41.195716     0.000016327   -645317.8746      -202.963
1.6000        24.575752     0.000021769   -645334.4945      -134.466
1.7000        13.582410     0.000021769   -645345.4879       -89.341
1.8000         6.364313     0.000024490   -645352.7060       -59.485
1.9000         1.595508     0.000019048   -645357.4748       -39.382
2.0000        -1.544356     0.000013606   -645360.6148       -25.758
2.1000        -3.574130     0.000019048   -645362.6445       -16.413
2.2000        -4.846208     0.000019048   -645363.9166       -10.062
2.3000        -5.602187     0.000016327   -645364.6725        -5.772
2.4000        -6.008910     0.000021769   -645365.0793        -2.850
2.5000        -6.182369     0.000019048   -645365.2527        -0.961
2.6000        -6.202476     0.000024490   -645365.2728         0.311
2.7000        -6.124883     0.000016327   -645365.1953         1.056
2.8000        -5.987729     0.000024490   -645365.0581         1.534
2.9000        -5.816738     0.000016327   -645364.8872         1.766
3.0000        -5.629864     0.000019048   -645364.7003         1.865
3.1000        -5.415770     0.000008163   -645364.4861         1.874
3.2000        -5.181401     0.000010885   -645364.2518         1.789
3.3000        -4.908928     0.000013606   -645363.9794         1.626
3.4000        -4.644939     0.000024490   -645363.7152         1.443
3.5000        -4.415811     0.000024490   -645363.4861         1.265
3.6000        -4.216806     0.000010885   -645363.2872         1.111
3.7000        -4.044212     0.000008163   -645363.1147         0.976
3.8000        -3.895058     0.000005442   -645362.9656         0.852
3.9000        -3.766095     0.000013606   -645362.8366         0.733
4.0000        -3.637802     0.000019048   -645362.7081         0.621
5.0000        -3.065364     0.000019048   -645362.1359         0.106
6.0000        -2.959498     0.000005442   -645362.0300         0.031
7.0000        -2.923848     0.000024490   -645361.9944         0.009
8.0000        -2.903263     0.000021769   -645361.9737         0.005
9.0000        -2.888922     0.000019048   -645361.9593         0.004
10.0000        -2.878242     0.000005442   -645361.9487         0.003
100.0000        -2.809558     0.000008163   -645361.8798
1000.0000        -2.804012     0.000024490   -645361.8744
