0.0020  19200433.324339     0.000005442  18828182.2455
0.0040   9367816.442685     0.000016327   8995565.3636
0.0060   6097024.181376     0.000024490   5724773.1021
0.0080   4466089.538044     0.000021769   4093838.4580
0.0100   3490819.509532     0.000019048   3118568.4305
0.0120   2842263.616652     0.000010885   2470012.5375
0.0140   2380307.144387     0.000013606   2008056.0653
0.0160   2035827.165932     0.000021769   1663576.0867
0.0180   1769664.498885     0.000019048   1397413.4198
0.0200   1557738.050354     0.000019048   1185486.9714
0.0400    636424.973108     0.000013606    264173.8940
0.0600    354898.745095     0.000021769    -17352.3340
0.0800    226347.810191     0.000008163   -145903.2689
0.1000    155546.442440     0.000019048   -216704.6367
0.1200    112953.818427     0.000024490   -259297.2607
0.1400     85180.330927     0.000016327   -287070.7482
0.1600     65627.292013     0.000008163   -306623.7871
0.1800     51588.977933     0.000021769   -320662.1011
0.2000     41388.006212     0.000019048   -330863.0728
0.2400     28169.099420     0.000021769   -344081.9796
0.2800     19921.117873     0.000019048   -352329.9613
0.3200     14207.010612     0.000021769   -358044.0685
0.3600     10498.795781     0.000024490   -361752.2833
0.4000      8013.635641     0.000024490   -364237.4435    -51263.130
0.4500      5913.843490     0.000016327   -366337.2356    -34534.992
0.5000      4438.269816     0.000008163   -367812.8092    -25138.944
0.5500      3360.137879     0.000021769   -368890.9413    -18287.370
0.6000      2575.671795     0.000019048   -369675.4072    -13362.213
0.6500      1998.972571     0.000019048   -370252.1065     -9936.961
0.7000      1566.651150     0.000024490   -370684.4281     -7527.017
0.7500      1235.693207     0.000019048   -371015.3859     -5830.016
0.8000       976.466129     0.000016327   -371274.6131     -4605.275
0.8500       771.320965     0.000016327   -371479.7581     -3632.141
0.9000       610.245923     0.000010885   -371640.8333     -2834.526
0.9500       484.845236     0.000021769   -371766.2340     -2202.308
1.0000       387.354742     0.000016327   -371863.7243     -1714.309
1.1000       251.528476     0.000027211   -371999.5505     -1057.276
1.2000       166.673194     0.000019048   -372084.4060      -670.285
1.3000       112.225256     0.000024490   -372138.8538      -435.525
1.4000        76.471351     0.000021769   -372174.6077      -288.816
1.5000        52.528615     0.000016327   -372198.5504      -194.772
1.6000        36.266127     0.000019048   -372214.8130      -133.182
1.7000        25.076915     0.000010885   -372226.0021       -92.103
1.8000        17.258349     0.000019048   -372233.8207       -64.314
1.9000        11.831493     0.000008163   -372239.2475       -45.172
2.0000         8.050113     0.000016327   -372243.0291       -31.824
2.1000         5.387326     0.000021769   -372245.6917       -22.469
2.2000         3.511982     0.000016327   -372247.5671       -15.855
2.3000         2.245144     0.000019048   -372248.8338       -11.272
2.4000         1.366877     0.000021769   -372249.7122        -7.991
2.5000         0.754926     0.000016327   -372250.3242        -5.648
2.6000         0.332877     0.000010885   -372250.7462        -3.928
2.7000         0.046798     0.000016327   -372251.0322        -2.702
2.8000        -0.141031     0.000005442   -372251.2203        -1.766
2.9000        -0.258184     0.000024490   -372251.3373        -1.108
3.0000        -0.323886     0.000019048   -372251.4031        -0.597
3.1000        -0.353087     0.000019048   -372251.4322        -0.240
3.2000        -0.356012     0.000021769   -372251.4352         0.011
3.3000        -0.340670     0.000027211   -372251.4197         0.195
3.4000        -0.313726     0.000024490   -372251.3928         0.317
3.5000        -0.279094     0.000016327   -372251.3582         0.384
3.6000        -0.239839     0.000016327   -372251.3190         0.426
3.7000        -0.198861     0.000008163   -372251.2779         0.447
3.8000        -0.157916     0.000027211   -372251.2371         0.445
3.9000        -0.117888     0.000013606   -372251.1969         0.431
4.0000        -0.079133     0.000016327   -372251.1582         0.411
5.0000         0.176828     0.000013606   -372250.9022         0.163
6.0000         0.267937     0.000019048   -372250.8113         0.048
7.0000         0.294718     0.000013606   -372250.7843         0.012
8.0000         0.301818     0.000021769   -372250.7773         0.002
9.0000         0.303562     0.000021769   -372250.7756         0.000
10.0000         0.303995     0.000021769   -372250.7751        -0.001
100.0000         0.304109     0.000021769   -372250.7751
1000.0000         0.304112     0.000021769   -372250.7751
