0.0020         0.000000     0.000021769  28886175.1093
0.0040  14373242.104851     0.000005442  13733744.2226
0.0060   9336294.725509     0.000021769   8696796.8425
0.0080   6826835.719057     0.000021769   6187337.8349
0.0100   5326841.982454     0.000019048   4687344.0991
0.0120   4330676.439808     0.000016327   3691178.5577
0.0140   3622874.128185     0.000016327   2983376.2450
0.0160   3095724.340844     0.000016327   2456226.4576
0.0180   2688772.538989     0.000013606   2049274.6556
0.0200   2365780.380178     0.000021769   1726282.4968
0.0400    962518.195870     0.000019048    323020.3125
0.0600    534932.121587     0.000024490   -104565.7618
0.0800    339585.041595     0.000021769   -299912.8419
0.1000    233636.784301     0.000013606   -405861.0990
0.1200    168790.586175     0.000024490   -470707.2973
0.1400    126464.364420     0.000024490   -513033.5190
0.1600     97669.934015     0.000010885   -541827.9494
0.1800     77327.824387     0.000016327   -562170.0590
0.2000     61614.596011     0.000013606   -577883.2875
0.2400     40435.208104     0.000024490   -599062.6754
0.2800     27632.942070     0.000027211   -611864.9414
0.3200     19685.683950     0.000013606   -619812.1994
0.3600     14217.542419     0.000024490   -625280.3409
0.4000     10435.220705     0.000027211   -629062.6626
0.4500      7369.682243     0.000024490   -632128.2011    -48542.088
0.5000      5370.963353     0.000013606   -634126.9200    -32891.211
0.5500      3977.335791     0.000010885   -635520.5476    -23534.346
0.6000      2969.322933     0.000027211   -636528.5605    -17108.807
0.6500      2236.676673     0.000019048   -637261.2067    -12412.204
0.7000      1705.248145     0.000024490   -637792.6352     -9032.971
0.7500      1316.370093     0.000021769   -638181.5132     -6655.147
0.8000      1027.515442     0.000008163   -638470.3679     -4987.497
0.8500       809.347773     0.000010885   -638688.5356     -3805.271
0.9000       641.511972     0.000019048   -638856.3714     -2952.339
0.9500       510.451160     0.000027211   -638987.4323     -2319.321
1.0000       407.095314     0.000016327   -639090.7880     -1834.502
1.1000       260.378156     0.000005442   -639237.5053     -1162.465
1.2000       166.335296     0.000005442   -639331.5482      -749.935
1.3000       105.449433     0.000008163   -639392.4340      -486.368
1.4000        65.922118     0.000024490   -639431.9612      -320.031
1.5000        39.707949     0.000019048   -639458.1753      -212.200
1.6000        22.219223     0.000010885   -639475.6641      -140.542
1.7000        10.681213     0.000010885   -639487.2023       -91.869
1.8000         3.540028     0.000019048   -639494.3434       -59.267
1.9000        -0.959262     0.000021769   -639498.8428       -37.142
2.0000        -3.689824     0.000013606   -639501.5732       -22.163
2.1000        -5.178252     0.000021769   -639503.0616       -12.280
2.2000        -5.846213     0.000024490   -639503.7297        -6.021
2.3000        -6.057621     0.000013606   -639503.9411        -2.009
2.4000        -5.818390     0.000019048   -639503.7016         0.226
2.5000        -5.418398     0.000027211   -639503.3019         1.393
2.6000        -4.761861     0.000024490   -639502.6453         1.805
2.7000        -4.173891     0.000024490   -639502.0573         1.955
2.8000        -3.660384     0.000016327   -639501.5438         2.023
2.9000        -3.208754     0.000010885   -639501.0921         2.031
3.0000        -2.803990     0.000013606   -639500.6874         2.006
3.1000        -2.294081     0.000024490   -639500.1775         1.868
3.2000        -1.853515     0.000024490   -639499.7369         1.706
3.3000        -1.470248     0.000013606   -639499.3535         1.595
3.4000        -1.124835     0.000024490   -639499.0082         1.478
3.5000        -0.802559     0.000013606   -639498.6860         1.355
3.6000        -0.518279     0.000016327   -639498.4017         1.242
3.7000        -0.266239     0.000024490   -639498.1497         1.152
3.8000        -0.042221     0.000005442   -639497.9255         1.063
3.9000         0.157867     0.000019048   -639497.7255         0.964
4.0000         0.338200     0.000027211   -639497.5451         0.879
5.0000         1.376478     0.000013606   -639496.5069         0.300
6.0000         1.691961     0.000005442   -639496.1913         0.083
7.0000         1.777737     0.000027211   -639496.1056         0.025
8.0000         1.803158     0.000008163   -639496.0803         0.008
9.0000         1.812908     0.000019048   -639496.0705         0.004
10.0000         1.818151     0.000024490   -639496.0653         0.003
100.0000         1.844217     0.000010885   -639496.0392
1000.0000         1.846179     0.000021769   -639496.0373
