0.0020  22655574.936390     0.000021769  22182769.0104
0.0040  11042518.226373     0.000019048  10569712.3005
0.0060   7179064.630092     0.000016327   6706258.7049
0.0080   5253187.869742     0.000019048   4780381.9437
0.0100   4101740.605456     0.000021769   3628934.6798
0.0120   3336465.464187     0.000021769   2863659.5396
0.0140   2792463.057837     0.000013606   2319657.1324
0.0160   2386688.955105     0.000024490   1913883.0296
0.0180   2073190.892956     0.000010885   1600384.9677
0.0200   1824326.842431     0.000024490   1351520.9169
0.0400    743234.857759     0.000019048    270428.9324
0.0600    413848.043289     0.000021769    -58957.8821
0.0800    263263.027220     0.000019048   -209542.8982
0.1000    180794.813075     0.000016327   -292011.1124
0.1200    130859.245161     0.000010885   -341946.6801
0.1400     97777.163147     0.000024490   -375028.7623
0.1600     74715.775077     0.000008163   -398090.1505
0.1800     58294.889717     0.000027211   -414511.0358
0.2000     46411.085704     0.000016327   -426394.8397
0.2400     30781.538557     0.000024490   -442024.3869
0.2800     20908.621181     0.000024490   -451897.3042
0.3200     14741.322161     0.000019048   -458064.6033
0.3600     10629.458629     0.000016327   -462176.4667
0.4000      7897.022126     0.000010885   -464908.9032
0.4500      5592.614231     0.000016327   -467213.3111    -39266.280
0.5000      3971.389990     0.000005442   -468834.5353    -25996.619
0.5500      2909.448463     0.000010885   -469896.4769    -17203.299
0.6000      2191.891505     0.000013606   -470614.0338    -11934.514
0.6500      1680.429088     0.000005442   -471125.4962     -8783.368
0.7000      1295.224264     0.000013606   -471510.7010     -6732.287
0.7500       999.446419     0.000016327   -471806.4791     -5162.830
0.8000       773.715963     0.000024490   -472032.2093     -3922.066
0.8500       603.331450     0.000019048   -472202.5940     -2965.713
0.9000       474.538963     0.000016327   -472331.3864     -2242.962
0.9500       376.833613     0.000010885   -472429.0919     -1707.611
1.0000       302.002253     0.000010885   -472503.9232     -1315.497
1.1000       198.622804     0.000021769   -472607.3026      -804.036
1.2000       134.447118     0.000019048   -472671.4782      -511.375
1.3000        93.196245     0.000010885   -472712.7291      -340.146
1.4000        65.407350     0.000016327   -472740.5182      -232.779
1.5000        46.277937     0.000024490   -472759.6475      -160.447
1.6000        33.041391     0.000010885   -472772.8839      -110.283
1.7000        23.928978     0.000005442   -472781.9965       -75.893
1.8000        17.648256     0.000016327   -472788.2772       -52.645
1.9000        13.285882     0.000013606   -472792.6394       -36.994
2.0000        10.216793     0.000021769   -472795.7086       -26.417
2.1000         8.022083     0.000013606   -472797.9032       -19.176
2.2000         6.423636     0.000016327   -472799.5019       -14.122
2.3000         5.239184     0.000019048   -472800.6861       -10.546
2.4000         4.347638     0.000019048   -472801.5778        -7.893
2.5000         3.668937     0.000027211   -472802.2565        -5.997
2.6000         3.148533     0.000021769   -472802.7767        -4.474
2.7000         2.748593     0.000005442   -472803.1768        -3.371
2.8000         2.467676     0.000016327   -472803.4578        -2.485
2.9000         2.290838     0.000013606   -472803.6344        -1.872
3.0000         2.155205     0.000008163   -472803.7702        -1.353
3.1000         2.052768     0.000008163   -472803.8725        -0.956
3.2000         1.978279     0.000005442   -472803.9471        -0.660
3.3000         1.926619     0.000005442   -472803.9988        -0.400
3.4000         1.893061     0.000002721   -472804.0323        -0.210
3.5000         1.874618     0.000016327   -472804.0508        -0.079
3.6000         1.868367     0.000016327   -472804.0570         0.031
3.7000         1.871570     0.000016327   -472804.0538         0.119
3.8000         1.881995     0.000010885   -472804.0434         0.175
3.9000         1.898477     0.000005442   -472804.0268         0.209
4.0000         1.919413     0.000005442   -472804.0059         0.233
5.0000         2.168675     0.000019048   -472803.7566         0.168
6.0000         2.298990     0.000016327   -472803.6263         0.071
7.0000         2.337271     0.000013606   -472803.5882         0.026
8.0000         2.344213     0.000000000   -472803.5811         0.011
9.0000         2.342882     0.000008163   -472803.5825         0.006
10.0000         2.340101     0.000021769   -472803.5852         0.003
100.0000         2.316618     0.000019048   -472803.6089
1000.0000         2.314748     0.000010885   -472803.6108
