0.0020  22479386.925630     0.000010885  21955976.5121
0.0040  10942000.802162     0.000024490  10418590.3869
0.0060   7111159.087399     0.000010885   6587748.6726
0.0080   5202224.965219     0.000008163   4678814.5510
0.0100   4060993.368930     0.000008163   3537582.9540
0.0120   3303645.255687     0.000027211   2780234.8418
0.0140   2765282.624844     0.000016327   2241872.2103
0.0160   2363641.116692     0.000027211   1840230.7022
0.0180   2053627.841450     0.000019048   1530217.4271
0.0200   1807593.217240     0.000016327   1284182.8026
0.0400    738887.029413     0.000027211    215476.6149
0.0600    412457.256126     0.000005442   -110953.1583
0.0800    262923.319774     0.000010885   -260487.0947
0.1000    180842.044312     0.000024490   -342568.3702
0.1200    130950.288773     0.000019048   -392460.1257
0.1400     97945.543078     0.000013606   -425464.8714
0.1600     74834.803971     0.000013606   -448575.6105
0.1800     58441.999131     0.000024490   -464968.4153
0.2000     46605.833099     0.000019048   -476804.5812
0.2400     30933.103632     0.000008163   -492477.3108
0.2800     21133.743098     0.000016327   -502276.6713
0.3200     14898.959917     0.000013606   -508511.4547
0.3600     10734.803073     0.000024490   -512675.6114
0.4000      7976.018212     0.000016327   -515434.3963
0.4500      5577.585815     0.000024490   -517832.8286    -40345.563
0.5000      3927.043178     0.000027211   -519483.3712    -26519.854
0.5500      2842.836748     0.000016327   -520567.5777    -17565.345
0.6000      2114.064585     0.000024490   -521296.3498    -12037.778
0.6500      1604.371290     0.000024490   -521806.0432     -8615.903
0.7000      1232.264781     0.000021769   -522178.1498     -6410.024
0.7500       951.898878     0.000016327   -522458.5156     -4878.404
0.8000       737.328454     0.000027211   -522673.0861     -3748.702
0.8500       572.066928     0.000008163   -522838.3475     -2893.293
0.9000       444.333729     0.000019048   -522966.0808     -2240.598
0.9500       345.280460     0.000019048   -523065.1341     -1741.206
1.0000       268.189103     0.000021769   -523142.2253     -1358.113
1.1000       160.757213     0.000027211   -523249.6573      -834.708
1.2000        94.404684     0.000019048   -523316.0098      -517.251
1.3000        53.190233     0.000019048   -523357.2242      -320.123
1.4000        27.740892     0.000027211   -523382.6736      -196.042
1.5000        12.339198     0.000008163   -523398.0753      -117.836
1.6000         3.130587     0.000016327   -523407.2839       -69.239
1.7000        -2.246067     0.000019048   -523412.6606       -39.341
1.8000        -5.250085     0.000010885   -523415.6645       -21.041
1.9000        -6.769085     0.000013606   -523417.1837        -9.809
2.0000        -7.349676     0.000013606   -523417.7641        -2.950
2.1000        -7.096974     0.000019048   -523417.5116         0.640
2.2000        -6.273590     0.000010885   -523416.6881         2.197
2.3000        -5.492299     0.000024490   -523415.9069         3.066
2.4000        -4.762239     0.000016327   -523415.1768         3.597
2.5000        -4.085070     0.000016327   -523414.4995         3.817
2.6000        -3.407898     0.000008163   -523413.8222         3.782
2.7000        -2.543944     0.000016327   -523412.9583         3.243
2.8000        -1.835028     0.000019048   -523412.2494         2.858
2.9000        -1.258816     0.000016327   -523411.6734         2.520
3.0000        -0.773489     0.000005442   -523411.1879         2.278
3.1000        -0.320139     0.000010885   -523410.7346         2.020
3.2000         0.065364     0.000013606   -523410.3490         1.796
3.3000         0.395915     0.000005442   -523410.0186         1.613
3.4000         0.681439     0.000019048   -523409.7329         1.445
3.5000         0.930099     0.000005442   -523409.4845         1.278
3.6000         1.147720     0.000027211   -523409.2668         1.141
3.7000         1.338349     0.000016327   -523409.0760         1.023
3.8000         1.505555     0.000024490   -523408.9090         0.915
3.9000         1.652774     0.000019048   -523408.7617         0.803
4.0000         1.782665     0.000010885   -523408.6319         0.711
5.0000         2.446694     0.000008163   -523407.9677         0.180
6.0000         2.592604     0.000008163   -523407.8219         0.040
7.0000         2.618773     0.000016327   -523407.7957         0.007
8.0000         2.623130     0.000008163   -523407.7914         0.001
9.0000         2.623736     0.000010885   -523407.7908        -0.000
10.0000         2.623736     0.000008163   -523407.7908        -0.000
100.0000         2.622656     0.000013606   -523407.7919
1000.0000         2.622561     0.000019048   -523407.7919
