0.0020  11751706.478450     0.000024490  11545757.0935
0.0040   5743634.585936     0.000024490   5537685.2007
0.0060   3743791.102737     0.000019048   3537841.7181
0.0080   2746223.795957     0.000019048   2540274.4101
0.0100   2149245.517743     0.000021769   1943296.1320
0.0120   1753152.144466     0.000021769   1547202.7587
0.0140   1471001.693868     0.000024490   1265052.3080
0.0160   1259979.395946     0.000027211   1054030.0101
0.0180   1096784.007013     0.000024490    890834.6213
0.0200    967105.100718     0.000010885    761155.7150
0.0400    399861.630060     0.000008163    193912.2443
0.0600    224788.987191     0.000008163     18839.6014
0.0800    144255.188994     0.000019048    -61694.1968
0.1000     99921.883759     0.000024490   -106027.5020
0.1200     72405.643486     0.000024490   -133543.7423
0.1400     54206.304327     0.000010885   -151743.0814
0.1600     41808.852640     0.000016327   -164140.5331
0.1800     33162.105454     0.000021769   -172787.2803
0.2000     26837.746430     0.000016327   -179111.6393
0.2400     18109.224237     0.000008163   -187840.1615
0.2800     12543.115019     0.000013606   -193406.2708
0.3200      8975.344989     0.000008163   -196974.0408
0.3600      6661.246133     0.000013606   -199288.1396    -46776.392
0.4000      5080.407288     0.000024490   -200868.9785    -34605.993
0.4500      3577.347402     0.000024490   -202372.0384    -24693.717
0.5000      2569.854696     0.000021769   -203379.5311    -16199.168
0.5500      1903.239789     0.000027211   -204046.1460    -10872.592
0.6000      1448.017183     0.000019048   -204501.3686     -7578.157
0.6500      1124.194286     0.000027211   -204825.1915     -5512.376
0.7000       884.223902     0.000010885   -205065.1619     -4176.256
0.7500       699.363523     0.000027211   -205250.0222     -3270.872
0.8000       553.204097     0.000016327   -205396.1817     -2603.030
0.8500       436.867662     0.000019048   -205512.5181     -2067.404
0.9000       344.747075     0.000024490   -205604.6387     -1631.795
0.9500       272.140619     0.000019048   -205677.2452     -1284.900
1.0000       214.951337     0.000019048   -205734.4344     -1012.899
1.1000       134.076458     0.000013606   -205815.3093      -635.192
1.2000        83.062656     0.000021769   -205866.3231      -403.470
1.3000        50.513456     0.000013606   -205898.8723      -258.459
1.4000        29.642255     0.000008163   -205919.7435      -165.598
1.5000        16.323450     0.000013606   -205933.0623      -105.023
1.6000         8.391521     0.000027211   -205940.9942       -66.409
1.7000         3.471110     0.000013606   -205945.9147       -41.024
1.8000         0.535044     0.000010885   -205948.8507       -24.622
1.9000        -1.139798     0.000013606   -205950.5256       -14.228
2.0000        -2.035290     0.000019048   -205951.4211        -7.667
2.1000        -2.428282     0.000021769   -205951.8140        -3.742
2.2000        -2.493614     0.000008163   -205951.8794        -1.544
2.3000        -2.304046     0.000010885   -205951.6898        -0.407
2.4000        -2.036033     0.000016327   -205951.4218         0.081
2.5000        -1.787307     0.000008163   -205951.1731         0.431
2.6000        -1.562225     0.000002721   -205950.9480         0.609
2.7000        -1.355729     0.000027211   -205950.7415         0.782
2.8000        -1.163118     0.000013606   -205950.5489         0.893
2.9000        -0.979795     0.000021769   -205950.3656         0.981
3.0000        -0.804089     0.000021769   -205950.1899         1.057
3.1000        -0.635457     0.000008163   -205950.0212         1.070
3.2000        -0.472727     0.000013606   -205949.8585         1.081
3.3000        -0.317380     0.000013606   -205949.7031         1.089
3.4000        -0.169837     0.000013606   -205949.5556         1.057
3.5000        -0.029633     0.000016327   -205949.4154         1.017
3.6000         0.102421     0.000019048   -205949.2834         0.983
3.7000         0.225631     0.000019048   -205949.1601         0.934
3.8000         0.340308     0.000024490   -205949.0455         0.882
3.9000         0.447100     0.000024490   -205948.9387         0.830
4.0000         0.545891     0.000024490   -205948.8399         0.782
5.0000         1.184403     0.000021769   -205948.2014         0.323
6.0000         1.441556     0.000024490   -205947.9442         0.098
7.0000         1.507879     0.000010885   -205947.8779         0.035
8.0000         1.523985     0.000010885   -205947.8618         0.015
9.0000         1.528826     0.000016327   -205947.8569         0.009
10.0000         1.530861     0.000021769   -205947.8549         0.006
100.0000         1.537945     0.000019048   -205947.8478         0.000
1000.0000         1.538328     0.000019048   -205947.8474
