0.0020   7147105.787883     0.000021769   6563130.2369
0.0040   3483626.003372     0.000016327   2899650.4504
0.0060   2266184.753580     0.000019048   1682209.2011
0.0080   1660675.154797     0.000005442   1076699.6026
0.0100   1298809.845375     0.000027211    714834.2930
0.0120   1058917.977796     0.000016327    474942.4254
0.0140    888377.971315     0.000027211    304402.4191
0.0160    761095.387337     0.000019048    177119.8350
0.0180    662608.699148     0.000019048     78633.1468
0.0200    584229.911700     0.000021769       254.3594
0.0400    241936.744311     0.000016327   -342038.8081
0.0600    136469.819501     0.000005442   -447505.7329
0.0800     88212.396988     0.000010885   -495763.1554
0.1000     61290.124003     0.000027211   -522685.4284
0.1200     44472.609580     0.000027211   -539502.9427
0.1400     33448.462403     0.000019048   -550527.0899
0.1600     25950.602106     0.000016327   -558024.9503
0.1800     20658.609696     0.000019048   -563316.9426
0.2000     16693.614951     0.000019048   -567281.9374
0.2400     11175.640181     0.000021769   -572799.9122
0.2800      7750.626902     0.000016327   -576224.9254
0.3200      5560.210158     0.000010885   -578415.3421    -43866.610
0.3600      4114.428002     0.000021769   -579861.1244    -29683.198
0.4000      3112.027094     0.000013606   -580863.5253    -21106.656
0.4500      2238.895460     0.000008163   -581736.6568    -14292.464
0.5000      1643.660780     0.000019048   -582331.8914     -9782.796
0.5500      1234.695017     0.000008163   -582740.8572     -6772.274
0.6000       948.779935     0.000005442   -583026.7722     -4785.706
0.6500       744.118699     0.000010885   -583231.4335     -3476.095
0.7000       591.831533     0.000019048   -583383.7207     -2656.293
0.7500       472.300998     0.000024490   -583503.2514     -2147.860
0.8000       375.078508     0.000019048   -583600.4739     -1750.325
0.8500       296.678865     0.000010885   -583678.8735     -1392.784
0.9000       234.878835     0.000024490   -583740.6736     -1086.398
0.9500       186.852675     0.000021769   -583788.6998      -840.817
1.0000       149.694352     0.000010885   -583825.8580      -650.292
1.1000        98.460782     0.000016327   -583877.0916      -394.498
1.2000        66.845325     0.000013606   -583908.7069      -248.107
1.3000        46.587069     0.000013606   -583928.9653      -163.764
1.4000        32.907549     0.000021769   -583942.6447      -113.806
1.5000        23.209941     0.000016327   -583952.3423       -82.279
1.6000        16.123220     0.000013606   -583959.4290       -60.632
1.7000        10.881184     0.000024490   -583964.6712       -44.877
1.8000         7.008673     0.000005442   -583968.5437       -33.074
1.9000         4.170329     0.000019048   -583971.3821       -24.042
2.0000         2.116668     0.000021769   -583973.4358       -17.350
2.1000         0.654121     0.000024490   -583974.8981       -12.199
2.2000        -0.366148     0.000024490   -583975.9185        -8.429
2.3000        -1.057726     0.000021769   -583976.6100        -5.603
2.4000        -1.506788     0.000021769   -583977.0592        -3.492
2.5000        -1.779195     0.000019048   -583977.3316        -2.084
2.6000        -1.923008     0.000021769   -583977.4753        -0.930
2.7000        -1.974870     0.000010885   -583977.5273        -0.134
2.8000        -1.962562     0.000013606   -583977.5147         0.327
2.9000        -1.854674     0.000021769   -583977.4070         0.648
3.0000        -1.721045     0.000016327   -583977.2734         0.800
3.1000        -1.584914     0.000016327   -583977.1373         0.851
3.2000        -1.452169     0.000013606   -583977.0045         0.875
3.3000        -1.325946     0.000013606   -583976.8783         0.859
3.4000        -1.207541     0.000021769   -583976.7599         0.825
3.5000        -1.098317     0.000024490   -583976.6505         0.782
3.6000        -0.998830     0.000019048   -583976.5512         0.730
3.7000        -0.908654     0.000013606   -583976.4608         0.685
3.8000        -0.827079     0.000013606   -583976.3795         0.627
3.9000        -0.753445     0.000010885   -583976.3057         0.564
4.0000        -0.687036     0.000016327   -583976.2393         0.513
5.0000        -0.277954     0.000010885   -583975.8304         0.159
6.0000        -0.174025     0.000008163   -583975.7264         0.021
7.0000        -0.142079     0.000021769   -583975.6943         0.017
8.0000        -0.127053     0.000016327   -583975.6793         0.010
9.0000        -0.117542     0.000019048   -583975.6698         0.007
10.0000        -0.110693     0.000013606   -583975.6630         0.005
100.0000        -0.068331     0.000005442   -583975.6206         0.000
1000.0000        -0.064997     0.000021769   -583975.6173
