0.0020  25274733.501258     0.000016327  24769667.9285
0.0040  12325298.567576     0.000008163  11820232.9972
0.0060   8018823.173824     0.000024490   7513757.6023
0.0080   5871159.187698     0.000010885   5366093.6151
0.0100   4586886.159084     0.000024490   4081820.5885
0.0120   3731398.250388     0.000024490   3226332.6799
0.0140   3123860.320077     0.000019048   2618794.7486
0.0160   2671198.717371     0.000010885   2166133.1459
0.0180   2320444.118047     0.000024490   1815378.5467
0.0200   2041354.292411     0.000021769   1536288.7209
0.0400    829845.107099     0.000024490    324779.5356
0.0600    461925.128966     0.000024490    -43140.4425
0.0800    293645.402647     0.000019048   -211420.1688
0.1000    201601.204582     0.000027211   -303464.3669
0.1200    146034.759372     0.000024490   -359030.8122
0.1400    109307.216661     0.000024490   -395758.3548
0.1600     84152.499977     0.000010885   -420913.0716
0.1800     66284.482911     0.000027211   -438781.0886
0.2000     53263.994720     0.000021769   -451801.5767
0.2400     35057.267542     0.000010885   -470008.3038
0.2800     23801.745188     0.000021769   -481263.8262
0.3200     16688.482803     0.000016327   -488377.0886
0.3600     12090.627513     0.000008163   -492974.9441
0.4000      8962.704242     0.000019048   -496102.8671
0.4500      6151.821586     0.000019048   -498913.7499    -44508.119
0.5000      4349.053028     0.000019048   -500716.5185    -28972.138
0.5500      3146.992734     0.000010885   -501918.5786    -19674.057
0.6000      2321.741894     0.000013606   -502743.8295    -13790.023
0.6500      1733.219879     0.000013606   -503332.3516    -10022.796
0.7000      1301.078839     0.000024490   -503764.4925     -7410.554
0.7500       981.804406     0.000027211   -504083.7671     -5455.660
0.8000       747.532548     0.000021769   -504318.0390     -3991.455
0.8500       576.126803     0.000016327   -504489.4446     -2924.341
0.9000       450.651597     0.000013606   -504614.9199     -2167.547
0.9500       357.156310     0.000021769   -504708.4150     -1624.853
1.0000       286.413170     0.000016327   -504779.1584     -1242.926
1.1000       187.805874     0.000016327   -504877.7657      -789.312
1.2000       124.345013     0.000024490   -504941.2265      -504.905
1.3000        84.020633     0.000027211   -504981.5508      -318.969
1.4000        57.411885     0.000021769   -505008.1597      -207.652
1.5000        40.479417     0.000019048   -505025.0920      -132.654
1.6000        30.317261     0.000027211   -505035.2541       -89.017
1.7000        23.971651     0.000027211   -505041.5998       -63.978
1.8000        19.375053     0.000019048   -505046.1963       -47.542
1.9000        15.851569     0.000024490   -505049.7199       -35.593
2.0000        13.484703     0.000024490   -505052.0868       -27.192
2.1000        11.718209     0.000016327   -505053.8534       -20.748
2.2000        10.595073     0.000019048   -505054.9764       -16.190
2.3000         9.709772     0.000019048   -505055.8618       -12.613
2.4000         8.968939     0.000021769   -505056.6025        -9.838
2.5000         8.351915     0.000016327   -505057.2197        -7.716
2.6000         7.837279     0.000027211   -505057.7342        -6.137
2.7000         7.400634     0.000021769   -505058.1707        -4.980
2.8000         7.026007     0.000010885   -505058.5454        -4.116
2.9000         6.696725     0.000021769   -505058.8747        -3.454
3.0000         6.406210     0.000027211   -505059.1653        -2.970
3.1000         6.147408     0.000019048   -505059.4241        -2.530
3.2000         5.917747     0.000019048   -505059.6537        -2.204
3.3000         5.715177     0.000010885   -505059.8562        -1.904
3.4000         5.537693     0.000016327   -505060.0339        -1.622
3.5000         5.383530     0.000005442   -505060.1879        -1.387
3.6000         5.251410     0.000024490   -505060.3201        -1.173
3.7000         5.139239     0.000021769   -505060.4323        -0.978
3.8000         5.044601     0.000024490   -505060.5270        -0.808
3.9000         4.965838     0.000010885   -505060.6056        -0.664
4.0000         4.901600     0.000021769   -505060.6698        -0.535
5.0000         4.825952     0.000013606   -505060.7455         0.018
6.0000         4.971615     0.000019048   -505060.5999         0.048
7.0000         5.043205     0.000008163   -505060.5283         0.026
8.0000         5.069820     0.000010885   -505060.5016         0.010
9.0000         5.078710     0.000008163   -505060.4927         0.003
10.0000         5.081472     0.000024490   -505060.4899         0.001
100.0000         5.082632     0.000010885   -505060.4889
1000.0000         5.082640     0.000021769   -505060.4889
