0.0020  13233406.711740     0.000016327  12934311.4197
0.0040   6451622.373735     0.000024490   6152527.0797
0.0060   4202061.624007     0.000016327   3902966.3303
0.0080   3080385.703662     0.000010885   2781290.4099
0.0100   2409551.043613     0.000013606   2110455.7507
0.0120   1963708.702159     0.000024490   1664613.4093
0.0140   1646745.389071     0.000013606   1347650.0961
0.0160   1410078.472434     0.000019048   1110983.1795
0.0180   1226864.763099     0.000021769    927769.4704
0.0200   1081082.485560     0.000021769    781987.1927
0.0400    446352.476801     0.000024490    147257.1840
0.0600    250666.074715     0.000021769    -48429.2181
0.0800    160615.893441     0.000005442   -138479.3994
0.1000    110808.900350     0.000024490   -188286.3925
0.1200     80201.743238     0.000013606   -218893.5496
0.1400     60272.652442     0.000024490   -238822.6404
0.1600     46729.136563     0.000013606   -252366.1563
0.1800     36936.542701     0.000008163   -262158.7501
0.2000     29536.867015     0.000008163   -269558.4259
0.2400     19426.688563     0.000019048   -279668.6044
0.2800     13374.640352     0.000005442   -285720.6526
0.3200      9616.164491     0.000019048   -289479.1284
0.3600      7085.388854     0.000019048   -292009.9039
0.4000      5230.428613     0.000021769   -293864.8642    -38778.188
0.4500      3667.579110     0.000019048   -295427.7137    -24823.387
0.5000      2652.727005     0.000013606   -296442.5657    -16445.585
0.5500      1967.777639     0.000021769   -297127.5152    -11375.991
0.6000      1486.220984     0.000021769   -297609.0718     -8142.369
0.6500      1134.990127     0.000027211   -297960.3029     -6079.388
0.7000       868.679302     0.000010885   -298226.6134     -4659.654
0.7500       664.842759     0.000008163   -298430.4502     -3527.074
0.8000       511.685175     0.000016327   -298583.6076     -2621.888
0.8500       398.196706     0.000016327   -298697.0960     -1937.703
0.9000       314.118012     0.000013606   -298781.1749     -1440.034
0.9500       251.284545     0.000019048   -298844.0084     -1084.936
1.0000       203.736865     0.000016327   -298891.5560      -834.785
1.1000       137.735314     0.000016327   -298957.5575      -529.246
1.2000        94.406907     0.000019048   -299000.8860      -352.006
1.3000        65.250781     0.000021769   -299030.0421      -238.525
1.4000        45.556476     0.000024490   -299049.7364      -163.319
1.5000        32.064140     0.000013606   -299063.2286      -112.185
1.6000        22.796404     0.000010885   -299072.4966       -77.333
1.7000        16.422619     0.000021769   -299078.8703       -53.799
1.8000        12.017197     0.000027211   -299083.2755       -37.966
1.9000         8.943444     0.000010885   -299086.3493       -27.276
2.0000         6.770895     0.000016327   -299088.5219       -19.991
2.1000         5.210517     0.000016327   -299090.0825       -14.929
2.2000         4.067690     0.000013606   -299091.2251       -11.332
2.3000         3.213119     0.000024490   -299092.0798        -8.654
2.4000         2.566416     0.000010885   -299092.7263        -6.592
2.5000         2.125749     0.000027211   -299093.1671        -5.026
2.6000         1.820461     0.000016327   -299093.4725        -3.825
2.7000         1.583657     0.000019048   -299093.7092        -2.815
2.8000         1.407311     0.000024490   -299093.8855        -2.050
2.9000         1.281828     0.000016327   -299094.0110        -1.410
3.0000         1.198292     0.000016327   -299094.0945        -0.919
3.1000         1.149834     0.000016327   -299094.1429        -0.553
3.2000         1.129472     0.000010885   -299094.1634        -0.247
3.3000         1.130903     0.000019048   -299094.1620        -0.022
3.4000         1.149975     0.000016327   -299094.1429         0.130
3.5000         1.182512     0.000024490   -299094.1103         0.250
3.6000         1.224320     0.000013606   -299094.0687         0.337
3.7000         1.272636     0.000021769   -299094.0202         0.391
3.8000         1.325366     0.000013606   -299093.9674         0.415
3.9000         1.380655     0.000010885   -299093.9122         0.430
4.0000         1.436498     0.000019048   -299093.8564         0.433
5.0000         1.864851     0.000024490   -299093.4281         0.216
6.0000         2.030637     0.000013606   -299093.2621         0.094
7.0000         2.081805     0.000005442   -299093.2110         0.036
8.0000         2.098654     0.000013606   -299093.1941         0.019
9.0000         2.105397     0.000019048   -299093.1876         0.012
10.0000         2.108932     0.000027211   -299093.1840         0.008
100.0000         2.124211     0.000024490   -299093.1688         0.000
1000.0000         2.125205     0.000024490   -299093.1677
