0.0020  13254630.134805     0.000021769  13018253.8851
0.0040   6472095.572084     0.000027211   6235719.3215
0.0060   4216654.797107     0.000021769   3980278.5486
0.0080   3091423.905133     0.000021769   2855047.6552
0.0100   2418472.445848     0.000021769   2182096.1960
0.0120   1971905.731476     0.000027211   1735529.4818
0.0140   1653756.187061     0.000021769   1417379.9373
0.0160   1416038.559286     0.000024490   1179662.3095
0.0180   1232340.711220     0.000016327    995964.4615
0.0200   1086338.113958     0.000013606    849961.8643
0.0400    448029.531289     0.000016327    211653.2815
0.0600    251281.831343     0.000021769     14905.5816
0.0800    161118.278443     0.000016327    -75257.9713
0.1000    111329.362783     0.000008163   -125046.8870
0.1200     80470.288235     0.000019048   -155905.9615
0.1400     60303.950908     0.000019048   -176072.2989
0.1600     46702.353448     0.000019048   -189673.8963
0.1800     37098.472869     0.000021769   -199277.7769
0.2000     29860.893981     0.000024490   -206515.3558
0.2400     20000.755716     0.000019048   -216375.4941
0.2800     13827.529651     0.000024490   -222548.7201
0.3200      9998.417096     0.000019048   -226377.8327
0.3600      7495.047155     0.000013606   -228881.2026
0.4000      5577.149399     0.000016327   -230799.1004    -40672.204
0.4500      3942.590656     0.000016327   -232433.6591    -25888.062
0.5000      2890.475666     0.000010885   -233485.7741    -16961.481
0.5500      2186.158540     0.000016327   -234190.0912    -11666.539
0.6000      1689.106636     0.000019048   -234687.1431     -8475.209
0.6500      1319.225564     0.000024490   -235057.0242     -6465.016
0.7000      1032.555197     0.000010885   -235343.6946     -5064.507
0.7500       807.578020     0.000019048   -235568.6718     -3964.115
0.8000       632.057830     0.000019048   -235744.1919     -3083.139
0.8500       495.738121     0.000016327   -235880.5116     -2394.412
0.9000       389.808527     0.000016327   -235986.4413     -1863.783
0.9500       307.218753     0.000019048   -236069.0310     -1456.529
1.0000       242.539398     0.000021769   -236133.7104     -1143.368
1.1000       151.577577     0.000021769   -236224.6722      -713.113
1.2000        94.529786     0.000005442   -236281.7200      -448.977
1.3000        58.521723     0.000021769   -236317.7281      -282.928
1.4000        35.832399     0.000021769   -236340.4174      -177.847
1.5000        21.616572     0.000013606   -236354.6332      -111.773
1.6000        12.734585     0.000024490   -236363.5152       -70.424
1.7000         7.187479     0.000019048   -236369.0623       -44.416
1.8000         3.750318     0.000024490   -236372.4994       -27.895
1.9000         1.661990     0.000010885   -236374.5878       -17.273
2.0000         0.438501     0.000021769   -236375.8113       -10.352
2.1000        -0.229675     0.000019048   -236376.4794        -5.822
2.2000        -0.540641     0.000016327   -236376.7904        -2.871
2.3000        -0.623900     0.000005442   -236376.8737        -0.911
2.4000        -0.554019     0.000013606   -236376.8038         0.311
2.5000        -0.397648     0.000024490   -236376.6474         1.098
2.6000        -0.193949     0.000013606   -236376.4437         1.536
2.7000         0.033116     0.000013606   -236376.2167         1.789
2.8000         0.327818     0.000002721   -236375.9220         1.829
2.9000         0.625838     0.000019048   -236375.6239         1.782
3.0000         0.900297     0.000008163   -236375.3495         1.728
3.1000         1.151662     0.000019048   -236375.0981         1.607
3.2000         1.386225     0.000016327   -236374.8635         1.496
3.3000         1.632169     0.000010885   -236374.6176         1.356
3.4000         1.847259     0.000013606   -236374.4025         1.216
3.5000         2.037002     0.000021769   -236374.2128         1.092
3.6000         2.204733     0.000013606   -236374.0450         0.981
3.7000         2.356863     0.000019048   -236373.8929         0.876
3.8000         2.493780     0.000016327   -236373.7560         0.773
3.9000         2.614011     0.000027211   -236373.6358         0.680
4.0000         2.719540     0.000016327   -236373.5302         0.601
5.0000         3.252230     0.000002721   -236372.9975         0.148
6.0000         3.365476     0.000005442   -236372.8843         0.029
7.0000         3.384679     0.000021769   -236372.8651         0.007
8.0000         3.387324     0.000002721   -236372.8624         0.001
9.0000         3.387315     0.000002721   -236372.8624         0.001
10.0000         3.386932     0.000021769   -236372.8628         0.000
100.0000         3.383889     0.000010885   -236372.8659
1000.0000         3.383598     0.000027211   -236372.8662
