0.0020  17554573.029094     0.000013606  17226949.3326
0.0040   8563354.175133     0.000013606   8235730.4807
0.0060   5572718.370531     0.000016327   5245094.6761
0.0080   4083584.280902     0.000019048   3755960.5866
0.0100   3193909.959527     0.000021769   2866286.2638
0.0120   2602256.230447     0.000010885   2274632.5348
0.0140   2180413.194923     0.000008163   1852789.4994
0.0160   1865991.525312     0.000008163   1538367.8296
0.0180   1623078.434298     0.000010885   1295454.7387
0.0200   1429393.826202     0.000021769   1101770.1306
0.0400    584495.347344     0.000013606    256871.6517
0.0600    326557.306373     0.000010885     -1066.3893
0.0800    208671.508170     0.000024490   -118952.1875
0.1000    143199.578077     0.000021769   -184424.1176
0.1200    103411.212037     0.000010885   -224212.4836
0.1400     77716.482574     0.000016327   -249907.2131
0.1600     59907.989378     0.000019048   -267715.7063
0.1800     46937.538074     0.000005442   -280686.1576
0.2000     37429.277353     0.000021769   -290194.4183
0.2400     25121.944547     0.000019048   -302501.7510
0.2800     17978.943263     0.000010885   -309644.7525
0.3200     12854.925399     0.000010885   -314768.7702
0.3600      9427.855718     0.000013606   -318195.8398
0.4000      7149.057950     0.000021769   -320474.6377    -46693.608
0.4500      5260.160505     0.000024490   -322363.5350    -30518.993
0.5000      3975.824938     0.000021769   -323647.8707    -21681.195
0.5500      3034.754610     0.000008163   -324588.9410    -16294.624
0.6000      2324.049002     0.000010885   -325299.6466    -12318.031
0.6500      1788.450063     0.000013606   -325835.2455     -9250.640
0.7000      1386.113170     0.000016327   -326237.5826     -6947.328
0.7500      1083.280951     0.000019048   -326540.4147     -5239.681
0.8000       854.209221     0.000024490   -326769.4864     -3979.250
0.8500       679.581758     0.000024490   -326944.1139     -3075.608
0.9000       541.097600     0.000024490   -327082.5979     -2472.855
0.9500       428.509546     0.000024490   -327195.1861     -2001.602
1.0000       339.146646     0.000021769   -327284.5489     -1586.296
1.1000       213.031766     0.000021769   -327410.6639      -980.816
1.2000       134.989515     0.000027211   -327488.7062      -609.120
1.3000        86.199702     0.000013606   -327537.4960      -384.012
1.4000        55.225844     0.000008163   -327568.4699      -245.875
1.5000        35.267354     0.000016327   -327588.4284      -159.677
1.6000        22.548391     0.000008163   -327601.1473      -105.698
1.7000        14.263626     0.000016327   -327609.4320       -71.270
1.8000         8.669352     0.000016327   -327615.0262       -48.617
1.9000         4.850350     0.000010885   -327618.8453       -33.439
2.0000         2.228828     0.000008163   -327621.4668       -23.018
2.1000         0.428999     0.000024490   -327623.2666       -15.765
2.2000        -0.796045     0.000021769   -327624.4916       -10.638
2.3000        -1.614817     0.000019048   -327625.3104        -6.992
2.4000        -2.142745     0.000021769   -327625.8383        -4.328
2.5000        -2.461804     0.000024490   -327626.1575        -2.448
2.6000        -2.629734     0.000024490   -327626.3254        -1.064
2.7000        -2.688328     0.000010885   -327626.3839        -0.097
2.8000        -2.667356     0.000008163   -327626.3630         0.619
2.9000        -2.436253     0.000027211   -327626.1319         0.955
3.0000        -2.141444     0.000021769   -327625.8370         1.134
3.1000        -1.862642     0.000024490   -327625.5583         1.223
3.2000        -1.601524     0.000024490   -327625.2971         1.245
3.3000        -1.359430     0.000019048   -327625.0552         1.245
3.4000        -1.136794     0.000016327   -327624.8323         1.220
3.5000        -0.932377     0.000019048   -327624.6280         1.160
3.6000        -0.745230     0.000019048   -327624.4408         1.106
3.7000        -0.574901     0.000008163   -327624.2704         1.046
3.8000        -0.419989     0.000021769   -327624.1156         0.983
3.9000        -0.278944     0.000019048   -327623.9746         0.913
4.0000        -0.150672     0.000013606   -327623.8462         0.849
5.0000         0.805174     0.000013606   -327622.8905         0.176
6.0000         0.987115     0.000027211   -327622.7085         0.036
7.0000         1.019372     0.000008163   -327622.6764         0.007
8.0000         1.025211     0.000002721   -327622.6704         0.001
9.0000         1.026330     0.000002721   -327622.6693        -0.000
10.0000         1.026564     0.000002721   -327622.6690        -0.000
100.0000         1.026632     0.000002721   -327622.6690
1000.0000         1.026632     0.000002721   -327622.6690
