0.0020  16627904.164122     0.000010885  16052198.0116
0.0040   8094393.258597     0.000019048   7518687.1045
0.0060   5260607.907748     0.000021769   4684901.7539
0.0080   3852219.116148     0.000024490   3276512.9622
0.0100   3011751.506025     0.000021769   2436045.3524
0.0120   2453586.426062     0.000021769   1877880.2724
0.0140   2056364.111011     0.000027211   1480657.9576
0.0160   1759915.023770     0.000021769   1184208.8701
0.0180   1530424.139085     0.000010885    954717.9855
0.0200   1348133.639531     0.000010885    772427.4859
0.0400    552704.661265     0.000008163    -23001.4923
0.0600    309507.233601     0.000010885   -266198.9200
0.0800    198201.334587     0.000016327   -377504.8189
0.1000    136934.695562     0.000016327   -438771.4580
0.1200     99422.350712     0.000024490   -476283.8027
0.1400     74495.789303     0.000016327   -501210.3642
0.1600     57022.247407     0.000019048   -518683.9061
0.1800     44442.883628     0.000016327   -531263.2700
0.2000     35253.881119     0.000024490   -540452.2724
0.2400     23308.953299     0.000008163   -552397.2004
0.2800     16192.357648     0.000019048   -559513.7960
0.3200     11372.474809     0.000013606   -564333.6787
0.3600      8242.045057     0.000019048   -567464.1085
0.4000      6141.628954     0.000010885   -569564.5246    -43350.456
0.4500      4380.495004     0.000013606   -571325.6586    -28520.602
0.5000      3175.763737     0.000016327   -572530.3898    -20351.068
0.5500      2310.790527     0.000016327   -573395.3631    -14483.593
0.6000      1701.544287     0.000024490   -574004.6094    -10130.920
0.6500      1274.680299     0.000013606   -574431.4732     -7129.680
0.7000       971.769466     0.000024490   -574734.3842     -5112.586
0.7500       752.094784     0.000016327   -574954.0588     -3755.309
0.8000       588.819828     0.000013606   -575117.3337     -2823.421
0.8500       464.853353     0.000021769   -575241.3001     -2164.899
0.9000       369.097136     0.000010885   -575337.0565     -1687.825
0.9500       293.781739     0.000010885   -575412.3719     -1343.043
1.0000       233.285148     0.000016327   -575472.8683     -1081.336
1.1000       146.810034     0.000027211   -575559.3437      -684.068
1.2000        92.716385     0.000013606   -575613.4372      -422.495
1.3000        59.146794     0.000016327   -575647.0068      -264.513
1.4000        37.856415     0.000008163   -575668.2973      -169.468
1.5000        24.027099     0.000008163   -575682.1264      -110.517
1.6000        14.913241     0.000005442   -575691.2403       -72.731
1.7000         8.870314     0.000013606   -575697.2831       -47.981
1.8000         4.860189     0.000027211   -575701.2933       -31.629
1.9000         2.207489     0.000016327   -575703.9461       -20.669
2.0000         0.469331     0.000021769   -575705.6841       -13.323
2.1000        -0.648907     0.000016327   -575706.8025        -8.375
2.2000        -1.344594     0.000005442   -575707.4983        -4.996
2.3000        -1.750814     0.000005442   -575707.9043        -2.775
2.4000        -1.958429     0.000008163   -575708.1119        -1.248
2.5000        -2.031461     0.000019048   -575708.1851        -0.264
2.6000        -2.013249     0.000013606   -575708.1669         0.405
2.7000        -1.935898     0.000013606   -575708.0896         0.825
2.8000        -1.820157     0.000024490   -575707.9737         1.071
2.9000        -1.682010     0.000024490   -575707.8357         1.234
3.0000        -1.531876     0.000019048   -575707.6855         1.288
3.1000        -1.327320     0.000010885   -575707.4809         1.264
3.2000        -1.117586     0.000024490   -575707.2711         1.221
3.3000        -0.901837     0.000019048   -575707.0553         1.131
3.4000        -0.700585     0.000016327   -575706.8542         1.024
3.5000        -0.515955     0.000005442   -575706.6694         0.927
3.6000        -0.343242     0.000027211   -575706.4969         0.825
3.7000        -0.188891     0.000024490   -575706.3424         0.727
3.8000        -0.052768     0.000005442   -575706.2063         0.622
3.9000         0.067182     0.000013606   -575706.0863         0.548
4.0000         0.171062     0.000010885   -575705.9826         0.476
5.0000         0.654812     0.000019048   -575705.4988         0.098
6.0000         0.745404     0.000021769   -575705.4082         0.022
7.0000         0.762548     0.000005442   -575705.3910         0.004
8.0000         0.766684     0.000002721   -575705.3870         0.001
9.0000         0.768229     0.000013606   -575705.3853         0.000
10.0000         0.769073     0.000019048   -575705.3845        -0.000
100.0000         0.773732     0.000010885   -575705.3799
1000.0000         0.774104     0.000019048   -575705.3793
