0.0020   5022112.947697     0.000008163   4901516.5588
0.0040   2456654.976856     0.000024490   2336058.5875
0.0060   1602580.611233     0.000010885   1481984.2220
0.0080   1177755.002508     0.000010885   1057158.6132
0.0100    923754.493935     0.000019048    803158.1048
0.0120    755160.129218     0.000016327    634563.7399
0.0140    635250.207800     0.000005442    514653.8186
0.0160    545630.823317     0.000010885    425034.4339
0.0180    476147.074651     0.000016327    355550.6853
0.0200    420767.529638     0.000010885    300171.1403
0.0400    177150.431602     0.000019048     56554.0423
0.0600    101696.724646     0.000010885    -18899.6646
0.0800     66280.435706     0.000021769    -54315.9536
0.1000     46268.472503     0.000027211    -74327.9168
0.1200     33959.471888     0.000021769    -86636.9174
0.1400     25867.830593     0.000016327    -94728.5587
0.1600     20192.273140     0.000019048   -100404.1161
0.1800     16018.097174     0.000024490   -104578.2921
0.2000     12875.874656     0.000013606   -107720.5146
0.2400      8644.045195     0.000010885   -111952.3441
0.2800      6091.390499     0.000016327   -114504.9988    -49877.846
0.3200      4476.626953     0.000027211   -116119.7623    -32432.633
0.3600      3385.051207     0.000016327   -117211.3381    -23329.682
0.4000      2559.340405     0.000024490   -118037.0489    -17899.619
0.4500      1824.652461     0.000021769   -118771.7368    -11844.456
0.5000      1339.166875     0.000008163   -119257.2224     -7900.916
0.5500      1009.711810     0.000013606   -119586.6775     -5467.902
0.6000       777.433899     0.000027211   -119818.9554     -3919.253
0.6500       608.602896     0.000005442   -119987.7864     -2891.825
0.7000       482.386096     0.000005442   -120114.0032     -2202.376
0.7500       384.955538     0.000016327   -120211.4337     -1733.703
0.8000       307.609014     0.000016327   -120288.7803     -1396.235
0.8500       244.856615     0.000021769   -120351.5327     -1131.058
0.9000       193.920141     0.000024490   -120402.4691      -902.367
0.9500       153.409611     0.000027211   -120442.9797      -708.912
1.0000       121.689314     0.000019048   -120474.7000      -552.600
1.1000        78.928319     0.000013606   -120517.4610      -345.864
1.2000        51.222084     0.000021769   -120545.1672      -228.414
1.3000        32.594395     0.000013606   -120563.7949      -151.248
1.4000        20.280400     0.000024490   -120576.1089      -100.209
1.5000        12.158351     0.000019048   -120584.2309       -66.444
1.6000         6.822542     0.000013606   -120589.5667       -43.761
1.7000         3.356308     0.000016327   -120593.0330       -28.330
1.8000         1.153997     0.000010885   -120595.2353       -17.811
1.9000        -0.193427     0.000016327   -120596.5827       -10.638
2.0000        -0.960290     0.000013606   -120597.3496        -5.752
2.1000        -1.337851     0.000010885   -120597.7271        -2.491
2.2000        -1.419349     0.000008163   -120597.8086        -0.355
2.3000        -1.308177     0.000024490   -120597.6975         0.988
2.4000        -1.108432     0.000010885   -120597.4977         1.819
2.5000        -0.858003     0.000008163   -120597.2473         2.307
2.6000        -0.581012     0.000010885   -120596.9703         2.548
2.7000        -0.294501     0.000010885   -120596.6838         2.646
2.8000        -0.009499     0.000019048   -120596.3988         2.642
2.9000         0.267632     0.000008163   -120596.1216         2.559
3.0000         0.622289     0.000010885   -120595.7670         2.319
3.1000         0.973333     0.000008163   -120595.4159         2.041
3.2000         1.276609     0.000021769   -120595.1127         1.784
3.3000         1.539838     0.000019048   -120594.8494         1.563
3.4000         1.768417     0.000008163   -120594.6209         1.369
3.5000         1.966804     0.000021769   -120594.4225         1.200
3.6000         2.139548     0.000008163   -120594.2497         1.045
3.7000         2.300634     0.000016327   -120594.0887         0.899
3.8000         2.450419     0.000027211   -120593.9389         0.765
3.9000         2.577306     0.000008163   -120593.8120         0.654
4.0000         2.684728     0.000013606   -120593.7045         0.559
5.0000         3.183080     0.000010885   -120593.2062         0.127
6.0000         3.318283     0.000008163   -120593.0710         0.060
7.0000         3.379016     0.000013606   -120593.0103         0.027
8.0000         3.416464     0.000010885   -120592.9728         0.018
9.0000         3.442650     0.000005442   -120592.9466         0.013
10.0000         3.462228     0.000002721   -120592.9271         0.010
100.0000         3.590084     0.000005442   -120592.7992         0.000
1000.0000         3.600590     0.000008163   -120592.7887
