0.0020  11753309.240551     0.000008163  11325065.3031
0.0040   5726227.662719     0.000019048   5297983.7277
0.0060   3724948.185093     0.000010885   3296704.2480
0.0080   2728942.450916     0.000021769   2300698.5147
0.0100   2134323.286240     0.000021769   1706079.3501
0.0120   1739562.933971     0.000013606   1311318.9978
0.0140   1458515.706725     0.000019048   1030271.7707
0.0160   1248675.698166     0.000027211    820431.7621
0.0180   1086367.520348     0.000024490    658123.5843
0.0200    957321.708114     0.000010885    529077.7720
0.0400    395755.270389     0.000019048    -32488.6657
0.0600    222310.499482     0.000010885   -205933.4366
0.0800    142793.222893     0.000016327   -285450.7131
0.1000     98723.028162     0.000021769   -329520.9080
0.1200     71594.119781     0.000021769   -356649.8164
0.1400     53908.541539     0.000021769   -374335.3947
0.1600     41714.232983     0.000021769   -386529.7032
0.1800     32827.862775     0.000013606   -395416.0732
0.2000     26152.598995     0.000021769   -402091.3370
0.2400     17124.927101     0.000013606   -411119.0090
0.2800     11725.752184     0.000024490   -416518.1840
0.3200      8341.667768     0.000024490   -419902.2683
0.3600      6084.547293     0.000027211   -422159.3889    -47074.763
0.4000      4483.316837     0.000010885   -423760.6192    -33676.462
0.4500      3114.288935     0.000013606   -425129.6472    -21904.282
0.5000      2219.682013     0.000024490   -426024.2542    -14450.286
0.5500      1621.492869     0.000016327   -426622.4431     -9836.194
0.6000      1207.243703     0.000019048   -427036.6923     -6957.133
0.6500       908.028907     0.000013606   -427335.9072     -5132.556
0.7000       683.978382     0.000013606   -427559.9576     -3887.971
0.7500       514.287447     0.000016327   -427729.6487     -2937.475
0.8000       386.809815     0.000021769   -427857.1262     -2193.369
0.8500       291.891926     0.000002721   -427952.0442     -1630.840
0.9000       221.200624     0.000008163   -428022.7356     -1217.299
0.9500       168.209291     0.000021769   -428075.7268      -916.875
1.0000       128.073252     0.000019048   -428115.8628      -698.728
1.1000        73.469392     0.000013606   -428170.4668      -419.995
1.2000        40.169376     0.000010885   -428203.7667      -259.470
1.3000        20.167552     0.000016327   -428223.7685      -161.730
1.4000         7.856447     0.000021769   -428236.0797       -98.050
1.5000         0.572566     0.000002721   -428243.3634       -56.893
1.6000        -3.506580     0.000019048   -428247.4427       -31.042
1.7000        -5.569495     0.000010885   -428249.5056       -15.332
1.8000        -6.460799     0.000005442   -428250.3970        -6.083
1.9000        -6.709789     0.000013606   -428250.6460        -0.814
2.0000        -6.504530     0.000019048   -428250.4405         2.021
2.1000        -5.671957     0.000024490   -428249.6081         2.760
2.2000        -4.759420     0.000013606   -428248.6955         2.764
2.3000        -4.017891     0.000019048   -428247.9540         2.768
2.4000        -3.398581     0.000024490   -428247.3346         2.797
2.5000        -2.608182     0.000016327   -428246.5441         2.541
2.6000        -1.901002     0.000019048   -428245.8372         2.343
2.7000        -1.276059     0.000016327   -428245.2121         2.043
2.8000        -0.759587     0.000021769   -428244.6957         1.909
2.9000        -0.333201     0.000013606   -428244.2693         1.789
3.0000         0.059773     0.000013606   -428243.8763         1.623
3.1000         0.402682     0.000016327   -428243.5335         1.535
3.2000         0.703874     0.000013606   -428243.2322         1.437
3.3000         0.971879     0.000019048   -428242.9642         1.316
3.4000         1.212123     0.000016327   -428242.7239         1.213
3.5000         1.426811     0.000024490   -428242.5092         1.119
3.6000         1.619024     0.000019048   -428242.3171         1.041
3.7000         1.791933     0.000024490   -428242.1441         0.941
3.8000         1.947593     0.000010885   -428241.9884         0.851
3.9000         2.087000     0.000016327   -428241.8491         0.773
4.0000         2.211465     0.000021769   -428241.7247         0.693
5.0000         2.881967     0.000021769   -428241.0542         0.194
6.0000         3.041287     0.000005442   -428240.8948         0.042
7.0000         3.072284     0.000013606   -428240.8638         0.008
8.0000         3.078066     0.000016327   -428240.8580         0.001
9.0000         3.079125     0.000008163   -428240.8570        -0.000
10.0000         3.079285     0.000016327   -428240.8567        -0.001
100.0000         3.078907     0.000013606   -428240.8572
1000.0000         3.078871     0.000019048   -428240.8572
