0.0020  12380777.223483     0.000024490  12149821.5454
0.0040   6045031.967124     0.000024490   5814076.2887
0.0060   3940711.796583     0.000016327   3709756.1179
0.0080   2890209.661109     0.000019048   2659253.9831
0.0100   2261515.895774     0.000013606   2030560.2177
0.0120   1843878.389513     0.000021769   1612922.7114
0.0140   1546621.365456     0.000024490   1315665.6874
0.0160   1324593.439805     0.000016327   1093637.7617
0.0180   1152620.715193     0.000019048    921665.0372
0.0200   1015810.554789     0.000008163    784854.8768
0.0400    419429.713621     0.000016327    188474.0356
0.0600    235687.986434     0.000016327      4732.3084
0.0800    151129.344527     0.000024490    -79826.3335
0.1000    104490.824592     0.000027211   -126464.8534
0.1200     75545.790338     0.000010885   -155409.8877
0.1400     56557.443484     0.000010885   -174398.2345
0.1600     43692.489676     0.000019048   -187263.1884
0.1800     34728.090300     0.000021769   -196227.5877
0.2000     27925.678992     0.000021769   -203029.9991
0.2400     18764.443376     0.000013606   -212191.2347
0.2800     12957.177945     0.000021769   -217998.5001
0.3200      9301.605545     0.000008163   -221654.0725
0.3600      6935.884144     0.000024490   -224019.7939    -48306.886
0.4000      5244.195821     0.000005442   -225711.4822    -37457.693
0.4500      3700.840260     0.000024490   -227254.8378    -24694.953
0.5000      2697.008025     0.000010885   -228258.6700    -16149.882
0.5500      2027.669375     0.000016327   -228928.0087    -11037.324
0.6000      1559.100649     0.000016327   -229396.5774     -7916.159
0.6500      1216.688804     0.000027211   -229738.9892     -5921.499
0.7000       955.146490     0.000013606   -230000.5316     -4618.564
0.7500       748.590427     0.000008163   -230207.0876     -3660.818
0.8000       585.696912     0.000008163   -230369.9811     -2855.580
0.8500       459.839114     0.000013606   -230495.8389     -2191.431
0.9000       363.616173     0.000013606   -230592.0619     -1673.581
0.9500       290.040662     0.000013606   -230665.6374     -1282.932
1.0000       233.415374     0.000013606   -230722.2627      -992.501
1.1000       154.673839     0.000024490   -230801.0042      -616.120
1.2000       104.691193     0.000019048   -230850.9868      -400.297
1.3000        71.703805     0.000027211   -230883.9742      -268.037
1.4000        49.463292     0.000019048   -230906.2147      -182.450
1.5000        34.251719     0.000016327   -230921.4263      -125.398
1.6000        23.767495     0.000016327   -230931.9105       -86.634
1.7000        16.516966     0.000013606   -230939.1611       -59.956
1.8000        11.495462     0.000019048   -230944.1826       -41.569
1.9000         8.012191     0.000021769   -230947.6659       -28.884
2.0000         5.590062     0.000019048   -230950.0880       -20.131
2.1000         3.899630     0.000019048   -230951.7784       -14.080
2.2000         2.715610     0.000013606   -230952.9624        -9.871
2.3000         1.883902     0.000010885   -230953.7941        -6.948
2.4000         1.298566     0.000021769   -230954.3795        -4.884
2.5000         0.887241     0.000016327   -230954.7908        -3.432
2.6000         0.599121     0.000013606   -230955.0789        -2.396
2.7000         0.398859     0.000013606   -230955.2792        -1.651
2.8000         0.261507     0.000005442   -230955.4165        -1.127
2.9000         0.191756     0.000008163   -230955.4863        -0.799
3.0000         0.152234     0.000008163   -230955.5258        -0.578
3.1000         0.122854     0.000008163   -230955.5552        -0.420
3.2000         0.101384     0.000024490   -230955.5766        -0.296
3.3000         0.086132     0.000019048   -230955.5919        -0.204
3.4000         0.075825     0.000019048   -230955.6022        -0.136
3.5000         0.069335     0.000008163   -230955.6087        -0.084
3.6000         0.065822     0.000016327   -230955.6122        -0.046
3.7000         0.064660     0.000016327   -230955.6134        -0.018
3.8000         0.065201     0.000021769   -230955.6128         0.002
3.9000         0.066981     0.000016327   -230955.6111         0.016
4.0000         0.069664     0.000010885   -230955.6084         0.026
5.0000         0.103112     0.000024490   -230955.5749         0.024
6.0000         0.117934     0.000013606   -230955.5601         0.007
7.0000         0.121888     0.000002721   -230955.5562         0.001
8.0000         0.122824     0.000024490   -230955.5552         0.000
9.0000         0.123034     0.000024490   -230955.5550        -0.000
10.0000         0.123077     0.000027211   -230955.5550        -0.000
100.0000         0.123093     0.000027211   -230955.5550
1000.0000         0.123093     0.000027211   -230955.5550
