0.0020         0.000000     0.000013606  31171128.0045
0.0040  15508883.858436     0.000016327  14837707.9868
0.0060  10081699.871953     0.000016327   9410524.0013
0.0080   7377533.787478     0.000016327   6706357.9177
0.0100   5760575.328097     0.000019048   5089399.4574
0.0120   4685267.055910     0.000019048   4014091.1844
0.0140   3922492.425437     0.000010885   3251316.5565
0.0160   3353187.873029     0.000010885   2682012.0028
0.0180   2912855.137312     0.000013606   2241679.2671
0.0200   2563523.798479     0.000027211   1892347.9281
0.0400   1047380.810728     0.000010885    376204.9406
0.0600    590315.952514     0.000027211    -80859.9177
0.0800    378788.863798     0.000019048   -292387.0065
0.1000    260496.218271     0.000019048   -410679.6519
0.1200    186703.243397     0.000027211   -484472.6269
0.1400    138720.009672     0.000013606   -532455.8606
0.1600    106391.198439     0.000024490   -564784.6717
0.1800     83234.079990     0.000019048   -587941.7904
0.2000     65808.519951     0.000021769   -605367.3504
0.2400     42743.755976     0.000019048   -628432.1144
0.2800     29039.059494     0.000016327   -642136.8107
0.3200     20369.929784     0.000021769   -650805.9405
0.3600     14359.738442     0.000008163   -656816.1319
0.4000     10352.762208     0.000016327   -660823.1079
0.4500      7107.719304     0.000008163   -664068.1510    -51090.319
0.5000      5027.657706     0.000016327   -666148.2124    -33670.940
0.5500      3622.521498     0.000016327   -667553.3488    -23427.473
0.6000      2629.647297     0.000019048   -668546.2230    -16700.123
0.6500      1923.949920     0.000016327   -669251.9203    -11798.069
0.7000      1426.406687     0.000019048   -669749.4635     -8299.673
0.7500      1075.066372     0.000013606   -670100.8040     -5923.564
0.8000       821.805041     0.000024490   -670354.0651     -4307.753
0.8500       636.493339     0.000013606   -670539.3769     -3219.196
0.9000       495.330440     0.000016327   -670680.5398     -2474.344
0.9500       385.614021     0.000008163   -670790.2562     -1915.599
1.0000       301.622882     0.000016327   -670874.2474     -1477.694
1.1000       186.157998     0.000021769   -670989.7122      -885.878
1.2000       115.773072     0.000016327   -671060.0972      -539.932
1.3000        72.386839     0.000024490   -671103.4836      -333.644
1.4000        46.095893     0.000013606   -671129.7744      -208.769
1.5000        29.907362     0.000016327   -671145.9630      -134.167
1.6000        19.962928     0.000016327   -671155.9074       -88.793
1.7000        13.394543     0.000021769   -671162.4757       -58.808
1.8000         9.065096     0.000027211   -671166.8053       -38.553
1.9000         6.285854     0.000008163   -671169.5844       -24.823
2.0000         4.675786     0.000016327   -671171.1945       -15.703
2.1000         3.758824     0.000010885   -671172.1115        -9.687
2.2000         3.325080     0.000013606   -671172.5453        -5.878
2.3000         3.136633     0.000013606   -671172.7336        -3.502
2.4000         3.068716     0.000010885   -671172.8016        -2.171
2.5000         3.039282     0.000010885   -671172.8310        -1.415
2.6000         3.008922     0.000013606   -671172.8615        -1.023
2.7000         2.961601     0.000002721   -671172.9085        -0.774
2.8000         2.898525     0.000002721   -671172.9717        -0.639
2.9000         2.825503     0.000024490   -671173.0449        -0.463
3.0000         2.751902     0.000019048   -671173.1183        -0.335
3.1000         2.684714     0.000013606   -671173.1855        -0.180
3.2000         2.628411     0.000027211   -671173.2419        -0.056
3.3000         2.586838     0.000013606   -671173.2835         0.061
3.4000         2.559537     0.000019048   -671173.3107         0.172
3.5000         2.545629     0.000008163   -671173.3246         0.257
3.6000         2.544894     0.000021769   -671173.3254         0.308
3.7000         2.555090     0.000002721   -671173.3151         0.368
3.8000         2.572799     0.000005442   -671173.2974         0.414
3.9000         2.597230     0.000021769   -671173.2732         0.428
4.0000         2.627421     0.000008163   -671173.2430         0.437
5.0000         2.945329     0.000024490   -671172.9249         0.281
6.0000         3.125297     0.000024490   -671172.7450         0.102
7.0000         3.236172     0.000019048   -671172.6340         0.030
8.0000         3.272423     0.000013606   -671172.5978         0.007
9.0000         3.284209     0.000008163   -671172.5861         0.000
10.0000         3.289156     0.000024490   -671172.5812        -0.000
100.0000         3.308623     0.000002721   -671172.5616
1000.0000         3.310062     0.000002721   -671172.5602
