0.0020         0.000000     0.000024490  52259969.1563
0.0040  26044378.682722     0.000027211  24801563.6929
0.0060  16910561.158614     0.000010885  15667746.1706
0.0080  12353810.851606     0.000008163  11110995.8631
0.0100   9627513.008576     0.000024490   8384698.0191
0.0120   7823143.027776     0.000013606   6580328.0378
0.0140   6540512.366811     0.000008163   5297697.3767
0.0160   5586197.204148     0.000013606   4343382.2167
0.0180   4849921.002572     0.000010885   3607106.0136
0.0200   4265351.629009     0.000016327   3022536.6412
0.0400   1727230.414048     0.000024490    484415.4253
0.0600    951920.188785     0.000021769   -290894.7999
0.0800    599945.721261     0.000021769   -642869.2675
0.1000    409785.423878     0.000021769   -833029.5649
0.1200    294673.519722     0.000021769   -948141.4689
0.1400    218768.771709     0.000010885  -1024046.2170
0.1600    165675.340770     0.000016327  -1077139.6479
0.1800    128436.878474     0.000005442  -1114378.1103
0.2000    101708.831397     0.000016327  -1141106.1573
0.2400     65542.424760     0.000019048  -1177272.5639
0.2800     43748.465520     0.000019048  -1199066.5233
0.3200     30380.913399     0.000019048  -1212434.0753
0.3600     21756.525693     0.000024490  -1221058.4631
0.4000     15707.564155     0.000019048  -1227107.4247
0.4500     10885.001706     0.000016327  -1231929.9869
0.5000      7828.988953     0.000016327  -1234985.9998    -49309.190
0.5500      5775.034564     0.000021769  -1237039.9543    -34110.816
0.6000      4327.893765     0.000027211  -1238487.0950    -24427.104
0.6500      3284.471868     0.000008163  -1239530.5168    -17728.219
0.7000      2523.510711     0.000008163  -1240291.4780    -12999.148
0.7500      1961.581811     0.000027211  -1240853.4070     -9740.332
0.8000      1533.498366     0.000016327  -1241281.4904     -7484.468
0.8500      1204.860663     0.000008163  -1241610.1281     -5786.192
0.9000       949.921224     0.000013606  -1241865.0676     -4485.977
0.9500       752.129568     0.000010885  -1242062.8591     -3478.394
1.0000       598.352930     0.000019048  -1242216.6359     -2703.784
1.1000       383.600799     0.000021769  -1242431.3879     -1643.039
1.2000       252.442594     0.000010885  -1242562.5460     -1018.083
1.3000       171.047720     0.000019048  -1242643.9410      -655.988
1.4000       117.610750     0.000024490  -1242697.3780      -440.292
1.5000        81.232997     0.000013606  -1242733.7558      -303.111
1.6000        56.242570     0.000024490  -1242758.7462      -212.803
1.7000        38.762922     0.000024490  -1242776.2257      -150.907
1.8000        26.334748     0.000013606  -1242788.6540      -109.274
1.9000        17.077600     0.000013606  -1242797.9110       -78.977
2.0000        10.199539     0.000019048  -1242804.7892       -57.289
2.1000         5.086564     0.000021769  -1242809.9023       -41.694
2.2000         1.311709     0.000024490  -1242813.6770       -30.270
2.3000        -1.432626     0.000016327  -1242816.4213       -21.791
2.4000        -3.376499     0.000010885  -1242818.3653       -15.310
2.5000        -4.706200     0.000008163  -1242819.6948       -10.476
2.6000        -5.564238     0.000019048  -1242820.5531        -6.820
2.7000        -6.063104     0.000027211  -1242821.0519        -4.093
2.8000        -6.312418     0.000021769  -1242821.3011        -2.063
2.9000        -6.248188     0.000024490  -1242821.2369        -0.848
3.0000        -6.063325     0.000021769  -1242821.0521        -0.002
3.1000        -5.832123     0.000002721  -1242820.8208         0.587
3.2000        -5.572366     0.000019048  -1242820.5612         1.014
3.3000        -5.297656     0.000024490  -1242820.2864         1.271
3.4000        -5.015515     0.000016327  -1242820.0042         1.447
3.5000        -4.734693     0.000016327  -1242819.7234         1.546
3.6000        -4.460024     0.000016327  -1242819.4488         1.570
3.7000        -4.177085     0.000016327  -1242819.1658         1.540
3.8000        -3.875020     0.000010885  -1242818.8638         1.477
3.9000        -3.598979     0.000013606  -1242818.5876         1.396
4.0000        -3.346066     0.000021769  -1242818.3348         1.297
5.0000        -1.751472     0.000008163  -1242816.7402         0.460
6.0000        -1.236682     0.000021769  -1242816.2254         0.165
7.0000        -1.067631     0.000019048  -1242816.0564         0.062
8.0000        -0.989521     0.000008163  -1242815.9783         0.034
9.0000        -0.942260     0.000019048  -1242815.9309         0.024
10.0000        -0.909239     0.000008163  -1242815.8980         0.017
100.0000        -0.714634     0.000013606  -1242815.7035         0.000
1000.0000        -0.699880     0.000016327  -1242815.6885
