0.0020   8559491.899965     0.000024490   8417903.3074
0.0040   4189480.185894     0.000013606   4047891.5941
0.0060   2734401.606305     0.000016327   2592813.0141
0.0080   2008200.849915     0.000016327   1866612.2575
0.0100   1573482.591112     0.000016327   1431893.9988
0.0120   1284852.781838     0.000021769   1143264.1895
0.0140   1079524.689812     0.000019048    937936.0974
0.0160    925890.952362     0.000013606    784302.3600
0.0180    806730.661515     0.000027211    665142.0692
0.0200    711905.802880     0.000016327    570317.2105
0.0400    296380.397832     0.000024490    154791.8055
0.0600    167918.410595     0.000010885     26329.8182
0.0800    108115.814058     0.000010885    -33472.7783
0.1000     75117.458486     0.000016327    -66471.1339
0.1200     54823.151854     0.000013606    -86765.4405
0.1400     41272.674460     0.000008163   -100315.9179
0.1600     31780.106655     0.000013606   -109808.4857
0.1800     25000.149400     0.000019048   -116588.4429
0.2000     20073.557929     0.000019048   -121515.0344
0.2400     13684.067923     0.000019048   -127904.5244
0.2800      9584.639272     0.000019048   -132003.9531
0.3200      6874.552479     0.000021769   -134714.0399
0.3600      5072.784552     0.000024490   -136515.8078    -37589.776
0.4000      3789.994130     0.000010885   -137798.5982    -27025.770
0.4500      2693.881836     0.000016327   -138894.7105    -17477.943
0.5000      1980.094684     0.000019048   -139608.4977    -11558.175
0.5500      1496.790193     0.000010885   -140091.8022     -8458.130
0.6000      1107.199735     0.000019048   -140481.3926     -6799.395
0.6500       819.904962     0.000008163   -140768.6874     -4782.414
0.7000       618.258694     0.000019048   -140970.3337     -3362.180
0.7500       475.478339     0.000019048   -141113.1140     -2401.018
0.8000       372.434494     0.000010885   -141216.1578     -1752.736
0.8500       296.249924     0.000008163   -141292.3424     -1312.779
0.9000       238.407457     0.000019048   -141350.1849     -1009.373
0.9500       193.362667     0.000019048   -141395.2297      -794.283
1.0000       157.596359     0.000016327   -141430.9960      -636.207
1.1000       105.184032     0.000027211   -141483.4083      -420.515
1.2000        70.095225     0.000019048   -141518.4971      -282.149
1.3000        46.904210     0.000024490   -141541.6881      -189.052
1.4000        31.404748     0.000027211   -141557.1876      -126.763
1.5000        21.041419     0.000016327   -141567.5509       -85.264
1.6000        14.087568     0.000016327   -141574.5048       -57.734
1.7000         9.392906     0.000013606   -141579.1995       -39.482
1.8000         6.336802     0.000016327   -141582.2556       -27.647
1.9000         4.284445     0.000016327   -141584.3079       -19.915
2.0000         2.823109     0.000016327   -141585.7692       -14.630
2.1000         1.751940     0.000016327   -141586.8404       -10.795
2.2000         0.959215     0.000024490   -141587.6331        -7.919
2.3000         0.376657     0.000013606   -141588.2157        -5.711
2.4000        -0.042172     0.000024490   -141588.6345        -4.009
2.5000        -0.334202     0.000013606   -141588.9265        -2.689
2.6000        -0.526853     0.000019048   -141589.1192        -1.681
2.7000        -0.643384     0.000024490   -141589.2357        -0.911
2.8000        -0.701338     0.000016327   -141589.2937        -0.350
2.9000        -0.714865     0.000013606   -141589.3072         0.079
3.0000        -0.695929     0.000019048   -141589.2883         0.384
3.1000        -0.652173     0.000016327   -141589.2445         0.592
3.2000        -0.590879     0.000021769   -141589.1832         0.749
3.3000        -0.518407     0.000021769   -141589.1108         0.844
3.4000        -0.437959     0.000021769   -141589.0303         0.890
3.5000        -0.353052     0.000019048   -141588.9454         0.909
3.6000        -0.266816     0.000019048   -141588.8592         0.916
3.7000        -0.181326     0.000019048   -141588.7737         0.900
3.8000        -0.097681     0.000019048   -141588.6900         0.865
3.9000        -0.016904     0.000013606   -141588.6093         0.827
4.0000         0.059672     0.000021769   -141588.5327         0.787
5.0000         0.558152     0.000010885   -141588.0342         0.344
6.0000         0.785506     0.000027211   -141587.8069         0.119
7.0000         0.843746     0.000019048   -141587.7486         0.038
8.0000         0.856781     0.000016327   -141587.7356         0.017
9.0000         0.860158     0.000008163   -141587.7322         0.011
10.0000         0.861366     0.000010885   -141587.7310         0.007
100.0000         0.863690     0.000010885   -141587.7287         0.000
1000.0000         0.863752     0.000008163   -141587.7286
