0.0020  22788683.578369     0.000027211  22341230.2457
0.0040  11112658.416590     0.000027211  10665205.0837
0.0060   7230681.444477     0.000021769   6783228.1113
0.0080   5295338.195390     0.000016327   4847884.8619
0.0100   4138453.528523     0.000019048   3691000.1951
0.0120   3368255.137071     0.000021769   2920801.8032
0.0140   2820330.797422     0.000013606   2372877.4640
0.0160   2412763.478126     0.000024490   1965310.1446
0.0180   2096904.698601     0.000019048   1649451.3651
0.0200   1845398.082877     0.000024490   1397944.7496
0.0400    752915.222222     0.000010885    305461.8888
0.0600    419853.579289     0.000016327    -27599.7541
0.0800    267609.324291     0.000024490   -179844.0091
0.1000    183921.052121     0.000027211   -263532.2813
0.1200    133492.535322     0.000010885   -313960.7980
0.1400    100123.904224     0.000013606   -347329.4292
0.1600     77038.329431     0.000013606   -370415.0040
0.1800     60686.427993     0.000024490   -386766.9054
0.2000     48792.480451     0.000019048   -398660.8529
0.2400     32778.865676     0.000027211   -414674.4677
0.2800     22397.865792     0.000019048   -425055.4675
0.3200     15868.818332     0.000024490   -431584.5152
0.3600     11559.623153     0.000010885   -435893.7102
0.4000      8648.668025     0.000005442   -438804.6654
0.4500      6107.965298     0.000027211   -441345.3681    -43089.841
0.5000      4340.664435     0.000019048   -443112.6691    -28560.862
0.5500      3163.951363     0.000021769   -444289.3821    -19181.696
0.6000      2363.988281     0.000016327   -445089.3452    -13269.562
0.6500      1798.132144     0.000019048   -445655.2013     -9626.160
0.7000      1382.826861     0.000008163   -446070.5065     -7159.519
0.7500      1072.421405     0.000019048   -446380.9121     -5391.779
0.8000       839.020840     0.000010885   -446614.3126     -4102.570
0.8500       660.284445     0.000024490   -446793.0491     -3112.262
0.9000       523.047144     0.000019048   -446930.2862     -2367.188
0.9500       417.998564     0.000019048   -447035.3350     -1807.133
1.0000       338.726366     0.000019048   -447114.6069     -1384.757
1.1000       229.678397     0.000027211   -447223.6550      -851.555
1.2000       160.876456     0.000013606   -447292.4571      -555.249
1.3000       115.547473     0.000016327   -447337.7858      -386.505
1.4000        83.631238     0.000016327   -447369.7021      -271.240
1.5000        60.999982     0.000019048   -447392.3335      -188.318
1.6000        44.697172     0.000019048   -447408.6361      -137.951
1.7000        32.646905     0.000010885   -447420.6864      -100.792
1.8000        24.079432     0.000016327   -447429.2539       -73.103
1.9000        17.964964     0.000013606   -447435.3683       -53.672
2.0000        13.584998     0.000021769   -447439.7483       -39.638
2.1000        10.370530     0.000019048   -447442.9628       -29.215
2.2000         8.013133     0.000019048   -447445.3204       -21.414
2.3000         6.298230     0.000019048   -447447.0352       -15.540
2.4000         5.064171     0.000019048   -447448.2693       -11.169
2.5000         4.182443     0.000019048   -447449.1509        -7.966
2.6000         3.556070     0.000021769   -447449.7773        -5.635
2.7000         3.105351     0.000016327   -447450.2279        -4.028
2.8000         2.772561     0.000010885   -447450.5607        -2.909
2.9000         2.510907     0.000019048   -447450.8225        -2.160
3.0000         2.290228     0.000016327   -447451.0432        -1.723
3.1000         2.090124     0.000019048   -447451.2432        -1.406
3.2000         1.901856     0.000019048   -447451.4315        -1.232
3.3000         1.742525     0.000008163   -447451.5910        -1.094
3.4000         1.628308     0.000008163   -447451.7052        -0.977
3.5000         1.525672     0.000027211   -447451.8078        -0.888
3.6000         1.433336     0.000005442   -447451.9001        -0.787
3.7000         1.350219     0.000019048   -447451.9831        -0.671
3.8000         1.278574     0.000016327   -447452.0549        -0.555
3.9000         1.220518     0.000008163   -447452.1129        -0.458
4.0000         1.177247     0.000016327   -447452.1561        -0.361
5.0000         1.243354     0.000027211   -447452.0900         0.086
6.0000         1.495617     0.000002721   -447451.8378         0.090
7.0000         1.620700     0.000013606   -447451.7126         0.041
8.0000         1.665688     0.000002721   -447451.6677         0.016
9.0000         1.679762     0.000019048   -447451.6535         0.004
10.0000         1.683765     0.000021769   -447451.6497         0.002
100.0000         1.683501     0.000010885   -447451.6500
1000.0000         1.683349     0.000008163   -447451.6500
