0.0020   1236615.646659     0.000021769   1203886.2999
0.0040    606800.657349     0.000013606    574071.3108
0.0060    397082.158236     0.000027211    364352.8116
0.0080    292489.104924     0.000021769    259759.7583
0.0100    229979.641682     0.000024490    197250.2950
0.0120    188493.799284     0.000019048    155764.4526
0.0140    158966.438383     0.000021769    126237.0917
0.0160    136855.272447     0.000013606    104125.9258
0.0180    119734.058893     0.000013606     87004.7122
0.0200    106134.373305     0.000013606     73405.0267
0.0400     46005.547682     0.000019048     13276.2010
0.0600     26773.970733     0.000019048     -5955.3759
0.0800     17662.050085     0.000013606    -15067.2966
0.1000     12560.205572     0.000021769    -20169.1411
0.1200      9370.307931     0.000008163    -23359.0387
0.1400      7212.486191     0.000024490    -25516.8605
0.1600      5667.853245     0.000021769    -27061.4934
0.1800      4523.011774     0.000021769    -28206.3349    -49515.456
0.2000      3656.011586     0.000019048    -29073.3351    -37809.932
0.2400      2471.631768     0.000019048    -30257.7149    -22862.551
0.2800      1741.852558     0.000013606    -30987.4941    -14397.410
0.3200      1273.956000     0.000019048    -31455.3907     -9438.937
0.3600       960.647279     0.000019048    -31768.6994     -6496.269
0.4000       738.770196     0.000010885    -31990.5764     -4760.401
0.4500       535.851988     0.000021769    -32193.4947     -3459.724
0.5000       387.254291     0.000021769    -32342.0924     -2529.959
0.5500       278.362943     0.000013606    -32450.9837     -1846.588
0.6000       199.887924     0.000013606    -32529.4587     -1316.736
0.6500       143.837812     0.000021769    -32585.5088      -948.777
0.7000       103.611799     0.000024490    -32625.7348      -676.734
0.7500        74.938585     0.000002721    -32654.4081      -484.774
0.8000        54.304039     0.000024490    -32675.0426      -350.702
0.8500        39.295982     0.000024490    -32690.0507      -256.648
0.9000        28.249437     0.000010885    -32701.0972      -190.309
0.9500        20.008420     0.000024490    -32709.3382      -143.055
1.0000        13.776088     0.000008163    -32715.5706      -108.830
1.1000         5.381043     0.000016327    -32723.9656       -63.800
1.2000         0.513977     0.000024490    -32728.8327       -36.127
1.3000        -2.020438     0.000010885    -32731.3671       -18.393
1.4000        -2.973055     0.000027211    -32732.3197        -7.296
1.5000        -3.109482     0.000016327    -32732.4561        -0.382
1.6000        -2.761004     0.000021769    -32732.1077         3.703
1.7000        -2.141491     0.000024490    -32731.4881         5.939
1.8000        -1.393041     0.000016327    -32730.7397         6.942
1.9000        -0.563804     0.000027211    -32729.9105         7.148
2.0000         0.627623     0.000013606    -32728.7190         6.178
2.1000         1.574035     0.000013606    -32727.7726         5.380
2.2000         2.351919     0.000019048    -32726.9947         4.724
2.3000         3.062136     0.000005442    -32726.2845         4.086
2.4000         3.732731     0.000019048    -32725.6139         3.498
2.5000         4.291474     0.000013606    -32725.0552         3.000
2.6000         4.761820     0.000013606    -32724.5848         2.563
2.7000         5.160347     0.000002721    -32724.1863         2.195
2.8000         5.498414     0.000016327    -32723.8482         1.875
2.9000         5.785407     0.000019048    -32723.5612         1.597
3.0000         6.029357     0.000008163    -32723.3173         1.352
3.1000         6.236112     0.000013606    -32723.1105         1.147
3.2000         6.410640     0.000024490    -32722.9360         0.970
3.3000         6.557394     0.000008163    -32722.7893         0.820
3.4000         6.680664     0.000013606    -32722.6660         0.689
3.5000         6.784206     0.000010885    -32722.5625         0.579
3.6000         6.870812     0.000024490    -32722.4758         0.489
3.7000         6.942993     0.000013606    -32722.4036         0.413
3.8000         7.003011     0.000013606    -32722.3436         0.351
3.9000         7.052905     0.000021769    -32722.2937         0.296
4.0000         7.094574     0.000016327    -32722.2521         0.250
5.0000         7.275821     0.000024490    -32722.0708         0.056
6.0000         7.319052     0.000005442    -32722.0276         0.030
7.0000         7.337447     0.000019048    -32722.0092         0.014
8.0000         7.348764     0.000005442    -32721.9979         0.009
9.0000         7.356753     0.000019048    -32721.9899         0.007
10.0000         7.362786     0.000019048    -32721.9839         0.005
100.0000         7.403184     0.000008163    -32721.9435         0.000
1000.0000         7.406577     0.000008163    -32721.9401
