0.0020    623332.745456     0.000008163    -22039.3403
0.0040    302151.683434     0.000021769   -343220.4023
0.0060    196638.035549     0.000019048   -448734.0502
0.0080    144218.694882     0.000016327   -501153.3909
0.0100    112965.562669     0.000019048   -532406.5230
0.0120     92446.700441     0.000019048   -552925.3853
0.0140     77583.464336     0.000010885   -567788.6215
0.0160     66469.202333     0.000024490   -578902.8835
0.0180     57878.043441     0.000016327   -587494.0424
0.0200     51060.463128     0.000010885   -594311.6225
0.0400     21342.224697     0.000024490   -624029.8610
0.0600     12104.264928     0.000013606   -633267.8209
0.0800      7843.994672     0.000021769   -637528.0912
0.1000      5487.078802     0.000021769   -639885.0070
0.1200      4029.054845     0.000013606   -641343.0309
0.1400      3056.340795     0.000027211   -642315.7450    -40469.544
0.1600      2377.345930     0.000019048   -642994.7398    -28544.129
0.1800      1891.532766     0.000008163   -643480.5530    -20609.974
0.2000      1536.421792     0.000013606   -643835.6639    -15231.553
0.2400      1066.599285     0.000019048   -644305.4866     -9018.936
0.2800       775.931580     0.000021769   -644596.1541     -5883.026
0.3200       580.886283     0.000027211   -644791.1994     -4057.707
0.3600       444.271880     0.000021769   -644927.8140     -2880.903
0.4000       346.419918     0.000019048   -645025.6659     -2082.620
0.4500       260.344694     0.000024490   -645111.7410     -1423.465
0.5000       200.526715     0.000016327   -645171.5590     -1006.676
0.5500       157.389672     0.000013606   -645214.6961      -739.845
0.6000       125.077987     0.000021769   -645247.0077      -563.552
0.6500       100.048779     0.000027211   -645272.0370      -440.945
0.7000        80.246989     0.000024490   -645291.8388      -350.389
0.7500        64.408373     0.000021769   -645307.6774      -279.799
0.8000        51.706719     0.000016327   -645320.3792      -223.952
0.8500        41.522552     0.000016327   -645330.5633      -179.394
0.9000        33.319288     0.000019048   -645338.7665      -143.958
0.9500        26.694899     0.000019048   -645345.3908      -116.180
1.0000        21.325933     0.000013606   -645350.7599       -94.173
1.1000        13.414051     0.000021769   -645358.6716       -62.743
1.2000         8.202636     0.000024490   -645363.8831       -42.658
1.3000         4.619646     0.000016327   -645367.4660       -29.513
1.4000         2.132277     0.000019048   -645369.9534       -20.704
1.5000         0.374230     0.000013606   -645371.7116       -14.488
1.6000        -0.863875     0.000016327   -645372.9497       -10.367
1.7000        -1.725007     0.000019048   -645373.8107        -7.069
1.8000        -2.318762     0.000021769   -645374.4044        -4.672
1.9000        -2.700263     0.000019048   -645374.7859        -3.031
2.0000        -2.927639     0.000024490   -645375.0134        -1.621
2.1000        -3.045382     0.000024490   -645375.1312        -0.563
2.2000        -3.073971     0.000027211   -645375.1598         0.028
2.3000        -3.035856     0.000024490   -645375.1217         0.581
2.4000        -2.955675     0.000008163   -645375.0414         1.015
2.5000        -2.846239     0.000021769   -645374.9320         1.269
2.6000        -2.623146     0.000016327   -645374.7089         1.306
2.7000        -2.397539     0.000005442   -645374.4833         1.372
2.8000        -2.178430     0.000008163   -645374.2643         1.387
2.9000        -1.969419     0.000019048   -645374.0553         1.379
3.0000        -1.771301     0.000019048   -645373.8572         1.330
3.1000        -1.582408     0.000013606   -645373.6681         1.233
3.2000        -1.403768     0.000019048   -645373.4896         1.151
3.3000        -1.237400     0.000024490   -645373.3233         1.076
3.4000        -1.083822     0.000024490   -645373.1696         1.011
3.5000        -0.911731     0.000021769   -645372.9976         0.933
3.6000        -0.748501     0.000021769   -645372.8343         0.831
3.7000        -0.603595     0.000010885   -645372.6893         0.711
3.8000        -0.474346     0.000008163   -645372.5600         0.605
3.9000        -0.360020     0.000027211   -645372.4457         0.521
4.0000        -0.259659     0.000016327   -645372.3453         0.457
5.0000         0.249899     0.000008163   -645371.8359         0.085
6.0000         0.394119     0.000008163   -645371.6917         0.096
7.0000         0.448204     0.000013606   -645371.6376         0.025
8.0000         0.476855     0.000010885   -645371.6090         0.015
9.0000         0.495356     0.000016327   -645371.5905         0.010
10.0000         0.508834     0.000021769   -645371.5769         0.009
100.0000         0.595897     0.000008163   -645371.4898         0.000
1000.0000         0.603037     0.000008163   -645371.4827
