0.0020  27052985.006714     0.000021769  26303917.0023
0.0040  13158359.438884     0.000024490  12409291.4336
0.0060   8545918.232029     0.000024490   7796850.2259
0.0080   6251477.930316     0.000005442   5502409.9252
0.0100   4879858.666943     0.000013606   4130790.6630
0.0120   3969370.725798     0.000019048   3220302.7216
0.0140   3321945.876715     0.000019048   2572877.8716
0.0160   2839181.204335     0.000021769   2090113.1993
0.0180   2466286.538757     0.000024490   1717218.5337
0.0200   2170498.094238     0.000021769   1421430.0891
0.0400    882543.356129     0.000005442    133475.3511
0.0600    490077.302748     0.000021769   -258990.7023
0.0800    311644.534126     0.000021769   -437423.4710
0.1000    214326.868827     0.000019048   -534741.1362
0.1200    154401.145879     0.000010885   -594666.8591
0.1400    114615.775270     0.000027211   -634452.2298
0.1600     87584.493128     0.000024490   -661483.5119
0.1800     68849.124978     0.000010885   -680218.8800
0.2000     55152.090730     0.000021769   -693915.9144
0.2400     36343.027473     0.000008163   -712724.9774
0.2800     24935.599353     0.000008163   -724132.4055
0.3200     17759.595391     0.000021769   -731308.4096
0.3600     12934.956349     0.000016327   -736133.0486
0.4000      9538.109287     0.000013606   -739529.8959
0.4500      6734.202131     0.000021769   -742333.8030    -44231.932
0.5000      4935.488648     0.000019048   -744132.5163    -29069.441
0.5500      3721.193623     0.000027211   -745346.8115    -20258.332
0.6000      2852.700580     0.000013606   -746215.3046    -14841.043
0.6500      2209.855761     0.000016327   -746858.1493    -11077.226
0.7000      1728.165229     0.000019048   -747339.8397     -8346.598
0.7500      1363.198883     0.000021769   -747704.8060     -6364.301
0.8000      1083.329014     0.000019048   -747984.6761     -4907.159
0.8500       866.412547     0.000013606   -748201.5925     -3821.583
0.9000       696.471281     0.000016327   -748371.5337     -3009.064
0.9500       561.511254     0.000024490   -748506.4938     -2402.460
1.0000       452.673399     0.000024490   -748615.3317     -1947.221
1.1000       293.143743     0.000019048   -748774.8613     -1274.592
1.2000       189.135132     0.000024490   -748878.8700      -828.567
1.3000       121.706365     0.000024490   -748946.2988      -540.473
1.4000        77.557066     0.000013606   -748990.4479      -355.310
1.5000        48.451341     0.000010885   -749019.5538      -235.017
1.6000        29.179147     0.000016327   -749038.8260      -155.807
1.7000        16.420382     0.000024490   -749051.5846      -102.911
1.8000         8.308817     0.000013606   -749059.6963       -67.891
1.9000         3.140228     0.000005442   -749064.8648       -44.134
2.0000        -0.131717     0.000021769   -749068.1367       -27.998
2.1000        -2.118432     0.000008163   -749070.1234       -17.091
2.2000        -3.249862     0.000024490   -749071.2549        -9.801
2.3000        -3.823895     0.000010885   -749071.8290        -5.009
2.4000        -3.966513     0.000019048   -749071.9716        -2.055
2.5000        -3.798507     0.000013606   -749071.8034        -0.310
2.6000        -3.504694     0.000021769   -749071.5098         0.655
2.7000        -3.140965     0.000013606   -749071.1460         1.111
2.8000        -2.794662     0.000016327   -749070.7996         1.354
2.9000        -2.473461     0.000021769   -749070.4785         1.451
3.0000        -2.179091     0.000019048   -749070.1841         1.502
3.1000        -1.886634     0.000024490   -749069.8916         1.500
3.2000        -1.561458     0.000010885   -749069.5664         1.414
3.3000        -1.271003     0.000016327   -749069.2760         1.358
3.4000        -1.010060     0.000024490   -749069.0151         1.284
3.5000        -0.763111     0.000005442   -749068.7680         1.205
3.6000        -0.511816     0.000008163   -749068.5169         1.114
3.7000        -0.289233     0.000024490   -749068.2943         1.054
3.8000        -0.090826     0.000002721   -749068.0959         0.984
3.9000         0.088219     0.000021769   -749067.9168         0.905
4.0000         0.250835     0.000013606   -749067.7541         0.845
5.0000         1.303469     0.000024490   -749066.7016         0.358
6.0000         1.683134     0.000010885   -749066.3220         0.131
7.0000         1.797862     0.000013606   -749066.2071         0.040
8.0000         1.838614     0.000005442   -749066.1663         0.018
9.0000         1.857564     0.000010885   -749066.1476         0.011
10.0000         1.868851     0.000008163   -749066.1361         0.007
100.0000         1.926463     0.000016327   -749066.0784         0.000
1000.0000         1.930586     0.000010885   -749066.0744
