0.0020   4563147.374675     0.000010885   4254261.5370
0.0040   2226704.899110     0.000013606   1917819.0609
0.0060   1450312.356344     0.000016327   1141426.5182
0.0080   1063824.182250     0.000016327    754938.3440
0.0100    832979.423684     0.000021769    524093.5855
0.0120    679804.440871     0.000013606    370918.6026
0.0140    570934.645695     0.000010885    262048.8075
0.0160    489730.111000     0.000027211    180844.2728
0.0180    426947.278155     0.000024490    118061.4399
0.0200    376968.115386     0.000021769     68082.2772
0.0400    157905.946900     0.000024490   -150979.8913
0.0600     89723.464394     0.000027211   -219162.3738
0.0800     57996.735608     0.000010885   -250889.1026
0.1000     40507.273587     0.000016327   -268378.5646
0.1200     29752.358024     0.000024490   -279133.4803
0.1400     22510.762446     0.000016327   -286375.0758
0.1600     17378.758016     0.000013606   -291507.0803
0.1800     13658.796144     0.000013606   -295227.0419
0.2000     10922.419629     0.000013606   -297963.4186
0.2400      7325.914130     0.000016327   -301559.9240
0.2800      5153.824378     0.000019048   -303732.0138    -43409.907
0.3200      3709.503732     0.000010885   -305176.3346    -29847.973
0.3600      2708.898309     0.000016327   -306176.9398    -20749.475
0.4000      2012.871270     0.000016327   -306872.9670    -14452.666
0.4500      1428.785796     0.000016327   -307457.0523     -9354.712
0.5000      1044.496831     0.000021769   -307841.3414     -6291.132
0.5500       779.168506     0.000021769   -308106.6697     -4479.464
0.6000       585.528596     0.000016327   -308300.3095     -3338.615
0.6500       440.215869     0.000016327   -308445.6225     -2506.727
0.7000       332.023990     0.000019048   -308553.8141     -1846.598
0.7500       252.673159     0.000016327   -308633.1650     -1351.340
0.8000       194.470046     0.000019048   -308691.3680      -993.703
0.8500       151.586151     0.000019048   -308734.2521      -733.712
0.9000       119.814876     0.000024490   -308766.0233      -545.186
0.9500        96.103834     0.000005442   -308789.7345      -408.628
1.0000        78.244971     0.000010885   -308807.5933      -309.557
1.1000        54.185019     0.000016327   -308831.6531      -185.935
1.2000        39.822893     0.000021769   -308846.0153      -124.719
1.3000        29.703693     0.000010885   -308856.1344       -91.691
1.4000        22.015399     0.000024490   -308863.8227       -68.077
1.5000        16.288423     0.000021769   -308869.5499       -48.995
1.6000        12.197571     0.000008163   -308873.6406       -34.283
1.7000         9.365599     0.000005442   -308876.4727       -23.410
1.8000         7.446603     0.000019048   -308878.3917       -15.748
1.9000         6.166603     0.000005442   -308879.6717       -10.448
2.0000         5.322389     0.000010885   -308880.5158        -6.873
2.1000         4.770468     0.000013606   -308881.0676        -4.480
2.2000         4.411634     0.000021769   -308881.4266        -2.913
2.3000         4.178873     0.000019048   -308881.6592        -1.889
2.4000         4.027746     0.000016327   -308881.8105        -1.227
2.5000         3.928493     0.000021769   -308881.9098        -0.806
2.6000         3.862794     0.000019048   -308881.9754        -0.539
2.7000         3.818319     0.000027211   -308882.0198        -0.367
2.8000         3.787361     0.000005442   -308882.0508        -0.256
2.9000         3.765453     0.000002721   -308882.0728        -0.175
3.0000         3.749398     0.000005442   -308882.0889        -0.131
3.1000         3.737398     0.000008163   -308882.1009        -0.097
3.2000         3.728378     0.000008163   -308882.1098        -0.073
3.3000         3.721689     0.000005442   -308882.1166        -0.057
3.4000         3.716832     0.000002721   -308882.1213        -0.043
3.5000         3.713390     0.000005442   -308882.1248        -0.029
3.6000         3.710979     0.000027211   -308882.1273        -0.018
3.7000         3.709520     0.000019048   -308882.1286        -0.010
3.8000         3.708845     0.000013606   -308882.1294        -0.004
3.9000         3.708791     0.000013606   -308882.1294         0.001
4.0000         3.709256     0.000010885   -308882.1289         0.007
5.0000         3.722092     0.000010885   -308882.1161         0.013
6.0000         3.730378     0.000002721   -308882.1079         0.004
7.0000         3.732895     0.000005442   -308882.1052         0.001
8.0000         3.733450     0.000005442   -308882.1047         0.000
9.0000         3.733578     0.000005442   -308882.1047        -0.000
10.0000         3.733580     0.000005442   -308882.1047
100.0000         3.733594     0.000005442   -308882.1047
1000.0000         3.733597     0.000005442   -308882.1047
