0.0020         0.000000     0.000021769  41020266.2828
0.0040  20385469.042389     0.000024490  19456276.8581
0.0060  13224443.716972     0.000010885  12295251.5343
0.0080   9655509.363461     0.000013606   8726317.1799
0.0100   7521767.846995     0.000010885   6592575.6640
0.0120   6108552.312351     0.000010885   5179360.1285
0.0140   5106563.609438     0.000010885   4177371.4245
0.0160   4359329.324264     0.000016327   3430137.1406
0.0180   3783324.529741     0.000024490   2854132.3455
0.0200   3326311.141512     0.000019048   2397118.9579
0.0400   1342816.255332     0.000027211    413624.0716
0.0600    742776.754212     0.000024490   -186415.4295
0.0800    470871.713493     0.000010885   -458320.4702
0.1000    323073.604612     0.000019048   -606118.5792
0.1200    235150.527098     0.000027211   -694041.6566
0.1400    177390.277461     0.000024490   -751801.9062
0.1600    136116.763745     0.000019048   -793075.4199
0.1800    105886.541170     0.000013606   -823305.6425
0.2000     83581.836877     0.000024490   -845610.3468
0.2400     54615.261545     0.000010885   -874576.9222
0.2800     36787.741718     0.000008163   -892404.4422
0.3200     25647.478232     0.000019048   -903544.7055
0.3600     18210.835152     0.000021769   -910981.3487
0.4000     13232.509824     0.000021769   -915959.6739
0.4500      9130.481411     0.000027211   -920061.7023
0.5000      6281.109296     0.000021769   -922911.0745    -45174.980
0.5500      4449.831016     0.000016327   -924742.3528    -29390.201
0.6000      3240.416556     0.000013606   -925951.7671    -19780.787
0.6500      2411.685531     0.000013606   -926780.4983    -13819.684
0.7000      1823.453627     0.000027211   -927368.7300     -9956.264
0.7500      1395.046543     0.000019048   -927797.1373     -7329.685
0.8000      1077.466899     0.000024490   -928114.7169     -5482.022
0.8500       838.496667     0.000013606   -928353.6871     -4152.347
0.9000       656.582011     0.000013606   -928535.6018     -3178.249
0.9500       516.767436     0.000016327   -928675.4164     -2454.026
1.0000       408.438774     0.000016327   -928783.7450     -1908.605
1.1000       257.703520     0.000010885   -928934.4803     -1174.228
1.2000       164.276191     0.000013606   -929027.9076      -736.992
1.3000       104.943424     0.000002721   -929087.2405      -468.603
1.4000        67.106307     0.000016327   -929125.0774      -299.906
1.5000        42.804685     0.000021769   -929149.3790      -193.248
1.6000        27.131209     0.000013606   -929165.0525      -126.059
1.7000        17.156905     0.000016327   -929175.0269       -84.748
1.8000        10.407192     0.000008163   -929181.7767       -57.250
1.9000         5.819549     0.000008163   -929186.3642       -38.517
2.0000         2.722405     0.000024490   -929189.4614       -25.676
2.1000         0.657838     0.000021769   -929191.5260       -16.864
2.2000        -0.677877     0.000024490   -929192.8615       -10.819
2.3000        -1.516785     0.000008163   -929193.7004        -6.804
2.4000        -2.027208     0.000021769   -929194.2109        -4.003
2.5000        -2.287115     0.000013606   -929194.4708        -2.117
2.6000        -2.369911     0.000021769   -929194.5538        -0.910
2.7000        -2.351546     0.000013606   -929194.5353        -0.072
2.8000        -2.267681     0.000019048   -929194.4515         0.404
2.9000        -2.142389     0.000016327   -929194.3260         0.732
3.0000        -1.993918     0.000027211   -929194.1777         0.899
3.1000        -1.833618     0.000021769   -929194.0174         0.955
3.2000        -1.671310     0.000010885   -929193.8550         0.972
3.3000        -1.512135     0.000019048   -929193.6958         0.933
3.4000        -1.360045     0.000013606   -929193.5437         0.873
3.5000        -1.218238     0.000019048   -929193.4019         0.805
3.6000        -1.087522     0.000019048   -929193.2713         0.727
3.7000        -0.968470     0.000019048   -929193.1521         0.646
3.8000        -0.861750     0.000024490   -929193.0454         0.573
3.9000        -0.766999     0.000019048   -929192.9507         0.503
4.0000        -0.683172     0.000010885   -929192.8669         0.433
5.0000        -0.275251     0.000021769   -929192.4590         0.086
6.0000        -0.199593     0.000010885   -929192.3834         0.014
7.0000        -0.187236     0.000021769   -929192.3709         0.001
8.0000        -0.185155     0.000013606   -929192.3690        -0.002
9.0000        -0.184706     0.000002721   -929192.3684        -0.002
10.0000        -0.184583     0.000013606   -929192.3684        -0.002
100.0000        -0.184137     0.000002721   -929192.3679
1000.0000        -0.184101     0.000016327   -929192.3679
