0.0020   2960839.562825     0.000021769   2904653.5594
0.0040   1449132.602676     0.000021769   1392946.6003
0.0060    946530.018301     0.000024490    890344.0159
0.0080    696010.349596     0.000021769    639824.3471
0.0100    546192.823588     0.000027211    490006.8210
0.0120    446700.132971     0.000021769    390514.1305
0.0140    375912.587224     0.000016327    319726.5848
0.0160    323177.095698     0.000016327    266991.0933
0.0180    282434.493376     0.000019048    226248.4910
0.0200    250036.760240     0.000027211    193850.7578
0.0400    106532.535069     0.000024490     50346.5327
0.0600     61352.590927     0.000013606      5166.5885
0.0800     40236.822708     0.000019048    -15949.1797
0.1000     28321.343265     0.000024490    -27864.6591
0.1200     20834.697728     0.000013606    -35351.3047
0.1400     15825.598050     0.000010885    -40360.4044
0.1600     12354.773521     0.000024490    -43831.2289
0.1800      9884.533039     0.000019048    -46301.4694
0.2000      8081.309760     0.000027211    -48104.6927
0.2400      5551.293250     0.000008163    -50634.7092    -50196.723
0.2800      3917.896219     0.000024490    -52268.1062    -32853.144
0.3200      2830.757068     0.000013606    -53355.2453    -22370.452
0.3600      2080.872119     0.000010885    -54105.1303    -15550.861
0.4000      1558.320647     0.000021769    -54627.6818    -10860.764
0.4500      1117.712600     0.000027211    -55068.2898     -7054.586
0.5000       827.637646     0.000010885    -55358.3648     -4723.908
0.5500       629.246713     0.000016327    -55556.7557     -3325.298
0.6000       485.239831     0.000021769    -55700.7626     -2564.229
0.6500       370.382112     0.000005442    -55815.6203     -2054.480
0.7000       279.888982     0.000005442    -55906.1134     -1568.226
0.7500       212.112685     0.000019048    -55973.8897     -1164.416
0.8000       161.978469     0.000019048    -56024.0240      -859.041
0.8500       124.969729     0.000021769    -56061.0327      -635.093
0.9000        97.523398     0.000016327    -56088.4790      -472.795
0.9500        76.992351     0.000021769    -56109.0101      -355.586
1.0000        61.454241     0.000013606    -56124.5482      -270.900
1.1000        40.226650     0.000010885    -56145.7758      -164.648
1.2000        26.910789     0.000010885    -56159.0916      -106.536
1.3000        18.053689     0.000019048    -56167.9487       -72.142
1.4000        11.932850     0.000019048    -56174.0696       -49.980
1.5000         7.621814     0.000013606    -56178.3806       -34.846
1.6000         4.564695     0.000010885    -56181.4377       -24.220
1.7000         2.551906     0.000024490    -56183.4505       -16.430
1.8000         1.203391     0.000008163    -56184.7990       -10.837
1.9000         0.390739     0.000016327    -56185.6117        -7.038
2.0000        -0.075563     0.000016327    -56186.0780        -4.385
2.1000        -0.346066     0.000013606    -56186.3485        -2.580
2.2000        -0.481095     0.000008163    -56186.4835        -1.285
2.3000        -0.524285     0.000005442    -56186.5267        -0.461
2.4000        -0.507631     0.000016327    -56186.5101         0.117
2.5000        -0.453734     0.000024490    -56186.4562         0.457
2.6000        -0.378032     0.000005442    -56186.3805         0.667
2.7000        -0.291608     0.000024490    -56186.2940         0.782
2.8000        -0.201392     0.000019048    -56186.2038         0.813
2.9000        -0.111983     0.000021769    -56186.1144         0.816
3.0000        -0.026466     0.000027211    -56186.0289         0.784
3.1000         0.053476     0.000002721    -56185.9489         0.738
3.2000         0.127132     0.000024490    -56185.8753         0.678
3.3000         0.194115     0.000021769    -56185.8083         0.619
3.4000         0.254369     0.000019048    -56185.7481         0.559
3.5000         0.308090     0.000021769    -56185.6943         0.500
3.6000         0.355765     0.000019048    -56185.6466         0.441
3.7000         0.397901     0.000024490    -56185.6045         0.390
3.8000         0.434903     0.000021769    -56185.5675         0.342
3.9000         0.467203     0.000019048    -56185.5352         0.299
4.0000         0.495261     0.000019048    -56185.5072         0.260
5.0000         0.631070     0.000008163    -56185.3713         0.055
6.0000         0.658788     0.000008163    -56185.3436         0.011
7.0000         0.664138     0.000013606    -56185.3383         0.002
8.0000         0.665180     0.000008163    -56185.3372         0.000
9.0000         0.665387     0.000008163    -56185.3370
10.0000         0.665427     0.000008163    -56185.3370        -0.000
100.0000         0.665436     0.000008163    -56185.3370
1000.0000         0.665436     0.000008163    -56185.3370
