0.0020  16383945.161520     0.000010885  16058255.3744
0.0040   7995277.207840     0.000021769   7669587.4221
0.0060   5208804.027105     0.000013606   4883114.2400
0.0080   3817487.900260     0.000013606   3491798.1149
0.0100   2984713.553063     0.000021769   2659023.7665
0.0120   2431668.554849     0.000024490   2105978.7683
0.0140   2037897.995410     0.000010885   1712208.2090
0.0160   1743831.279130     0.000010885   1418141.4926
0.0180   1516155.212664     0.000019048   1190465.4261
0.0200   1335272.930186     0.000013606   1009583.1437
0.0400    548059.811797     0.000019048    222370.0253
0.0600    306438.624450     0.000021769    -19251.1621
0.0800    195887.900852     0.000019048   -129801.8857
0.1000    134830.473975     0.000010885   -190859.3125
0.1200     97763.219753     0.000019048   -227926.5667
0.1400     73965.966487     0.000019048   -251723.8200
0.1600     57384.175755     0.000021769   -268305.6108
0.1800     45268.648090     0.000021769   -280421.1385
0.2000     36207.450984     0.000021769   -289482.3356
0.2400     24295.973065     0.000024490   -301393.8134
0.2800     17170.342663     0.000008163   -308519.4440
0.3200     12382.105238     0.000005442   -313307.6812
0.3600      9064.595715     0.000013606   -316625.1907
0.4000      6826.697895     0.000016327   -318863.0885    -45914.841
0.4500      4967.934591     0.000019048   -320721.8519    -29906.057
0.5000      3717.807875     0.000016327   -321971.9786    -20935.925
0.5500      2811.381055     0.000024490   -322878.4054    -15635.236
0.6000      2134.925843     0.000024490   -323554.8606    -11546.538
0.6500      1640.425174     0.000021769   -324049.3613     -8394.656
0.7000      1280.040378     0.000013606   -324409.7460     -6163.046
0.7500      1012.864577     0.000005442   -324676.9219     -4621.591
0.8000       810.242421     0.000016327   -324879.5440     -3546.213
0.8500       653.167756     0.000024490   -325036.6188     -2777.743
0.9000       529.137432     0.000008163   -325160.6491     -2212.938
0.9500       429.850311     0.000024490   -325259.9362     -1784.676
1.0000       349.636639     0.000021769   -325340.1499     -1449.451
1.1000       231.273734     0.000019048   -325458.5127      -961.115
1.2000       152.316118     0.000027211   -325537.4704      -640.112
1.3000        99.643433     0.000016327   -325590.1432      -430.122
1.4000        64.211722     0.000024490   -325625.5749      -291.550
1.5000        40.115443     0.000024490   -325649.6711      -196.656
1.6000        23.796333     0.000019048   -325665.9900      -131.715
1.7000        12.865137     0.000016327   -325676.9214       -87.108
1.8000         5.802476     0.000016327   -325683.9841       -56.620
1.9000         1.441341     0.000024490   -325688.3450       -35.930
2.0000        -1.136051     0.000013606   -325690.9225       -21.979
2.1000        -2.582193     0.000019048   -325692.3688       -12.707
2.2000        -3.290734     0.000016327   -325693.0774        -6.690
2.3000        -3.545264     0.000016327   -325693.3318        -2.913
2.4000        -3.447804     0.000027211   -325693.2344        -0.721
2.5000        -3.204656     0.000021769   -325692.9911         0.570
2.6000        -2.863537     0.000024490   -325692.6501         1.197
2.7000        -2.378820     0.000013606   -325692.1652         1.412
2.8000        -1.958440     0.000010885   -325691.7448         1.503
2.9000        -1.590367     0.000021769   -325691.3769         1.523
3.0000        -1.263352     0.000019048   -325691.0498         1.584
3.1000        -0.919514     0.000010885   -325690.7059         1.534
3.2000        -0.538611     0.000024490   -325690.3252         1.446
3.3000        -0.203626     0.000019048   -325689.9902         1.380
3.4000         0.102922     0.000019048   -325689.6836         1.291
3.5000         0.395199     0.000013606   -325689.3913         1.192
3.6000         0.654216     0.000013606   -325689.1323         1.123
3.7000         0.884585     0.000005442   -325688.9020         1.049
3.8000         1.090518     0.000010885   -325688.6961         0.970
3.9000         1.276247     0.000008163   -325688.5102         0.891
4.0000         1.443951     0.000013606   -325688.3426         0.829
5.0000         2.435994     0.000008163   -325687.3505         0.317
6.0000         2.756966     0.000008163   -325687.0296         0.098
7.0000         2.846832     0.000019048   -325686.9396         0.028
8.0000         2.872843     0.000010885   -325686.9137         0.008
9.0000         2.882073     0.000005442   -325686.9045         0.003
10.0000         2.886509     0.000008163   -325686.9001         0.001
100.0000         2.905987     0.000021769   -325686.8805
1000.0000         2.907388     0.000010885   -325686.8791
