0.0020  17050913.146360     0.000019048  16726765.8054
0.0040   8310529.730203     0.000013606   7986382.3910
0.0060   5406504.355360     0.000010885   5082357.0148
0.0080   3958408.624514     0.000021769   3634261.2861
0.0100   3092886.040688     0.000027211   2768738.7018
0.0120   2518320.606893     0.000024490   2194173.2671
0.0140   2109469.044031     0.000021769   1785321.7043
0.0160   1804623.368136     0.000010885   1480476.0284
0.0180   1569202.494822     0.000027211   1245055.1551
0.0200   1382024.962451     0.000021769   1057877.6229
0.0400    567526.554966     0.000021769    243379.2153
0.0600    316846.339005     0.000021769     -7301.0007
0.0800    202416.158506     0.000010885   -121731.1812
0.1000    139042.692047     0.000016327   -185104.6476
0.1200    100423.357950     0.000019048   -223723.9817
0.1400     75509.667482     0.000008163   -248637.6722
0.1600     58316.333179     0.000010885   -265831.0065
0.1800     45716.279758     0.000021769   -278431.0600
0.2000     36440.210051     0.000010885   -287707.1297
0.2400     24396.679598     0.000024490   -299750.6601
0.2800     17390.721634     0.000019048   -306756.6182
0.3200     12507.948562     0.000024490   -311639.3911
0.3600      9163.609097     0.000024490   -314983.7307
0.4000      6935.154337     0.000010885   -317212.1854    -45756.429
0.4500      5081.356550     0.000024490   -319065.9832    -29875.173
0.5000      3830.194312     0.000013606   -320317.1453    -21004.452
0.5500      2920.085537     0.000013606   -321227.2541    -15747.904
0.6000      2235.410162     0.000021769   -321911.9295    -11776.966
0.6500      1726.003626     0.000016327   -322421.3361     -8746.644
0.7000      1346.192068     0.000019048   -322801.1476     -6561.577
0.7500      1059.538496     0.000027211   -323087.8012     -4985.765
0.8000       840.352133     0.000013606   -323306.9876     -3836.195
0.8500       670.431904     0.000019048   -323476.9078     -2992.423
0.9000       537.125514     0.000027211   -323610.2143     -2368.848
0.9500       430.758127     0.000021769   -323716.5817     -1904.534
1.0000       345.045299     0.000013606   -323802.2943     -1534.592
1.1000       221.206265     0.000010885   -323926.1334      -978.082
1.2000       143.030306     0.000013606   -324004.3093      -622.361
1.3000        92.629742     0.000013606   -324054.7100      -402.134
1.4000        59.875975     0.000021769   -324087.4638      -261.212
1.5000        38.581463     0.000024490   -324108.7583      -171.009
1.6000        24.630542     0.000008163   -324122.7091      -112.848
1.7000        15.457602     0.000019048   -324131.8820       -75.028
1.8000         9.348796     0.000010885   -324137.9910       -49.857
1.9000         5.291033     0.000013606   -324142.0487       -32.826
2.0000         2.621293     0.000021769   -324144.7185       -21.309
2.1000         0.898665     0.000021769   -324146.4409       -13.492
2.2000        -0.177802     0.000016327   -324147.5174        -8.216
2.3000        -0.718920     0.000024490   -324148.0587        -4.817
2.4000        -0.901473     0.000021769   -324148.2412        -2.685
2.5000        -0.941773     0.000010885   -324148.2815        -1.361
2.6000        -0.900322     0.000016327   -324148.2402        -0.550
2.7000        -0.816930     0.000016327   -324148.1566        -0.088
2.8000        -0.717355     0.000021769   -324148.0570         0.181
2.9000        -0.616036     0.000021769   -324147.9558         0.293
3.0000        -0.520916     0.000019048   -324147.8606         0.358
3.1000        -0.435437     0.000021769   -324147.7751         0.367
3.2000        -0.360401     0.000013606   -324147.7000         0.349
3.3000        -0.295660     0.000021769   -324147.6352         0.331
3.4000        -0.240230     0.000019048   -324147.5800         0.303
3.5000        -0.192921     0.000013606   -324147.5327         0.269
3.6000        -0.152767     0.000024490   -324147.4924         0.241
3.7000        -0.118759     0.000019048   -324147.4584         0.213
3.8000        -0.089964     0.000024490   -324147.4295         0.189
3.9000        -0.065550     0.000019048   -324147.4053         0.162
4.0000        -0.044893     0.000021769   -324147.3846         0.142
5.0000         0.045731     0.000027211   -324147.2940         0.032
6.0000         0.061721     0.000021769   -324147.2780         0.006
7.0000         0.064415     0.000021769   -324147.2752         0.000
8.0000         0.064867     0.000021769   -324147.2750        -0.001
9.0000         0.064943     0.000021769   -324147.2747        -0.001
10.0000         0.064951     0.000021769   -324147.2747        -0.001
100.0000         0.064954     0.000021769   -324147.2747
1000.0000         0.064954     0.000021769   -324147.2747
