0.0020   6704868.590427     0.000019048   6598642.1046
0.0040   3285427.749828     0.000024490   3179201.2631
0.0060   2146454.021122     0.000021769   2040227.5347
0.0080   1577849.002346     0.000016327   1471622.5161
0.0100   1237412.743619     0.000016327   1131186.2573
0.0120   1011081.076001     0.000013606    904854.5897
0.0140    850130.186224     0.000008163    743903.6997
0.0160    729784.162529     0.000019048    623557.6761
0.0180    636412.241266     0.000002721    530185.7550
0.0200    561971.252756     0.000010885    455744.7665
0.0400    235060.717943     0.000008163    128834.2316
0.0600    133840.076033     0.000024490     27613.5897
0.0800     86576.464261     0.000016327    -19650.0221
0.1000     60265.857313     0.000027211    -45960.6291
0.1200     44122.103109     0.000013606    -62104.3833
0.1400     33399.806402     0.000019048    -72826.6800
0.1600     25838.070725     0.000021769    -80388.4157
0.1800     20334.049371     0.000016327    -85892.4370
0.2000     16255.108230     0.000019048    -89971.3781
0.2400     10829.455960     0.000019048    -95397.0304
0.2800      7618.594697     0.000013606    -98607.8917
0.3200      5569.727988     0.000016327   -100656.7584    -45529.806
0.3600      4025.888707     0.000010885   -102200.5977    -31712.465
0.4000      2973.352688     0.000024490   -103253.1337    -21598.531
0.4500      2109.043813     0.000010885   -104117.4426    -13712.517
0.5000      1541.343618     0.000024490   -104685.1428     -9389.289
0.5500      1139.987511     0.000016327   -105086.4988     -6733.128
0.6000       852.964207     0.000013606   -105373.5222     -4851.887
0.6500       645.283586     0.000024490   -105581.2028     -3534.275
0.7000       492.622713     0.000016327   -105733.8636     -2627.074
0.7500       377.956652     0.000021769   -105848.5297     -1996.311
0.8000       289.501375     0.000010885   -105936.9850     -1567.169
0.8500       220.375142     0.000016327   -106006.1112     -1218.804
0.9000       167.713276     0.000019048   -106058.7731      -919.525
0.9500       128.154978     0.000005442   -106098.3314      -687.247
1.0000        98.504851     0.000027211   -106127.9815      -517.386
1.1000        58.716410     0.000019048   -106167.7699      -304.789
1.2000        34.564476     0.000016327   -106191.9219      -188.082
1.3000        19.373711     0.000016327   -106207.1126      -119.349
1.4000         9.670375     0.000024490   -106216.8160       -76.575
1.5000         3.466275     0.000016327   -106223.0201       -48.951
1.6000        -0.404609     0.000019048   -106226.8910       -30.895
1.7000        -2.770607     0.000008163   -106229.2570       -18.939
1.8000        -4.167284     0.000016327   -106230.6536       -10.980
1.9000        -4.923897     0.000016327   -106231.4103        -5.703
2.0000        -5.261775     0.000016327   -106231.7481        -2.251
2.1000        -5.330620     0.000024490   -106231.8170        -0.064
2.2000        -5.222754     0.000013606   -106231.7091         1.321
2.3000        -4.920171     0.000013606   -106231.4065         2.041
2.4000        -4.576807     0.000013606   -106231.0632         2.437
2.5000        -4.218131     0.000005442   -106230.7045         2.574
2.6000        -3.845305     0.000024490   -106230.3317         2.557
2.7000        -3.431150     0.000010885   -106229.9175         2.363
2.8000        -3.063258     0.000027211   -106229.5496         2.163
2.9000        -2.736430     0.000024490   -106229.2228         1.962
3.0000        -2.445760     0.000005442   -106228.9321         1.762
3.1000        -2.186283     0.000010885   -106228.6726         1.573
3.2000        -1.954712     0.000024490   -106228.4411         1.392
3.3000        -1.725428     0.000016327   -106228.2118         1.196
3.4000        -1.518842     0.000005442   -106228.0052         1.010
3.5000        -1.344047     0.000005442   -106227.8304         0.850
3.6000        -1.197214     0.000021769   -106227.6836         0.714
3.7000        -1.074358     0.000016327   -106227.5607         0.598
3.8000        -0.971820     0.000024490   -106227.4582         0.499
3.9000        -0.886482     0.000010885   -106227.3728         0.417
4.0000        -0.815743     0.000024490   -106227.3021         0.348
5.0000        -0.528108     0.000013606   -106227.0145         0.061
6.0000        -0.478550     0.000024490   -106226.9649         0.011
7.0000        -0.463562     0.000008163   -106226.9499         0.006
8.0000        -0.455690     0.000002721   -106226.9421         0.004
9.0000        -0.450362     0.000010885   -106226.9367         0.003
10.0000        -0.446408     0.000010885   -106226.9328         0.002
100.0000        -0.420639     0.000013606   -106226.9070
1000.0000        -0.418519     0.000013606   -106226.9049
