0.0020   8933552.460611     0.000021769   8491665.7583
0.0040   4354365.158797     0.000010885   3912478.4575
0.0060   2832294.427874     0.000016327   2390407.7259
0.0080   2075046.574430     0.000005442   1633159.8724
0.0100   1622818.140138     0.000013606   1180931.4381
0.0120   1323014.110779     0.000013606    881127.4089
0.0140   1109962.990280     0.000027211    668076.2884
0.0160    951151.486943     0.000005442    509264.7850
0.0180    828184.186332     0.000016327    386297.4844
0.0200    730317.543742     0.000021769    288430.8418
0.0400    303477.084036     0.000021769   -138409.6180
0.0600    171055.835138     0.000021769   -270830.8668
0.0800    110295.606442     0.000016327   -331591.0955
0.1000     76658.804665     0.000008163   -365227.8975
0.1200     55640.899173     0.000024490   -386245.8029
0.1400     41789.210833     0.000005442   -400097.4911
0.1600     32350.124069     0.000005442   -409536.5779
0.1800     25665.637747     0.000016327   -416221.0642
0.2000     20531.902016     0.000019048   -421354.7999
0.2400     13548.989894     0.000005442   -428337.7121
0.2800      9314.457501     0.000010885   -432572.2445
0.3200      6645.162362     0.000010885   -435241.5396
0.3600      4883.004216     0.000016327   -437003.6976    -36289.012
0.4000      3650.460423     0.000019048   -438236.2416    -26108.924
0.4500      2567.479217     0.000016327   -439319.2228    -17730.643
0.5000      1835.215334     0.000016327   -440051.4866    -11937.264
0.5500      1341.116362     0.000021769   -440545.5857     -8099.285
0.6000      1002.595303     0.000024490   -440884.1067     -5615.391
0.6500       764.821679     0.000019048   -441121.8804     -4006.683
0.7000       592.606653     0.000021769   -441294.0953     -2957.274
0.7500       463.609708     0.000019048   -441423.0923     -2255.952
0.8000       364.113298     0.000024490   -441522.5886     -1762.280
0.8500       285.651240     0.000021769   -441601.0508     -1392.924
0.9000       223.377329     0.000019048   -441663.3246     -1094.307
0.9500       174.935142     0.000016327   -441711.7668      -848.987
1.0000       137.638920     0.000016327   -441749.0631      -657.737
1.1000        86.037762     0.000013606   -441800.6643      -402.725
1.2000        54.043925     0.000013606   -441832.6581      -256.797
1.3000        33.494807     0.000021769   -441853.2071      -166.495
1.4000        20.135595     0.000021769   -441866.5665      -109.111
1.5000        11.399529     0.000016327   -441875.3024       -71.910
1.6000         5.678915     0.000027211   -441881.0231       -47.243
1.7000         1.960176     0.000016327   -441884.7418       -30.575
1.8000        -0.412272     0.000024490   -441887.1144       -19.259
1.9000        -1.875785     0.000027211   -441888.5778       -11.567
2.0000        -2.720476     0.000019048   -441889.4224        -6.315
2.1000        -3.148876     0.000021769   -441889.8507        -2.861
2.2000        -3.298824     0.000021769   -441890.0009        -0.523
2.3000        -3.199154     0.000024490   -441889.9011         0.893
2.4000        -2.994693     0.000019048   -441889.6967         1.774
2.5000        -2.737785     0.000021769   -441889.4398         2.299
2.6000        -2.453692     0.000016327   -441889.1558         2.547
2.7000        -2.159973     0.000019048   -441888.8619         2.652
2.8000        -1.868664     0.000024490   -441888.5707         2.640
2.9000        -1.586003     0.000016327   -441888.2880         2.543
3.0000        -1.253221     0.000010885   -441887.9552         2.325
3.1000        -0.899573     0.000016327   -441887.6014         2.030
3.2000        -0.596814     0.000021769   -441887.2989         1.761
3.3000        -0.336262     0.000010885   -441887.0382         1.528
3.4000        -0.112187     0.000021769   -441886.8142         1.333
3.5000         0.080516     0.000027211   -441886.6216         1.162
3.6000         0.246859     0.000016327   -441886.4550         1.001
3.7000         0.407208     0.000021769   -441886.2948         0.844
3.8000         0.550633     0.000019048   -441886.1514         0.713
3.9000         0.670560     0.000024490   -441886.0313         0.601
4.0000         0.770730     0.000005442   -441885.9312         0.509
5.0000         1.213650     0.000019048   -441885.4882         0.102
6.0000         1.327260     0.000019048   -441885.3747         0.060
7.0000         1.379046     0.000005442   -441885.3230         0.022
8.0000         1.411795     0.000002721   -441885.2901         0.015
9.0000         1.435001     0.000002721   -441885.2670         0.011
10.0000         1.452433     0.000002721   -441885.2496         0.009
100.0000         1.567232     0.000019048   -441885.1347         0.000
1000.0000         1.576691     0.000024490   -441885.1252
