0.0020  14334279.288179     0.000016327  14000556.8094
0.0040   6987231.591939     0.000021769   6653509.1145
0.0060   4549748.716859     0.000010885   4216026.2384
0.0080   3334420.459725     0.000024490   3000697.9802
0.0100   2607578.556159     0.000027211   2273856.0775
0.0120   2124403.499554     0.000013606   1790681.0211
0.0140   1781025.087631     0.000027211   1447302.6090
0.0160   1524610.974591     0.000021769   1190888.4961
0.0180   1326144.433161     0.000021769    992421.9546
0.0200   1168292.070534     0.000016327    834569.5920
0.0400    481346.023110     0.000027211    147623.5446
0.0600    269831.734547     0.000027211    -63890.7440
0.0800    172690.412109     0.000024490   -161032.0664
0.1000    118983.230873     0.000008163   -214739.2477
0.1200     86157.334149     0.000010885   -247565.1444
0.1400     64868.928535     0.000019048   -268853.5500
0.1600     50247.220797     0.000019048   -283475.2577
0.1800     39526.364479     0.000010885   -294196.1140
0.2000     31418.782707     0.000021769   -302303.6958
0.2400     20623.641610     0.000016327   -313098.8370
0.2800     14237.630981     0.000010885   -319484.8474
0.3200     10225.132314     0.000010885   -323497.3463
0.3600      7424.696853     0.000010885   -326297.7818
0.4000      5448.492201     0.000016327   -328273.9863    -40624.141
0.4500      3818.443421     0.000019048   -329904.0352    -25851.504
0.5000      2760.502457     0.000013606   -330961.9762    -17195.756
0.5500      2043.393406     0.000019048   -331679.0852    -11908.919
0.6000      1537.031333     0.000010885   -332185.4473     -8611.126
0.6500      1162.930968     0.000027211   -332559.5477     -6512.931
0.7000       879.973789     0.000016327   -332842.5049     -4875.989
0.7500       670.629352     0.000019048   -333051.8492     -3560.725
0.8000       518.428009     0.000024490   -333204.0504     -2588.465
0.8500       407.200933     0.000024490   -333315.2775     -1907.995
0.9000       324.222771     0.000019048   -333398.2557     -1437.439
0.9500       260.813225     0.000005442   -333461.6653     -1106.339
1.0000       211.392707     0.000019048   -333511.0859      -866.397
1.1000       142.489207     0.000016327   -333579.9895      -551.354
1.2000        98.396013     0.000024490   -333624.0825      -367.427
1.3000        68.545907     0.000013606   -333653.9326      -247.294
1.4000        48.306138     0.000019048   -333674.1725      -165.231
1.5000        34.740939     0.000010885   -333687.7376      -110.231
1.6000        25.657405     0.000021769   -333696.8211       -74.283
1.7000        19.498383     0.000027211   -333702.9801       -50.985
1.8000        15.231378     0.000027211   -333707.2471       -35.817
1.9000        12.197552     0.000005442   -333710.2809       -25.745
2.0000        10.026774     0.000008163   -333712.4518       -18.868
2.1000         8.665785     0.000010885   -333713.8127       -14.375
2.2000         7.683037     0.000016327   -333714.7955       -11.098
2.3000         7.031787     0.000024490   -333715.4467        -8.588
2.4000         6.507709     0.000024490   -333715.9708        -6.539
2.5000         6.101524     0.000019048   -333716.3771        -4.857
2.6000         5.800397     0.000002721   -333716.6780        -3.522
2.7000         5.587800     0.000008163   -333716.8908        -2.440
2.8000         5.449332     0.000002721   -333717.0293        -1.630
2.9000         5.370379     0.000019048   -333717.1082        -0.984
3.0000         5.338555     0.000008163   -333717.1401        -0.502
3.1000         5.343741     0.000021769   -333717.1349        -0.148
3.2000         5.376950     0.000024490   -333717.1017         0.122
3.3000         5.429931     0.000005442   -333717.0486         0.310
3.4000         5.497769     0.000010885   -333716.9809         0.428
3.5000         5.575403     0.000024490   -333716.9031         0.513
3.6000         5.658166     0.000008163   -333716.8203         0.558
3.7000         5.742946     0.000013606   -333716.7357         0.578
3.8000         5.827846     0.000010885   -333716.6508         0.577
3.9000         5.911050     0.000016327   -333716.5675         0.557
4.0000         5.990891     0.000021769   -333716.4875         0.534
5.0000         6.518683     0.000005442   -333715.9599         0.220
6.0000         6.704801     0.000013606   -333715.7738         0.101
7.0000         6.771708     0.000013606   -333715.7068         0.041
8.0000         6.802669     0.000010885   -333715.6758         0.023
9.0000         6.820906     0.000019048   -333715.6576         0.017
10.0000         6.833456     0.000019048   -333715.6451         0.012
100.0000         6.907205     0.000021769   -333715.5713         0.000
1000.0000         6.912794     0.000021769   -333715.5656
