0.0020  12106426.961881     0.000024490  11774524.5977
0.0040   5902012.046741     0.000021769   5570109.6852
0.0060   3843224.036081     0.000019048   3511321.6738
0.0080   2817620.419001     0.000024490   2485718.0562
0.0100   2205008.495941     0.000016327   1873106.1331
0.0120   1798060.393423     0.000019048   1466158.0305
0.0140   1508529.478047     0.000013606   1176627.1153
0.0160   1292419.945732     0.000016327    960517.5830
0.0180   1125312.502831     0.000013606    793410.1400
0.0200    992376.605443     0.000027211    660474.2426
0.0400    412732.220627     0.000010885     80829.8577
0.0600    233272.171593     0.000019048    -98630.1913
0.0800    149674.099817     0.000027211   -182228.2631
0.1000    102949.671860     0.000019048   -228952.6910
0.1200     74309.420787     0.000021769   -257592.9421
0.1400     55771.337743     0.000019048   -276131.0252
0.1600     43180.915722     0.000016327   -288721.4472
0.1800     34004.203312     0.000021769   -297898.1596
0.2000     27109.879629     0.000016327   -304792.4833
0.2400     17687.073560     0.000008163   -314215.2893
0.2800     12026.029294     0.000024490   -319876.3337
0.3200      8527.696887     0.000021769   -323374.6659
0.3600      6232.509819     0.000024490   -325669.8530    -47849.824
0.4000      4586.112087     0.000019048   -327316.2507    -34913.285
0.4500      3168.719469     0.000005442   -328733.6434    -22588.376
0.5000      2249.126575     0.000019048   -329653.2362    -14821.093
0.5500      1634.888966     0.000019048   -330267.4738    -10111.909
0.6000      1208.287201     0.000027211   -330694.0756     -7160.541
0.6500       901.317489     0.000019048   -331001.0455     -5242.942
0.7000       674.279111     0.000024490   -331228.0837     -3929.469
0.7500       504.031023     0.000010885   -331398.3318     -2944.682
0.8000       376.844166     0.000013606   -331525.5187     -2189.934
0.8500       282.457286     0.000013606   -331619.9055     -1619.895
0.9000       213.070561     0.000027211   -331689.2924     -1196.465
0.9500       161.614930     0.000005442   -331740.7478      -890.385
1.0000       123.102464     0.000019048   -331779.2604      -670.298
1.1000        71.633883     0.000021769   -331830.7291      -393.088
1.2000        41.192369     0.000021769   -331861.1705      -237.503
1.3000        22.811017     0.000021769   -331879.5518      -144.248
1.4000        11.720642     0.000013606   -331890.6423       -86.433
1.5000         5.233315     0.000013606   -331897.1295       -50.435
1.6000         1.525351     0.000019048   -331900.8376       -28.113
1.7000        -0.469320     0.000021769   -331902.8322       -14.447
1.8000        -1.425736     0.000016327   -331903.7887        -6.287
1.9000        -1.675901     0.000027211   -331904.0388        -1.928
2.0000        -1.473832     0.000016327   -331903.8366        -0.099
2.1000        -1.231982     0.000013606   -331903.5950         0.791
2.2000        -0.982160     0.000021769   -331903.3452         1.306
2.3000        -0.646575     0.000013606   -331903.0094         1.242
2.4000        -0.259989     0.000021769   -331902.6230         0.928
2.5000         0.025524     0.000019048   -331902.3372         0.683
2.6000         0.246611     0.000016327   -331902.1163         0.636
2.7000         0.428443     0.000005442   -331901.9345         0.609
2.8000         0.589709     0.000008163   -331901.7731         0.632
2.9000         0.738169     0.000013606   -331901.6246         0.696
3.0000         0.879260     0.000016327   -331901.4836         0.708
3.1000         1.017099     0.000016327   -331901.3457         0.757
3.2000         1.149665     0.000021769   -331901.2131         0.776
3.3000         1.278133     0.000019048   -331901.0847         0.773
3.4000         1.402954     0.000008163   -331900.9598         0.759
3.5000         1.522211     0.000016327   -331900.8406         0.741
3.6000         1.635250     0.000019048   -331900.7277         0.719
3.7000         1.741965     0.000010885   -331900.6210         0.685
3.8000         1.842448     0.000016327   -331900.5203         0.631
3.9000         1.936426     0.000019048   -331900.4265         0.586
4.0000         2.023320     0.000019048   -331900.3397         0.547
5.0000         2.562372     0.000019048   -331899.8006         0.204
6.0000         2.778588     0.000019048   -331899.5843         0.081
7.0000         2.856769     0.000024490   -331899.5062         0.027
8.0000         2.889543     0.000008163   -331899.4732         0.012
9.0000         2.906961     0.000005442   -331899.4558         0.007
10.0000         2.918501     0.000013606   -331899.4444         0.005
100.0000         2.985436     0.000008163   -331899.3775         0.000
1000.0000         2.990571     0.000019048   -331899.3723
