0.0020         0.000000     0.000021769  27914620.1068
0.0040  13878945.206816     0.000021769  13284253.5206
0.0060   9016984.676952     0.000010885   8422292.9900
0.0080   6594226.872878     0.000016327   5999535.1854
0.0100   5145984.892720     0.000024490   4551293.2063
0.0120   4182986.511755     0.000019048   3588294.8245
0.0140   3499846.488735     0.000008163   2905154.8015
0.0160   2990645.983515     0.000027211   2395954.2968
0.0180   2596890.141942     0.000010885   2002198.4551
0.0200   2284544.308791     0.000024490   1689852.6219
0.0400    928104.532051     0.000021769    333412.8451
0.0600    515438.882412     0.000016327    -79252.8044
0.0800    326830.093205     0.000016327   -267861.5936
0.1000    224314.497780     0.000016327   -370377.1891
0.1200    161728.846370     0.000024490   -432962.8404
0.1400    120747.476889     0.000021769   -473944.2099
0.1600     92876.487061     0.000010885   -501815.1998
0.1800     73292.834284     0.000010885   -521398.8527
0.2000     58633.245173     0.000019048   -536058.4418
0.2400     38346.863047     0.000010885   -556344.8237
0.2800     25986.447218     0.000016327   -568705.2396
0.3200     18296.701177     0.000027211   -576394.9858
0.3600     13212.140554     0.000016327   -581479.5461
0.4000      9554.131257     0.000013606   -585137.5556
0.4500      6566.730136     0.000024490   -588124.9568    -46929.247
0.5000      4663.799379     0.000016327   -590027.8876    -30614.271
0.5500      3394.689345     0.000013606   -591296.9974    -20953.149
0.6000      2507.816539     0.000010885   -592183.8704    -14971.530
0.6500      1866.899922     0.000024490   -592824.7869    -10898.740
0.7000      1401.434786     0.000024490   -593290.2520     -7904.393
0.7500      1064.485770     0.000021769   -593627.2009     -5706.367
0.8000       820.638891     0.000016327   -593871.0480     -4139.006
0.8500       643.194605     0.000027211   -594048.4921     -3053.454
0.9000       510.975042     0.000008163   -594180.7118     -2302.682
0.9500       409.912736     0.000013606   -594281.7741     -1779.943
1.0000       331.107107     0.000016327   -594360.5796     -1406.730
1.1000       218.204212     0.000013606   -594473.4827      -891.187
1.2000       146.005839     0.000024490   -594545.6811      -565.676
1.3000       100.210445     0.000010885   -594591.4765      -362.724
1.4000        70.806368     0.000019048   -594620.8806      -239.623
1.5000        51.128893     0.000016327   -594640.5580      -164.801
1.6000        37.358014     0.000021769   -594654.3288      -116.911
1.7000        27.466261     0.000016327   -594664.2204       -84.396
1.8000        20.280136     0.000013606   -594671.4067       -61.243
1.9000        15.054327     0.000021769   -594676.6324       -44.390
2.0000        11.268691     0.000016327   -594680.4180       -32.045
2.1000         8.537567     0.000019048   -594683.1492       -23.065
2.2000         6.650234     0.000027211   -594685.0366       -16.806
2.3000         5.348218     0.000008163   -594686.3387       -12.409
2.4000         4.408379     0.000019048   -594687.2786        -9.362
2.5000         3.709272     0.000010885   -594687.9776        -7.244
2.6000         3.158993     0.000008163   -594688.5278        -5.754
2.7000         2.711210     0.000002721   -594688.9757        -4.684
2.8000         2.335796     0.000019048   -594689.3510        -3.887
2.9000         2.015382     0.000013606   -594689.6715        -3.260
3.0000         1.739290     0.000019048   -594689.9475        -2.805
3.1000         1.500801     0.000021769   -594690.1861        -2.363
3.2000         1.295164     0.000021769   -594690.3915        -2.016
3.3000         1.119096     0.000024490   -594690.5676        -1.705
3.4000         0.969270     0.000010885   -594690.7175        -1.431
3.5000         0.842966     0.000013606   -594690.8438        -1.196
3.6000         0.737715     0.000008163   -594690.9491        -0.992
3.7000         0.651207     0.000016327   -594691.0356        -0.814
3.8000         0.580558     0.000024490   -594691.1064        -0.647
3.9000         0.523936     0.000005442   -594691.1630        -0.518
4.0000         0.480063     0.000024490   -594691.2068        -0.401
5.0000         0.496888     0.000005442   -594691.1899         0.043
6.0000         0.643359     0.000013606   -594691.0435         0.046
7.0000         0.706484     0.000002721   -594690.9804         0.023
8.0000         0.728680     0.000027211   -594690.9581         0.009
9.0000         0.735935     0.000021769   -594690.9510         0.002
10.0000         0.738158     0.000024490   -594690.9486         0.001
100.0000         0.739930     0.000010885   -594690.9469
1000.0000         0.740011     0.000019048   -594690.9469
