0.0020  14200916.148574     0.000013606  13945200.7890
0.0040   6931928.151236     0.000008163   6676212.7931
0.0060   4514316.568225     0.000021769   4258601.2077
0.0080   3308601.013489     0.000008163   3052885.6554
0.0100   2587945.942926     0.000016327   2332230.5835
0.0120   2109685.948403     0.000010885   1853970.5891
0.0140   1768938.031008     0.000016327   1513222.6716
0.0160   1514344.356122     0.000019048   1258628.9967
0.0180   1317871.894565     0.000019048   1062156.5352
0.0200   1161542.036268     0.000024490    905826.6771
0.0400    478171.717498     0.000005442    222456.3582
0.0600    267847.324617     0.000010885     12131.9653
0.0800    171652.198841     0.000019048    -84063.1604
0.1000    118422.990102     0.000021769   -137292.3692
0.1200     85515.295356     0.000021769   -170200.0639
0.1400     64152.580949     0.000010885   -191562.7783
0.1600     49796.868580     0.000016327   -205918.4907
0.1800     39405.295969     0.000021769   -216310.0633
0.2000     31714.594272     0.000019048   -224000.7650
0.2400     21122.796696     0.000024490   -234592.5626
0.2800     14732.867311     0.000008163   -240982.4920
0.3200     10731.311919     0.000019048   -244984.0474
0.3600      7943.757372     0.000013606   -247771.6019
0.4000      5888.075329     0.000010885   -249827.2839    -42219.482
0.4500      4199.259643     0.000019048   -251516.0996    -26701.333
0.5000      3110.766458     0.000021769   -252604.5928    -17670.097
0.5500      2370.141969     0.000027211   -253345.2173    -12427.396
0.6000      1833.794026     0.000002721   -253881.5653     -9266.247
0.6500      1425.346207     0.000021769   -254290.0131     -7165.279
0.7000      1108.755816     0.000024490   -254606.6035     -5560.419
0.7500       863.689323     0.000005442   -254851.6700     -4291.478
0.8000       674.755223     0.000010885   -255040.6041     -3306.153
0.8500       529.087004     0.000016327   -255186.2723     -2552.460
0.9000       416.420736     0.000016327   -255298.9386     -1979.124
0.9500       328.871003     0.000013606   -255386.4883     -1542.545
1.0000       260.486642     0.000008163   -255454.8726     -1208.355
1.1000       164.522329     0.000008163   -255550.8370      -750.579
1.2000       104.556652     0.000016327   -255610.8026      -471.487
1.3000        66.733116     0.000019048   -255648.6262      -297.588
1.4000        43.125576     0.000019048   -255672.2337      -190.033
1.5000        28.094194     0.000024490   -255687.2651      -123.310
1.6000        18.352718     0.000016327   -255697.0066       -81.681
1.7000        11.874841     0.000021769   -255703.4844       -54.726
1.8000         7.505757     0.000010885   -255707.8535       -36.654
1.9000         4.566821     0.000008163   -255710.7924       -24.337
2.0000         2.622047     0.000024490   -255712.7372       -15.970
2.1000         1.376352     0.000010885   -255713.9829       -10.279
2.2000         0.597682     0.000008163   -255714.7616        -6.392
2.3000         0.182485     0.000027211   -255715.1768        -3.786
2.4000        -0.023625     0.000016327   -255715.3829        -2.019
2.5000        -0.088870     0.000024490   -255715.4482        -0.839
2.6000        -0.061571     0.000024490   -255715.4209        -0.077
2.7000         0.026569     0.000016327   -255715.3327         0.414
2.8000         0.151546     0.000024490   -255715.2077         0.737
2.9000         0.298324     0.000024490   -255715.0610         0.869
3.0000         0.455141     0.000027211   -255714.9041         0.965
3.1000         0.614183     0.000019048   -255714.7451         0.978
3.2000         0.770932     0.000013606   -255714.5884         0.954
3.3000         0.921084     0.000019048   -255714.4382         0.920
3.4000         1.062319     0.000016327   -255714.2969         0.854
3.5000         1.194058     0.000021769   -255714.1652         0.784
3.6000         1.315233     0.000027211   -255714.0440         0.717
3.7000         1.425230     0.000019048   -255713.9341         0.646
3.8000         1.524410     0.000024490   -255713.8349         0.580
3.9000         1.613606     0.000027211   -255713.7457         0.509
4.0000         1.693109     0.000016327   -255713.6662         0.451
5.0000         2.098527     0.000013606   -255713.2608         0.104
6.0000         2.182528     0.000016327   -255713.1768         0.020
7.0000         2.197402     0.000013606   -255713.1619         0.003
8.0000         2.200137     0.000027211   -255713.1591
9.0000         2.200738     0.000021769   -255713.1585        -0.001
10.0000         2.200928     0.000021769   -255713.1583        -0.001
100.0000         2.201601     0.000021769   -255713.1577
1000.0000         2.201655     0.000024490   -255713.1576
