0.0020         0.000000     0.000021769  43392589.3649
0.0040  21603621.288940     0.000013606  20589554.6266
0.0060  14021133.249845     0.000016327  13007066.5890
0.0080  10241134.791833     0.000019048   9227068.1300
0.0100   7980855.390454     0.000021769   6966788.7301
0.0120   6481911.768638     0.000024490   5467845.1066
0.0140   5417921.983244     0.000021769   4403855.3211
0.0160   4625310.353215     0.000008163   3611243.6914
0.0180   4013352.936492     0.000021769   2999286.2748
0.0200   3527379.649411     0.000019048   2513312.9881
0.0400   1418230.099919     0.000019048    404163.4385
0.0600    782333.214542     0.000019048   -231733.4468
0.0800    495753.318084     0.000021769   -518313.3432
0.1000    339696.338709     0.000021769   -674370.3227
0.1200    246225.582117     0.000019048   -767841.0793
0.1400    184549.509192     0.000019048   -829517.1522
0.1600    141013.033788     0.000019048   -873053.6277
0.1800    109721.312126     0.000021769   -904345.3494
0.2000     86861.164150     0.000019048   -927205.4973
0.2400     56901.999560     0.000021769   -957164.6617
0.2800     38278.084184     0.000019048   -975788.5773
0.3200     26558.014741     0.000016327   -987508.6467
0.3600     18917.701798     0.000010885   -995148.9596
0.4000     13876.156734     0.000013606  -1000190.5047
0.4500      9468.934792     0.000013606  -1004597.7266
0.5000      6627.814351     0.000010885  -1007438.8470    -45031.102
0.5500      4791.709583     0.000019048  -1009274.9517    -29741.623
0.6000      3552.508179     0.000019048  -1010514.1533    -20567.452
0.6500      2679.734977     0.000019048  -1011386.9264    -14744.213
0.7000      2047.512384     0.000016327  -1012019.1489    -10781.808
0.7500      1582.384866     0.000010885  -1012484.2766     -7980.053
0.8000      1236.220137     0.000016327  -1012830.4412     -5975.112
0.8500       975.468159     0.000010885  -1013091.1933     -4531.481
0.9000       776.492391     0.000013606  -1013290.1690     -3482.102
0.9500       622.680380     0.000002721  -1013443.9811     -2709.860
1.0000       502.315107     0.000027211  -1013564.3464     -2133.192
1.1000       331.281135     0.000024490  -1013735.3804     -1353.738
1.2000       222.065628     0.000016327  -1013844.5958      -869.998
1.3000       152.132980     0.000008163  -1013914.5285      -573.847
1.4000       104.912601     0.000019048  -1013961.7487      -390.225
1.5000        72.151153     0.000013606  -1013994.5101      -267.680
1.6000        49.962031     0.000024490  -1014016.6994      -183.270
1.7000        34.666870     0.000013606  -1014031.9946      -126.776
1.8000        24.017790     0.000019048  -1014042.6436       -88.315
1.9000        16.624250     0.000010885  -1014050.0372       -61.807
2.0000        11.554217     0.000019048  -1014055.1072       -43.229
2.1000         8.130683     0.000019048  -1014058.5307       -30.106
2.2000         5.788166     0.000008163  -1014060.8733       -20.795
2.3000         4.270576     0.000019048  -1014062.3909       -14.368
2.4000         3.260241     0.000016327  -1014063.4012        -9.906
2.5000         2.581025     0.000024490  -1014064.0804        -6.870
2.6000         2.121289     0.000021769  -1014064.5400        -4.925
2.7000         1.791609     0.000019048  -1014064.8698        -3.584
2.8000         1.545134     0.000016327  -1014065.1164        -2.802
2.9000         1.341146     0.000016327  -1014065.3202        -2.206
3.0000         1.169042     0.000024490  -1014065.4924        -1.852
3.1000         1.014000     0.000024490  -1014065.6473        -1.543
3.2000         0.879889     0.000019048  -1014065.7814        -1.282
3.3000         0.762866     0.000019048  -1014065.8984        -1.086
3.4000         0.665098     0.000013606  -1014065.9964        -0.871
3.5000         0.587788     0.000021769  -1014066.0737        -0.686
3.6000         0.526410     0.000019048  -1014066.1349        -0.547
3.7000         0.485119     0.000021769  -1014066.1762        -0.401
3.8000         0.457696     0.000013606  -1014066.2037        -0.273
3.9000         0.442055     0.000013606  -1014066.2192        -0.174
4.0000         0.440849     0.000010885  -1014066.2206        -0.099
5.0000         0.687871     0.000005442  -1014065.9735         0.175
6.0000         0.931827     0.000019048  -1014065.7294         0.111
7.0000         1.048469     0.000005442  -1014065.6130         0.040
8.0000         1.101332     0.000005442  -1014065.5602         0.017
9.0000         1.127640     0.000021769  -1014065.5338         0.009
10.0000         1.142928     0.000021769  -1014065.5185         0.006
100.0000         1.215645     0.000010885  -1014065.4456         0.000
1000.0000         1.220755     0.000010885  -1014065.4407
