0.0020  10166311.065079     0.000019048   9995997.4886
0.0040   4971929.605603     0.000016327   4801616.0300
0.0060   3243234.877706     0.000010885   3072921.3029
0.0080   2381033.404031     0.000019048   2210719.8286
0.0100   1864868.100624     0.000021769   1694554.5252
0.0120   1523053.633790     0.000010885   1352740.0585
0.0140   1279447.819454     0.000024490   1109134.2440
0.0160   1097032.522434     0.000010885    926718.9469
0.0180    955545.048879     0.000024490    785231.4735
0.0200    843424.445975     0.000019048    673110.8707
0.0400    349897.843435     0.000008163    179584.2680
0.0600    197130.694138     0.000027211     26817.1187
0.0800    126632.589806     0.000019048    -43680.9856
0.1000     87871.795934     0.000016327    -82441.7795
0.1200     63899.446173     0.000024490   -106414.1292
0.1400     47946.617434     0.000013606   -122366.9580
0.1600     36979.849771     0.000002721   -133333.7256
0.1800     29263.474759     0.000019048   -141050.1007
0.2000     23714.232998     0.000013606   -146599.3424
0.2400     16227.534707     0.000005442   -154086.0407
0.2800     11471.814767     0.000005442   -158841.7606
0.3200      8200.063198     0.000010885   -162113.5122
0.3600      6030.370451     0.000016327   -164283.2050    -44059.564
0.4000      4568.213565     0.000005442   -165745.3618    -30103.513
0.4500      3339.944841     0.000016327   -166973.6306    -21243.848
0.5000      2398.388198     0.000019048   -167915.1872    -15855.856
0.5500      1742.870373     0.000021769   -168570.7050    -10692.219
0.6000      1299.304980     0.000008163   -169014.2704     -7284.114
0.6500       994.459267     0.000024490   -169319.1161     -5066.206
0.7000       779.749616     0.000013606   -169533.8258     -3626.332
0.7500       623.652311     0.000021769   -169689.9231     -2686.607
0.8000       506.055371     0.000027211   -169807.5200     -2060.725
0.8500       414.496743     0.000024490   -169899.0787     -1627.013
0.9000       341.436632     0.000010885   -169972.1388     -1309.120
0.9500       282.297071     0.000021769   -170031.2783     -1062.928
1.0000       234.139948     0.000016327   -170079.4355      -865.465
1.1000       163.436077     0.000019048   -170150.1393      -584.263
1.2000       114.600438     0.000010885   -170198.9750      -407.070
1.3000        80.690532     0.000024490   -170232.8849      -283.084
1.4000        57.056104     0.000019048   -170256.5193      -197.406
1.5000        40.396063     0.000024490   -170273.1793      -137.913
1.6000        28.651140     0.000013606   -170284.9243       -96.058
1.7000        20.409127     0.000024490   -170293.1663       -66.559
1.8000        14.873216     0.000019048   -170298.7022       -46.406
1.9000        11.017415     0.000019048   -170302.5580       -32.506
2.0000         8.282474     0.000010885   -170305.2929       -22.794
2.1000         6.422589     0.000019048   -170307.1528       -15.909
2.2000         5.202422     0.000027211   -170308.3730       -11.036
2.3000         4.354098     0.000008163   -170309.2213        -7.678
2.4000         3.750792     0.000016327   -170309.8246        -5.442
2.5000         3.300666     0.000021769   -170310.2747        -3.950
2.6000         2.939119     0.000013606   -170310.6363        -3.013
2.7000         2.624030     0.000019048   -170310.9514        -2.390
2.8000         2.332792     0.000013606   -170311.2426        -1.976
2.9000         2.056719     0.000010885   -170311.5187        -1.653
3.0000         1.796232     0.000013606   -170311.7792        -1.376
3.1000         1.554922     0.000016327   -170312.0205        -1.155
3.2000         1.337016     0.000010885   -170312.2384        -0.919
3.3000         1.208480     0.000010885   -170312.3669        -0.687
3.4000         1.099670     0.000010885   -170312.4757        -0.491
3.5000         1.006813     0.000010885   -170312.5686        -0.322
3.6000         0.926676     0.000010885   -170312.6487        -0.177
3.7000         0.857320     0.000019048   -170312.7181        -0.054
3.8000         0.797215     0.000019048   -170312.7782         0.039
3.9000         0.745764     0.000027211   -170312.8297         0.112
4.0000         0.701050     0.000024490   -170312.8744         0.168
5.0000         0.466790     0.000005442   -170313.1086         0.299
6.0000         0.430367     0.000019048   -170313.1450         0.153
7.0000         0.439314     0.000008163   -170313.1361         0.043
8.0000         0.461979     0.000008163   -170313.1134         0.012
9.0000         0.469214     0.000005442   -170313.1062         0.003
10.0000         0.471173     0.000005442   -170313.1042         0.001
100.0000         0.471895     0.000005442   -170313.1035
1000.0000         0.471895     0.000005442   -170313.1035
