0.0020   1968073.419397     0.000021769   1913080.1108
0.0040    964231.020533     0.000019048    909237.7121
0.0060    630224.464818     0.000021769    575231.1563
0.0080    463773.494817     0.000016327    408780.1863
0.0100    364338.887188     0.000024490    309345.5787
0.0120    298350.758630     0.000027211    243357.4502
0.0140    251267.041723     0.000016327    196273.7333
0.0160    216166.865693     0.000019048    161173.5573
0.0180    189028.699505     0.000016327    134035.3911
0.0200    167420.741967     0.000013606    112427.4335
0.0400     71656.700761     0.000024490     16663.3923
0.0600     41326.234517     0.000013606    -13667.0739
0.0800     27164.273860     0.000013606    -27829.0346
0.1000     19218.209579     0.000019048    -35775.0989
0.1200     14205.427712     0.000021769    -40787.8807
0.1400     10808.299747     0.000019048    -44185.0087
0.1600      8417.956976     0.000024490    -46575.3515
0.1800      6693.400512     0.000024490    -48299.9079
0.2000      5423.499013     0.000019048    -49569.8094
0.2400      3742.553984     0.000008163    -51250.7545    -31943.815
0.2800      2713.012628     0.000016327    -52280.2958    -21558.117
0.3200      1968.058082     0.000016327    -53025.2503    -15619.431
0.3600      1442.353811     0.000019048    -53550.9546    -10937.369
0.4000      1074.007547     0.000024490    -53919.3009     -7682.663
0.4500       762.023993     0.000008163    -54231.2845     -5041.747
0.5000       554.450071     0.000016327    -54438.8584     -3407.507
0.5500       412.027192     0.000013606    -54581.2812     -2368.272
0.6000       311.660396     0.000016327    -54681.6481     -1687.594
0.6500       239.218158     0.000021769    -54754.0903     -1231.816
0.7000       185.700088     0.000013606    -54807.6084      -922.553
0.7500       145.103458     0.000021769    -54848.2050      -718.210
0.8000       112.888844     0.000013606    -54880.4196      -575.108
0.8500        86.665556     0.000024490    -54906.6429      -463.919
0.9000        65.330831     0.000010885    -54927.9776      -371.858
0.9500        48.171036     0.000024490    -54945.1374      -294.868
1.0000        34.686856     0.000019048    -54958.6216      -230.941
1.1000        16.622468     0.000027211    -54976.6860      -137.580
1.2000         5.952175     0.000008163    -54987.3563       -80.525
1.3000        -0.242794     0.000024490    -54993.5512       -46.291
1.4000        -3.761461     0.000016327    -54997.0699       -25.856
1.5000        -5.683636     0.000016327    -54998.9921       -13.652
1.6000        -6.653750     0.000021769    -54999.9622        -6.408
1.7000        -7.060604     0.000010885    -55000.3690        -2.117
1.8000        -7.134365     0.000019048    -55000.4428         0.403
1.9000        -7.015852     0.000016327    -55000.3243         1.839
2.0000        -6.787741     0.000013606    -55000.0962         2.637
2.1000        -6.502198     0.000016327    -54999.8106         3.039
2.2000        -6.188993     0.000027211    -54999.4974         3.197
2.3000        -5.868453     0.000024490    -54999.1769         3.216
2.4000        -5.551479     0.000024490    -54998.8599         3.131
2.5000        -5.244760     0.000019048    -54998.5532         3.003
2.6000        -4.794267     0.000024490    -54998.1027         2.628
2.7000        -4.395914     0.000016327    -54997.7044         2.287
2.8000        -4.053099     0.000024490    -54997.3615         1.993
2.9000        -3.757701     0.000021769    -54997.0661         1.742
3.0000        -3.501837     0.000027211    -54996.8103         1.517
3.1000        -3.269531     0.000016327    -54996.5780         1.316
3.2000        -3.061135     0.000021769    -54996.3696         1.138
3.3000        -2.881673     0.000021769    -54996.1901         0.989
3.4000        -2.727034     0.000024490    -54996.0355         0.858
3.5000        -2.592925     0.000019048    -54995.9014         0.743
3.6000        -2.462517     0.000024490    -54995.7710         0.633
3.7000        -2.352028     0.000024490    -54995.6605         0.547
3.8000        -2.258032     0.000021769    -54995.5665         0.478
3.9000        -2.177706     0.000027211    -54995.4861         0.418
4.0000        -2.108306     0.000021769    -54995.4168         0.365
5.0000        -1.727431     0.000013606    -54995.0359         0.123
6.0000        -1.568280     0.000024490    -54994.8767         0.083
7.0000        -1.477084     0.000016327    -54994.7855         0.044
8.0000        -1.415755     0.000027211    -54994.7242         0.031
9.0000        -1.371177     0.000019048    -54994.6796         0.023
10.0000        -1.337182     0.000008163    -54994.6456         0.018
100.0000        -1.103392     0.000019048    -54994.4118         0.000
1000.0000        -1.083242     0.000019048    -54994.3917
