0.0020   5376691.954430     0.000019048   5195724.6077
0.0040   2624332.482137     0.000021769   2443365.1344
0.0060   1711924.850895     0.000008163   1530957.5031
0.0080   1256972.766893     0.000024490   1076005.4190
0.0100    984942.540658     0.000021769    803975.1928
0.0120    804595.197901     0.000013606    623627.8502
0.0140    676465.320231     0.000021769    495497.9725
0.0160    580667.276267     0.000019048    399699.9285
0.0180    506442.732344     0.000016327    325475.3846
0.0200    447282.311327     0.000016327    266314.9635
0.0400    187827.299375     0.000024490      6859.9516
0.0600    107483.415982     0.000019048    -73483.9318
0.0800     69781.870960     0.000016327   -111185.4768
0.1000     48768.738932     0.000019048   -132198.6089
0.1200     35848.618898     0.000016327   -145118.7289
0.1400     27238.112753     0.000016327   -153729.2351
0.1600     21158.538729     0.000010885   -159808.8091
0.1800     16730.844965     0.000010885   -164236.5028
0.2000     13447.136874     0.000008163   -167520.2109
0.2400      9078.604351     0.000013606   -171888.7434
0.2800      6465.739799     0.000024490   -174501.6080    -51149.925
0.3200      4780.169099     0.000013606   -176187.1787    -34964.354
0.3600      3587.021260     0.000010885   -177380.3265    -25280.397
0.4000      2727.658849     0.000016327   -178239.6890    -18175.562
0.4500      1975.980033     0.000002721   -178991.3678    -12139.215
0.5000      1475.418349     0.000024490   -179491.9295     -8175.334
0.5500      1134.095542     0.000021769   -179833.2523     -5687.096
0.6000       888.916681     0.000019048   -180078.4311     -4299.507
0.6500       694.401304     0.000019048   -180272.9465     -3506.107
0.7000       537.698268     0.000019048   -180429.6495     -2762.758
0.7500       416.453406     0.000019048   -180550.8944     -2103.915
0.8000       324.632599     0.000021769   -180642.7152     -1586.476
0.8500       255.371022     0.000019048   -180711.9768     -1197.923
0.9000       202.890068     0.000019048   -180764.4577      -911.434
0.9500       162.732888     0.000019048   -180804.6149      -701.774
1.0000       131.584839     0.000016327   -180835.7630      -548.246
1.1000        87.397948     0.000002721   -180879.9499      -350.458
1.2000        58.236573     0.000021769   -180909.1112      -236.608
1.3000        37.991498     0.000016327   -180929.3563      -165.751
1.4000        23.818603     0.000016327   -180943.5292      -117.481
1.5000        13.886302     0.000019048   -180953.4615       -82.602
1.6000         6.964253     0.000016327   -180960.3835       -57.036
1.7000         2.247544     0.000019048   -180965.1003       -38.277
1.8000        -0.864960     0.000027211   -180968.2127       -24.706
1.9000        -2.828154     0.000019048   -180970.1759       -15.139
2.0000        -3.977092     0.000024490   -180971.3249        -8.297
2.1000        -4.557996     0.000016327   -180971.9058        -3.682
2.2000        -4.748152     0.000021769   -180972.0960        -0.420
2.3000        -4.324362     0.000008163   -180971.6722         1.177
2.4000        -3.652224     0.000010885   -180971.0000         2.005
2.5000        -3.019436     0.000019048   -180970.3672         2.438
2.6000        -2.438361     0.000016327   -180969.7862         2.618
2.7000        -1.913701     0.000024490   -180969.2615         2.703
2.8000        -1.443788     0.000013606   -180968.7916         2.677
2.9000        -1.013586     0.000021769   -180968.3614         2.586
3.0000        -0.594395     0.000021769   -180967.9422         2.459
3.1000        -0.218467     0.000024490   -180967.5663         2.318
3.2000         0.118459     0.000019048   -180967.2293         2.145
3.3000         0.439298     0.000021769   -180966.9085         1.962
3.4000         0.873007     0.000021769   -180966.4748         1.608
3.5000         1.225667     0.000027211   -180966.1221         1.321
3.6000         1.512584     0.000013606   -180965.8352         1.077
3.7000         1.746150     0.000021769   -180965.6017         0.887
3.8000         1.936194     0.000013606   -180965.4116         0.733
3.9000         2.090755     0.000008163   -180965.2570         0.606
4.0000         2.216496     0.000005442   -180965.1313         0.498
5.0000         2.698981     0.000013606   -180964.6488         0.078
6.0000         2.763369     0.000008163   -180964.5844         0.017
7.0000         2.772999     0.000005442   -180964.5748         0.003
8.0000         2.774996     0.000005442   -180964.5728         0.001
9.0000         2.775693     0.000005442   -180964.5721         0.000
10.0000         2.776085     0.000005442   -180964.5717         0.000
100.0000         2.778349     0.000024490   -180964.5694
1000.0000         2.778528     0.000021769   -180964.5693
