0.0020  14756709.465556     0.000024490  14364413.7189
0.0040   7190616.831916     0.000021769   6798321.0863
0.0060   4678912.705843     0.000016327   4286616.9616
0.0080   3428028.885340     0.000016327   3035733.1397
0.0100   2680325.490908     0.000013606   2288029.7456
0.0120   2183472.206191     0.000016327   1791176.4609
0.0140   1830208.427489     0.000016327   1437912.6823
0.0160   1566678.274177     0.000013606   1174382.5288
0.0180   1362866.298492     0.000019048    970570.5532
0.0200   1200762.883950     0.000008163    808467.1387
0.0400    495536.857916     0.000008163    103241.1126
0.0600    277417.596816     0.000013606   -114878.1485
0.0800    177301.287186     0.000016327   -214994.4581
0.1000    122050.669091     0.000019048   -270245.0762
0.1200     88572.891290     0.000016327   -303722.8539
0.1400     66805.232828     0.000021769   -325490.5125
0.1600     51590.358457     0.000019048   -340705.3868
0.1800     40340.603675     0.000021769   -351955.1418
0.2000     31943.417217     0.000027211   -360352.3282
0.2400     20891.222671     0.000024490   -371404.5227
0.2800     14392.213281     0.000005442   -377903.5320
0.3200     10293.724983     0.000024490   -382002.0205
0.3600      7419.906695     0.000019048   -384875.8386
0.4000      5429.919836     0.000021769   -386865.8254    -40770.117
0.4500      3791.326882     0.000021769   -388504.4184    -26094.476
0.5000      2719.566594     0.000021769   -389576.1787    -17514.703
0.5500      1987.500467     0.000024490   -390308.2450    -12199.492
0.6000      1466.796355     0.000010885   -390828.9489     -8873.185
0.6500      1082.982151     0.000021769   -391212.7632     -6570.519
0.7000       802.267400     0.000021769   -391493.4778     -4734.817
0.7500       601.488703     0.000010885   -391694.2566     -3370.303
0.8000       458.260396     0.000019048   -391837.4849     -2415.481
0.8500       354.956345     0.000019048   -391940.7888     -1759.348
0.9000       279.011379     0.000016327   -392016.7339     -1307.886
0.9500       221.979744     0.000013606   -392073.7655      -993.700
1.0000       178.211664     0.000013606   -392117.5337      -770.680
1.1000       116.877691     0.000016327   -392178.8676      -488.368
1.2000        77.267975     0.000024490   -392218.4773      -317.514
1.3000        51.432466     0.000010885   -392244.3129      -206.586
1.4000        34.647313     0.000010885   -392261.0980      -134.508
1.5000        23.785280     0.000010885   -392271.9600       -88.640
1.6000        16.605964     0.000027211   -392279.1394       -59.420
1.7000        11.777579     0.000016327   -392283.9678       -40.799
1.8000         8.483044     0.000010885   -392287.2623       -28.800
1.9000         6.162519     0.000010885   -392289.5829       -20.850
2.0000         4.482090     0.000024490   -392291.2632       -15.420
2.1000         3.235410     0.000019048   -392292.5100       -11.552
2.2000         2.294315     0.000005442   -392293.4510        -8.704
2.3000         1.573896     0.000027211   -392294.1715        -6.606
2.4000         1.018019     0.000013606   -392294.7272        -4.960
2.5000         0.587600     0.000016327   -392295.1577        -3.724
2.6000         0.255063     0.000005442   -392295.4902        -2.757
2.7000         0.047293     0.000024490   -392295.6981        -2.027
2.8000        -0.095640     0.000005442   -392295.8410        -1.492
2.9000        -0.205715     0.000024490   -392295.9512        -1.044
3.0000        -0.287774     0.000021769   -392296.0331        -0.712
3.1000        -0.346007     0.000013606   -392296.0913        -0.455
3.2000        -0.384962     0.000021769   -392296.1302        -0.239
3.3000        -0.407915     0.000024490   -392296.1533        -0.087
3.4000        -0.417583     0.000021769   -392296.1629         0.017
3.5000        -0.416511     0.000010885   -392296.1618         0.106
3.6000        -0.407450     0.000010885   -392296.1528         0.173
3.7000        -0.391964     0.000024490   -392296.1373         0.216
3.8000        -0.371319     0.000013606   -392296.1166         0.233
3.9000        -0.347155     0.000008163   -392296.0924         0.245
4.0000        -0.320303     0.000016327   -392296.0657         0.258
5.0000        -0.071182     0.000016327   -392295.8165         0.139
6.0000         0.038871     0.000016327   -392295.7065         0.061
7.0000         0.067909     0.000027211   -392295.6774         0.021
8.0000         0.071920     0.000008163   -392295.6733         0.009
9.0000         0.069895     0.000010885   -392295.6755         0.005
10.0000         0.067049     0.000021769   -392295.6782         0.003
100.0000         0.044485     0.000010885   -392295.7008
1000.0000         0.042689     0.000016327   -392295.7027
