0.0020         0.000000     0.000019048  37335746.6367
0.0040  18549904.975871     0.000013606  17714116.8138
0.0060  12033986.893691     0.000027211  11198198.7299
0.0080   8788597.039743     0.000016327   7952808.8754
0.0100   6849410.713712     0.000010885   6013622.5496
0.0120   5563737.996052     0.000027211   4727949.8340
0.0140   4653065.912117     0.000008163   3817277.7477
0.0160   3974406.487210     0.000024490   3138618.3232
0.0180   3450886.268701     0.000013606   2615098.1055
0.0200   3035509.780131     0.000016327   2199721.6169
0.0400   1230951.075633     0.000016327    395162.9123
0.0600    684599.248770     0.000021769   -151188.9145
0.0800    436021.484099     0.000013606   -399766.6791
0.1000    298456.059821     0.000021769   -537332.1033
0.1200    214447.999420     0.000024490   -621340.1639
0.1400    160417.048760     0.000016327   -675371.1145
0.1600    122895.974541     0.000021769   -712892.1887
0.1800     95420.308954     0.000024490   -740367.8542
0.2000     75238.056958     0.000016327   -760550.1063
0.2400     48769.215673     0.000019048   -787018.9474
0.2800     33049.087125     0.000024490   -802739.0762
0.3200     22746.640995     0.000010885   -813041.5222
0.3600     16199.473371     0.000013606   -819588.6899
0.4000     11855.517073     0.000019048   -823932.6461
0.4500      8146.876791     0.000019048   -827641.2865
0.5000      5733.880479     0.000024490   -830054.2829    -39353.154
0.5500      4044.095139     0.000024490   -831744.0681    -27884.355
0.6000      2901.879926     0.000016327   -832886.2833    -18498.005
0.6500      2134.078722     0.000019048   -833654.0844    -12648.899
0.7000      1599.753878     0.000010885   -834188.4093     -8986.374
0.7500      1213.701838     0.000016327   -834574.4615     -6596.772
0.8000       927.729866     0.000016327   -834860.4334     -4924.800
0.8500       713.645546     0.000019048   -835074.5177     -3698.037
0.9000       552.541546     0.000016327   -835235.6216     -2791.440
0.9500       430.706381     0.000010885   -835357.4569     -2116.978
1.0000       338.136633     0.000021769   -835450.0265     -1614.941
1.1000       212.577159     0.000013606   -835575.5861      -958.827
1.2000       137.075296     0.000013606   -835651.0880      -587.856
1.3000        89.941090     0.000021769   -835698.2222      -373.909
1.4000        59.535928     0.000010885   -835728.6274      -243.943
1.5000        39.480514     0.000013606   -835748.6827      -161.852
1.6000        26.039418     0.000019048   -835762.1238      -108.687
1.7000        16.912176     0.000013606   -835771.2510       -73.807
1.8000        10.634241     0.000005442   -835777.5290       -50.657
1.9000         6.266994     0.000021769   -835781.8961       -35.176
2.0000         3.210066     0.000016327   -835784.9531       -24.552
2.1000         1.076973     0.000027211   -835787.0862       -17.185
2.2000        -0.383994     0.000013606   -835788.5471       -11.943
2.3000        -1.347571     0.000024490   -835789.5107        -8.213
2.4000        -1.951550     0.000013606   -835790.1148        -5.627
2.5000        -2.275011     0.000019048   -835790.4383        -3.719
2.6000        -2.458509     0.000013606   -835790.6217        -2.450
2.7000        -2.546200     0.000010885   -835790.7094        -1.427
2.8000        -2.568701     0.000013606   -835790.7319        -0.807
2.9000        -2.546374     0.000008163   -835790.7096        -0.287
3.0000        -2.494855     0.000008163   -835790.6582         0.021
3.1000        -2.424231     0.000021769   -835790.5875         0.274
3.2000        -2.342509     0.000010885   -835790.5058         0.436
3.3000        -2.254995     0.000024490   -835790.4182         0.517
3.4000        -2.155409     0.000027211   -835790.3186         0.576
3.5000        -2.057307     0.000021769   -835790.2206         0.597
3.6000        -1.963019     0.000021769   -835790.1262         0.579
3.7000        -1.873507     0.000013606   -835790.0367         0.574
3.8000        -1.789691     0.000013606   -835789.9529         0.554
3.9000        -1.712016     0.000002721   -835789.8753         0.517
4.0000        -1.640349     0.000021769   -835789.8035         0.475
5.0000        -1.209971     0.000024490   -835789.3733         0.159
6.0000        -1.103713     0.000016327   -835789.2669         0.043
7.0000        -1.086967     0.000021769   -835789.2503         0.022
8.0000        -1.087196     0.000008163   -835789.2503         0.011
9.0000        -1.089852     0.000016327   -835789.2530         0.007
10.0000        -1.092426     0.000013606   -835789.2557         0.005
100.0000        -1.111945     0.000019048   -835789.2751         0.000
1000.0000        -1.113664     0.000019048   -835789.2770
