0.0020   6182296.318917     0.000013606   6043115.8307
0.0040   3022365.812427     0.000019048   2883185.3244
0.0060   1971676.749111     0.000019048   1832496.2604
0.0080   1448580.557554     0.000024490   1309400.0689
0.0100   1135785.462777     0.000016327    996604.9742
0.0120    927941.602337     0.000013606    788761.1135
0.0140    779980.122648     0.000008163    640799.6340
0.0160    669372.370873     0.000021769    530191.8822
0.0180    583795.014045     0.000005442    444614.5254
0.0200    515638.347646     0.000013606    376457.8588
0.0400    216300.717284     0.000021769     77120.2286
0.0600    123768.759931     0.000024490    -15411.7288
0.0800     80409.257561     0.000010885    -58771.2311
0.1000     55991.299356     0.000008163    -83189.1894
0.1200     41038.700667     0.000016327    -98141.7880
0.1400     31128.966439     0.000019048   -108051.5223
0.1600     24143.122548     0.000016327   -115037.3662
0.1800     19054.330522     0.000010885   -120126.1582
0.2000     15286.348654     0.000021769   -123894.1401
0.2400     10293.213183     0.000005442   -128887.2755
0.2800      7319.843292     0.000021769   -131860.6454
0.3200      5401.079421     0.000024490   -133779.4093    -41248.798
0.3600      3975.619612     0.000016327   -135204.8691    -29662.262
0.4000      2984.633093     0.000021769   -136195.8556    -20498.626
0.4500      2151.106754     0.000013606   -137029.3820    -13442.759
0.5000      1593.352084     0.000010885   -137587.1366     -9170.624
0.5500      1208.133282     0.000021769   -137972.3554     -6445.686
0.6000       932.522767     0.000021769   -138247.9660     -4723.112
0.6500       724.730636     0.000008163   -138455.7581     -3681.050
0.7000       560.017912     0.000019048   -138620.4708     -2945.601
0.7500       429.945828     0.000019048   -138750.5429     -2273.547
0.8000       330.224604     0.000016327   -138850.2641     -1726.314
0.8500       254.400375     0.000024490   -138926.0883     -1309.284
0.9000       197.119002     0.000027211   -138983.3697      -996.727
0.9500       153.356592     0.000019048   -139027.1321      -764.940
1.0000       119.612791     0.000019048   -139060.8759      -592.779
1.1000        72.684112     0.000021769   -139107.8046      -366.437
1.2000        43.275744     0.000008163   -139137.2130      -232.568
1.3000        24.550293     0.000019048   -139155.9384      -148.026
1.4000        12.882125     0.000013606   -139167.6066       -92.905
1.5000         5.974989     0.000019048   -139174.5137       -57.256
1.6000         1.846745     0.000027211   -139178.6420       -34.047
1.7000        -0.496328     0.000016327   -139180.9851       -19.400
1.8000        -1.746909     0.000019048   -139182.2356       -10.505
1.9000        -2.356929     0.000013606   -139182.8457        -5.200
2.0000        -2.542173     0.000016327   -139183.0309        -2.338
2.1000        -2.541324     0.000013606   -139183.0300        -0.747
2.2000        -2.296647     0.000016327   -139182.7854        -0.105
2.3000        -2.043832     0.000024490   -139182.5325         0.243
2.4000        -1.818344     0.000019048   -139182.3071         0.470
2.5000        -1.611353     0.000019048   -139182.1001         0.700
2.6000        -1.414984     0.000016327   -139181.9037         0.884
2.7000        -1.222725     0.000019048   -139181.7114         1.001
2.8000        -1.033475     0.000016327   -139181.5222         1.148
2.9000        -0.847357     0.000016327   -139181.3361         1.172
3.0000        -0.664921     0.000027211   -139181.1536         1.193
3.1000        -0.488455     0.000016327   -139180.9772         1.234
3.2000        -0.319206     0.000016327   -139180.8079         1.196
3.3000        -0.158052     0.000010885   -139180.6468         1.146
3.4000        -0.006109     0.000016327   -139180.4948         1.104
3.5000         0.136193     0.000010885   -139180.3525         1.056
3.6000         0.276680     0.000024490   -139180.2120         0.994
3.7000         0.428435     0.000016327   -139180.0603         0.915
3.8000         0.565940     0.000005442   -139179.9228         0.850
3.9000         0.690642     0.000021769   -139179.7981         0.785
4.0000         0.806959     0.000019048   -139179.6818         0.716
5.0000         1.474719     0.000019048   -139179.0140         0.250
6.0000         1.651062     0.000016327   -139178.8377         0.067
7.0000         1.687504     0.000005442   -139178.8012         0.023
8.0000         1.694043     0.000005442   -139178.7947         0.010
9.0000         1.694764     0.000027211   -139178.7940         0.006
10.0000         1.694451     0.000021769   -139178.7943         0.004
100.0000         1.688973     0.000008163   -139178.7997
1000.0000         1.688424     0.000016327   -139178.8003
