0.0020    463801.148760     0.000013606    147102.5128
0.0040    226273.897171     0.000005442    -90424.7388
0.0060    147466.924532     0.000021769   -169231.7114
0.0080    108195.889150     0.000019048   -208502.7468
0.0100     84773.870177     0.000010885   -231924.7658
0.0120     69314.177015     0.000016327   -247384.4590
0.0140     58240.100790     0.000019048   -258458.5352
0.0160     49993.042119     0.000024490   -266705.5939
0.0180     43584.792998     0.000016327   -273113.8430
0.0200     38524.126151     0.000010885   -278174.5099
0.0400     16295.046322     0.000024490   -300403.5896
0.0600      9351.956437     0.000021769   -307346.6796
0.0800      6102.943731     0.000010885   -310595.6923
0.1000      4288.604120     0.000013606   -312410.0320
0.1200      3169.953027     0.000013606   -313528.6829    -45225.014
0.1400      2429.545494     0.000013606   -314269.0906    -30789.059
0.1600      1908.343825     0.000013606   -314790.2922    -22136.968
0.1800      1524.064461     0.000010885   -315174.5716    -16593.437
0.2000      1231.746749     0.000010885   -315466.8892    -12769.878
0.2400       828.171365     0.000019048   -315870.4646     -7859.687
0.2800       577.121934     0.000016327   -316121.5140     -4987.099
0.3200       416.143868     0.000008163   -316282.4923     -3257.726
0.3600       309.279638     0.000008163   -316389.3563     -2205.733
0.4000       235.427858     0.000027211   -316463.2080     -1554.416
0.4500       171.432138     0.000008163   -316527.2038     -1055.906
0.5000       127.070082     0.000010885   -316571.5660      -745.518
0.5500        95.345344     0.000021769   -316603.2907      -538.789
0.6000        72.300668     0.000010885   -316626.3355      -393.056
0.6500        55.462031     0.000019048   -316643.1739      -288.934
0.7000        43.100277     0.000013606   -316655.5357      -213.505
0.7500        33.942641     0.000010885   -316664.6935      -158.052
0.8000        27.136679     0.000027211   -316671.4993      -117.702
0.8500        22.092832     0.000010885   -316676.5432       -88.356
0.9000        18.298864     0.000016327   -316680.3370       -66.927
0.9500        15.413705     0.000010885   -316683.2222       -51.745
1.0000        13.189317     0.000019048   -316685.4468       -40.905
1.1000         9.992055     0.000024490   -316688.6438       -27.754
1.2000         7.761387     0.000010885   -316690.8746       -20.973
1.3000         6.036024     0.000013606   -316692.6001       -16.688
1.4000         4.650406     0.000024490   -316693.9857       -13.499
1.5000         3.529960     0.000013606   -316695.1060       -10.547
1.6000         2.647046     0.000027211   -316695.9890        -8.228
1.7000         1.972505     0.000021769   -316696.6636        -6.073
1.8000         1.468643     0.000027211   -316697.1673        -4.369
1.9000         1.112862     0.000005442   -316697.5232        -3.082
2.0000         0.871984     0.000008163   -316697.7640        -1.960
2.1000         0.717733     0.000010885   -316697.9183        -1.121
2.2000         0.635288     0.000008163   -316698.0007        -0.556
2.3000         0.607998     0.000008163   -316698.0280        -0.066
2.4000         0.617976     0.000019048   -316698.0179         0.314
2.5000         0.684976     0.000013606   -316697.9510         0.527
2.6000         0.791805     0.000005442   -316697.8443         0.636
2.7000         0.909402     0.000002721   -316697.7265         0.722
2.8000         1.029987     0.000016327   -316697.6059         0.773
2.9000         1.149461     0.000013606   -316697.4865         0.799
3.0000         1.265855     0.000005442   -316697.3703         0.794
3.1000         1.379278     0.000010885   -316697.2568         0.734
3.2000         1.488218     0.000027211   -316697.1477         0.681
3.3000         1.590190     0.000019048   -316697.0459         0.645
3.4000         1.683863     0.000010885   -316696.9520         0.598
3.5000         1.769241     0.000024490   -316696.8668         0.561
3.6000         1.846345     0.000021769   -316696.7896         0.515
3.7000         1.916262     0.000027211   -316696.7196         0.454
3.8000         1.980375     0.000027211   -316696.6557         0.395
3.9000         2.038340     0.000005442   -316696.5977         0.339
4.0000         2.090189     0.000024490   -316696.5458         0.302
5.0000         2.370216     0.000010885   -316696.2657         0.071
6.0000         2.462952     0.000010885   -316696.1730         0.093
7.0000         2.503095     0.000008163   -316696.1330         0.029
8.0000         2.526154     0.000021769   -316696.1098         0.020
9.0000         2.541806     0.000002721   -316696.0943         0.014
10.0000         2.553297     0.000002721   -316696.0826         0.011
100.0000         2.628196     0.000008163   -316696.0078         0.000
1000.0000         2.634305     0.000013606   -316696.0018
