0.0020         0.000000     0.000019048  27866398.7920
0.0040  13868687.228366     0.000019048  13247339.8197
0.0060   9008403.931026     0.000008163   8387056.5206
0.0080   6587049.341459     0.000010885   5965701.9315
0.0100   5139624.978677     0.000013606   4518277.5705
0.0120   4178527.240415     0.000027211   3557179.8313
0.0140   3495353.832871     0.000016327   2874006.4226
0.0160   2986682.011439     0.000027211   2365334.6022
0.0180   2594058.917526     0.000021769   1972711.5083
0.0200   2282495.500091     0.000019048   1661148.0909
0.0400    929036.294757     0.000024490    307688.8855
0.0600    516383.439688     0.000005442   -104963.9697
0.0800    327735.387724     0.000013606   -293612.0216
0.1000    225268.826719     0.000016327   -396078.5826
0.1200    162629.502107     0.000013606   -458717.9073
0.1400    121487.611148     0.000008163   -499859.7981
0.1600     93488.580254     0.000027211   -527858.8291
0.1800     73807.412708     0.000024490   -547539.9967
0.2000     58940.534543     0.000013606   -562406.8749
0.2400     38711.199636     0.000008163   -582636.2098
0.2800     26327.642782     0.000010885   -595019.7664
0.3200     18641.726288     0.000021769   -602705.6832
0.3600     13531.838132     0.000024490   -607815.5711
0.4000      9839.427505     0.000024490   -611507.9818
0.4500      6831.597698     0.000019048   -614515.8117    -47259.197
0.5000      4910.165840     0.000021769   -616437.2434    -31060.142
0.5500      3614.404213     0.000024490   -617733.0052    -21557.548
0.6000      2695.816226     0.000008163   -618651.5931    -15581.199
0.6500      2026.806009     0.000021769   -619320.6032    -11439.251
0.7000      1535.952126     0.000021769   -619811.4574     -8404.316
0.7500      1173.906592     0.000021769   -620173.5028     -6173.276
0.8000       905.750143     0.000016327   -620441.6591     -4573.888
0.8500       707.542196     0.000016327   -620639.8672     -3415.435
0.9000       558.231982     0.000016327   -620789.1775     -2599.619
0.9500       443.683766     0.000008163   -620903.7255     -2016.771
1.0000       354.249189     0.000008163   -620993.1601     -1587.918
1.1000       227.390904     0.000027211   -621120.0186      -996.030
1.2000       148.502120     0.000010885   -621198.9071      -625.182
1.3000        98.701053     0.000016327   -621248.7083      -405.922
1.4000        65.066815     0.000010885   -621282.3424      -276.122
1.5000        42.416966     0.000010885   -621304.9924      -183.627
1.6000        27.337978     0.000013606   -621320.0713      -122.685
1.7000        17.222427     0.000016327   -621330.1869       -82.221
1.8000        10.473141     0.000016327   -621336.9361       -54.994
1.9000         5.976376     0.000027211   -621341.4331       -36.404
2.0000         3.210890     0.000024490   -621344.1986       -23.885
2.1000         1.492880     0.000019048   -621345.9164       -15.303
2.2000         0.457396     0.000024490   -621346.9521        -9.520
2.3000        -0.117382     0.000024490   -621347.5268        -5.618
2.4000        -0.392682     0.000008163   -621347.8022        -3.102
2.5000        -0.491911     0.000019048   -621347.9012        -1.598
2.6000        -0.493835     0.000013606   -621347.9031        -0.679
2.7000        -0.458425     0.000008163   -621347.8677        -0.221
2.8000        -0.411964     0.000013606   -621347.8212         0.076
2.9000        -0.373596     0.000010885   -621347.7828         0.189
3.0000        -0.279758     0.000016327   -621347.6892         0.225
3.1000        -0.188183     0.000013606   -621347.5975         0.257
3.2000        -0.110037     0.000016327   -621347.5194         0.242
3.3000        -0.041772     0.000008163   -621347.4511         0.294
3.4000         0.022319     0.000010885   -621347.3869         0.301
3.5000         0.085248     0.000008163   -621347.3241         0.318
3.6000         0.145965     0.000027211   -621347.2634         0.343
3.7000         0.209302     0.000019048   -621347.2000         0.355
3.8000         0.271918     0.000019048   -621347.1374         0.389
3.9000         0.333370     0.000016327   -621347.0759         0.380
4.0000         0.397033     0.000021769   -621347.0122         0.382
5.0000         0.931062     0.000019048   -621346.4783         0.257
6.0000         1.225174     0.000019048   -621346.1842         0.120
7.0000         1.354815     0.000021769   -621346.0547         0.072
8.0000         1.411077     0.000019048   -621345.9983         0.041
9.0000         1.438095     0.000013606   -621345.9714         0.015
10.0000         1.453780     0.000019048   -621345.9556         0.023
100.0000         1.528159     0.000010885   -621345.8813         0.000
1000.0000         1.533357     0.000010885   -621345.8759
