0.0020  23500514.177334     0.000005442  22891592.9042
0.0040  11441105.158440     0.000024490  10832183.8860
0.0060   7437444.028297     0.000021769   6828522.7562
0.0080   5444780.237973     0.000021769   4835858.9650
0.0100   4253585.972099     0.000010885   3644664.6980
0.0120   3462642.406427     0.000010885   2853721.1323
0.0140   2899869.530568     0.000013606   2290948.2577
0.0160   2479714.580369     0.000019048   1870793.3076
0.0180   2154929.347177     0.000016327   1546008.0745
0.0200   1897073.188584     0.000008163   1288151.9156
0.0400    773805.523475     0.000024490    164884.2507
0.0600    430326.132821     0.000021769   -178595.1400
0.0800    274191.869002     0.000010885   -334729.4037
0.1000    188996.633879     0.000010885   -419924.6388
0.1200    136743.432744     0.000027211   -472177.8401
0.1400    101892.086684     0.000010885   -507029.1860
0.1600     77695.643221     0.000016327   -531225.6295
0.1800     60671.793305     0.000021769   -548249.4794
0.2000     48497.716024     0.000013606   -560423.5568
0.2400     32146.169073     0.000027211   -576775.1037
0.2800     21978.082743     0.000013606   -586943.1901
0.3200     15470.785727     0.000010885   -593450.4871
0.3600     11265.238575     0.000005442   -597656.0342
0.4000      8380.645559     0.000021769   -600540.6273
0.4500      5828.274422     0.000024490   -603092.9985    -41049.519
0.5000      4160.922231     0.000021769   -604760.3507    -26754.701
0.5500      3061.934402     0.000019048   -605859.3384    -17925.120
0.6000      2311.487707     0.000019048   -606609.7852    -12527.299
0.6500      1775.535156     0.000021769   -607145.7376     -9148.252
0.7000      1377.616722     0.000016327   -607543.6561     -6888.811
0.7500      1075.742281     0.000019048   -607845.5306     -5260.822
0.8000       844.528111     0.000010885   -608076.7447     -4044.907
0.8500       666.289540     0.000019048   -608254.9832     -3126.354
0.9000       528.177752     0.000013606   -608393.0952     -2428.307
0.9500       420.638747     0.000013606   -608500.6341     -1895.514
1.0000       336.540295     0.000019048   -608584.7325     -1487.165
1.1000       218.218019     0.000024490   -608703.0548      -929.081
1.2000       143.883410     0.000010885   -608777.3895      -590.753
1.3000        96.446774     0.000010885   -608824.8260      -382.380
1.4000        65.605794     0.000016327   -608855.6671      -251.848
1.5000        45.173532     0.000016327   -608876.0994      -168.337
1.6000        31.420300     0.000024490   -608889.8526      -114.027
1.7000        22.037364     0.000013606   -608899.2356       -77.998
1.8000        15.752821     0.000016327   -608905.5201       -53.820
1.9000        11.412797     0.000021769   -608909.8600       -37.098
2.0000         8.436355     0.000019048   -608912.8364       -25.443
2.1000         6.414717     0.000010885   -608914.8582       -17.416
2.2000         5.060003     0.000013606   -608916.2128       -11.706
2.3000         4.169537     0.000013606   -608917.1034        -7.756
2.4000         3.601126     0.000008163   -608917.6716        -4.989
2.5000         3.254997     0.000021769   -608918.0177        -3.049
2.6000         3.060917     0.000005442   -608918.2120        -1.722
2.7000         2.970347     0.000008163   -608918.3026        -0.808
2.8000         2.948289     0.000024490   -608918.3247        -0.177
2.9000         2.971493     0.000016327   -608918.3012         0.222
3.0000         3.022767     0.000016327   -608918.2501         0.484
3.1000         3.090415     0.000013606   -608918.1823         0.628
3.2000         3.167053     0.000021769   -608918.1059         0.707
3.3000         3.246632     0.000021769   -608918.0261         0.740
3.4000         3.325592     0.000019048   -608917.9472         0.735
3.5000         3.402061     0.000016327   -608917.8708         0.706
3.6000         3.474245     0.000013606   -608917.7987         0.665
3.7000         3.541095     0.000013606   -608917.7317         0.621
3.8000         3.602236     0.000010885   -608917.6705         0.568
3.9000         3.657995     0.000010885   -608917.6147         0.509
4.0000         3.708339     0.000010885   -608917.5644         0.460
5.0000         3.976589     0.000021769   -608917.2963         0.119
6.0000         4.039494     0.000027211   -608917.2332         0.024
7.0000         4.052503     0.000019048   -608917.2204         0.004
8.0000         4.055219     0.000010885   -608917.2177         0.000
9.0000         4.055796     0.000013606   -608917.2171        -0.000
10.0000         4.055916     0.000013606   -608917.2169        -0.000
100.0000         4.055946     0.000013606   -608917.2169
1000.0000         4.055946     0.000013606   -608917.2169
