0.0020  10262032.697509     0.000024490   9971037.9935
0.0040   5003381.336805     0.000027211   4712386.6326
0.0060   3258503.331055     0.000019048   2967508.6269
0.0080   2389498.264189     0.000019048   2098503.5592
0.0100   1870424.704695     0.000021769   1579429.9998
0.0120   1525976.565176     0.000021769   1234981.8601
0.0140   1280643.121423     0.000019048    989648.4164
0.0160   1097330.109243     0.000019048    806335.4042
0.0180    955488.855695     0.000013606    664494.1508
0.0200    842630.614257     0.000010885    551635.9094
0.0400    349680.212483     0.000016327     58685.5076
0.0600    196930.871967     0.000024490    -94063.8330
0.0800    126410.578290     0.000019048   -164584.1266
0.1000     87558.070928     0.000024490   -203436.6340
0.1200     63477.957570     0.000024490   -227516.7474
0.1400     47636.927872     0.000013606   -243357.7771
0.1600     36833.115202     0.000005442   -254161.5897
0.1800     29211.841282     0.000010885   -261782.8637
0.2000     23535.800957     0.000010885   -267458.9040
0.2400     15589.561843     0.000010885   -275405.1430
0.2800     10690.065451     0.000008163   -280304.6394
0.3200      7557.525519     0.000019048   -283437.1794
0.3600      5513.288002     0.000013606   -285481.4171    -41309.720
0.4000      4129.660489     0.000013606   -286865.0444    -29168.217
0.4500      2903.419884     0.000019048   -288091.2852    -20306.611
0.5000      2063.454624     0.000010885   -288931.2504    -13677.232
0.5500      1499.010332     0.000016327   -289495.6947     -9229.751
0.6000      1113.463393     0.000027211   -289881.2416     -6393.034
0.6500       841.775572     0.000021769   -290152.9294     -4605.665
0.7000       642.406471     0.000010885   -290352.2986     -3461.388
0.7500       490.351002     0.000019048   -290504.3540     -2663.468
0.8000       373.119114     0.000016327   -290621.5858     -2049.721
0.8500       283.390934     0.000021769   -290711.3140     -1556.943
0.9000       215.618247     0.000010885   -290779.0867     -1168.900
0.9500       164.833469     0.000016327   -290829.8714      -874.456
1.0000       126.741461     0.000016327   -290867.9635      -656.701
1.1000        76.222454     0.000010885   -290918.4826      -377.260
1.2000        46.918281     0.000019048   -290947.7868      -223.362
1.3000        29.503989     0.000019048   -290965.2010      -135.717
1.4000        18.897716     0.000008163   -290975.8072       -82.537
1.5000        12.502847     0.000027211   -290982.2021       -49.374
1.6000         9.049161     0.000010885   -290985.6558       -29.489
1.7000         7.613455     0.000019048   -290987.0915       -18.217
1.8000         6.781815     0.000024490   -290987.9230       -10.738
1.9000         6.561865     0.000021769   -290988.1432        -6.347
2.0000         6.886799     0.000021769   -290987.8180        -4.134
2.1000         7.265987     0.000016327   -290987.4390        -3.001
2.2000         7.713255     0.000016327   -290986.9916        -2.702
2.3000         7.974558     0.000016327   -290986.7304        -2.569
2.4000         8.082030     0.000016327   -290986.6229        -2.442
2.5000         8.084870     0.000013606   -290986.6202        -2.291
2.6000         8.026559     0.000013606   -290986.6784        -2.020
2.7000         7.942558     0.000010885   -290986.7625        -1.761
2.8000         7.857655     0.000019048   -290986.8474        -1.422
2.9000         7.785752     0.000016327   -290986.9192        -1.101
3.0000         7.734763     0.000010885   -290986.9701        -0.822
3.1000         7.706188     0.000013606   -290986.9987        -0.543
3.2000         7.698264     0.000024490   -290987.0066        -0.317
3.3000         7.709108     0.000021769   -290986.9960        -0.150
3.4000         7.735563     0.000021769   -290986.9693        -0.001
3.5000         7.773599     0.000019048   -290986.9315         0.120
3.6000         7.820240     0.000016327   -290986.8847         0.203
3.7000         7.872921     0.000010885   -290986.8321         0.258
3.8000         7.929853     0.000005442   -290986.7750         0.296
3.9000         7.988531     0.000021769   -290986.7165         0.321
4.0000         8.047436     0.000010885   -290986.6574         0.334
5.0000         8.498418     0.000002721   -290986.2065         0.186
6.0000         8.679897     0.000013606   -290986.0250         0.083
7.0000         8.740491     0.000010885   -290985.9644         0.029
8.0000         8.762935     0.000010885   -290985.9421         0.013
9.0000         8.773253     0.000013606   -290985.9317         0.008
10.0000         8.779297     0.000016327   -290985.9257         0.005
100.0000         8.809572     0.000016327   -290985.8953         0.000
1000.0000         8.811755     0.000008163   -290985.8931
