0.0020    176981.634899     0.000013606    145712.4008
0.0040     87003.485977     0.000021769     55734.2519
0.0060     57037.608687     0.000019048     25768.3746
0.0080     42070.676055     0.000016327     10801.4420
0.0100     33110.348410     0.000019048      1841.1143
0.0120     27155.517270     0.000021769     -4113.7168
0.0140     22916.876373     0.000013606     -8352.3577
0.0160     19752.858644     0.000013606    -11516.3754
0.0180     17303.944982     0.000010885    -13965.2891
0.0200     15353.386946     0.000016327    -15915.8471
0.0400      6729.451443     0.000008163    -24539.7826
0.0600      3975.067172     0.000021769    -27294.1669
0.0800      2658.096232     0.000013606    -28611.1378    -48156.529
0.1000      1912.114783     0.000016327    -29357.1193    -29087.876
0.1200      1444.028518     0.000013606    -29825.2056    -18943.098
0.1400      1128.910130     0.000019048    -30140.3239    -13089.664
0.1600       905.083214     0.000021769    -30364.1509     -9512.905
0.1800       739.014034     0.000016327    -30530.2200     -7205.670
0.2000       611.374611     0.000024490    -30657.8595     -5630.166
0.2400       429.395415     0.000005442    -30839.8386     -3653.421
0.2800       308.531853     0.000016327    -30960.7022     -2479.896
0.3200       225.478302     0.000021769    -31043.7558     -1724.731
0.3600       167.289662     0.000024490    -31101.9444     -1218.869
0.4000       125.954385     0.000016327    -31143.2797      -872.496
0.4500        90.144324     0.000010885    -31179.0898      -584.406
0.5000        65.947104     0.000013606    -31203.2870      -399.568
0.5500        49.232792     0.000024490    -31220.0013      -279.508
0.6000        37.423727     0.000019048    -31231.8103      -200.230
0.6500        28.865628     0.000016327    -31240.3684      -147.001
0.7000        22.526481     0.000005442    -31246.7076      -110.433
0.7500        17.722009     0.000019048    -31251.5121       -84.552
0.8000        14.015991     0.000024490    -31255.2181       -65.823
0.8500        11.121055     0.000021769    -31258.1130       -51.793
0.9000         8.834895     0.000021769    -31260.3992       -40.986
0.9500         7.021484     0.000016327    -31262.2126       -32.560
1.0000         5.583280     0.000021769    -31263.6508       -25.874
1.1000         3.539378     0.000019048    -31265.6947       -16.110
1.2000         2.285063     0.000019048    -31266.9490        -9.678
1.3000         1.552854     0.000024490    -31267.6812        -5.385
1.4000         1.172634     0.000027211    -31268.0614        -2.546
1.5000         1.025407     0.000027211    -31268.2087        -0.591
1.6000         1.033562     0.000013606    -31268.2005         0.628
1.7000         1.217560     0.000016327    -31268.0165         1.392
1.8000         1.454316     0.000019048    -31267.7798         1.836
1.9000         1.711368     0.000005442    -31267.5227         2.068
2.0000         1.975395     0.000024490    -31267.2587         2.197
2.1000         2.237245     0.000010885    -31266.9968         2.223
2.2000         2.493133     0.000021769    -31266.7409         2.176
2.3000         2.739499     0.000024490    -31266.4946         2.104
2.4000         2.989463     0.000016327    -31266.2446         1.991
2.5000         3.309768     0.000016327    -31265.9243         1.772
2.6000         3.595137     0.000024490    -31265.6389         1.554
2.7000         3.847536     0.000021769    -31265.3865         1.360
2.8000         4.068599     0.000027211    -31265.1655         1.183
2.9000         4.260616     0.000019048    -31264.9735         1.022
3.0000         4.426385     0.000024490    -31264.8077         0.876
3.1000         4.569076     0.000021769    -31264.6650         0.744
3.2000         4.691185     0.000019048    -31264.5429         0.632
3.3000         4.794852     0.000010885    -31264.4392         0.538
3.4000         4.882299     0.000010885    -31264.3518         0.456
3.5000         4.955693     0.000016327    -31264.2784         0.386
3.6000         5.017137     0.000019048    -31264.2169         0.328
3.7000         5.068618     0.000005442    -31264.1655         0.275
3.8000         5.111917     0.000016327    -31264.1222         0.229
3.9000         5.148252     0.000021769    -31264.0858         0.193
4.0000         5.178625     0.000008163    -31264.0554         0.163
5.0000         5.307703     0.000008163    -31263.9264         0.031
6.0000         5.335513     0.000019048    -31263.8986         0.021
7.0000         5.345820     0.000005442    -31263.8883         0.008
8.0000         5.351755     0.000010885    -31263.8823         0.005
9.0000         5.355834     0.000021769    -31263.8782         0.004
10.0000         5.358895     0.000008163    -31263.8752         0.003
100.0000         5.379285     0.000013606    -31263.8548
1000.0000         5.380994     0.000016327    -31263.8531
