0.0020   1966257.579777     0.000008163   1601556.9736
0.0040    959600.888190     0.000024490    594900.2820
0.0060    625017.954163     0.000024490    260317.3481
0.0080    458424.329063     0.000024490     93723.7230
0.0100    359093.094303     0.000016327     -5607.5117
0.0120    293176.757843     0.000019048    -71523.8482
0.0140    246318.484814     0.000010885   -118382.1212
0.0160    211331.789279     0.000019048   -153368.8168
0.0180    184246.224474     0.000019048   -180454.3816
0.0200    162670.721571     0.000016327   -202029.8845
0.0400     68245.941008     0.000021769   -296454.6650
0.0600     38923.297578     0.000024490   -325777.3083
0.0800     25226.000931     0.000016327   -339474.6051
0.1000     17624.623455     0.000008163   -347075.9825
0.1200     12943.846979     0.000019048   -351756.7590
0.1400      9821.170343     0.000016327   -354879.4357
0.1600      7609.876482     0.000010885   -357090.7295
0.1800      5991.906596     0.000016327   -358708.6995
0.2000      4788.376331     0.000016327   -359912.2296
0.2400      3185.177593     0.000019048   -361515.4285    -30425.172
0.2800      2222.617233     0.000010885   -362477.9889    -18818.151
0.3200      1610.568068     0.000013606   -363090.0379    -12371.004
0.3600      1196.976354     0.000016327   -363503.6297     -8616.444
0.4000       903.415193     0.000021769   -363797.1908     -6214.462
0.4500       646.432157     0.000019048   -364054.1739     -4199.724
0.5000       471.894489     0.000027211   -364228.7116     -2864.840
0.5500       352.117328     0.000024490   -364348.4888     -1980.435
0.6000       268.817879     0.000019048   -364431.7881     -1396.469
0.6500       209.396754     0.000016327   -364491.2093     -1011.256
0.7000       165.751473     0.000021769   -364534.8545      -755.003
0.7500       132.687749     0.000013606   -364567.9182      -580.464
0.8000       106.993933     0.000024490   -364593.6121      -455.506
0.8500        86.716134     0.000013606   -364613.8900      -361.165
0.9000        70.607099     0.000024490   -364629.9989      -286.893
0.9500        57.793715     0.000013606   -364642.8124      -228.359
1.0000        47.595513     0.000019048   -364653.0105      -181.714
1.1000        33.003426     0.000005442   -364667.6026      -115.408
1.2000        23.714748     0.000021769   -364676.8912       -73.787
1.3000        17.741860     0.000019048   -364682.8641       -48.082
1.4000        13.821180     0.000019048   -364686.7850       -32.199
1.5000        11.152354     0.000010885   -364689.4536       -22.655
1.6000         9.218369     0.000021769   -364691.3878       -16.881
1.7000         7.705612     0.000016327   -364692.9005       -13.519
1.8000         6.436888     0.000019048   -364694.1691       -11.160
1.9000         5.337251     0.000016327   -364695.2687        -9.467
2.0000         4.382550     0.000027211   -364696.2235        -7.841
2.1000         3.561310     0.000019048   -364697.0448        -6.456
2.2000         2.868949     0.000010885   -364697.7370        -5.249
2.3000         2.289956     0.000010885   -364698.3161        -4.140
2.4000         1.809555     0.000024490   -364698.7966        -3.222
2.5000         1.418399     0.000010885   -364699.1877        -2.503
2.6000         1.113684     0.000013606   -364699.4924        -1.861
2.7000         0.873557     0.000016327   -364699.7324        -1.355
2.8000         0.674323     0.000013606   -364699.9316        -0.965
2.9000         0.512744     0.000010885   -364700.0932        -0.669
3.0000         0.380766     0.000010885   -364700.2252        -0.418
3.1000         0.272060     0.000013606   -364700.3341        -0.232
3.2000         0.183579     0.000019048   -364700.4225        -0.099
3.3000         0.113899     0.000016327   -364700.4922        -0.024
3.4000         0.061011     0.000021769   -364700.5450         0.034
3.5000         0.021739     0.000024490   -364700.5844         0.084
3.6000        -0.006035     0.000024490   -364700.6122         0.115
3.7000        -0.023448     0.000027211   -364700.6296         0.139
3.8000        -0.031889     0.000027211   -364700.6380         0.146
3.9000        -0.034395     0.000024490   -364700.6405         0.144
4.0000        -0.032041     0.000019048   -364700.6380         0.141
5.0000         0.070069     0.000021769   -364700.5360         0.072
6.0000         0.119401     0.000008163   -364700.4867         0.037
7.0000         0.126634     0.000019048   -364700.4794         0.009
8.0000         0.123322     0.000013606   -364700.4826         0.004
9.0000         0.118778     0.000024490   -364700.4873         0.002
10.0000         0.114810     0.000024490   -364700.4913         0.001
100.0000         0.087828     0.000002721   -364700.5183
1000.0000         0.085708     0.000024490   -364700.5205
