0.0020   9368466.877064     0.000024490   9189601.9725
0.0040   4575921.472370     0.000010885   4397056.5675
0.0060   2985324.509438     0.000016327   2806459.6042
0.0080   2191963.366647     0.000024490   2013098.4625
0.0100   1717084.481158     0.000016327   1538219.5770
0.0120   1401172.185274     0.000016327   1222307.2811
0.0140   1176354.724563     0.000016327    997489.8205
0.0160   1008481.310493     0.000016327    829616.4063
0.0180    878450.496609     0.000024490    699585.5924
0.0200    774790.228017     0.000024490    595925.3239
0.0400    321735.627095     0.000024490    142870.7229
0.0600    182211.974310     0.000024490      3347.0701
0.0800    117244.082943     0.000013606    -61620.8212
0.1000     81393.052037     0.000010885    -97471.8521
0.1200     59268.983015     0.000010885   -119595.9212
0.1400     44496.394389     0.000010885   -134368.5098
0.1600     34285.096593     0.000005442   -144579.8076
0.1800     27056.985995     0.000008163   -151807.9182
0.2000     21812.110038     0.000008163   -157052.7941
0.2400     14802.071412     0.000005442   -164062.8328
0.2800     10256.542412     0.000008163   -168608.3618
0.3200      7350.365499     0.000024490   -171514.5387
0.3600      5399.366858     0.000013606   -173465.5373    -40012.901
0.4000      4066.514167     0.000013606   -174798.3900    -27520.483
0.4500      2951.764393     0.000019048   -175913.1398    -18010.730
0.5000      2169.212216     0.000016327   -176695.6920    -13835.708
0.5500      1576.969287     0.000021769   -177287.9349     -9905.404
0.6000      1161.413198     0.000019048   -177703.4910     -6889.963
0.6500       871.125378     0.000027211   -177993.7788     -4845.832
0.7000       664.898894     0.000016327   -178200.0053     -3483.075
0.7500       514.781761     0.000027211   -178350.1224     -2571.281
0.8000       402.528254     0.000013606   -178462.3759     -1949.559
0.8500       316.676722     0.000021769   -178548.2275     -1511.063
0.9000       249.675424     0.000021769   -178615.2288     -1185.660
0.9500       196.944549     0.000016327   -178667.9596      -934.441
1.0000       155.370015     0.000008163   -178709.5342      -736.199
1.1000        96.847660     0.000021769   -178768.0565      -455.432
1.2000        60.219168     0.000021769   -178804.6850      -286.312
1.3000        37.230033     0.000019048   -178827.6741      -180.878
1.4000        22.756488     0.000019048   -178842.1477      -114.905
1.5000        13.648240     0.000005442   -178851.2559       -73.370
1.6000         7.810607     0.000008163   -178857.0936       -46.722
1.7000         4.094801     0.000008163   -178860.8094       -29.546
1.8000         1.755315     0.000019048   -178863.1489       -18.382
1.9000         0.310550     0.000019048   -178864.5936       -11.158
2.0000        -0.537153     0.000024490   -178865.4413        -6.520
2.1000        -1.005447     0.000021769   -178865.9096        -3.519
2.2000        -1.240916     0.000013606   -178866.1451        -1.565
2.3000        -1.326414     0.000024490   -178866.2306        -0.341
2.4000        -1.317344     0.000021769   -178866.2215         0.442
2.5000        -1.250222     0.000016327   -178866.1544         0.891
2.6000        -1.149284     0.000013606   -178866.0535         1.158
2.7000        -0.984533     0.000024490   -178865.8887         1.267
2.8000        -0.806018     0.000019048   -178865.7102         1.288
2.9000        -0.629892     0.000013606   -178865.5341         1.258
3.0000        -0.460452     0.000024490   -178865.3646         1.187
3.1000        -0.300074     0.000013606   -178865.2043         1.101
3.2000        -0.147031     0.000008163   -178865.0512         1.006
3.3000        -0.006207     0.000005442   -178864.9104         0.903
3.4000         0.122043     0.000016327   -178864.7821         0.803
3.5000         0.237708     0.000005442   -178864.6665         0.709
3.6000         0.340893     0.000005442   -178864.5633         0.622
3.7000         0.432256     0.000013606   -178864.4719         0.542
3.8000         0.515123     0.000010885   -178864.3891         0.465
3.9000         0.588343     0.000024490   -178864.3158         0.399
4.0000         0.651615     0.000027211   -178864.2526         0.343
5.0000         0.944793     0.000013606   -178863.9594         0.062
6.0000         0.994566     0.000016327   -178863.9096         0.012
7.0000         1.002906     0.000027211   -178863.9013         0.002
8.0000         1.004958     0.000027211   -178863.8992         0.000
9.0000         1.005888     0.000013606   -178863.8983         0.000
10.0000         1.006495     0.000010885   -178863.8977        -0.000
100.0000         1.010326     0.000016327   -178863.8938
1000.0000         1.010637     0.000024490   -178863.8935
