0.0020   6541094.456559     0.000010885   6368696.1211
0.0040   3194513.952408     0.000016327   3022115.6156
0.0060   2083011.376839     0.000016327   1910613.0410
0.0080   1529786.944865     0.000002721   1357388.6090
0.0100   1198857.275896     0.000010885   1026458.9401
0.0120    979307.416300     0.000008163    806909.0803
0.0140    823116.833997     0.000019048    650718.4981
0.0160    706324.244161     0.000008163    533925.9083
0.0180    615805.928210     0.000010885    443407.5925
0.0200    543750.725044     0.000024490    371352.3892
0.0400    227724.093952     0.000027211     55325.7581
0.0600    130055.240011     0.000010885    -42343.0959
0.0800     84083.909435     0.000021769    -88314.4264
0.1000     58564.251802     0.000021769   -113834.0841
0.1200     42926.821010     0.000013606   -129471.5148
0.1400     32507.301699     0.000021769   -139891.0342
0.1600     25158.303375     0.000016327   -147240.0325
0.1800     19823.341153     0.000019048   -152574.9947
0.2000     15901.340400     0.000024490   -156496.9955
0.2400     10756.075130     0.000019048   -161642.2607
0.2800      7692.119152     0.000013606   -164706.2167
0.3200      5618.358807     0.000008163   -166779.9770    -44089.189
0.3600      4150.177721     0.000024490   -168248.1582    -30092.079
0.4000      3145.696995     0.000013606   -169252.6389    -20920.202
0.4500      2294.167520     0.000013606   -170104.1683    -13782.976
0.5000      1724.570998     0.000016327   -170673.7649     -9363.856
0.5500      1329.210484     0.000010885   -171069.1254     -6747.309
0.6000      1024.749445     0.000021769   -171373.5864     -5437.738
0.6500       784.727724     0.000019048   -171613.6082     -4168.105
0.7000       604.302473     0.000013606   -171794.0334     -3098.463
0.7500       470.435009     0.000027211   -171927.9009     -2300.293
0.8000       370.620629     0.000013606   -172027.7152     -1722.893
0.8500       295.373268     0.000013606   -172102.9626     -1307.007
0.9000       237.869055     0.000010885   -172160.4668     -1005.778
0.9500       193.286981     0.000008163   -172205.0489      -785.466
1.0000       158.215987     0.000010885   -172240.1199      -622.312
1.1000       107.733013     0.000021769   -172290.6028      -405.829
1.2000        74.257179     0.000024490   -172324.0787      -274.302
1.3000        51.500451     0.000024490   -172346.8354      -188.200
1.4000        35.859308     0.000016327   -172362.4765      -129.250
1.5000        25.116992     0.000016327   -172373.2189       -88.737
1.6000        17.732206     0.000010885   -172380.6037       -61.189
1.7000        12.627105     0.000016327   -172385.7088       -42.545
1.8000         9.063248     0.000008163   -172389.2726       -29.953
1.9000         6.545837     0.000019048   -172391.7900       -21.361
2.0000         4.744737     0.000013606   -172393.5911       -15.460
2.1000         3.438285     0.000013606   -172394.8976       -11.383
2.2000         2.474993     0.000010885   -172395.8609        -8.510
2.3000         1.752370     0.000010885   -172396.5835        -6.418
2.4000         1.202208     0.000016327   -172397.1337        -4.924
2.5000         0.777922     0.000021769   -172397.5579        -3.734
2.6000         0.450272     0.000021769   -172397.8856        -2.833
2.7000         0.197098     0.000027211   -172398.1388        -2.138
2.8000         0.003978     0.000021769   -172398.3319        -1.553
2.9000        -0.142043     0.000021769   -172398.4779        -1.129
3.0000        -0.249343     0.000008163   -172398.5852        -0.787
3.1000        -0.324450     0.000013606   -172398.6603        -0.494
3.2000        -0.352611     0.000019048   -172398.6885        -0.291
3.3000        -0.365163     0.000024490   -172398.7010        -0.150
3.4000        -0.365275     0.000013606   -172398.7011        -0.027
3.5000        -0.355443     0.000027211   -172398.6913         0.062
3.6000        -0.338621     0.000021769   -172398.6745         0.128
3.7000        -0.316049     0.000021769   -172398.6519         0.167
3.8000        -0.289747     0.000016327   -172398.6256         0.211
3.9000        -0.260955     0.000021769   -172398.5968         0.240
4.0000        -0.229983     0.000027211   -172398.5658         0.229
5.0000         0.057065     0.000021769   -172398.2788         0.169
6.0000         0.210815     0.000013606   -172398.1251         0.071
7.0000         0.268168     0.000010885   -172398.0677         0.034
8.0000         0.286226     0.000013606   -172398.0496         0.016
9.0000         0.291532     0.000013606   -172398.0443         0.008
10.0000         0.293091     0.000013606   -172398.0428         0.007
100.0000         0.292536     0.000021769   -172398.0433         0.000
1000.0000         0.292359     0.000024490   -172398.0435
