0.0020   6631634.576123     0.000010885   6503930.4680
0.0040   3243997.118145     0.000016327   3116293.0109
0.0060   2116780.182210     0.000010885   1989076.0742
0.0080   1554975.401155     0.000021769   1427271.2931
0.0100   1219197.437842     0.000019048   1091493.3298
0.0120    995983.327335     0.000019048    868279.2193
0.0140    836991.372143     0.000016327    709287.2641
0.0160    718258.351147     0.000021769    590554.2430
0.0180    626368.586734     0.000005442    498664.4785
0.0200    553176.800646     0.000019048    425472.6925
0.0400    231553.230510     0.000013606    103849.1224
0.0600    132033.655964     0.000005442      4329.5478
0.0800     85626.730172     0.000008163    -42077.3780
0.1000     59724.498826     0.000021769    -67979.6093
0.1200     43732.983216     0.000010885    -83971.1249
0.1400     33091.964374     0.000027211    -94612.1438
0.1600     25605.952056     0.000027211   -102098.1561
0.1800     20176.045428     0.000021769   -107528.0627
0.2000     16160.572994     0.000013606   -111543.5351
0.2400     10842.396949     0.000019048   -116861.7112
0.2800      7689.206180     0.000016327   -120014.9020
0.3200      5619.164482     0.000016327   -122084.9437    -45895.981
0.3600      4097.413937     0.000024490   -123606.6942    -31082.335
0.4000      3064.926927     0.000016327   -124639.1812    -21271.522
0.4500      2199.603813     0.000019048   -125504.5043    -13982.726
0.5000      1616.954433     0.000019048   -126087.1537     -9622.792
0.5500      1211.721331     0.000016327   -126492.3868     -6757.536
0.6000       924.269988     0.000019048   -126779.8381     -4884.684
0.6500       711.156231     0.000024490   -126992.9519     -3736.307
0.7000       544.078078     0.000024490   -127160.0300     -2987.915
0.7500       412.391357     0.000024490   -127291.7168     -2294.320
0.8000       312.522361     0.000024490   -127391.5858     -1717.061
0.8500       237.535405     0.000013606   -127466.5727     -1285.928
0.9000       181.083965     0.000021769   -127523.0242      -970.995
0.9500       138.595787     0.000019048   -127565.5123      -738.974
1.0000       106.088855     0.000010885   -127598.0193      -568.857
1.1000        61.253625     0.000008163   -127642.8545      -348.004
1.2000        33.717537     0.000021769   -127670.3906      -218.538
1.3000        16.805674     0.000005442   -127687.3025      -137.197
1.4000         6.366582     0.000019048   -127697.7415       -83.221
1.5000         0.217756     0.000024490   -127703.8904       -47.861
1.6000        -3.167420     0.000010885   -127707.2755       -25.465
1.7000        -4.804411     0.000019048   -127708.9126       -11.830
1.8000        -5.425520     0.000019048   -127709.5337        -3.855
1.9000        -5.496131     0.000016327   -127709.6043         0.688
2.0000        -5.020968     0.000008163   -127709.1291         2.785
2.1000        -4.107133     0.000021769   -127708.2153         3.199
2.2000        -3.197744     0.000016327   -127707.3059         3.059
2.3000        -2.459407     0.000016327   -127706.5675         2.964
2.4000        -1.778374     0.000008163   -127705.8865         2.809
2.5000        -0.980288     0.000010885   -127705.0884         2.445
2.6000        -0.317557     0.000008163   -127704.4257         2.190
2.7000         0.287448     0.000016327   -127703.8207         1.927
2.8000         0.788494     0.000024490   -127703.3196         1.766
2.9000         1.211617     0.000010885   -127702.8965         1.640
3.0000         1.576201     0.000010885   -127702.5319         1.513
3.1000         1.894316     0.000019048   -127702.2138         1.420
3.2000         2.174631     0.000010885   -127701.9335         1.334
3.3000         2.423986     0.000016327   -127701.6842         1.226
3.4000         2.647454     0.000016327   -127701.4607         1.139
3.5000         2.847907     0.000008163   -127701.2602         1.057
3.6000         3.027842     0.000019048   -127701.0803         0.976
3.7000         3.189570     0.000013606   -127700.9186         0.886
3.8000         3.335442     0.000005442   -127700.7727         0.803
3.9000         3.466506     0.000019048   -127700.6416         0.731
4.0000         3.583733     0.000013606   -127700.5244         0.660
5.0000         4.222569     0.000002721   -127699.8856         0.190
6.0000         4.380140     0.000016327   -127699.7280         0.044
7.0000         4.412336     0.000005442   -127699.6958         0.009
8.0000         4.418671     0.000008163   -127699.6895         0.002
9.0000         4.419879     0.000002721   -127699.6882        -0.000
10.0000         4.420040     0.000013606   -127699.6881        -0.000
100.0000         4.419318     0.000010885   -127699.6888
1000.0000         4.419253     0.000013606   -127699.6889
