0.0020  23192625.610582     0.000010885  22691958.1301
0.0040  11300962.330437     0.000021769  10800294.8510
0.0060   7345402.998278     0.000016327   6844735.5182
0.0080   5373868.700591     0.000016327   4873201.2209
0.0100   4195109.608605     0.000019048   3694442.1292
0.0120   3412146.702169     0.000024490   2911479.2224
0.0140   2855581.495820     0.000021769   2354914.0160
0.0160   2440210.933370     0.000010885   1939543.4536
0.0180   2119615.210166     0.000027211   1618947.7306
0.0200   1865222.381925     0.000010885   1364554.9021
0.0400    760170.344082     0.000010885    259502.8644
0.0600    423429.290620     0.000013606    -77238.1890
0.0800    269365.820447     0.000021769   -231301.6592
0.1000    185175.380506     0.000010885   -315492.0992
0.1200    134046.365403     0.000024490   -366621.1141
0.1400    100130.176337     0.000010885   -400537.3034
0.1600     76508.633509     0.000021769   -424158.8461
0.1800     59763.978965     0.000021769   -440903.5008
0.2000     47665.512355     0.000024490   -453001.9674
0.2400     31548.473312     0.000013606   -469119.0063
0.2800     21490.874632     0.000005442   -479176.6052
0.3200     15082.686277     0.000005442   -485584.7934
0.3600     10851.574653     0.000021769   -489815.9051
0.4000      8060.886069     0.000019048   -492606.5935
0.4500      5631.919375     0.000024490   -495035.5602    -40575.991
0.5000      3984.953423     0.000021769   -496682.5262    -26230.460
0.5500      2915.113416     0.000024490   -497752.3661    -17299.935
0.6000      2194.509410     0.000013606   -498472.9702    -11998.133
0.6500      1680.418668     0.000010885   -498987.0609     -8813.194
0.7000      1295.269843     0.000021769   -499372.2099     -6697.182
0.7500      1001.372001     0.000021769   -499666.1077     -5121.597
0.8000       776.890376     0.000010885   -499890.5892     -3908.606
0.8500       605.795894     0.000005442   -500061.6838     -2977.875
0.9000       475.453247     0.000010885   -500192.0264     -2270.351
0.9500       375.946359     0.000021769   -500291.5333     -1736.899
1.0000       299.605669     0.000021769   -500367.8741     -1337.147
1.1000       194.511312     0.000024490   -500472.9683      -814.627
1.2000       129.190924     0.000013606   -500538.2887      -516.037
1.3000        87.082413     0.000027211   -500580.3973      -335.842
1.4000        59.311004     0.000008163   -500608.1687      -222.367
1.5000        40.788204     0.000010885   -500626.6915      -149.468
1.6000        28.320116     0.000008163   -500639.1595      -101.570
1.7000        19.814541     0.000005442   -500647.6652       -69.498
1.8000        13.951198     0.000021769   -500653.5284       -48.015
1.9000         9.875739     0.000027211   -500657.6039       -33.601
2.0000         7.002711     0.000019048   -500660.4769       -23.876
2.1000         4.942014     0.000019048   -500662.5376       -17.249
2.2000         3.433597     0.000024490   -500664.0462       -12.635
2.3000         2.305031     0.000024490   -500665.1746        -9.453
2.4000         1.442152     0.000016327   -500666.0375        -7.117
2.5000         0.770042     0.000008163   -500666.7096        -5.458
2.6000         0.298740     0.000016327   -500667.1809        -4.148
2.7000        -0.049405     0.000019048   -500667.5290        -3.170
2.8000        -0.313992     0.000024490   -500667.7937        -2.387
2.9000        -0.513601     0.000019048   -500667.9932        -1.813
3.0000        -0.662532     0.000019048   -500668.1423        -1.339
3.1000        -0.772417     0.000016327   -500668.2520        -0.978
3.2000        -0.851521     0.000019048   -500668.3312        -0.712
3.3000        -0.906910     0.000008163   -500668.3867        -0.485
3.4000        -0.944491     0.000021769   -500668.4242        -0.318
3.5000        -0.968241     0.000013606   -500668.4479        -0.204
3.6000        -0.981436     0.000010885   -500668.4610        -0.107
3.7000        -0.986955     0.000013606   -500668.4667        -0.033
3.8000        -0.987023     0.000013606   -500668.4667         0.016
3.9000        -0.983058     0.000019048   -500668.4626         0.049
4.0000        -0.976149     0.000010885   -500668.4558         0.074
5.0000        -0.876904     0.000027211   -500668.3565         0.079
6.0000        -0.820209     0.000008163   -500668.2999         0.031
7.0000        -0.800671     0.000016327   -500668.2803         0.009
8.0000        -0.795220     0.000016327   -500668.2748         0.002
9.0000        -0.793854     0.000013606   -500668.2735        -0.000
10.0000        -0.793531     0.000024490   -500668.2732        -0.000
100.0000        -0.793438     0.000019048   -500668.2732
1000.0000        -0.793438     0.000010885   -500668.2732
