0.0020  18882464.522906     0.000013606  18171419.3170
0.0040   9197518.215403     0.000010885   8486473.0076
0.0060   5981214.987373     0.000016327   5270169.7816
0.0080   4382965.550908     0.000013606   3671920.3425
0.0100   3429052.979997     0.000019048   2718007.7730
0.0120   2795494.507579     0.000008163   2084449.3004
0.0140   2344661.259595     0.000019048   1633616.0524
0.0160   2008263.998436     0.000019048   1297218.7914
0.0180   1748150.164377     0.000016327   1037104.9572
0.0200   1541457.063965     0.000016327    830411.8569
0.0400    635151.622191     0.000008163    -75893.5850
0.0600    354429.901466     0.000013606   -356615.3056
0.0800    225481.757692     0.000024490   -485563.4493
0.1000    154838.739476     0.000008163   -556206.4677
0.1200    111624.623176     0.000021769   -599420.5839
0.1400     83032.129390     0.000016327   -628013.0777
0.1600     63273.797326     0.000016327   -647771.4097
0.1800     49313.708202     0.000010885   -661731.4989
0.2000     39242.661945     0.000021769   -671802.5451
0.2400     26201.853619     0.000016327   -684843.3536
0.2800     17971.383229     0.000010885   -693073.8240
0.3200     12789.471907     0.000021769   -698255.7353
0.3600      9366.104758     0.000019048   -701679.1023
0.4000      7015.492506     0.000013606   -704029.7146    -49077.278
0.4500      4979.380842     0.000024490   -706065.8264    -33524.783
0.5000      3585.515395     0.000019048   -707459.6918    -22836.059
0.5500      2636.849577     0.000024490   -708408.3575    -15595.983
0.6000      1983.086106     0.000002721   -709062.1211    -10881.725
0.6500      1521.108076     0.000013606   -709524.0990     -7862.283
0.7000      1178.555423     0.000005442   -709866.6519     -6004.817
0.7500       913.122437     0.000016327   -710132.0846     -4674.644
0.8000       707.095709     0.000010885   -710338.1113     -3598.737
0.8500       549.505627     0.000016327   -710495.7015     -2731.402
0.9000       430.170728     0.000021769   -710615.0365     -2063.352
0.9500       339.892173     0.000013606   -710705.3150     -1564.164
1.0000       271.193105     0.000027211   -710774.0140     -1196.258
1.1000       177.205125     0.000024490   -710868.0021      -727.374
1.2000       118.669224     0.000019048   -710926.5379      -466.282
1.3000        80.433787     0.000021769   -710964.7735      -310.539
1.4000        54.679945     0.000016327   -710990.5271      -211.141
1.5000        37.112252     0.000024490   -711008.0948      -145.129
1.6000        25.036746     0.000016327   -711020.1704      -100.467
1.7000        16.600775     0.000024490   -711028.6065       -70.128
1.8000        10.697091     0.000016327   -711034.5100       -48.863
1.9000         6.682798     0.000010885   -711038.5242       -33.885
2.0000         3.907989     0.000019048   -711041.2993       -23.492
2.1000         1.997866     0.000019048   -711043.2092       -16.244
2.2000         0.691504     0.000019048   -711044.5156       -11.157
2.3000        -0.191146     0.000005442   -711045.3984        -7.578
2.4000        -0.708645     0.000019048   -711045.9157        -5.100
2.5000        -1.035973     0.000021769   -711046.2430        -3.365
2.6000        -1.229011     0.000019048   -711046.4362        -2.112
2.7000        -1.329652     0.000016327   -711046.5369        -1.204
2.8000        -1.366301     0.000010885   -711046.5734        -0.583
2.9000        -1.359136     0.000008163   -711046.5663        -0.118
3.0000        -1.323892     0.000010885   -711046.5309         0.190
3.1000        -1.269861     0.000008163   -711046.4770         0.375
3.2000        -1.205478     0.000024490   -711046.4125         0.507
3.3000        -1.136541     0.000013606   -711046.3437         0.577
3.4000        -1.065987     0.000024490   -711046.2732         0.593
3.5000        -0.997015     0.000013606   -711046.2041         0.592
3.6000        -0.931569     0.000019048   -711046.1388         0.578
3.7000        -0.870204     0.000021769   -711046.0773         0.546
3.8000        -0.813623     0.000019048   -711046.0207         0.503
3.9000        -0.762333     0.000016327   -711045.9695         0.489
4.0000        -0.715581     0.000016327   -711045.9227         0.423
5.0000        -0.456523     0.000024490   -711045.6637         0.126
6.0000        -0.385191     0.000013606   -711045.5924         0.030
7.0000        -0.367329     0.000021769   -711045.5744         0.006
8.0000        -0.363109     0.000019048   -711045.5704         0.000
9.0000        -0.362165     0.000019048   -711045.5693        -0.001
10.0000        -0.361941     0.000019048   -711045.5690        -0.001
100.0000        -0.361890     0.000019048   -711045.5690
1000.0000        -0.361890     0.000019048   -711045.5690
