0.0020  10379844.544898     0.000008163  10163562.5876
0.0040   5060007.431980     0.000021769   4843725.4749
0.0060   3300549.310754     0.000019048   3084267.3529
0.0080   2421082.402490     0.000021769   2204800.4441
0.0100   1895137.057513     0.000024490   1678855.0992
0.0120   1545514.937240     0.000016327   1329232.9789
0.0140   1296839.288057     0.000027211   1080557.3296
0.0160   1111340.173298     0.000016327    895058.2150
0.0180    967678.019631     0.000024490    751396.0613
0.0200    853275.996013     0.000024490    636994.0376
0.0400    354147.431325     0.000021769    137865.4730
0.0600    200210.857403     0.000010885    -16071.1009
0.0800    128746.806291     0.000013606    -87535.1521
0.1000     89243.319080     0.000016327   -127038.6393
0.1200     64766.573157     0.000027211   -151515.3852
0.1400     48541.344251     0.000019048   -167740.6141
0.1600     37416.050558     0.000019048   -178865.9078
0.1800     29599.641052     0.000021769   -186682.3173
0.2000     23981.522007     0.000010885   -192300.4363
0.2400     16143.786047     0.000010885   -200138.1723
0.2800     11263.288531     0.000024490   -205018.6698
0.3200      8079.552641     0.000019048   -208202.4057
0.3600      5984.392302     0.000008163   -210297.5660    -42452.239
0.4000      4571.235709     0.000019048   -211710.7227    -29431.344
0.4500      3323.213492     0.000021769   -212958.7449    -21340.845
0.5000      2419.962247     0.000024490   -213861.9961    -14979.064
0.5500      1793.219739     0.000027211   -214488.7386    -10390.534
0.6000      1353.423715     0.000016327   -214928.5346     -7400.287
0.6500      1035.923040     0.000013606   -215246.0353     -5417.413
0.7000       801.090812     0.000019048   -215480.8675     -4047.024
0.7500       624.364888     0.000021769   -215657.5935     -3069.357
0.8000       489.482823     0.000016327   -215792.4755     -2359.665
0.8500       385.013073     0.000016327   -215896.9453     -1846.387
0.9000       302.333159     0.000021769   -215979.6252     -1477.121
0.9500       236.819237     0.000016327   -216045.1391     -1179.750
1.0000       184.901300     0.000019048   -216097.0570      -919.282
1.1000       113.664110     0.000010885   -216168.2943      -544.389
1.2000        71.220705     0.000013606   -216210.7376      -328.931
1.3000        45.084943     0.000016327   -216236.8734      -205.974
1.4000        28.401661     0.000021769   -216253.5567      -132.589
1.5000        17.516637     0.000019048   -216264.4417       -86.657
1.6000        10.344151     0.000013606   -216271.6142       -56.947
1.7000         5.609858     0.000013606   -216276.3485       -37.356
1.8000         2.504082     0.000021769   -216279.4543       -24.278
1.9000         0.499261     0.000021769   -216281.4591       -15.472
2.0000        -0.755862     0.000016327   -216282.7142        -9.501
2.1000        -1.491421     0.000019048   -216283.4498        -5.480
2.2000        -1.894520     0.000016327   -216283.8529        -2.749
2.3000        -2.063296     0.000016327   -216284.0217        -0.969
2.4000        -2.076760     0.000027211   -216284.0351         0.223
2.5000        -1.992802     0.000027211   -216283.9511         0.953
2.6000        -1.796605     0.000005442   -216283.7550         1.394
2.7000        -1.537885     0.000008163   -216283.4962         1.611
2.8000        -1.269243     0.000024490   -216283.2276         1.678
2.9000        -1.001379     0.000019048   -216282.9597         1.679
3.0000        -0.741081     0.000008163   -216282.6994         1.613
3.1000        -0.493432     0.000008163   -216282.4518         1.501
3.2000        -0.254835     0.000013606   -216282.2132         1.388
3.3000        -0.027097     0.000024490   -216281.9854         1.245
3.4000         0.179693     0.000008163   -216281.7786         1.100
3.5000         0.366736     0.000013606   -216281.5916         0.965
3.6000         0.537569     0.000016327   -216281.4208         0.836
3.7000         0.685741     0.000019048   -216281.2726         0.716
3.8000         0.813262     0.000024490   -216281.1451         0.610
3.9000         0.923147     0.000013606   -216281.0352         0.521
4.0000         1.016376     0.000010885   -216280.9420         0.441
5.0000         1.413493     0.000019048   -216280.5449         0.079
6.0000         1.474613     0.000010885   -216280.4837         0.013
7.0000         1.484055     0.000013606   -216280.4743         0.003
8.0000         1.485691     0.000002721   -216280.4727         0.000
9.0000         1.486042     0.000021769   -216280.4723
10.0000         1.486126     0.000008163   -216280.4722        -0.000
100.0000         1.486365     0.000005442   -216280.4720
1000.0000         1.486368     0.000019048   -216280.4720
