0.0020         0.000000     0.000016327  33379602.7269
0.0040  16596837.492772     0.000010885  15862035.4564
0.0060  10776234.232740     0.000024490  10041432.1960
0.0080   7875232.740300     0.000021769   7140430.7025
0.0100   6140525.801357     0.000021769   5405723.7644
0.0120   4988665.244280     0.000013606   4253863.2057
0.0140   4172254.077976     0.000010885   3437452.0400
0.0160   3563298.442812     0.000016327   2828496.4050
0.0180   3093065.582376     0.000013606   2358263.5451
0.0200   2720184.088023     0.000024490   1985382.0507
0.0400   1100196.325901     0.000010885    365394.2886
0.0600    609511.535671     0.000016327   -125290.5017
0.0800    386208.815541     0.000019048   -348593.2217
0.1000    264839.482499     0.000005442   -469962.5549
0.1200    190905.171430     0.000010885   -543896.8659
0.1400    143055.583048     0.000008163   -591746.4543
0.1600    110667.714860     0.000019048   -624134.3226
0.1800     86772.421810     0.000021769   -648029.6154
0.2000     68719.767308     0.000002721   -666082.2700
0.2400     44679.831400     0.000016327   -690122.2061
0.2800     30400.968280     0.000024490   -704401.0691
0.3200     21170.957422     0.000021769   -713631.0799
0.3600     14950.390337     0.000027211   -719851.6470
0.4000     10855.095990     0.000016327   -723946.9414
0.4500      7528.442733     0.000021769   -727273.5947
0.5000      5327.253473     0.000027211   -729474.7838    -36328.792
0.5500      3803.623559     0.000013606   -730998.4138    -25293.394
0.6000      2742.519591     0.000013606   -732059.5179    -17608.196
0.6500      2004.421150     0.000019048   -732797.6161    -12237.500
0.7000      1490.611611     0.000027211   -733311.4257     -8563.819
0.7500      1127.216079     0.000021769   -733674.8212     -6116.666
0.8000       863.473623     0.000010885   -733938.5638     -4531.061
0.8500       666.490559     0.000019048   -734135.5468     -3443.299
0.9000       515.425090     0.000021769   -734286.6122     -2639.878
0.9500       399.195198     0.000008163   -734402.8422     -2027.685
1.0000       310.282942     0.000008163   -734491.7543     -1551.116
1.1000       190.384012     0.000016327   -734611.6535      -911.122
1.2000       119.510674     0.000019048   -734682.5266      -545.174
1.3000        76.600708     0.000024490   -734725.4366      -336.109
1.4000        50.433362     0.000021769   -734751.6041      -215.232
1.5000        33.563975     0.000008163   -734768.4733      -140.211
1.6000        22.506935     0.000019048   -734779.5304       -91.829
1.7000        15.256197     0.000010885   -734786.7811       -59.925
1.8000        10.549026     0.000008163   -734791.4884       -38.657
1.9000         7.554194     0.000019048   -734794.4830       -24.461
2.0000         6.052302     0.000024490   -734795.9851       -16.029
2.1000         5.173349     0.000005442   -734796.8640       -10.614
2.2000         4.609219     0.000021769   -734797.4281        -6.962
2.3000         4.335869     0.000019048   -734797.7016        -4.714
2.4000         4.417381     0.000008163   -734797.6199        -3.845
2.5000         4.461431     0.000005442   -734797.5759        -3.105
2.6000         4.452495     0.000024490   -734797.5848        -2.569
2.7000         4.417754     0.000021769   -734797.6197        -1.989
2.8000         4.378485     0.000019048   -734797.6589        -1.520
2.9000         4.348501     0.000024490   -734797.6888        -1.073
3.0000         4.335224     0.000024490   -734797.7021        -0.721
3.1000         4.341151     0.000027211   -734797.6961        -0.398
3.2000         4.364439     0.000016327   -734797.6730        -0.156
3.3000         4.403569     0.000010885   -734797.6338         0.029
3.4000         4.455338     0.000016327   -734797.5821         0.183
3.5000         4.515816     0.000010885   -734797.5214         0.293
3.6000         4.583014     0.000021769   -734797.4542         0.354
3.7000         4.654466     0.000016327   -734797.3829         0.407
3.8000         4.727357     0.000008163   -734797.3100         0.434
3.9000         4.799758     0.000008163   -734797.2376         0.442
4.0000         4.871599     0.000010885   -734797.1658         0.433
5.0000         5.386980     0.000021769   -734796.6504         0.198
6.0000         5.575144     0.000010885   -734796.4621         0.061
7.0000         5.631709     0.000024490   -734796.4055         0.027
8.0000         5.650487     0.000013606   -734796.3867         0.012
9.0000         5.658566     0.000019048   -734796.3788         0.007
10.0000         5.663233     0.000019048   -734796.3742         0.005
100.0000         5.686412     0.000013606   -734796.3508         0.000
1000.0000         5.688033     0.000005442   -734796.3492
