0.0020   1355016.138194     0.000013606   1297564.7217
0.0040    664111.727336     0.000027211    606660.3108
0.0060    434182.922817     0.000005442    376731.5064
0.0080    319556.618238     0.000010885    262105.2017
0.0100    251076.603688     0.000021769    193625.1872
0.0120    205597.458511     0.000019048    148146.0420
0.0140    173215.485982     0.000016327    115764.0695
0.0160    149029.964767     0.000013606     91578.5483
0.0180    130289.928312     0.000013606     72838.5118
0.0200    115376.052170     0.000013606     57924.6357
0.0400     49568.443983     0.000013606     -7882.9725
0.0600     28656.562196     0.000016327    -28794.8543
0.0800     18881.590052     0.000021769    -38569.8264
0.1000     13398.312501     0.000016327    -44053.1040
0.1200      9941.498260     0.000021769    -47509.9182
0.1400      7590.351791     0.000019048    -49861.0647
0.1600      5920.529564     0.000016327    -51530.8869
0.1800      4702.335679     0.000027211    -52749.0808
0.2000      3796.462284     0.000019048    -53654.9542    -39141.740
0.2400      2587.527433     0.000019048    -54863.8891    -23000.737
0.2800      1858.693971     0.000016327    -55592.7225    -14321.705
0.3200      1389.153491     0.000019048    -56062.2630     -9650.291
0.3600      1055.391714     0.000002721    -56396.0248     -7302.904
0.4000       797.517526     0.000008163    -56653.8990     -5610.930
0.4500       563.324067     0.000021769    -56888.0924     -3846.774
0.5000       403.659805     0.000013606    -57047.7567     -2619.359
0.5500       294.461153     0.000013606    -57156.9554     -1803.134
0.6000       218.680629     0.000024490    -57232.7359     -1263.360
0.6500       165.064851     0.000005442    -57286.3516      -903.731
0.7000       126.310598     0.000010885    -57325.1059      -660.994
0.7500        97.656136     0.000024490    -57353.7604      -494.654
0.8000        75.985342     0.000021769    -57375.4312      -378.499
0.8500        59.249168     0.000016327    -57392.1673      -295.579
0.9000        46.075427     0.000016327    -57405.3411      -234.638
0.9500        35.555052     0.000019048    -57415.8614      -188.422
1.0000        27.080847     0.000010885    -57424.3356      -152.274
1.1000        14.677098     0.000016327    -57436.7394       -99.462
1.2000         6.918470     0.000013606    -57444.4980       -64.793
1.3000         2.269066     0.000021769    -57449.1474       -42.122
1.4000        -0.727948     0.000021769    -57452.1444       -26.145
1.5000        -2.539389     0.000021769    -57453.9559       -15.241
1.6000        -3.544333     0.000021769    -57454.9608        -8.065
1.7000        -4.019531     0.000021769    -57455.4360        -3.347
1.8000        -4.153760     0.000016327    -57455.5702        -0.415
1.9000        -4.076281     0.000013606    -57455.4928         1.463
2.0000        -3.870446     0.000021769    -57455.2870         2.531
2.1000        -3.589243     0.000019048    -57455.0057         3.157
2.2000        -3.269079     0.000008163    -57454.6856         3.453
2.3000        -2.929108     0.000019048    -57454.3456         3.549
2.4000        -2.530546     0.000021769    -57453.9470         3.464
2.5000        -1.939699     0.000019048    -57453.3562         3.056
2.6000        -1.439398     0.000019048    -57452.8559         2.687
2.7000        -1.014781     0.000024490    -57452.4313         2.371
2.8000        -0.653503     0.000013606    -57452.0700         2.093
2.9000        -0.344314     0.000021769    -57451.7608         1.845
3.0000        -0.078410     0.000021769    -57451.4949         1.636
3.1000         0.151042     0.000021769    -57451.2655         1.456
3.2000         0.349432     0.000019048    -57451.0671         1.295
3.3000         0.521580     0.000019048    -57450.8949         1.152
3.4000         0.726729     0.000013606    -57450.6898         0.958
3.5000         0.915048     0.000024490    -57450.5014         0.780
3.6000         1.067528     0.000021769    -57450.3490         0.637
3.7000         1.191086     0.000019048    -57450.2254         0.522
3.8000         1.291336     0.000019048    -57450.1252         0.429
3.9000         1.372744     0.000016327    -57450.0438         0.354
4.0000         1.439167     0.000016327    -57449.9773         0.291
5.0000         1.698040     0.000021769    -57449.7185         0.046
6.0000         1.737086     0.000024490    -57449.6794         0.016
7.0000         1.745660     0.000010885    -57449.6708         0.004
8.0000         1.749100     0.000016327    -57449.6674         0.003
9.0000         1.751176     0.000005442    -57449.6653         0.002
10.0000         1.752678     0.000016327    -57449.6638         0.001
100.0000         1.762428     0.000010885    -57449.6541
1000.0000         1.763239     0.000024490    -57449.6533
