0.0020         0.000000     0.000024490  28375128.4119
0.0040  14120063.886379     0.000019048  13489748.9709
0.0060   9171336.646952     0.000021769   8541021.7312
0.0080   6705825.108641     0.000021769   6075510.1921
0.0100   5232104.611255     0.000016327   4601789.6959
0.0120   4253394.096973     0.000010885   3623079.1820
0.0140   3557966.206704     0.000016327   2927651.2898
0.0160   3040023.269879     0.000013606   2409708.3538
0.0180   2640197.290691     0.000024490   2009882.3745
0.0200   2322880.033756     0.000027211   1692565.1175
0.0400    944834.971183     0.000019048    314520.0550
0.0600    524750.161299     0.000005442   -105564.7549
0.0800    332890.932618     0.000027211   -297423.9837
0.1000    228791.523954     0.000002721   -401523.3922
0.1200    165060.156365     0.000002721   -465254.7597
0.1400    123333.542110     0.000024490   -506981.3740
0.1600     94971.289932     0.000019048   -535343.6261
0.1800     75022.781669     0.000021769   -555292.1346
0.2000     59839.429434     0.000021769   -570475.4867
0.2400     39207.923085     0.000021769   -591106.9930
0.2800     26647.201419     0.000010885   -603667.7146
0.3200     18856.450850     0.000010885   -611458.4652
0.3600     13631.801198     0.000021769   -616683.1150
0.4000      9900.461548     0.000021769   -620414.4545
0.4500      6869.120336     0.000027211   -623445.7959    -47709.750
0.5000      4927.261503     0.000019048   -625387.6547    -31431.664
0.5500      3615.803968     0.000019048   -626699.1123    -21809.747
0.6000      2687.206069     0.000024490   -627627.7102    -15720.346
0.6500      2014.496343     0.000008163   -628300.4200    -11468.874
0.7000      1523.177783     0.000021769   -628791.7383     -8401.076
0.7500      1161.186865     0.000024490   -629153.7293     -6158.534
0.8000       894.228950     0.000021769   -629420.6873     -4546.385
0.8500       696.742235     0.000016327   -629618.1740     -3396.002
0.9000       548.012146     0.000019048   -629766.9041     -2589.362
0.9500       433.670753     0.000010885   -629881.2453     -2015.384
1.0000       343.889168     0.000016327   -629971.0269     -1587.740
1.1000       217.672621     0.000013606   -630097.2437      -988.411
1.2000       139.912862     0.000021769   -630175.0032      -618.313
1.3000        90.459671     0.000013606   -630224.4564      -402.437
1.4000        57.271575     0.000013606   -630257.6445      -268.529
1.5000        35.354063     0.000013606   -630279.5622      -176.665
1.6000        20.827352     0.000016327   -630294.0887      -116.775
1.7000        11.187043     0.000019048   -630303.7292       -76.948
1.8000         4.845340     0.000016327   -630310.0708       -49.925
1.9000         1.006424     0.000013606   -630313.9098       -31.748
2.0000        -1.229631     0.000013606   -630316.1458       -19.483
2.1000        -2.462174     0.000010885   -630317.3784       -11.232
2.2000        -3.046501     0.000024490   -630317.9627        -5.908
2.3000        -3.226218     0.000024490   -630318.1425        -2.466
2.4000        -3.154059     0.000016327   -630318.0702        -0.424
2.5000        -2.868043     0.000021769   -630317.7842         0.577
2.6000        -2.553708     0.000024490   -630317.4699         1.115
2.7000        -2.249909     0.000016327   -630317.1662         1.331
2.8000        -1.971974     0.000024490   -630316.8881         1.431
2.9000        -1.723649     0.000021769   -630316.6399         1.457
3.0000        -1.499979     0.000027211   -630316.4162         1.451
3.1000        -1.295469     0.000021769   -630316.2116         1.465
3.2000        -1.105433     0.000019048   -630316.0217         1.429
3.3000        -0.925726     0.000008163   -630315.8418         1.423
3.4000        -0.749658     0.000005442   -630315.6658         1.409
3.5000        -0.516391     0.000019048   -630315.4326         1.321
3.6000        -0.301306     0.000010885   -630315.2176         1.249
3.7000        -0.101749     0.000010885   -630315.0178         1.179
3.8000         0.085860     0.000010885   -630314.8304         1.115
3.9000         0.285788     0.000013606   -630314.6304         1.023
4.0000         0.467470     0.000021769   -630314.4486         0.945
5.0000         1.619709     0.000013606   -630313.2965         0.392
6.0000         2.041696     0.000008163   -630312.8744         0.127
7.0000         2.174444     0.000027211   -630312.7416         0.048
8.0000         2.217734     0.000024490   -630312.6983         0.020
9.0000         2.235789     0.000019048   -630312.6804         0.011
10.0000         2.245844     0.000010885   -630312.6703         0.008
100.0000         2.294585     0.000010885   -630312.6216         0.000
1000.0000         2.298027     0.000013606   -630312.6181
