0.0020         0.000000     0.000010885  29275130.4499
0.0040  14556541.419477     0.000010885  13929599.4535
0.0060   9456462.426982     0.000024490   8829520.4592
0.0080   6914605.832606     0.000016327   6287663.8655
0.0100   5395071.779880     0.000019048   4768129.8140
0.0120   4384666.082387     0.000010885   3757724.1164
0.0140   3668136.461549     0.000005442   3041194.4941
0.0160   3134201.358850     0.000024490   2507259.3924
0.0180   2721409.466775     0.000021769   2094467.5002
0.0200   2394048.359849     0.000021769   1767106.3934
0.0400    973888.608380     0.000013606    346946.6419
0.0600    543930.965769     0.000021769    -83011.0007
0.0800    345626.666587     0.000013606   -281315.2998
0.1000    236574.130788     0.000016327   -390367.8357
0.1200    169542.564077     0.000008163   -457399.4025
0.1400    125781.824985     0.000027211   -501160.1415
0.1600     96203.191702     0.000024490   -530738.7747
0.1800     75693.407215     0.000024490   -551248.5592
0.2000     60136.896387     0.000024490   -566805.0700
0.2400     39183.962773     0.000016327   -587758.0038
0.2800     26443.711946     0.000021769   -600498.2545
0.3200     18616.811134     0.000027211   -608325.1554
0.3600     13338.352500     0.000021769   -613603.6138
0.4000      9615.225831     0.000027211   -617326.7407
0.4500      6598.130979     0.000027211   -620343.8355    -47361.242
0.5000      4676.757612     0.000016327   -622265.2088    -30932.564
0.5500      3395.720790     0.000008163   -623546.2457    -21126.487
0.6000      2503.537789     0.000019048   -624438.4287    -15018.269
0.6500      1863.086650     0.000016327   -625078.8799    -10840.370
0.7000      1400.997151     0.000016327   -625540.9694     -7826.970
0.7500      1067.198202     0.000008163   -625874.7684     -5670.635
0.8000       824.287586     0.000016327   -626117.6788     -4179.986
0.8500       643.898205     0.000016327   -626298.0683     -3106.958
0.9000       508.657180     0.000019048   -626433.3092     -2348.567
0.9500       405.557947     0.000016327   -626536.4086     -1816.388
1.0000       325.248306     0.000008163   -626616.7181     -1424.943
1.1000       213.235122     0.000024490   -626728.7314      -864.669
1.2000       144.677752     0.000013606   -626797.2888      -535.261
1.3000       102.196526     0.000016327   -626839.7699      -337.589
1.4000        75.184660     0.000024490   -626866.7819      -224.741
1.5000        56.747502     0.000019048   -626885.2189      -157.284
1.6000        43.546318     0.000016327   -626898.4203      -114.087
1.7000        33.839273     0.000021769   -626908.1271       -83.989
1.8000        26.637056     0.000024490   -626915.3294       -62.031
1.9000        21.296343     0.000027211   -626920.6702       -45.801
2.0000        17.345896     0.000016327   -626924.6205       -33.784
2.1000        14.424557     0.000013606   -626927.5419       -24.976
2.2000        12.254377     0.000024490   -626929.7120       -18.613
2.3000        10.624785     0.000024490   -626931.3417       -14.016
2.4000         9.381406     0.000021769   -626932.5850       -10.807
2.5000         8.411241     0.000005442   -626933.5554        -8.474
2.6000         7.637872     0.000005442   -626934.3287        -6.800
2.7000         7.006940     0.000008163   -626934.9595        -5.565
2.8000         6.484163     0.000024490   -626935.4822        -4.625
2.9000         6.045003     0.000010885   -626935.9214        -3.860
3.0000         5.674376     0.000008163   -626936.2920        -3.299
3.1000         5.360109     0.000005442   -626936.6063        -2.761
3.2000         5.093894     0.000021769   -626936.8727        -2.339
3.3000         4.868834     0.000019048   -626937.0977        -1.969
3.4000         4.678904     0.000021769   -626937.2877        -1.651
3.5000         4.519377     0.000010885   -626937.4471        -1.385
3.6000         4.385805     0.000010885   -626937.5807        -1.161
3.7000         4.274429     0.000019048   -626937.6920        -0.963
3.8000         4.181888     0.000019048   -626937.7846        -0.790
3.9000         4.105582     0.000019048   -626937.8610        -0.651
4.0000         4.043075     0.000021769   -626937.9233        -0.531
5.0000         3.830126     0.000019048   -626938.1364        -0.019
6.0000         3.850456     0.000008163   -626938.1160         0.031
7.0000         3.878546     0.000010885   -626938.0880         0.019
8.0000         3.891992     0.000008163   -626938.0744         0.007
9.0000         3.896971     0.000008163   -626938.0695         0.001
10.0000         3.898571     0.000008163   -626938.0678         0.000
100.0000         3.899241     0.000019048   -626938.0673
1000.0000         3.899235     0.000019048   -626938.0673
