0.0020  16983979.969322     0.000024490  16657726.0474
0.0040   8287946.604100     0.000027211   7961692.6832
0.0060   5397462.545206     0.000024490   5071208.6229
0.0080   3955056.502656     0.000027211   3628802.5794
0.0100   3092328.402989     0.000024490   2766074.4803
0.0120   2519018.445579     0.000027211   2192764.5234
0.0140   2110463.203292     0.000013606   1784209.2812
0.0160   1805611.369276     0.000013606   1479357.4471
0.0180   1570067.153570     0.000027211   1243813.2316
0.0200   1382573.384871     0.000013606   1056319.4627
0.0400    566615.156648     0.000016327    240361.2346
0.0600    316594.826848     0.000019048     -9659.0952
0.0800    202216.411145     0.000019048   -124037.5110
0.1000    139064.876869     0.000021769   -187189.0452
0.1200    100724.601203     0.000024490   -225529.3209
0.1400     76072.845987     0.000024490   -250181.0761
0.1600     58867.468802     0.000010885   -267386.4533
0.1800     46267.341407     0.000013606   -279986.5807
0.2000     36925.462612     0.000024490   -289328.4595
0.2400     24551.801723     0.000019048   -301702.1204
0.2800     17187.495491     0.000010885   -309066.4265
0.3200     12311.682551     0.000019048   -313942.2395
0.3600      8952.306596     0.000021769   -317301.6156
0.4000      6725.333507     0.000008163   -319528.5887    -45538.236
0.4500      4885.004602     0.000021769   -321368.9174    -29679.456
0.5000      3647.801712     0.000024490   -322606.1203    -20578.960
0.5500      2765.092037     0.000021769   -323488.8299    -15222.297
0.6000      2099.111978     0.000019048   -324154.8101    -11614.048
0.6500      1594.635630     0.000021769   -324659.2865     -8592.234
0.7000      1225.788504     0.000008163   -325028.1337     -6266.176
0.7500       955.589064     0.000013606   -325298.3331     -4643.112
0.8000       753.065988     0.000008163   -325500.8561     -3516.718
0.8500       597.800895     0.000024490   -325656.1213     -2732.938
0.9000       475.721369     0.000016327   -325778.2006     -2172.815
0.9500       378.191389     0.000027211   -325875.7306     -1742.262
1.0000       300.139831     0.000016327   -325953.7824     -1390.296
1.1000       189.102916     0.000021769   -326064.8193      -867.700
1.2000       120.156384     0.000019048   -326133.7656      -537.902
1.3000        76.984751     0.000002721   -326176.9373      -349.853
1.4000        48.457129     0.000021769   -326205.4650      -228.200
1.5000        29.942149     0.000021769   -326223.9799      -149.078
1.6000        17.775205     0.000019048   -326236.1469       -97.622
1.7000         9.788483     0.000019048   -326244.1337       -63.660
1.8000         4.599744     0.000013606   -326249.3224       -40.860
1.9000         1.303486     0.000013606   -326252.6185       -25.478
2.0000        -0.492872     0.000016327   -326254.4150       -15.468
2.1000        -1.384989     0.000019048   -326255.3070        -9.016
2.2000        -1.790752     0.000021769   -326255.7130        -4.862
2.3000        -1.892689     0.000019048   -326255.8147        -2.317
2.4000        -1.822878     0.000016327   -326255.7451        -0.822
2.5000        -1.674230     0.000027211   -326255.5962        -0.028
2.6000        -1.501190     0.000019048   -326255.4232         0.367
2.7000        -1.337133     0.000024490   -326255.2594         0.510
2.8000        -1.192401     0.000024490   -326255.1146         0.585
2.9000        -1.070690     0.000027211   -326254.9927         0.567
3.0000        -0.886136     0.000024490   -326254.8082         0.542
3.1000        -0.733453     0.000019048   -326254.6555         0.500
3.2000        -0.599775     0.000016327   -326254.5219         0.466
3.3000        -0.482210     0.000021769   -326254.4044         0.462
3.4000        -0.375836     0.000021769   -326254.2980         0.455
3.5000        -0.276721     0.000016327   -326254.1989         0.436
3.6000        -0.185255     0.000016327   -326254.1072         0.441
3.7000        -0.098399     0.000024490   -326254.0204         0.436
3.8000        -0.016974     0.000019048   -326253.9391         0.432
3.9000         0.059996     0.000010885   -326253.8621         0.414
4.0000         0.134503     0.000013606   -326253.7875         0.407
5.0000         0.674100     0.000021769   -326253.2479         0.242
6.0000         0.940456     0.000010885   -326252.9818         0.122
7.0000         1.056091     0.000021769   -326252.8661         0.047
8.0000         1.107039     0.000010885   -326252.8150         0.022
9.0000         1.132370     0.000008163   -326252.7897         0.013
10.0000         1.147325     0.000016327   -326252.7747         0.009
100.0000         1.219500     0.000021769   -326252.7026         0.000
1000.0000         1.224502     0.000008163   -326252.6977
