0.0020   1168141.319381     0.000016327   1154496.0717
0.0040    574303.994748     0.000019048    560658.7470
0.0060    377098.854244     0.000016327    363453.6067
0.0080    278750.061495     0.000027211    265104.8139
0.0100    219854.968865     0.000019048    206209.7213
0.0120    180663.339997     0.000016327    167018.0924
0.0140    152733.539520     0.000016327    139088.2919
0.0160    131820.480351     0.000013606    118175.2327
0.0180    115575.676614     0.000013606    101930.4290
0.0200    102605.548554     0.000019048     88960.3009
0.0400     44911.290756     0.000013606     31266.0431
0.0600     26335.474997     0.000019048     12690.2274
0.0800     17437.218214     0.000010885      3791.9706
0.1000     12406.517918     0.000021769     -1238.7297
0.1200      9278.329733     0.000021769     -4366.9179
0.1400      7190.208264     0.000016327     -6455.0394
0.1600      5711.872974     0.000019048     -7933.3746
0.1800      4614.049842     0.000021769     -9031.1978    -47734.354
0.2000      3771.732894     0.000013606     -9873.5147    -37056.558
0.2400      2591.769388     0.000024490    -11053.4782    -23188.721
0.2800      1841.701203     0.000010885    -11803.5464    -14980.862
0.3200      1350.736997     0.000013606    -12294.5106     -9941.049
0.3600      1021.342262     0.000019048    -12623.9054     -6757.227
0.4000       794.879115     0.000013606    -12850.3685     -4696.095
0.4500       603.663821     0.000021769    -13041.5838     -3076.644
0.5000       474.057433     0.000024490    -13171.1902     -2252.179
0.5500       365.861437     0.000019048    -13279.3862     -2004.790
0.6000       277.086750     0.000016327    -13368.1609     -1559.551
0.6500       209.862822     0.000013606    -13435.3848     -1156.050
0.7000       160.137588     0.000016327    -13485.1100      -851.519
0.7500       123.422590     0.000005442    -13521.8250      -629.140
0.8000        96.180176     0.000019048    -13549.0674      -468.031
0.8500        75.800508     0.000024490    -13569.4471      -351.281
0.9000        60.412847     0.000019048    -13584.8348      -266.298
0.9500        48.671497     0.000016327    -13596.5761      -204.006
1.0000        39.620655     0.000021769    -13605.6270      -157.989
1.1000        27.016075     0.000013606    -13618.2315       -98.118
1.2000        19.037427     0.000027211    -13626.2102       -64.132
1.3000        13.760188     0.000024490    -13631.4874       -44.311
1.4000        10.103891     0.000013606    -13635.1437       -32.447
1.5000         7.422646     0.000019048    -13637.8250       -24.939
1.6000         5.346122     0.000021769    -13639.9015       -19.569
1.7000         3.699142     0.000021769    -13641.5485       -15.253
1.8000         2.404010     0.000024490    -13642.8436       -11.644
1.9000         1.408998     0.000008163    -13643.8386        -8.653
2.0000         0.666472     0.000008163    -13644.5811        -6.248
2.1000         0.129907     0.000021769    -13645.1177        -4.349
2.2000        -0.242794     0.000019048    -13645.4904        -2.894
2.3000        -0.488102     0.000019048    -13645.7357        -1.788
2.4000        -0.636107     0.000019048    -13645.8837        -0.966
2.5000        -0.711124     0.000019048    -13645.9587        -0.358
2.6000        -0.731532     0.000027211    -13645.9791         0.086
2.7000        -0.662734     0.000013606    -13645.9104         0.369
2.8000        -0.541741     0.000019048    -13645.7894         0.537
2.9000        -0.415559     0.000013606    -13645.6632         0.646
3.0000        -0.286258     0.000008163    -13645.5339         0.708
3.1000        -0.157255     0.000021769    -13645.4049         0.728
3.2000        -0.030501     0.000010885    -13645.2781         0.726
3.3000         0.092002     0.000021769    -13645.1556         0.709
3.4000         0.208847     0.000024490    -13645.0388         0.678
3.5000         0.318836     0.000013606    -13644.9288         0.639
3.6000         0.421488     0.000016327    -13644.8261         0.595
3.7000         0.516853     0.000010885    -13644.7308         0.552
3.8000         0.604599     0.000016327    -13644.6430         0.506
3.9000         0.684767     0.000010885    -13644.5629         0.462
4.0000         0.757628     0.000010885    -13644.4900         0.421
5.0000         1.183015     0.000019048    -13644.0646         0.150
6.0000         1.323813     0.000016327    -13643.9238         0.053
7.0000         1.379074     0.000016327    -13643.8685         0.027
8.0000         1.407724     0.000019048    -13643.8399         0.017
9.0000         1.425959     0.000019048    -13643.8217         0.011
10.0000         1.438909     0.000016327    -13643.8087         0.009
100.0000         1.517841     0.000013606    -13643.7298         0.000
1000.0000         1.523969     0.000021769    -13643.7236
