0.0020   8257296.309078     0.000021769   8072815.7794
0.0040   4030006.743078     0.000019048   3845526.2136
0.0060   2628371.944523     0.000010885   2443891.4139
0.0080   1929621.789648     0.000021769   1745141.2593
0.0100   1511697.117460     0.000016327   1327216.5870
0.0120   1233963.084117     0.000019048   1049482.5537
0.0140   1036139.065095     0.000024490    851658.5345
0.0160    888508.616376     0.000013606    704028.0860
0.0180    774234.100662     0.000019048    589753.5703
0.0200    683203.297671     0.000021769    498722.7672
0.0400    284760.859635     0.000021769    100280.3292
0.0600    161741.210942     0.000016327    -22739.3195
0.0800    104258.554108     0.000024490    -80221.9764
0.1000     72429.066255     0.000013606   -112051.4642
0.1200     52855.924928     0.000021769   -131624.6056
0.1400     39788.980587     0.000019048   -144691.5499
0.1600     30674.499350     0.000008163   -153806.0311
0.1800     24187.090896     0.000010885   -160293.4396
0.2000     19471.925691     0.000021769   -165008.6048
0.2400     13303.606919     0.000021769   -171176.9236
0.2800      9264.741992     0.000024490   -175215.7885
0.3200      6628.998390     0.000019048   -177851.5321
0.3600      4890.711235     0.000013606   -179589.8192    -35546.897
0.4000      3703.120758     0.000008163   -180777.4097    -24633.534
0.4500      2704.076670     0.000016327   -181776.4538    -16126.780
0.5000      2028.194745     0.000024490   -182452.3357    -11593.971
0.5500      1513.473714     0.000010885   -182967.0568     -8948.864
0.6000      1130.035996     0.000016327   -183350.4945     -6482.961
0.6500       854.050048     0.000024490   -183626.4804     -4654.621
0.7000       654.974585     0.000016327   -183825.5559     -3377.689
0.7500       509.390479     0.000019048   -183971.1400     -2491.878
0.8000       401.118054     0.000008163   -184079.4124     -1871.210
0.8500       319.218701     0.000013606   -184161.3118     -1429.298
0.9000       256.255286     0.000008163   -184224.2752     -1109.115
0.9500       207.116662     0.000021769   -184273.4138      -873.102
1.0000       168.358526     0.000024490   -184312.1720      -698.889
1.1000       112.289529     0.000010885   -184368.2410      -458.145
1.2000        75.190772     0.000010885   -184405.3397      -302.338
1.3000        50.424872     0.000024490   -184430.1056      -199.090
1.4000        34.018700     0.000019048   -184446.5118      -131.417
1.5000        23.285453     0.000013606   -184457.2450       -87.973
1.6000        16.159515     0.000019048   -184464.3710       -59.237
1.7000        11.442748     0.000021769   -184469.0877       -40.088
1.8000         8.276428     0.000027211   -184472.2541       -27.210
1.9000         6.149054     0.000019048   -184474.3814       -18.403
2.0000         4.726380     0.000024490   -184475.8041       -12.323
2.1000         3.787190     0.000013606   -184476.7433        -8.086
2.2000         3.242058     0.000016327   -184477.2884        -5.171
2.3000         2.948466     0.000013606   -184477.5820        -3.125
2.4000         2.807607     0.000019048   -184477.7229        -1.718
2.5000         2.767595     0.000005442   -184477.7629        -0.783
2.6000         2.792727     0.000024490   -184477.7378        -0.123
2.7000         2.859556     0.000019048   -184477.6709         0.276
2.8000         2.952488     0.000010885   -184477.5780         0.569
2.9000         3.060240     0.000008163   -184477.4702         0.741
3.0000         3.176906     0.000019048   -184477.3536         0.821
3.1000         3.297055     0.000013606   -184477.2334         0.875
3.2000         3.417531     0.000024490   -184477.1130         0.890
3.3000         3.536407     0.000013606   -184476.9941         0.866
3.4000         3.656229     0.000010885   -184476.8743         0.833
3.5000         3.795345     0.000010885   -184476.7351         0.787
3.6000         3.925081     0.000013606   -184476.6054         0.733
3.7000         4.045317     0.000013606   -184476.4852         0.668
3.8000         4.156277     0.000021769   -184476.3742         0.608
3.9000         4.257740     0.000021769   -184476.2728         0.552
4.0000         4.349850     0.000008163   -184476.1806         0.496
5.0000         4.866932     0.000021769   -184475.6635         0.144
6.0000         5.002663     0.000013606   -184475.5278         0.038
7.0000         5.034595     0.000013606   -184475.4959         0.009
8.0000         5.043110     0.000013606   -184475.4874         0.002
9.0000         5.046209     0.000016327   -184475.4843         0.001
10.0000         5.047806     0.000024490   -184475.4827         0.000
100.0000         5.055660     0.000027211   -184475.4748
1000.0000         5.056264     0.000019048   -184475.4742
