0.0020  13526425.334123     0.000019048  13133427.2480
0.0040   6590436.428487     0.000021769   6197438.3405
0.0060   4288551.059190     0.000016327   3895552.9719
0.0080   3142329.161805     0.000027211   2749331.0743
0.0100   2457794.532824     0.000024490   2064796.4460
0.0120   2002991.705667     0.000013606   1609993.6188
0.0140   1679355.454939     0.000008163   1286357.3681
0.0160   1437893.106264     0.000019048   1044895.0196
0.0180   1251160.913985     0.000021769    858162.8272
0.0200   1102588.210784     0.000008163    709590.1239
0.0400    455539.988503     0.000016327     62541.9017
0.0600    255393.897578     0.000019048   -137604.1892
0.0800    163541.601845     0.000019048   -229456.4849
0.1000    112678.078197     0.000010885   -280320.0084
0.1200     81701.886946     0.000010885   -311296.1999
0.1400     61649.170542     0.000019048   -331348.9162
0.1600     47735.738535     0.000013606   -345262.3482
0.1800     37458.450517     0.000016327   -355539.6364
0.2000     29688.637966     0.000021769   -363309.4489
0.2400     19346.834060     0.000024490   -373651.2528
0.2800     13245.656580     0.000019048   -379752.4301
0.3200      9444.117063     0.000016327   -383553.9697
0.3600      6848.549726     0.000024490   -386149.5371
0.4000      5003.275906     0.000027211   -387994.8110    -38150.578
0.4500      3473.849848     0.000024490   -389524.2370    -24230.995
0.5000      2483.231012     0.000013606   -390514.8556    -16073.410
0.5500      1812.727524     0.000019048   -391185.3591    -11121.993
0.6000      1340.414765     0.000024490   -391657.6720     -8001.681
0.6500       995.505562     0.000021769   -392002.5813     -5927.008
0.7000       739.257103     0.000019048   -392258.8297     -4399.958
0.7500       550.118284     0.000002721   -392447.9684     -3216.218
0.8000       412.900275     0.000010885   -392585.1865     -2327.647
0.8500       313.229125     0.000010885   -392684.8575     -1689.416
0.9000       240.306722     0.000021769   -392757.7800     -1240.926
0.9500       186.307212     0.000019048   -392811.7796      -926.993
1.0000       145.750183     0.000024490   -392852.3366      -705.848
1.1000        90.307856     0.000016327   -392907.7790      -429.882
1.2000        56.061669     0.000024490   -392942.0251      -269.965
1.3000        34.700247     0.000027211   -392963.3866      -171.474
1.4000        21.100424     0.000021769   -392976.9863      -109.153
1.5000        12.438155     0.000016327   -392985.6485       -69.420
1.6000         6.954191     0.000013606   -392991.1327       -44.239
1.7000         3.531343     0.000013606   -392994.5553       -28.602
1.8000         1.339778     0.000016327   -392996.7469       -18.942
1.9000        -0.102998     0.000013606   -392998.1897       -12.981
2.0000        -1.089082     0.000024490   -392999.1758        -9.235
2.1000        -1.788020     0.000013606   -392999.8749        -6.795
2.2000        -2.290906     0.000010885   -393000.3777        -5.016
2.3000        -2.650757     0.000013606   -393000.7375        -3.761
2.4000        -2.886122     0.000013606   -393000.9729        -2.738
2.5000        -3.035739     0.000021769   -393001.1225        -1.999
2.6000        -3.119308     0.000010885   -393001.2061        -1.380
2.7000        -3.162136     0.000016327   -393001.2488        -0.916
2.8000        -3.171583     0.000016327   -393001.2583        -0.555
2.9000        -3.161836     0.000024490   -393001.2485        -0.249
3.0000        -3.135599     0.000019048   -393001.2224        -0.031
3.1000        -3.094129     0.000021769   -393001.1810         0.142
3.2000        -3.041905     0.000010885   -393001.1288         0.281
3.3000        -2.980761     0.000016327   -393001.0676         0.366
3.4000        -2.910014     0.000016327   -393000.9968         0.412
3.5000        -2.826622     0.000027211   -393000.9133         0.441
3.6000        -2.744792     0.000021769   -393000.8316         0.453
3.7000        -2.665617     0.000016327   -393000.7524         0.446
3.8000        -2.589875     0.000021769   -393000.6765         0.420
3.9000        -2.518298     0.000010885   -393000.6050         0.401
4.0000        -2.451869     0.000010885   -393000.5386         0.376
5.0000        -2.048621     0.000021769   -393000.1353         0.136
6.0000        -1.921799     0.000021769   -393000.0085         0.059
7.0000        -1.882112     0.000008163   -392999.9688         0.020
8.0000        -1.866223     0.000010885   -392999.9530         0.010
9.0000        -1.857741     0.000010885   -392999.9445         0.006
10.0000        -1.852125     0.000019048   -392999.9388         0.004
100.0000        -1.819841     0.000024490   -392999.9067         0.000
1000.0000        -1.817411     0.000002721   -392999.9043
