0.0020  14548590.776934     0.000013606  14013465.1555
0.0040   7084187.969104     0.000019048   6549062.3479
0.0060   4604862.679423     0.000024490   4069737.0579
0.0080   3371960.643863     0.000027211   2836835.0244
0.0100   2636697.284381     0.000008163   2101571.6642
0.0120   2148654.291843     0.000024490   1613528.6717
0.0140   1801457.926889     0.000019048   1266332.3067
0.0160   1542304.040780     0.000027211   1007178.4206
0.0180   1341684.029815     0.000013606    806558.4095
0.0200   1182254.255487     0.000010885    647128.6352
0.0400    485887.697575     0.000027211    -49237.9226
0.0600    272578.767270     0.000027211   -262546.8529
0.0800    174953.072242     0.000021769   -360172.5480
0.1000    120969.413878     0.000024490   -414156.2063
0.1200     87976.527786     0.000021769   -447149.0925
0.1400     66126.306237     0.000008163   -468999.3139
0.1600     50728.976734     0.000005442   -484396.6434
0.1800     39559.843286     0.000002721   -495565.7770
0.2000     31338.773856     0.000013606   -503786.8464
0.2400     20577.800697     0.000010885   -514547.8196
0.2800     14236.348663     0.000013606   -520889.2716
0.3200     10129.535817     0.000016327   -524996.0844
0.3600      7272.195420     0.000010885   -527853.4246
0.4000      5357.169986     0.000016327   -529768.4503    -39244.395
0.4500      3781.486639     0.000024490   -531344.1335    -25097.664
0.5000      2750.469509     0.000010885   -532375.1507    -16889.742
0.5500      2033.500983     0.000016327   -533092.1193    -12294.877
0.6000      1501.337399     0.000010885   -533624.2828     -9064.550
0.6500      1115.855623     0.000021769   -534009.7646     -6483.690
0.7000       840.679260     0.000024490   -534284.9409     -4628.962
0.7500       643.132468     0.000021769   -534482.4878     -3344.874
0.8000       499.090437     0.000016327   -534626.5297     -2462.735
0.8500       391.987931     0.000027211   -534733.6324     -1851.088
0.9000       310.814182     0.000013606   -534814.8061     -1418.576
0.9500       248.558472     0.000010885   -534877.0617     -1106.474
1.0000       199.800747     0.000013606   -534925.8194      -872.179
1.1000       130.585386     0.000024490   -534995.0348      -550.905
1.2000        86.259728     0.000021769   -535039.3606      -353.502
1.3000        57.251460     0.000016327   -535068.3687      -230.643
1.4000        38.121022     0.000013606   -535087.4992      -153.571
1.5000        25.555052     0.000021769   -535100.0651      -103.259
1.6000        17.293005     0.000019048   -535108.3273       -69.052
1.7000        11.751211     0.000021769   -535113.8689       -46.317
1.8000         8.045349     0.000013606   -535117.5748       -31.126
1.9000         5.582010     0.000016327   -535120.0383       -20.789
2.0000         3.961786     0.000021769   -535121.6584       -13.711
2.1000         2.912953     0.000019048   -535122.7072        -9.002
2.2000         2.250467     0.000024490   -535123.3698        -5.662
2.3000         1.847929     0.000021769   -535123.7722        -3.491
2.4000         1.619094     0.000021769   -535124.0011        -1.965
2.5000         1.505435     0.000024490   -535124.1148        -1.008
2.6000         1.467404     0.000013606   -535124.1529        -0.306
2.7000         1.477361     0.000021769   -535124.1428         0.082
2.8000         1.518420     0.000013606   -535124.1017         0.377
2.9000         1.576669     0.000010885   -535124.0435         0.543
3.0000         1.644431     0.000013606   -535123.9758         0.602
3.1000         1.716819     0.000024490   -535123.9034         0.649
3.2000         1.788790     0.000013606   -535123.8313         0.660
3.3000         1.858323     0.000016327   -535123.7619         0.636
3.4000         1.924885     0.000013606   -535123.6952         0.595
3.5000         1.986723     0.000024490   -535123.6334         0.557
3.6000         2.043072     0.000010885   -535123.5771         0.520
3.7000         2.094170     0.000016327   -535123.5260         0.469
3.8000         2.140593     0.000016327   -535123.4797         0.415
3.9000         2.182142     0.000016327   -535123.4381         0.373
4.0000         2.218842     0.000021769   -535123.4013         0.332
5.0000         2.405207     0.000027211   -535123.2149         0.077
6.0000         2.445113     0.000010885   -535123.1752         0.014
7.0000         2.452650     0.000021769   -535123.1676         0.002
8.0000         2.454076     0.000021769   -535123.1662        -0.000
9.0000         2.454337     0.000021769   -535123.1659        -0.001
10.0000         2.454386     0.000010885   -535123.1657        -0.001
100.0000         2.454400     0.000013606   -535123.1657
1000.0000         2.454400     0.000019048   -535123.1657
