0.0020         0.000000     0.000016327  31170981.5255
0.0040  15532131.414155     0.000010885  14807713.6405
0.0060  10099438.896361     0.000024490   9375021.1242
0.0080   7392153.522300     0.000021769   6667735.7493
0.0100   5771261.780946     0.000019048   5046844.0097
0.0120   4693432.001702     0.000027211   3969014.2280
0.0140   3926855.036772     0.000013606   3202437.2646
0.0160   3355500.147382     0.000024490   2631082.3750
0.0180   2914244.340336     0.000021769   2189826.5680
0.0200   2563847.118657     0.000010885   1839429.3464
0.0400   1039346.472225     0.000005442    314928.6997
0.0600    575120.460870     0.000019048   -149297.3115
0.0800    364890.127306     0.000019048   -359527.6450
0.1000    251174.989062     0.000008163   -473242.7834
0.1200    181185.160834     0.000024490   -543232.6115
0.1400    135859.453067     0.000010885   -588558.3192
0.1600    105172.687593     0.000027211   -619245.0848
0.1800     82864.336023     0.000013606   -641553.4362
0.2000     65923.716599     0.000013606   -658494.0557
0.2400     43166.134108     0.000005442   -681251.6382
0.2800     29668.812269     0.000016327   -694748.9600
0.3200     21084.848737     0.000019048   -703332.9236
0.3600     15111.446903     0.000027211   -709306.3254
0.4000     11192.877419     0.000021769   -713224.8949
0.4500      8001.776144     0.000027211   -716415.9962    -51006.437
0.5000      5882.299645     0.000016327   -718535.4728    -35174.028
0.5500      4389.093585     0.000008163   -720028.6789    -25182.821
0.6000      3314.270973     0.000021769   -721103.5015    -18187.028
0.6500      2535.978766     0.000024490   -721881.7937    -13252.003
0.7000      1965.433287     0.000019048   -722452.3391     -9810.236
0.7500      1539.271870     0.000019048   -722878.5006     -7403.117
0.8000      1214.500689     0.000019048   -723203.2716     -5698.464
0.8500       962.453604     0.000024490   -723455.3188     -4450.284
0.9000       764.931988     0.000019048   -723652.8403     -3488.955
0.9500       610.027310     0.000013606   -723807.7450     -2732.492
1.0000       488.640984     0.000024490   -723929.1315     -2141.789
1.1000       318.154812     0.000019048   -724099.6174     -1333.350
1.2000       210.902434     0.000013606   -724206.8701      -849.587
1.3000       141.873318     0.000016327   -724275.8991      -552.619
1.4000        96.579587     0.000021769   -724321.1928      -365.544
1.5000        66.364597     0.000024490   -724351.4078      -245.449
1.6000        45.948026     0.000019048   -724371.8245      -167.171
1.7000        31.913985     0.000016327   -724385.8585      -115.379
1.8000        22.144201     0.000010885   -724395.6282       -80.565
1.9000        15.375007     0.000019048   -724402.3973       -56.712
2.0000        10.597603     0.000021769   -724407.1748       -40.120
2.1000         7.213325     0.000021769   -724410.5591       -28.441
2.2000         4.815029     0.000016327   -724412.9572       -20.264
2.3000         3.153548     0.000013606   -724414.6187       -14.365
2.4000         2.008294     0.000016327   -724415.7641       -10.218
2.5000         1.202804     0.000013606   -724416.5695        -7.321
2.6000         0.640845     0.000013606   -724417.1314        -5.139
2.7000         0.253880     0.000016327   -724417.5184        -3.582
2.8000        -0.006659     0.000010885   -724417.7791        -2.415
2.9000        -0.176123     0.000019048   -724417.9486        -1.553
3.0000        -0.279183     0.000019048   -724418.0515        -0.947
3.1000        -0.334787     0.000024490   -724418.1072        -0.464
3.2000        -0.356298     0.000024490   -724418.1287        -0.183
3.3000        -0.353514     0.000019048   -724418.1260         0.069
3.4000        -0.334499     0.000021769   -724418.1070         0.244
3.5000        -0.304909     0.000027211   -724418.0773         0.330
3.6000        -0.268228     0.000027211   -724418.0406         0.389
3.7000        -0.227961     0.000024490   -724418.0003         0.428
3.8000        -0.186787     0.000019048   -724417.9592         0.450
3.9000        -0.145761     0.000021769   -724417.9181         0.429
4.0000        -0.105401     0.000024490   -724417.8778         0.418
5.0000         0.168735     0.000019048   -724417.6036         0.173
6.0000         0.268552     0.000010885   -724417.5037         0.054
7.0000         0.298025     0.000016327   -724417.4743         0.014
8.0000         0.305815     0.000010885   -724417.4667         0.004
9.0000         0.307704     0.000027211   -724417.4648         0.002
10.0000         0.308155     0.000008163   -724417.4642         0.002
100.0000         0.308278     0.000008163   -724417.4642
1000.0000         0.308278     0.000008163   -724417.4642
