0.0020  17878277.451292     0.000024490  17405709.2952
0.0040   8706817.397688     0.000008163   8234249.2420
0.0060   5663085.262829     0.000013606   5190517.1084
0.0080   4146503.090693     0.000016327   3673934.9355
0.0100   3239667.165288     0.000008163   2767099.0111
0.0120   2637236.635186     0.000021769   2164668.4803
0.0140   2209196.364066     0.000027211   1736628.2091
0.0160   1889818.172889     0.000010885   1417250.0178
0.0180   1642975.488421     0.000021769   1170407.3336
0.0200   1446820.792620     0.000016327    974252.6377
0.0400    594585.037582     0.000024490    122016.8826
0.0600    332069.996440     0.000010885   -140498.1585
0.0800    211981.019102     0.000010885   -260587.1358
0.1000    146153.272596     0.000021769   -326414.8822
0.1200    106085.265582     0.000016327   -366482.8895
0.1400     79741.387180     0.000008163   -392826.7677
0.1600     61153.370327     0.000013606   -411414.7847
0.1800     47675.014082     0.000021769   -424893.1410
0.2000     37820.881138     0.000008163   -434747.2737
0.2400     25020.220008     0.000024490   -447547.9348
0.2800     17415.883990     0.000019048   -455152.2710
0.3200     12234.187366     0.000021769   -460333.9676
0.3600      8861.342002     0.000019048   -463706.8131
0.4000      6560.419410     0.000013606   -466007.7355    -47865.321
0.4500      4613.234774     0.000019048   -467954.9202    -31343.584
0.5000      3306.141016     0.000021769   -469262.0138    -22014.023
0.5500      2363.491305     0.000013606   -470204.6637    -15782.022
0.6000      1705.149240     0.000013606   -470863.0056    -10826.521
0.6500      1253.985124     0.000021769   -471314.1697     -7441.484
0.7000       941.565084     0.000019048   -471626.5897     -5205.911
0.7500       720.558038     0.000010885   -471847.5969     -3733.043
0.8000       560.032661     0.000013606   -472008.1223     -2751.443
0.8500       440.229061     0.000010885   -472127.9260     -2080.682
0.9000       348.712290     0.000016327   -472219.4425     -1604.766
0.9500       277.645558     0.000021769   -472290.5094     -1253.129
1.0000       221.922268     0.000016327   -472346.2327      -985.085
1.1000       143.589331     0.000016327   -472424.5656      -620.892
1.2000        93.768547     0.000016327   -472474.3864      -403.474
1.3000        60.324051     0.000019048   -472507.8308      -269.258
1.4000        38.316342     0.000016327   -472529.8386      -179.479
1.5000        23.688062     0.000013606   -472544.4669      -120.341
1.6000        13.913859     0.000021769   -472554.2412       -81.027
1.7000         7.380525     0.000027211   -472560.7744       -54.484
1.8000         3.038332     0.000019048   -472565.1165       -36.310
1.9000         0.188210     0.000027211   -472567.9666       -23.799
2.0000        -1.639895     0.000024490   -472569.7950       -15.195
2.1000        -2.766479     0.000024490   -472570.9215        -9.181
2.2000        -3.411822     0.000024490   -472571.5667        -5.108
2.3000        -3.728775     0.000027211   -472571.8837        -2.254
2.4000        -3.788371     0.000019048   -472571.9433        -0.409
2.5000        -3.691512     0.000010885   -472571.8464         0.814
2.6000        -3.510771     0.000016327   -472571.6657         1.576
2.7000        -3.280309     0.000019048   -472571.4353         2.057
2.8000        -3.022998     0.000013606   -472571.1778         2.303
2.9000        -2.754264     0.000019048   -472570.9093         2.425
3.0000        -2.485356     0.000008163   -472570.6404         2.448
3.1000        -2.178751     0.000010885   -472570.3337         2.338
3.2000        -1.802170     0.000016327   -472569.9571         2.090
3.3000        -1.475035     0.000013606   -472569.6300         1.860
3.4000        -1.190120     0.000013606   -472569.3451         1.643
3.5000        -0.941691     0.000010885   -472569.0967         1.452
3.6000        -0.725295     0.000019048   -472568.8801         1.281
3.7000        -0.536930     0.000021769   -472568.6918         1.129
3.8000        -0.372385     0.000010885   -472568.5274         0.989
3.9000        -0.225757     0.000024490   -472568.3808         0.864
4.0000        -0.077868     0.000016327   -472568.2327         0.739
5.0000         0.588479     0.000021769   -472567.5663         0.158
6.0000         0.738580     0.000021769   -472567.4164         0.063
7.0000         0.794461     0.000008163   -472567.3603         0.023
8.0000         0.826323     0.000010885   -472567.3285         0.015
9.0000         0.848122     0.000008163   -472567.3067         0.011
10.0000         0.864272     0.000019048   -472567.2907         0.008
100.0000         0.968288     0.000019048   -472567.1867         0.000
1000.0000         0.976742     0.000024490   -472567.1783
