0.0020  18124112.576903     0.000021769  17551835.3897
0.0040   8822551.247029     0.000024490   8250274.0603
0.0060   5735145.306797     0.000019048   5162868.1205
0.0080   4199163.285423     0.000024490   3626886.0998
0.0100   3282844.363188     0.000021769   2710567.1764
0.0120   2673934.267890     0.000024490   2101657.0811
0.0140   2240726.935683     0.000008163   1668449.7490
0.0160   1917513.254008     0.000016327   1345236.0673
0.0180   1667277.729209     0.000016327   1095000.5424
0.0200   1468470.700398     0.000016327    896193.5137
0.0400    601062.961038     0.000013606     28785.7743
0.0600    335889.535158     0.000021769   -236387.6515
0.0800    214504.680061     0.000021769   -357772.5067
0.1000    147946.338751     0.000010885   -424330.8479
0.1200    107270.339105     0.000010885   -465006.8476
0.1400     80253.499169     0.000013606   -492023.6875
0.1600     61306.051834     0.000027211   -510971.1350
0.1800     47711.362659     0.000016327   -524565.8240
0.2000     37831.284662     0.000013606   -534445.9021
0.2400     25045.269094     0.000016327   -547231.9177
0.2800     17279.143454     0.000019048   -554998.0433
0.3200     12137.037286     0.000019048   -560140.1495
0.3600      8803.738138     0.000016327   -563473.4487
0.4000      6540.712904     0.000019048   -565736.4738    -46889.510
0.4500      4631.389518     0.000016327   -567645.7971    -31025.464
0.5000      3315.716891     0.000024490   -568961.4697    -22163.601
0.5500      2387.130849     0.000010885   -569890.0558    -15286.414
0.6000      1751.887003     0.000013606   -570525.2996    -10430.175
0.6500      1315.109313     0.000013606   -570962.0774     -7248.559
0.7000      1007.574063     0.000016327   -571269.6127     -5184.355
0.7500       784.386727     0.000021769   -571492.8000     -3825.170
0.8000       617.003182     0.000010885   -571660.1836     -2918.220
0.8500       487.472834     0.000016327   -571789.7139     -2285.034
0.9000       385.556888     0.000024490   -571891.6298     -1812.470
0.9500       304.644049     0.000019048   -571972.5426     -1442.633
1.0000       240.596200     0.000016327   -572036.5906     -1134.271
1.1000       151.068008     0.000027211   -572126.1186      -693.546
1.2000        96.045379     0.000019048   -572181.1414      -429.388
1.3000        61.623635     0.000016327   -572215.5630      -271.109
1.4000        39.663608     0.000016327   -572237.5231      -174.153
1.5000        25.513737     0.000019048   -572251.6730      -113.456
1.6000        16.218060     0.000027211   -572260.9687       -75.226
1.7000        10.106454     0.000021769   -572267.0801       -50.707
1.8000         6.155367     0.000024490   -572271.0312       -34.865
1.9000         3.443823     0.000013606   -572273.7428       -24.034
2.0000         1.581181     0.000010885   -572275.6055       -16.611
2.1000         0.307813     0.000008163   -572276.8790       -11.314
2.2000        -0.551194     0.000021769   -572277.7380        -7.600
2.3000        -1.118282     0.000013606   -572278.3051        -4.963
2.4000        -1.478284     0.000016327   -572278.6651        -3.049
2.5000        -1.692176     0.000024490   -572278.8790        -1.734
2.6000        -1.802262     0.000024490   -572278.9889        -0.783
2.7000        -1.839665     0.000019048   -572279.0265        -0.105
2.8000        -1.825634     0.000019048   -572279.0123         0.343
2.9000        -1.775884     0.000016327   -572278.9625         0.676
3.0000        -1.702056     0.000016327   -572278.8888         0.884
3.1000        -1.611157     0.000021769   -572278.7979         1.007
3.2000        -1.509509     0.000013606   -572278.6961         1.100
3.3000        -1.374622     0.000008163   -572278.5614         1.117
3.4000        -1.175462     0.000021769   -572278.3623         1.040
3.5000        -0.994952     0.000005442   -572278.1816         0.975
3.6000        -0.832288     0.000013606   -572278.0191         0.903
3.7000        -0.685626     0.000010885   -572277.8724         0.846
3.8000        -0.553110     0.000013606   -572277.7399         0.772
3.9000        -0.433284     0.000013606   -572277.6199         0.707
4.0000        -0.325263     0.000013606   -572277.5119         0.654
5.0000         0.382285     0.000008163   -572276.8044         0.188
6.0000         0.586291     0.000019048   -572276.6003         0.049
7.0000         0.630597     0.000021769   -572276.5562         0.011
8.0000         0.642796     0.000021769   -572276.5440         0.003
9.0000         0.647838     0.000021769   -572276.5388         0.002
10.0000         0.650782     0.000019048   -572276.5358         0.001
100.0000         0.667038     0.000021769   -572276.5198
1000.0000         0.668274     0.000008163   -572276.5184
