0.0020    816115.582978     0.000008163    583013.9404
0.0040    398825.344254     0.000008163    165723.7018
0.0060    260086.078674     0.000008163     26984.4363
0.0080    191038.809951     0.000008163    -42062.8325
0.0100    149861.377282     0.000016327    -83240.2651
0.0120    122535.535263     0.000002721   -110566.1072
0.0140    103103.501030     0.000019048   -129998.1414
0.0160     88596.067906     0.000027211   -144505.5745
0.0180     77373.040908     0.000005442   -155728.6015
0.0200     68419.713000     0.000013606   -164681.9294
0.0400     28953.085206     0.000024490   -204148.5572
0.0600     16698.399392     0.000019048   -216403.2430
0.0800     11001.624944     0.000019048   -222100.0175
0.1000      7782.431275     0.000019048   -225319.2111
0.1200      5777.712253     0.000021769   -227323.9302
0.1400      4450.419214     0.000013606   -228651.2232
0.1600      3521.931740     0.000019048   -229579.7107    -39330.915
0.1800      2842.301122     0.000024490   -230259.3413    -29395.284
0.2000      2325.235225     0.000027211   -230776.4072    -22708.411
0.2400      1600.581646     0.000019048   -231501.0608    -14299.386
0.2800      1136.730084     0.000019048   -231964.9123     -9289.026
0.3200       831.911879     0.000010885   -232269.7305     -6186.286
0.3600       626.277833     0.000021769   -232475.3646     -4237.762
0.4000       483.271057     0.000019048   -232618.3713     -3003.027
0.4500       358.834859     0.000019048   -232742.8076     -2055.043
0.5000       271.639186     0.000013606   -232830.0032     -1476.508
0.5500       207.962914     0.000027211   -232893.6795     -1093.926
0.6000       160.443888     0.000021769   -232941.1985      -821.243
0.6500       124.674238     0.000013606   -232976.9682      -619.009
0.7000        97.735073     0.000019048   -233003.9073      -466.915
0.7500        77.401064     0.000010885   -233024.2413      -352.641
0.8000        62.103026     0.000010885   -233039.5394      -267.546
0.8500        50.485439     0.000024490   -233051.1570      -204.143
0.9000        41.627936     0.000024490   -233060.0145      -157.336
0.9500        34.769380     0.000021769   -233066.8730      -122.870
1.0000        29.366609     0.000016327   -233072.2758       -97.536
1.1000        21.488339     0.000016327   -233080.1541       -65.350
1.2000        16.031703     0.000024490   -233085.6107       -46.884
1.3000        12.072194     0.000016327   -233089.5702       -35.059
1.4000         9.114971     0.000016327   -233092.5274       -26.359
1.5000         6.893123     0.000013606   -233094.7493       -19.704
1.6000         5.244654     0.000016327   -233096.3978       -14.442
1.7000         4.041888     0.000010885   -233097.6005       -10.439
1.8000         3.178152     0.000021769   -233098.4643        -7.418
1.9000         2.566176     0.000027211   -233099.0762        -5.207
2.0000         2.135937     0.000019048   -233099.5065        -3.625
2.1000         1.834119     0.000027211   -233099.8083        -2.524
2.2000         1.621391     0.000010885   -233100.0210        -1.759
2.3000         1.469004     0.000008163   -233100.1734        -1.248
2.4000         1.356989     0.000019048   -233100.2854        -0.904
2.5000         1.272174     0.000024490   -233100.3702        -0.679
2.6000         1.205647     0.000024490   -233100.4368        -0.528
2.7000         1.151379     0.000024490   -233100.4910        -0.425
2.8000         1.106026     0.000010885   -233100.5364        -0.349
2.9000         1.067446     0.000019048   -233100.5750        -0.296
3.0000         1.034346     0.000013606   -233100.6081        -0.257
3.1000         1.005782     0.000013606   -233100.6366        -0.221
3.2000         0.981009     0.000005442   -233100.6614        -0.191
3.3000         0.959618     0.000021769   -233100.6828        -0.162
3.4000         0.941365     0.000019048   -233100.7010        -0.141
3.5000         0.925884     0.000013606   -233100.7165        -0.120
3.6000         0.912847     0.000008163   -233100.7296        -0.102
3.7000         0.901992     0.000005442   -233100.7404        -0.084
3.8000         0.892945     0.000005442   -233100.7495        -0.065
3.9000         0.885530     0.000005442   -233100.7569        -0.057
4.0000         0.879502     0.000024490   -233100.7629        -0.045
5.0000         0.860879     0.000021769   -233100.7815        -0.000
6.0000         0.862658     0.000021769   -233100.7798         0.003
7.0000         0.864022     0.000021769   -233100.7784         0.001
8.0000         0.864427     0.000021769   -233100.7780         0.000
9.0000         0.864506     0.000021769   -233100.7779
10.0000         0.864528     0.000021769   -233100.7779         0.000
100.0000         0.864536     0.000021769   -233100.7779
1000.0000         0.864539     0.000021769   -233100.7779
