0.0020   7493134.140126     0.000024490   7356736.5057
0.0040   3665904.380470     0.000021769   3529506.7450
0.0060   2392595.308511     0.000021769   2256197.6742
0.0080   1757860.500960     0.000019048   1621462.8666
0.0100   1378140.607899     0.000002721   1241742.9736
0.0120   1125659.484346     0.000021769    989261.8500
0.0140    945841.031629     0.000013606    809443.3974
0.0160    811541.234971     0.000024490    675143.6006
0.0180    707478.305273     0.000027211    571080.6709
0.0200    624556.334496     0.000016327    488158.7003
0.0400    260553.808649     0.000016327    124156.1743
0.0600    148331.483234     0.000019048     11933.8489
0.0800     95878.231418     0.000016327    -40519.4029
0.1000     66721.563696     0.000013606    -69676.0706
0.1200     48796.869023     0.000021769    -87600.7653
0.1400     36846.644082     0.000005442    -99550.9902
0.1600     28443.026203     0.000019048   -107954.6081
0.1800     22364.277721     0.000013606   -114033.3566
0.2000     17903.581737     0.000016327   -118494.0526
0.2400     12062.874289     0.000019048   -124334.7600
0.2800      8592.402708     0.000016327   -127805.2316
0.3200      6111.560040     0.000024490   -130286.0743    -50038.033
0.3600      4469.541201     0.000013606   -131928.0931    -33391.765
0.4000      3352.451432     0.000024490   -133045.1829    -23273.201
0.4500      2396.770946     0.000016327   -134000.8634    -15556.255
0.5000      1753.357738     0.000024490   -134644.2766    -10541.710
0.5500      1313.012427     0.000019048   -135084.6219     -7352.067
0.6000       996.964776     0.000013606   -135400.6695     -5519.482
0.6500       745.781601     0.000024490   -135651.8527     -4464.520
0.7000       552.265203     0.000016327   -135845.3691     -3277.965
0.7500       412.210012     0.000021769   -135985.4243     -2370.127
0.8000       310.621808     0.000008163   -136087.0125     -1727.032
0.8500       236.122217     0.000021769   -136161.5121     -1276.066
0.9000       180.647895     0.000010885   -136216.9864      -958.392
0.9500       138.867057     0.000010885   -136258.7672      -731.762
1.0000       106.762214     0.000010885   -136290.8721      -566.691
1.1000        62.159288     0.000027211   -136335.4750      -348.843
1.2000        34.516295     0.000027211   -136363.1180      -215.898
1.3000        17.449229     0.000021769   -136380.1851      -131.067
1.4000         7.125579     0.000027211   -136390.5087       -77.131
1.5000         1.122372     0.000024490   -136396.5119       -43.433
1.6000        -2.159056     0.000008163   -136399.7934       -22.834
1.7000        -3.824197     0.000010885   -136401.4585       -10.455
1.8000        -4.388110     0.000013606   -136402.0224        -3.318
1.9000        -3.816159     0.000019048   -136401.4505        -0.453
2.0000        -3.210425     0.000002721   -136400.8448         1.365
2.1000        -2.580824     0.000010885   -136400.2151         2.429
2.2000        -1.938717     0.000021769   -136399.5730         3.016
2.3000        -1.230254     0.000010885   -136398.8646         3.083
2.4000        -0.284424     0.000010885   -136397.9187         2.595
2.5000         0.448923     0.000010885   -136397.1854         2.250
2.6000         1.028574     0.000021769   -136396.6057         2.040
2.7000         1.496406     0.000016327   -136396.1379         1.878
2.8000         1.883627     0.000024490   -136395.7507         1.767
2.9000         2.210066     0.000024490   -136395.4242         1.673
3.0000         2.542304     0.000010885   -136395.0920         1.553
3.1000         2.836921     0.000013606   -136394.7974         1.436
3.2000         3.098529     0.000005442   -136394.5358         1.334
3.3000         3.331796     0.000016327   -136394.3025         1.226
3.4000         3.541090     0.000027211   -136394.0932         1.113
3.5000         3.728617     0.000027211   -136393.9057         1.012
3.6000         3.896155     0.000019048   -136393.7382         0.922
3.7000         4.045698     0.000021769   -136393.5886         0.828
3.8000         4.179472     0.000002721   -136393.4548         0.736
3.9000         4.298644     0.000027211   -136393.3357         0.657
4.0000         4.404156     0.000016327   -136393.2302         0.585
5.0000         4.948972     0.000016327   -136392.6854         0.146
6.0000         5.070041     0.000010885   -136392.5643         0.033
7.0000         5.093821     0.000008163   -136392.5405         0.006
8.0000         5.098852     0.000005442   -136392.5355         0.001
9.0000         5.100207     0.000008163   -136392.5341        -0.000
10.0000         5.100763     0.000002721   -136392.5335        -0.000
100.0000         5.103116     0.000008163   -136392.5312
1000.0000         5.103288     0.000013606   -136392.5310
