0.0020   7812922.251343     0.000019048   7604116.6129
0.0040   3810972.610251     0.000008163   3602166.9711
0.0060   2485622.845828     0.000016327   2276817.2072
0.0080   1824396.117989     0.000016327   1615590.4794
0.0100   1428993.260213     0.000024490   1220187.6217
0.0120   1166658.178958     0.000021769    957852.5402
0.0140    979916.778133     0.000021769    771111.1395
0.0160    840303.734421     0.000024490    631498.0959
0.0180    732207.050840     0.000024490    523401.4122
0.0200    646175.103606     0.000005442    437369.4651
0.0400    269695.891886     0.000021769     60890.2532
0.0600    153265.984560     0.000010885    -55539.6541
0.0800     98668.149331     0.000019048   -110137.4893
0.1000     68597.712488     0.000010885   -140207.9262
0.1200     50113.140646     0.000019048   -158692.4980
0.1400     37757.133950     0.000010885   -171048.5047
0.1600     29121.334739     0.000019048   -179684.3039
0.1800     22968.340149     0.000013606   -185837.2985
0.2000     18495.685909     0.000016327   -190309.9528
0.2400     12635.677377     0.000013606   -196169.9613
0.2800      8870.510190     0.000024490   -199935.1285
0.3200      6368.957097     0.000027211   -202436.6816    -50105.655
0.3600      4727.591773     0.000024490   -204078.0469    -33393.020
0.4000      3616.927913     0.000021769   -205188.7107    -22994.033
0.4500      2681.783007     0.000010885   -206123.8556    -15197.020
0.5000      2030.204309     0.000016327   -206775.4343    -11347.243
0.5500      1530.841461     0.000016327   -207274.7972     -8627.559
0.6000      1162.108044     0.000010885   -207643.5306     -6239.723
0.6500       895.991707     0.000024490   -207909.6470     -4511.084
0.7000       702.102442     0.000021769   -208103.5362     -3317.207
0.7500       558.011341     0.000021769   -208247.6273     -2493.850
0.8000       448.587548     0.000016327   -208357.0511     -1915.129
0.8500       363.890722     0.000005442   -208441.7479     -1498.657
0.9000       297.452412     0.000019048   -208508.1862     -1195.064
0.9500       244.089558     0.000019048   -208561.5491      -967.941
1.0000       200.683520     0.000016327   -208604.9551      -792.559
1.1000       136.143101     0.000008163   -208669.4956      -535.955
1.2000        92.358466     0.000010885   -208713.2802      -356.116
1.3000        63.366245     0.000016327   -208742.2724      -234.304
1.4000        43.775580     0.000013606   -208761.8631      -160.637
1.5000        29.477134     0.000024490   -208776.1615      -115.391
1.6000        19.123130     0.000019048   -208786.5155       -83.858
1.7000        11.940459     0.000019048   -208793.6982       -59.976
1.8000         6.880674     0.000019048   -208798.7580       -42.620
1.9000         3.337127     0.000024490   -208802.3015       -30.071
2.0000         0.878950     0.000024490   -208804.7597       -20.962
2.1000        -0.800720     0.000016327   -208806.4394       -14.323
2.2000        -1.921647     0.000016327   -208807.5603        -9.574
2.3000        -2.641856     0.000013606   -208808.2805        -6.068
2.4000        -3.071930     0.000016327   -208808.7106        -3.653
2.5000        -3.293847     0.000008163   -208808.9325        -1.834
2.6000        -3.373424     0.000013606   -208809.0121        -0.584
2.7000        -3.353660     0.000019048   -208808.9923         0.259
2.8000        -3.266285     0.000016327   -208808.9049         0.886
2.9000        -3.134154     0.000024490   -208808.7728         1.268
3.0000        -2.973378     0.000027211   -208808.6120         1.510
3.1000        -2.796142     0.000016327   -208808.4348         1.673
3.2000        -2.537003     0.000013606   -208808.1757         1.656
3.3000        -2.258636     0.000010885   -208807.8973         1.558
3.4000        -2.005823     0.000013606   -208807.6445         1.466
3.5000        -1.777116     0.000010885   -208807.4158         1.355
3.6000        -1.570579     0.000024490   -208807.2092         1.244
3.7000        -1.384611     0.000021769   -208807.0233         1.133
3.8000        -1.217808     0.000013606   -208806.8565         1.037
3.9000        -1.068170     0.000008163   -208806.7068         0.937
4.0000        -0.933939     0.000016327   -208806.5726         0.841
5.0000        -0.119251     0.000019048   -208805.7579         0.235
6.0000         0.103654     0.000005442   -208805.5350         0.059
7.0000         0.181783     0.000019048   -208805.4569         0.031
8.0000         0.222053     0.000010885   -208805.4166         0.018
9.0000         0.248301     0.000005442   -208805.3904         0.013
10.0000         0.267336     0.000021769   -208805.3713         0.010
100.0000         0.385009     0.000021769   -208805.2537         0.000
1000.0000         0.394329     0.000019048   -208805.2443
