0.0020   6327973.063889     0.000016327   6127331.2182
0.0040   3087771.280021     0.000010885   2887129.4340
0.0060   2013588.377367     0.000024490   1812946.5323
0.0080   1478118.321851     0.000019048   1277476.4768
0.0100   1157942.987059     0.000024490    957301.1421
0.0120    945696.566224     0.000005442    745054.7211
0.0140    794792.197500     0.000010885    594150.3526
0.0160    681933.964955     0.000016327    481292.1200
0.0180    594464.766686     0.000027211    393822.9216
0.0200    524784.846128     0.000016327    324143.0011
0.0400    219686.891324     0.000016327     19045.0463
0.0600    125316.166183     0.000008163    -75325.6788
0.0800     81081.679658     0.000013606   -119560.1654
0.1000     56563.888114     0.000013606   -144077.9569
0.1200     41480.878171     0.000013606   -159160.9668
0.1400     31398.342690     0.000021769   -169243.5023
0.1600     24297.543704     0.000024490   -176344.3013
0.1800     19165.002592     0.000021769   -181476.8424
0.2000     15398.040210     0.000016327   -185243.8048
0.2400     10445.988532     0.000010885   -190195.8565
0.2800      7473.261831     0.000016327   -193168.5832
0.3200      5472.532490     0.000021769   -195169.3125    -41764.881
0.3600      4067.824078     0.000016327   -196574.0209    -29008.236
0.4000      3098.186333     0.000019048   -197543.6587    -20149.341
0.4500      2278.663784     0.000013606   -198363.1812    -13207.144
0.5000      1733.626768     0.000027211   -198908.2182     -9010.344
0.5500      1341.248324     0.000021769   -199300.5967     -6936.280
0.6000      1031.420338     0.000008163   -199610.4247     -5449.471
0.6500       794.204696     0.000024490   -199847.6403     -4083.819
0.7000       617.998673     0.000005442   -200023.8463     -3019.655
0.7500       487.537717     0.000013606   -200154.3073     -2243.178
0.8000       389.951259     0.000005442   -200251.8937     -1690.807
0.8500       315.586138     0.000013606   -200326.2589     -1300.231
0.9000       257.642447     0.000010885   -200384.2026     -1021.186
0.9500       211.490328     0.000021769   -200430.3547      -817.735
1.0000       173.989277     0.000016327   -200467.8557      -666.238
1.1000       117.730633     0.000016327   -200524.1144      -458.536
1.2000        79.143260     0.000024490   -200562.7017      -321.494
1.3000        52.129677     0.000024490   -200589.7153      -224.147
1.4000        33.431295     0.000008163   -200608.4137      -153.903
1.5000        20.667534     0.000019048   -200621.1775      -104.320
1.6000        12.056812     0.000019048   -200629.7882       -69.883
1.7000         6.315648     0.000027211   -200635.5293       -46.245
1.8000         2.543411     0.000008163   -200639.3016       -30.101
1.9000         0.114576     0.000016327   -200641.7304       -19.090
2.0000        -1.398179     0.000019048   -200643.2432       -11.586
2.1000        -2.289219     0.000021769   -200644.1342        -6.519
2.2000        -2.673814     0.000021769   -200644.5188        -3.235
2.3000        -2.489486     0.000005442   -200644.3345        -1.652
2.4000        -2.277945     0.000016327   -200644.1230        -0.621
2.5000        -2.059046     0.000024490   -200643.9040         0.080
2.6000        -1.844304     0.000024490   -200643.6893         0.506
2.7000        -1.638537     0.000016327   -200643.4835         0.802
2.8000        -1.444667     0.000019048   -200643.2897         0.978
2.9000        -1.264040     0.000024490   -200643.1090         1.048
3.0000        -1.097207     0.000016327   -200642.9422         1.090
3.1000        -0.865224     0.000027211   -200642.7102         0.939
3.2000        -0.677346     0.000024490   -200642.5224         0.809
3.3000        -0.526892     0.000013606   -200642.3719         0.708
3.4000        -0.404680     0.000010885   -200642.2497         0.630
3.5000        -0.304289     0.000019048   -200642.1493         0.558
3.6000        -0.220891     0.000013606   -200642.0659         0.495
3.7000        -0.150702     0.000021769   -200641.9957         0.439
3.8000        -0.080216     0.000010885   -200641.9252         0.373
3.9000        -0.010953     0.000005442   -200641.8559         0.302
4.0000         0.042959     0.000016327   -200641.8020         0.244
5.0000         0.223808     0.000027211   -200641.6212         0.032
6.0000         0.245803     0.000016327   -200641.5992         0.012
7.0000         0.251256     0.000021769   -200641.5937         0.003
8.0000         0.254086     0.000021769   -200641.5909         0.002
9.0000         0.256018     0.000005442   -200641.5890         0.001
10.0000         0.257463     0.000019048   -200641.5875         0.001
100.0000         0.267142     0.000002721   -200641.5778
1000.0000         0.267956     0.000002721   -200641.5771
