0.0020   2875230.762375     0.000021769   2804555.3018
0.0040   1408012.307307     0.000021769   1337336.8478
0.0060    919789.163472     0.000008163    849113.7041
0.0080    676479.377521     0.000016327    605803.9181
0.0100    531177.993000     0.000019048    460502.5335
0.0120    434567.081191     0.000016327    363891.6217
0.0140    365914.219780     0.000008163    295238.7602
0.0160    314689.462135     0.000010885    244014.0026
0.0180    275029.136691     0.000021769    204353.6772
0.0200    243403.182368     0.000013606    172727.7229
0.0400    103503.695488     0.000013606     32828.2360
0.0600     59546.513044     0.000008163    -11128.9464
0.0800     39062.689219     0.000024490    -31612.7703
0.1000     27494.111414     0.000010885    -43181.3481
0.1200     20209.153841     0.000019048    -50466.3056
0.1400     15360.278082     0.000024490    -55315.1814
0.1600     12019.783745     0.000024490    -58655.6757
0.1800      9651.979929     0.000021769    -61023.4795
0.2000      7906.612861     0.000027211    -62768.8466
0.2400      5443.713216     0.000024490    -65231.7463    -48874.311
0.2800      3846.920308     0.000024490    -66828.5392    -32291.616
0.3200      2778.744340     0.000024490    -67896.7151    -21863.340
0.3600      2049.446176     0.000013606    -68626.0133    -15035.987
0.4000      1544.400380     0.000027211    -69131.0591    -10471.890
0.4500      1118.385366     0.000021769    -69557.0741     -6828.071
0.5000       835.861325     0.000010885    -69839.5981     -4651.953
0.5500       637.505783     0.000010885    -70037.9537     -3396.246
0.6000       488.016504     0.000010885    -70187.4430     -2629.446
0.6500       371.954082     0.000024490    -70303.5054     -2027.832
0.7000       283.498215     0.000016327    -70391.9613     -1526.100
0.7500       217.382112     0.000010885    -70458.0774     -1134.695
0.8000       168.265349     0.000019048    -70507.1941      -843.251
0.8500       131.668995     0.000021769    -70543.7905      -630.502
0.9000       104.186911     0.000010885    -70571.2726      -475.948
0.9500        83.326236     0.000027211    -70592.1333      -363.589
1.0000        67.292343     0.000024490    -70608.1671      -281.501
1.1000        44.893247     0.000021769    -70630.5662      -176.709
1.2000        30.402011     0.000021769    -70645.0575      -118.498
1.3000        20.413682     0.000016327    -70655.0458       -83.953
1.4000        13.231547     0.000016327    -70662.2279       -61.017
1.5000         8.010055     0.000013606    -70667.4494       -44.210
1.6000         4.314040     0.000016327    -70671.1454       -31.478
1.7000         2.015763     0.000021769    -70673.4437       -22.417
1.8000         0.403545     0.000027211    -70675.0559       -15.499
1.9000        -0.676786     0.000013606    -70676.1363       -10.334
2.0000        -1.359552     0.000024490    -70676.8190        -6.599
2.1000        -1.754139     0.000019048    -70677.2136        -3.905
2.2000        -1.944804     0.000016327    -70677.4043        -2.047
2.3000        -1.995357     0.000016327    -70677.4548        -0.751
2.4000        -1.951933     0.000016327    -70677.4114         0.124
2.5000        -1.848680     0.000016327    -70677.3082         0.671
2.6000        -1.709431     0.000019048    -70677.1689         1.030
2.7000        -1.551183     0.000010885    -70677.0107         1.226
2.8000        -1.385691     0.000024490    -70676.8452         1.308
2.9000        -1.220763     0.000024490    -70676.6803         1.333
3.0000        -1.061631     0.000010885    -70676.5211         1.307
3.1000        -0.910921     0.000016327    -70676.3704         1.250
3.2000        -0.771013     0.000010885    -70676.2305         1.178
3.3000        -0.642526     0.000008163    -70676.1020         1.094
3.4000        -0.525229     0.000013606    -70675.9847         1.006
3.5000        -0.418756     0.000016327    -70675.8782         0.922
3.6000        -0.305608     0.000019048    -70675.7651         0.822
3.7000        -0.192450     0.000016327    -70675.6519         0.724
3.8000        -0.094668     0.000016327    -70675.5541         0.631
3.9000        -0.010452     0.000019048    -70675.4699         0.549
4.0000         0.061688     0.000010885    -70675.3978         0.477
5.0000         0.388682     0.000005442    -70675.0708         0.122
6.0000         0.455641     0.000016327    -70675.0038         0.029
7.0000         0.475764     0.000013606    -70674.9837         0.017
8.0000         0.485277     0.000019048    -70674.9742         0.010
9.0000         0.491315     0.000010885    -70674.9682         0.008
10.0000         0.495691     0.000008163    -70674.9638         0.006
100.0000         0.522962     0.000010885    -70674.9365         0.000
1000.0000         0.525128     0.000021769    -70674.9343
