0.0020   2606020.193619     0.000021769   2522628.8136
0.0040   1275356.262873     0.000019048   1191964.8828
0.0060    832544.595696     0.000005442    749153.2156
0.0080    612158.649751     0.000019048    528767.2696
0.0100    480557.142962     0.000010885    397165.7630
0.0120    393036.551384     0.000016327    309645.1713
0.0140    330765.652108     0.000016327    247374.2720
0.0160    284366.233371     0.000019048    200974.8533
0.0180    248468.133603     0.000008163    165076.7535
0.0200    219840.822422     0.000013606    136449.4423
0.0400     93386.319741     0.000019048      9994.9397
0.0600     53682.109978     0.000010885    -29709.2701
0.0800     35257.212352     0.000021769    -48134.1677
0.1000     24851.230409     0.000019048    -58540.1497
0.1200     18301.413734     0.000021769    -65089.9663
0.1400     13943.378967     0.000016327    -69448.0011
0.1600     10938.660432     0.000019048    -72452.7196
0.1800      8801.434592     0.000016327    -74589.9455
0.2000      7221.923255     0.000019048    -76169.4568
0.2400      4984.234201     0.000019048    -78407.1459    -44422.880
0.2800      3531.213822     0.000016327    -79860.1662    -29400.702
0.3200      2559.521353     0.000010885    -80831.8587    -19849.568
0.3600      1898.061395     0.000021769    -81493.3187    -13621.975
0.4000      1440.339349     0.000016327    -81951.0407     -9513.893
0.4500      1052.350285     0.000027211    -82339.0298     -6264.448
0.5000       791.682067     0.000010885    -82599.6980     -4323.806
0.5500       606.444674     0.000013606    -82784.9354     -3183.680
0.6000       466.299421     0.000010885    -82925.0807     -2460.556
0.6500       358.155257     0.000013606    -83033.2248     -1881.897
0.7000       276.033081     0.000013606    -83115.3470     -1425.778
0.7500       213.522140     0.000021769    -83177.8579     -1079.016
0.8000       166.591244     0.000008163    -83224.7888      -802.341
0.8500       131.691638     0.000005442    -83259.6884      -597.712
0.9000       105.542379     0.000016327    -83285.8377      -450.827
0.9500        85.722888     0.000010885    -83305.6572      -345.319
1.0000        70.420731     0.000016327    -83320.9593      -268.780
1.1000        48.807408     0.000021769    -83342.5727      -172.043
1.2000        34.489160     0.000024490    -83356.8909      -118.618
1.3000        24.374154     0.000010885    -83367.0059       -85.623
1.4000        17.037877     0.000019048    -83374.3422       -62.122
1.5000        11.747625     0.000016327    -83379.6324       -44.388
1.6000         7.999383     0.000019048    -83383.3807       -31.169
1.7000         5.390578     0.000021769    -83385.9895       -21.510
1.8000         3.602152     0.000013606    -83387.7779       -14.649
1.9000         2.391841     0.000013606    -83388.9882        -9.854
2.0000         1.581978     0.000021769    -83389.7981        -6.554
2.1000         1.046169     0.000016327    -83390.3339        -4.315
2.2000         0.695140     0.000010885    -83390.6849        -2.812
2.3000         0.467780     0.000019048    -83390.9123        -1.813
2.4000         0.322066     0.000024490    -83391.0580        -1.156
2.5000         0.229460     0.000010885    -83391.1506        -0.727
2.6000         0.171454     0.000019048    -83391.2086        -0.456
2.7000         0.135238     0.000013606    -83391.2448        -0.281
2.8000         0.112933     0.000016327    -83391.2671        -0.174
2.9000         0.099156     0.000010885    -83391.2809        -0.105
3.0000         0.090766     0.000024490    -83391.2893        -0.064
3.1000         0.085536     0.000021769    -83391.2945        -0.038
3.2000         0.082426     0.000019048    -83391.2976        -0.022
3.3000         0.080578     0.000024490    -83391.2995        -0.013
3.4000         0.079555     0.000019048    -83391.3005        -0.002
3.5000         0.079166     0.000016327    -83391.3009        -0.002
3.6000         0.079055     0.000027211    -83391.3010         0.001
3.7000         0.079308     0.000021769    -83391.3008         0.007
3.8000         0.079882     0.000016327    -83391.3002         0.006
3.9000         0.080532     0.000013606    -83391.2995         0.010
4.0000         0.081449     0.000013606    -83391.2986         0.010
5.0000         0.093014     0.000013606    -83391.2871         0.011
6.0000         0.100943     0.000005442    -83391.2791         0.005
7.0000         0.104119     0.000002721    -83391.2759         0.001
8.0000         0.105164     0.000002721    -83391.2749         0.000
9.0000         0.105412     0.000002721    -83391.2747         0.000
10.0000         0.105482     0.000002721    -83391.2746         0.000
100.0000         0.105518     0.000002721    -83391.2746
1000.0000         0.105526     0.000002721    -83391.2745
