0.0020  14768827.103903     0.000008163  14481518.8160
0.0040   7202418.651389     0.000013606   6915110.3652
0.0060   4689985.419327     0.000010885   4402677.1330
0.0080   3436099.005023     0.000008163   3148790.7185
0.0100   2685860.196771     0.000016327   2398551.9103
0.0120   2187930.661711     0.000021769   1900622.3751
0.0140   1833646.251269     0.000021769   1546337.9648
0.0160   1569328.208819     0.000021769   1282019.9222
0.0180   1364697.415980     0.000021769   1077389.1296
0.0200   1202154.663387     0.000013606    914846.3768
0.0400    495311.735664     0.000027211    208003.4492
0.0600    277286.389127     0.000016327    -10021.8974
0.0800    177377.412025     0.000016327   -109930.8745
0.1000    122062.803866     0.000027211   -165245.4826
0.1200     88102.263886     0.000024490   -199206.0226
0.1400     66201.639797     0.000016327   -221106.6467
0.1600     51325.077883     0.000008163   -235983.2086
0.1800     40540.597666     0.000024490   -246767.6888
0.2000     32393.305243     0.000013606   -254914.9813
0.2400     21499.669206     0.000008163   -265808.6173
0.2800     15097.748969     0.000027211   -272210.5376
0.3200     11041.940576     0.000024490   -276266.3458
0.3600      8118.469936     0.000013606   -279189.8166
0.4000      6064.922701     0.000010885   -281243.3638    -42084.998
0.4500      4376.532211     0.000021769   -282931.7544    -26880.683
0.5000      3266.861126     0.000027211   -284041.4254    -18275.433
0.5500      2491.408872     0.000019048   -284816.8778    -13167.564
0.6000      1916.931213     0.000019048   -285391.3552    -10021.714
0.6500      1476.213242     0.000016327   -285832.0732     -7661.053
0.7000      1143.573968     0.000019048   -286164.7126     -5716.704
0.7500       896.257546     0.000013606   -286412.0288     -4249.008
0.8000       711.638322     0.000024490   -286596.6481     -3192.313
0.8500       571.901042     0.000010885   -286736.3854     -2437.419
0.9000       464.340423     0.000024490   -286843.9461     -1892.982
0.9500       380.161224     0.000016327   -286928.1253     -1493.700
1.0000       313.287907     0.000005442   -286994.9987     -1194.867
1.1000       215.874905     0.000010885   -287092.4117      -786.904
1.2000       151.848218     0.000013606   -287156.4382      -532.448
1.3000       108.394661     0.000010885   -287199.8918      -366.693
1.4000        77.681880     0.000019048   -287230.6045      -258.006
1.5000        55.078399     0.000021769   -287253.2082      -186.570
1.6000        39.180220     0.000024490   -287269.1062      -133.244
1.7000        27.904734     0.000019048   -287280.3818       -94.771
1.8000        19.896015     0.000024490   -287288.3904       -67.601
1.9000        14.204289     0.000024490   -287294.0822       -48.171
2.0000        10.163097     0.000021769   -287298.1233       -34.312
2.1000         7.309454     0.000019048   -287300.9770       -24.374
2.2000         5.318247     0.000013606   -287302.9683       -17.258
2.3000         3.914936     0.000008163   -287304.3716       -12.077
2.4000         2.936082     0.000019048   -287305.3504        -8.439
2.5000         2.261302     0.000024490   -287306.0252        -5.759
2.6000         1.802679     0.000019048   -287306.4838        -3.924
2.7000         1.495606     0.000016327   -287306.7910        -2.597
2.8000         1.292832     0.000016327   -287306.9937        -1.702
2.9000         1.159986     0.000019048   -287307.1265        -1.097
3.0000         1.072393     0.000021769   -287307.2141        -0.668
3.1000         1.013263     0.000021769   -287307.2732        -0.445
3.2000         0.971346     0.000021769   -287307.3151        -0.257
3.3000         0.939691     0.000021769   -287307.3469        -0.148
3.4000         0.914477     0.000021769   -287307.3719        -0.089
3.5000         0.893704     0.000019048   -287307.3929        -0.048
3.6000         0.876172     0.000019048   -287307.4103        -0.020
3.7000         0.861507     0.000019048   -287307.4250        -0.000
3.8000         0.849627     0.000016327   -287307.4370         0.012
3.9000         0.840321     0.000016327   -287307.4462         0.022
4.0000         0.833305     0.000024490   -287307.4533         0.031
5.0000         0.836838     0.000010885   -287307.4498         0.038
6.0000         0.862329     0.000008163   -287307.4242         0.016
7.0000         0.871937     0.000013606   -287307.4147         0.004
8.0000         0.874373     0.000010885   -287307.4122         0.000
9.0000         0.874887     0.000010885   -287307.4117        -0.000
10.0000         0.874988     0.000010885   -287307.4114        -0.001
100.0000         0.875015     0.000010885   -287307.4114
1000.0000         0.875015     0.000010885   -287307.4114
