0.0020   3718978.906474     0.000013606   3647431.1365
0.0040   1821450.330604     0.000021769   1749902.5618
0.0060   1189438.393283     0.000008163   1117890.6245
0.0080    874993.560899     0.000027211    803445.7921
0.0100    687046.608028     0.000021769    615498.8391
0.0120    562295.858003     0.000019048    490748.0891
0.0140    473455.414397     0.000013606    401907.6456
0.0160    407013.873754     0.000027211    335466.1049
0.0180    355473.159727     0.000010885    283925.3908
0.0200    314404.210072     0.000010885    242856.4412
0.0400    133089.774595     0.000013606     61542.0057
0.0600     76335.583534     0.000016327      4787.8147
0.0800     49933.110254     0.000019048    -21614.6586
0.1000     35089.593674     0.000019048    -36458.1752
0.1200     25751.093239     0.000024490    -45796.6756
0.1400     19600.051028     0.000019048    -51947.7178
0.1600     15379.931532     0.000013606    -56167.8373
0.1800     12329.301154     0.000010885    -59218.4677
0.2000     10035.161781     0.000019048    -61512.6071
0.2400      6815.441490     0.000013606    -64732.3274
0.2800      4752.767204     0.000013606    -66795.0017    -40988.165
0.3200      3419.286659     0.000010885    -68128.4822    -26831.971
0.3600      2535.361446     0.000016327    -69012.4074    -18036.693
0.4000      1932.162188     0.000019048    -69615.6067    -12489.673
0.4500      1421.906034     0.000008163    -70125.8628     -8342.275
0.5000      1062.592023     0.000027211    -70485.1768     -6259.108
0.5500       788.586730     0.000010885    -70759.1821     -4733.283
0.6000       585.684498     0.000008163    -70962.0844     -3415.876
0.6500       440.382531     0.000010885    -71107.3863     -2425.736
0.7000       336.844249     0.000019048    -71210.9246     -1737.931
0.7500       262.262066     0.000016327    -71285.5068     -1267.213
0.8000       207.494345     0.000016327    -71340.2745      -944.994
0.8500       166.162245     0.000013606    -71381.6066      -722.995
0.9000       134.147333     0.000010885    -71413.6215      -567.727
0.9500       108.714058     0.000024490    -71439.0548      -456.346
1.0000        88.075593     0.000010885    -71459.6933      -373.608
1.1000        56.921119     0.000016327    -71490.8478      -257.846
1.2000        35.313137     0.000016327    -71512.4557      -178.503
1.3000        20.479234     0.000019048    -71527.2896      -121.222
1.4000        10.525346     0.000016327    -71537.2435       -80.310
1.5000         4.013852     0.000019048    -71543.7550       -51.794
1.6000        -0.122702     0.000024490    -71547.8916       -32.282
1.7000        -2.645457     0.000019048    -71550.4143       -19.091
1.8000        -4.084172     0.000010885    -71551.8530       -10.306
1.9000        -4.803984     0.000016327    -71552.5728        -4.506
2.0000        -5.051409     0.000010885    -71552.8203        -0.728
2.1000        -4.994442     0.000019048    -71552.7633         1.675
2.2000        -4.745801     0.000010885    -71552.5147         3.164
2.3000        -4.382379     0.000027211    -71552.1512         4.016
2.4000        -3.814638     0.000008163    -71551.5835         4.244
2.5000        -3.082619     0.000016327    -71550.8515         3.973
2.6000        -2.455586     0.000021769    -71550.2244         3.685
2.7000        -1.916471     0.000008163    -71549.6853         3.406
2.8000        -1.450389     0.000016327    -71549.2192         3.145
2.9000        -1.024593     0.000021769    -71548.7934         2.855
3.0000        -0.519977     0.000024490    -71548.2888         2.393
3.1000        -0.113229     0.000024490    -71547.8821         2.034
3.2000         0.288969     0.000016327    -71547.4799         1.664
3.3000         0.647849     0.000016327    -71547.1210         1.330
3.4000         0.932099     0.000013606    -71546.8368         1.068
3.5000         1.157475     0.000010885    -71546.6114         0.861
3.6000         1.336504     0.000016327    -71546.4324         0.692
3.7000         1.479103     0.000021769    -71546.2897         0.559
3.8000         1.592816     0.000010885    -71546.1760         0.455
3.9000         1.683471     0.000016327    -71546.0854         0.371
4.0000         1.755837     0.000021769    -71546.0130         0.303
5.0000         2.020052     0.000010885    -71545.7488         0.045
6.0000         2.057241     0.000024490    -71545.7116         0.013
7.0000         2.066782     0.000024490    -71545.7021         0.004
8.0000         2.071424     0.000027211    -71545.6974         0.002
9.0000         2.074504     0.000027211    -71545.6944         0.001
10.0000         2.076785     0.000027211    -71545.6921         0.001
100.0000         2.091835     0.000019048    -71545.6770
1000.0000         2.093087     0.000016327    -71545.6758
