0.0020  19090682.901636     0.000010885  18362019.0532
0.0040   9298254.208913     0.000021769   8569590.3609
0.0060   6046916.445727     0.000008163   5318252.5986
0.0080   4430214.835864     0.000016327   3701550.9894
0.0100   3465660.686499     0.000013606   2736996.8397
0.0120   2825185.496126     0.000024490   2096521.6487
0.0140   2369509.874433     0.000021769   1640846.0269
0.0160   2029353.988153     0.000021769   1300690.1408
0.0180   1766485.103379     0.000024490   1037821.2558
0.0200   1557597.101108     0.000010885    828933.2536
0.0400    641664.939897     0.000019048    -86998.9075
0.0600    358080.665868     0.000027211   -370583.1815
0.0800    227829.313106     0.000019048   -500834.5343
0.1000    156426.891220     0.000021769   -572236.9563
0.1200    112692.403438     0.000016327   -615971.4439
0.1400     83742.586618     0.000019048   -644921.2609
0.1600     63761.058338     0.000013606   -664902.7890
0.1800     49632.539321     0.000010885   -679031.3080
0.2000     39422.948578     0.000005442   -689240.8989
0.2400     26173.632446     0.000021769   -702490.2149
0.2800     17831.035973     0.000016327   -710832.8115
0.3200     12605.128599     0.000019048   -716058.7188
0.3600      9211.198169     0.000021769   -719452.6492
0.4000      6899.440767     0.000024490   -721764.4067    -48341.329
0.4500      4890.624591     0.000010885   -723773.2227    -33180.911
0.5000      3506.193458     0.000013606   -725157.6539    -22793.800
0.5500      2554.449764     0.000016327   -726109.3975    -15699.469
0.6000      1894.749607     0.000019048   -726769.0978    -10985.298
0.6500      1427.930658     0.000013606   -727235.9167     -7876.549
0.7000      1089.003839     0.000019048   -727574.8436     -5823.654
0.7500       835.064205     0.000013606   -727828.7833     -4423.736
0.8000       640.858907     0.000021769   -728022.9886     -3392.715
0.8500       492.270018     0.000024490   -728171.5773     -2589.728
0.9000       379.277499     0.000021769   -728284.5699     -1962.977
0.9500       293.648174     0.000010885   -728370.1992     -1481.371
1.0000       228.970349     0.000013606   -728434.8772     -1117.728
1.1000       142.956876     0.000019048   -728520.8905      -646.253
1.2000        92.404592     0.000021769   -728571.4427      -389.855
1.3000        61.659970     0.000013606   -728602.1875      -250.368
1.4000        41.414498     0.000016327   -728622.4328      -166.626
1.5000        27.669263     0.000027211   -728636.1781      -112.478
1.6000        18.313008     0.000010885   -728645.5345       -76.441
1.7000        11.941060     0.000021769   -728651.9063       -52.415
1.8000         7.562716     0.000016327   -728656.2846       -36.090
1.9000         4.621437     0.000019048   -728659.2259       -24.761
2.0000         2.618270     0.000019048   -728661.2292       -16.936
2.1000         1.267379     0.000021769   -728662.5800       -11.592
2.2000         0.369025     0.000021769   -728663.4785        -7.816
2.3000        -0.216714     0.000019048   -728664.0641        -5.228
2.4000        -0.560258     0.000021769   -728664.4078        -3.420
2.5000        -0.756251     0.000010885   -728664.6037        -2.192
2.6000        -0.864389     0.000008163   -728664.7117        -1.332
2.7000        -0.915900     0.000005442   -728664.7634        -0.717
2.8000        -0.931359     0.000005442   -728664.7786        -0.319
2.9000        -0.925373     0.000024490   -728664.7727        -0.028
3.0000        -0.907824     0.000024490   -728664.7552         0.166
3.1000        -0.884158     0.000008163   -728664.7316         0.273
3.2000        -0.858424     0.000008163   -728664.7057         0.353
3.3000        -0.833221     0.000005442   -728664.6807         0.397
3.4000        -0.808742     0.000002721   -728664.6562         0.401
3.5000        -0.785860     0.000010885   -728664.6333         0.401
3.6000        -0.765021     0.000008163   -728664.6124         0.397
3.7000        -0.745489     0.000013606   -728664.5928         0.383
3.8000        -0.727099     0.000019048   -728664.5746         0.358
3.9000        -0.710081     0.000013606   -728664.5574         0.364
4.0000        -0.693420     0.000010885   -728664.5408         0.319
5.0000        -0.567611     0.000010885   -728664.4151         0.131
6.0000        -0.508064     0.000024490   -728664.3555         0.039
7.0000        -0.487985     0.000013606   -728664.3354         0.008
8.0000        -0.482341     0.000019048   -728664.3297         0.001
9.0000        -0.480961     0.000010885   -728664.3283        -0.001
10.0000        -0.480610     0.000013606   -728664.3280        -0.001
100.0000        -0.480529     0.000016327   -728664.3280
1000.0000        -0.480531     0.000008163   -728664.3280
