0.0020  26858686.135283     0.000019048  26209240.8793
0.0040  13073348.351669     0.000021769  12423903.0961
0.0060   8495876.140283     0.000002721   7846430.8860
0.0080   6218044.958275     0.000013606   5568599.7031
0.0100   4856208.854615     0.000019048   4206763.5990
0.0120   3951414.024559     0.000019048   3301968.7687
0.0140   3307360.550489     0.000019048   2657915.2950
0.0160   2826444.030636     0.000027211   2176998.7752
0.0180   2455122.205268     0.000005442   1805676.9499
0.0200   2160261.125072     0.000013606   1510815.8696
0.0400    878060.400482     0.000013606    228615.1451
0.0600    487769.207983     0.000019048   -161676.0474
0.0800    309951.297524     0.000005442   -339493.9578
0.1000    213007.705563     0.000008163   -436437.5499
0.1200    153753.914028     0.000010885   -495691.3413
0.1400    114273.742894     0.000024490   -535171.5124
0.1600     87363.927013     0.000019048   -562081.3283
0.1800     68596.410972     0.000013606   -580848.8445
0.2000     55018.173589     0.000005442   -594427.0818
0.2400     36224.043298     0.000019048   -613221.2121
0.2800     24528.308843     0.000019048   -624916.9466
0.3200     17330.473949     0.000016327   -632114.7815
0.3600     12671.197607     0.000013606   -636774.0577
0.4000      9302.449833     0.000010885   -640142.8056
0.4500      6505.704488     0.000021769   -642939.5510    -43943.630
0.5000      4727.844374     0.000008163   -644717.4111    -28563.606
0.5500      3542.263004     0.000024490   -645902.9923    -19647.498
0.6000      2704.910612     0.000013606   -646740.3446    -14256.950
0.6500      2087.112906     0.000016327   -647358.1424    -10668.809
0.7000      1621.578368     0.000016327   -647823.6771     -8081.967
0.7500      1267.954516     0.000013606   -648177.3009     -6167.424
0.8000       997.054766     0.000024490   -648448.2007     -4739.475
0.8500       787.991088     0.000016327   -648657.2642     -3668.431
0.9000       625.601450     0.000021769   -648819.6539     -2858.147
0.9500       498.846335     0.000024490   -648946.4090     -2237.632
1.0000       399.568060     0.000019048   -649045.6873     -1757.465
1.1000       259.997700     0.000016327   -649185.2576     -1096.205
1.2000       171.352136     0.000016327   -649273.9033      -712.712
1.3000       112.919184     0.000021769   -649332.3362      -469.180
1.4000        74.845228     0.000024490   -649370.4102      -304.761
1.5000        49.962915     0.000019048   -649395.2925      -199.218
1.6000        33.573654     0.000010885   -649411.6817      -131.147
1.7000        22.691183     0.000021769   -649422.5641       -86.787
1.8000        15.416861     0.000016327   -649429.8385       -57.673
1.9000        10.519066     0.000016327   -649434.7363       -38.389
2.0000         7.193920     0.000016327   -649438.0615       -25.680
2.1000         4.910607     0.000021769   -649440.3448       -17.192
2.2000         3.315420     0.000013606   -649441.9399       -11.526
2.3000         2.174033     0.000010885   -649443.0815        -7.810
2.4000         1.328322     0.000008163   -649443.9269        -5.291
2.5000         0.673406     0.000027211   -649444.5819        -3.671
2.6000         0.276424     0.000027211   -649444.9789        -2.491
2.7000         0.074837     0.000019048   -649445.1805        -1.654
2.8000        -0.056031     0.000013606   -649445.3114        -1.046
2.9000        -0.138060     0.000024490   -649445.3933        -0.670
3.0000        -0.186545     0.000019048   -649445.4420        -0.370
3.1000        -0.212159     0.000024490   -649445.4676        -0.182
3.2000        -0.222067     0.000021769   -649445.4774        -0.062
3.3000        -0.221550     0.000019048   -649445.4769         0.032
3.4000        -0.214292     0.000016327   -649445.4698         0.092
3.5000        -0.202777     0.000016327   -649445.4581         0.114
3.6000        -0.188790     0.000024490   -649445.4442         0.135
3.7000        -0.173658     0.000021769   -649445.4290         0.148
3.8000        -0.158294     0.000019048   -649445.4137         0.147
3.9000        -0.143162     0.000019048   -649445.3985         0.140
4.0000        -0.128604     0.000016327   -649445.3841         0.134
5.0000        -0.037048     0.000008163   -649445.2924         0.045
6.0000        -0.010430     0.000021769   -649445.2657         0.010
7.0000        -0.004259     0.000005442   -649445.2597         0.001
8.0000        -0.002961     0.000002721   -649445.2584        -0.000
9.0000        -0.002705     0.000002721   -649445.2581        -0.001
10.0000        -0.002656     0.000002721   -649445.2581        -0.001
100.0000        -0.002645     0.000002721   -649445.2581
1000.0000        -0.002645     0.000002721   -649445.2581
