0.0020   4989618.269928     0.000010885   4342231.2155
0.0040   2431628.766697     0.000013606   1784241.7115
0.0060   1582408.451627     0.000019048    935021.3964
0.0080   1160147.934997     0.000024490    512760.8796
0.0100    907882.738410     0.000013606    260495.6831
0.0120    740365.883129     0.000008163     92978.8278
0.0140    621227.919627     0.000019048    -26159.1357
0.0160    532453.734807     0.000005442   -114933.3205
0.0180    463742.316889     0.000005442   -183644.7384
0.0200    409151.775313     0.000008163   -238235.2800
0.0400    170545.970443     0.000027211   -476841.0848
0.0600     96827.654096     0.000016327   -550559.4012
0.0800     62583.749480     0.000016327   -584803.3058
0.1000     43405.303547     0.000010885   -603981.7518
0.1200     31497.376367     0.000010885   -615889.6789
0.1400     23706.812736     0.000016327   -623680.2425
0.1600     18409.456345     0.000021769   -628977.5990
0.1800     14656.435177     0.000021769   -632730.6203
0.2000     11879.115753     0.000016327   -635507.9397
0.2400      8033.582525     0.000021769   -639353.4727
0.2800      5605.227741     0.000010885   -641781.8275    -47925.224
0.3200      4055.859904     0.000027211   -643331.1954    -30979.781
0.3600      3035.547109     0.000010885   -644351.5082    -20911.439
0.4000      2328.400090     0.000010885   -645058.6553    -14924.060
0.4500      1705.095296     0.000024490   -645681.9601    -10357.230
0.5000      1266.596852     0.000016327   -646120.4584     -7370.521
0.5500       952.952430     0.000013606   -646434.1030     -5301.184
0.6000       726.236820     0.000027211   -646660.8185     -3851.240
0.6500       560.618854     0.000019048   -646826.4366     -2831.035
0.7000       437.970472     0.000013606   -646949.0849     -2112.692
0.7500       345.500069     0.000019048   -647041.5552     -1608.468
0.8000       274.142725     0.000021769   -647112.9127     -1255.531
0.8500       217.552863     0.000016327   -647169.5024     -1003.332
0.9000       172.156404     0.000019048   -647214.8989      -810.592
0.9500       135.434348     0.000010885   -647251.6209      -655.326
1.0000       105.702374     0.000013606   -647281.3529      -527.046
1.1000        62.649521     0.000019048   -647324.4057      -334.421
1.2000        35.880392     0.000016327   -647351.1749      -209.535
1.3000        19.051370     0.000019048   -647368.0041      -131.950
1.4000         8.361760     0.000019048   -647378.6935       -84.291
1.5000         1.483095     0.000019048   -647385.5723       -54.429
1.6000        -2.955680     0.000021769   -647390.0110       -34.938
1.7000        -5.774261     0.000005442   -647392.8296       -21.850
1.8000        -7.476062     0.000010885   -647394.5314       -12.538
1.9000        -8.396620     0.000016327   -647395.4519        -6.173
2.0000        -8.773828     0.000010885   -647395.8291        -1.657
2.1000        -8.782513     0.000021769   -647395.8378         1.289
2.2000        -8.546882     0.000019048   -647395.6021         3.223
2.3000        -8.163299     0.000021769   -647395.2187         4.386
2.4000        -7.490266     0.000027211   -647394.5455         4.653
2.5000        -6.770525     0.000024490   -647393.8258         4.637
2.6000        -6.107935     0.000024490   -647393.1632         4.458
2.7000        -5.443534     0.000010885   -647392.4990         4.103
2.8000        -4.718900     0.000005442   -647391.7743         3.617
2.9000        -4.107419     0.000010885   -647391.1629         3.193
3.0000        -3.588081     0.000021769   -647390.6434         2.799
3.1000        -3.142609     0.000016327   -647390.1980         2.449
3.2000        -2.760642     0.000019048   -647389.8159         2.169
3.3000        -2.432386     0.000019048   -647389.4877         1.922
3.4000        -2.148734     0.000010885   -647389.2042         1.688
3.5000        -1.901162     0.000021769   -647388.9566         1.468
3.6000        -1.661675     0.000010885   -647388.7171         1.272
3.7000        -1.438903     0.000010885   -647388.4942         1.109
3.8000        -1.250067     0.000010885   -647388.3054         0.962
3.9000        -1.088946     0.000010885   -647388.1443         0.836
4.0000        -0.951278     0.000019048   -647388.0066         0.714
5.0000        -0.267036     0.000019048   -647387.3223         0.177
6.0000        -0.049963     0.000013606   -647387.1054         0.133
7.0000         0.051019     0.000027211   -647387.0044         0.048
8.0000         0.112663     0.000024490   -647386.9427         0.032
9.0000         0.155478     0.000024490   -647386.8999         0.024
10.0000         0.187756     0.000021769   -647386.8676         0.019
100.0000         0.400843     0.000010885   -647386.6545         0.000
1000.0000         0.418623     0.000008163   -647386.6368
