0.0020   2248979.380244     0.000021769   1953970.6000
0.0040   1097954.686122     0.000024490    802945.9057
0.0060    715516.097768     0.000024490    420507.3173
0.0080    525111.489951     0.000016327    230102.7096
0.0100    411533.610509     0.000013606    116524.8301
0.0120    336192.010698     0.000024490     41183.2303
0.0140    282602.135404     0.000024490    -12406.6450
0.0160    242587.215682     0.000005442    -52421.5647
0.0180    211593.732441     0.000019048    -83415.0479
0.0200    186930.439307     0.000013606   -108078.3411
0.0400     78832.391300     0.000008163   -216176.3891
0.0600     45125.230098     0.000024490   -249883.5503
0.0800     29323.593552     0.000013606   -265685.1868
0.1000     20522.255492     0.000024490   -274486.5249
0.1200     15117.501501     0.000019048   -279891.2788
0.1400     11530.180447     0.000013606   -283478.5998
0.1600      8990.756568     0.000016327   -286018.0239
0.1800      7116.220732     0.000024490   -287892.5595
0.2000      5704.366721     0.000010885   -289304.4136
0.2400      3805.584755     0.000019048   -291203.1957    -36228.272
0.2800      2656.137063     0.000024490   -292352.6434    -22543.468
0.3200      1924.184925     0.000021769   -293084.5954    -14779.505
0.3600      1430.967532     0.000021769   -293577.8128    -10274.371
0.4000      1079.948940     0.000019048   -293928.8314     -7471.379
0.4500       768.798597     0.000024490   -294239.9817     -5125.429
0.5000       555.394905     0.000010885   -294453.3855     -3517.665
0.5500       408.717897     0.000019048   -294600.0625     -2426.571
0.6000       306.579476     0.000016327   -294702.2008     -1701.853
0.6500       234.188855     0.000021769   -294774.5915     -1222.853
0.7000       181.683751     0.000016327   -294827.0967      -904.178
0.7500       142.262305     0.000024490   -294866.5181      -690.254
0.8000       112.183092     0.000008163   -294896.5974      -543.029
0.8500        88.358377     0.000013606   -294920.4220      -433.135
0.9000        69.299053     0.000010885   -294939.4814      -345.870
0.9500        54.094889     0.000016327   -294954.6855      -274.618
1.0000        42.050636     0.000016327   -294966.7298      -216.310
1.1000        25.223701     0.000013606   -294983.5565      -131.282
1.2000        15.080765     0.000013606   -294993.6996       -77.692
1.3000         9.092383     0.000024490   -294999.6880       -45.314
1.4000         5.538052     0.000013606   -295003.2424       -26.982
1.5000         3.619380     0.000019048   -295005.1610       -17.836
1.6000         2.678124     0.000013606   -295006.1023       -12.106
1.7000         2.122304     0.000010885   -295006.6582        -8.390
1.8000         1.783963     0.000005442   -295006.9964        -5.902
1.9000         1.574811     0.000019048   -295007.2057        -4.127
2.0000         1.453442     0.000027211   -295007.3271        -2.958
2.1000         1.386113     0.000021769   -295007.3943        -1.926
2.2000         1.354069     0.000013606   -295007.4264        -1.203
2.3000         1.353236     0.000013606   -295007.4272        -0.577
2.4000         1.372472     0.000024490   -295007.4079        -0.075
2.5000         1.408116     0.000005442   -295007.3722         0.256
2.6000         1.460588     0.000005442   -295007.3197         0.525
2.7000         1.522448     0.000019048   -295007.2579         0.726
2.8000         1.589946     0.000019048   -295007.1905         0.854
2.9000         1.662673     0.000016327   -295007.1178         0.912
3.0000         1.739200     0.000005442   -295007.0411         0.952
3.1000         1.815264     0.000002721   -295006.9651         0.959
3.2000         1.889733     0.000002721   -295006.8906         0.952
3.3000         1.961849     0.000019048   -295006.8185         0.926
3.4000         2.032016     0.000013606   -295006.7483         0.868
3.5000         2.099264     0.000021769   -295006.6811         0.825
3.6000         2.162424     0.000021769   -295006.6179         0.777
3.7000         2.220991     0.000008163   -295006.5594         0.729
3.8000         2.274799     0.000002721   -295006.5055         0.688
3.9000         2.324234     0.000024490   -295006.4560         0.620
4.0000         2.370115     0.000008163   -295006.4103         0.557
5.0000         2.634180     0.000008163   -295006.1461         0.189
6.0000         2.709482     0.000019048   -295006.0710         0.096
7.0000         2.746762     0.000002721   -295006.0337         0.030
8.0000         2.763842     0.000016327   -295006.0166         0.016
9.0000         2.772213     0.000010885   -295006.0081         0.010
10.0000         2.777176     0.000005442   -295006.0032         0.007
100.0000         2.804434     0.000024490   -295005.9760         0.000
1000.0000         2.806526     0.000024490   -295005.9738
