0.0020   1010981.575872     0.000008163    621304.9570
0.0040    493328.773013     0.000005442    103652.1542
0.0060    321221.074786     0.000005442    -68455.5441
0.0080    235642.350400     0.000021769   -154034.2684
0.0100    184638.670107     0.000010885   -205037.9488
0.0120    150761.837018     0.000024490   -238914.7818
0.0140    126659.112925     0.000024490   -263017.5059
0.0160    108715.200240     0.000021769   -280961.4186
0.0180     94782.443551     0.000021769   -294894.1753
0.0200     83730.411747     0.000021769   -305946.2070
0.0400     35076.299418     0.000010885   -354600.3194
0.0600     20015.954443     0.000024490   -369660.6643
0.0800     13046.712739     0.000021769   -376629.9061
0.1000      9145.425335     0.000016327   -380531.1936
0.1200      6734.601200     0.000010885   -382942.0177
0.1400      5123.837038     0.000019048   -384552.7819
0.1600      3983.712961     0.000021769   -385692.9059    -48479.665
0.1800      3147.933516     0.000021769   -386528.6854    -35906.933
0.2000      2522.719725     0.000027211   -387153.8991    -27063.822
0.2400      1683.038378     0.000019048   -387993.5805    -16004.205
0.2800      1175.711130     0.000019048   -388500.9078     -9930.163
0.3200       853.356968     0.000016327   -388823.2619     -6497.279
0.3600       636.961106     0.000024490   -389039.6578     -4488.307
0.4000       484.260104     0.000016327   -389192.3587     -3234.701
0.4500       349.691957     0.000019048   -389326.9269     -2218.437
0.5000       256.608599     0.000010885   -389420.0103     -1544.708
0.5500       191.368850     0.000008163   -389485.2499     -1088.347
0.6000       145.047108     0.000005442   -389531.5718      -778.905
0.6500       111.581306     0.000008163   -389565.0375      -567.639
0.7000        86.983001     0.000005442   -389589.6358      -421.360
0.7500        68.583336     0.000016327   -389608.0356      -318.142
0.8000        54.598333     0.000024490   -389622.0206      -244.529
0.8500        43.784015     0.000010885   -389632.8347      -191.018
0.9000        35.296843     0.000021769   -389641.3219      -151.451
0.9500        28.550023     0.000019048   -389648.0687      -121.473
1.0000        23.131240     0.000016327   -389653.4876       -98.123
1.1000        15.196095     0.000021769   -389661.4227       -64.966
1.2000         9.966868     0.000010885   -389666.6519       -42.901
1.3000         6.540972     0.000019048   -389670.0778       -28.074
1.4000         4.335208     0.000027211   -389672.2836       -17.925
1.5000         2.947963     0.000019048   -389673.6708       -11.202
1.6000         2.103686     0.000024490   -389674.5152        -6.719
1.7000         1.610689     0.000016327   -389675.0083        -3.880
1.8000         1.378216     0.000008163   -389675.2407        -2.144
1.9000         1.308392     0.000024490   -389675.3103        -1.165
2.0000         1.288207     0.000024490   -389675.3307        -0.643
2.1000         1.286473     0.000024490   -389675.3324        -0.389
2.2000         1.286468     0.000021769   -389675.3324        -0.280
2.3000         1.279635     0.000021769   -389675.3392        -0.236
2.4000         1.264595     0.000021769   -389675.3541        -0.229
2.5000         1.243822     0.000021769   -389675.3751        -0.222
2.6000         1.219759     0.000021769   -389675.3990        -0.206
2.7000         1.194352     0.000019048   -389675.4246        -0.191
2.8000         1.169720     0.000019048   -389675.4491        -0.173
2.9000         1.147328     0.000016327   -389675.4714        -0.152
3.0000         1.127823     0.000027211   -389675.4910        -0.127
3.1000         1.111283     0.000013606   -389675.5076        -0.106
3.2000         1.097482     0.000024490   -389675.5215        -0.084
3.3000         1.086328     0.000021769   -389675.5326        -0.067
3.4000         1.077547     0.000016327   -389675.5414        -0.051
3.5000         1.070793     0.000021769   -389675.5482        -0.039
3.6000         1.065753     0.000019048   -389675.5531        -0.028
3.7000         1.062050     0.000019048   -389675.5569        -0.019
3.8000         1.059451     0.000016327   -389675.5593        -0.011
3.9000         1.057677     0.000019048   -389675.5612        -0.006
4.0000         1.056572     0.000019048   -389675.5623        -0.002
5.0000         1.058640     0.000024490   -389675.5601         0.005
6.0000         1.061296     0.000008163   -389675.5577         0.002
7.0000         1.061941     0.000008163   -389675.5569         0.000
8.0000         1.062055     0.000008163   -389675.5569         0.000
9.0000         1.062074     0.000008163   -389675.5569
10.0000         1.062074     0.000008163   -389675.5569         0.000
100.0000         1.062077     0.000008163   -389675.5569
1000.0000         1.062077     0.000008163   -389675.5569
