0.0020   5319485.591563     0.000005442   5224005.3435
0.0040   2605364.424410     0.000019048   2509884.1767
0.0060   1701735.614749     0.000016327   1606255.3670
0.0080   1251239.948549     0.000005442   1155759.7009
0.0100    981923.028605     0.000008163    886442.7809
0.0120    802921.163146     0.000019048    707440.9154
0.0140    675363.484792     0.000013606    579883.2369
0.0160    579945.018341     0.000027211    484464.7704
0.0180    506076.124858     0.000002721    410595.8770
0.0200    447266.280952     0.000013606    351786.0333
0.0400    187877.216058     0.000027211     92396.9683
0.0600    107471.798085     0.000027211     11991.5503
0.0800     69960.954956     0.000005442    -25519.2928
0.1000     48889.431536     0.000008163    -46590.8162
0.1200     35878.972394     0.000016327    -59601.2754
0.1400     27291.178104     0.000024490    -68189.0697
0.1600     21278.397252     0.000016327    -74201.8505
0.1800     16869.106634     0.000016327    -78611.1411
0.2000     13554.948983     0.000019048    -81925.2988
0.2400      9081.560523     0.000024490    -86398.6872
0.2800      6367.443877     0.000024490    -89112.8039
0.3200      4650.503357     0.000027211    -90829.7444    -34306.082
0.3600      3517.028943     0.000016327    -91963.2188    -23562.234
0.4000      2648.098431     0.000010885    -92832.1494    -19284.133
0.4500      1863.503670     0.000024490    -93616.7441    -12562.207
0.5000      1350.683919     0.000010885    -94129.5638     -8273.434
0.5500      1009.310741     0.000021769    -94470.9370     -5586.205
0.6000       775.167152     0.000019048    -94705.0806     -3907.144
0.6500       608.356554     0.000024490    -94871.8912     -2842.374
0.7000       485.024483     0.000016327    -94995.2233     -2151.492
0.7500       390.038436     0.000024490    -95090.2093     -1680.334
0.8000       314.936730     0.000016327    -95165.3110     -1340.915
0.8500       254.719227     0.000019048    -95225.5285     -1077.606
0.9000       207.074574     0.000008163    -95273.1732      -868.024
0.9500       168.754343     0.000024490    -95311.4934      -694.572
1.0000       138.009292     0.000016327    -95342.2385      -550.180
1.1000        94.589256     0.000021769    -95385.6585      -343.847
1.2000        66.113687     0.000027211    -95414.1341      -231.130
1.3000        45.328284     0.000021769    -95434.9195      -165.121
1.4000        31.476875     0.000016327    -95448.7709      -113.963
1.5000        21.904869     0.000013606    -95458.3429       -79.600
1.6000        15.254314     0.000024490    -95464.9935       -55.784
1.7000        10.648489     0.000024490    -95469.5993       -39.026
1.8000         7.499186     0.000021769    -95472.7486       -27.150
1.9000         5.323469     0.000013606    -95474.9243       -18.739
2.0000         3.835955     0.000019048    -95476.4118       -12.845
2.1000         2.829716     0.000027211    -95477.4181        -8.695
2.2000         2.157311     0.000016327    -95478.0905        -5.860
2.3000         1.713521     0.000013606    -95478.5342        -3.883
2.4000         1.423235     0.000013606    -95478.8245        -2.576
2.5000         1.233596     0.000024490    -95479.0142        -1.688
2.6000         1.107643     0.000021769    -95479.1401        -1.106
2.7000         1.020670     0.000019048    -95479.2271        -0.747
2.8000         0.957226     0.000019048    -95479.2906        -0.498
2.9000         0.907974     0.000019048    -95479.3398        -0.356
3.0000         0.868065     0.000019048    -95479.3797        -0.258
3.1000         0.834813     0.000019048    -95479.4130        -0.186
3.2000         0.806837     0.000019048    -95479.4409        -0.135
3.3000         0.783721     0.000016327    -95479.4641        -0.102
3.4000         0.764934     0.000027211    -95479.4828        -0.071
3.5000         0.749941     0.000024490    -95479.4978        -0.047
3.6000         0.738447     0.000021769    -95479.5093        -0.026
3.7000         0.730084     0.000019048    -95479.5177        -0.013
3.8000         0.724359     0.000016327    -95479.5234         0.001
3.9000         0.720740     0.000013606    -95479.5270         0.011
4.0000         0.718846     0.000010885    -95479.5289         0.019
5.0000         0.738232     0.000027211    -95479.5096         0.025
6.0000         0.755054     0.000016327    -95479.4927         0.009
7.0000         0.759973     0.000010885    -95479.4878         0.002
8.0000         0.761054     0.000010885    -95479.4867        -0.000
9.0000         0.761266     0.000010885    -95479.4865        -0.000
10.0000         0.761301     0.000010885    -95479.4865        -0.000
100.0000         0.761312     0.000010885    -95479.4865
1000.0000         0.761312     0.000010885    -95479.4865
