0.0020   4660991.139431     0.000021769   4482709.1385
0.0040   2274617.481228     0.000019048   2096335.4801
0.0060   1484420.092550     0.000008163   1306138.0914
0.0080   1090072.837236     0.000024490    911790.8361
0.0100    854229.335650     0.000024490    675947.3346
0.0120    697675.695379     0.000016327    519393.6944
0.0140    586504.855343     0.000010885    408222.8542
0.0160    503431.748791     0.000010885    325149.7477
0.0180    439100.403594     0.000019048    260818.4025
0.0200    387855.270504     0.000024490    209573.2695
0.0400    162911.515208     0.000021769    -15370.4858
0.0600     93250.407422     0.000016327    -85031.5936
0.0800     60723.524628     0.000021769   -117558.4764
0.1000     42539.491950     0.000013606   -135742.5091
0.1200     31315.318574     0.000024490   -146966.6825
0.1400     23849.828532     0.000016327   -154432.1725
0.1600     18582.440485     0.000021769   -159699.5606
0.1800     14729.889130     0.000024490   -163552.1119
0.2000     11852.646861     0.000019048   -166429.3542
0.2400      8006.306230     0.000010885   -170275.6948
0.2800      5695.629757     0.000016327   -172586.3713    -45202.037
0.3200      4221.374442     0.000010885   -174060.6266    -30167.710
0.3600      3189.328430     0.000021769   -175092.6726    -22089.997
0.4000      2427.773191     0.000021769   -175854.2279    -16174.970
0.4500      1761.606113     0.000005442   -176520.3949    -10842.304
0.5000      1311.221389     0.000016327   -176970.7797     -7420.143
0.5500       999.102323     0.000024490   -177282.8987     -5209.128
0.6000       776.770216     0.000021769   -177505.2308     -3765.102
0.6500       611.946211     0.000013606   -177670.0548     -2864.918
0.7000       482.431604     0.000016327   -177799.5694     -2326.362
0.7500       377.267937     0.000021769   -177904.7331     -1884.197
0.8000       293.470206     0.000013606   -177988.5308     -1474.870
0.8500       228.613169     0.000010885   -178053.3879     -1130.989
0.9000       179.057179     0.000008163   -178102.9439      -862.169
0.9500       141.274700     0.000024490   -178140.7264      -658.202
1.0000       112.363533     0.000016327   -178169.6375      -505.324
1.1000        72.758337     0.000016327   -178209.2427      -305.949
1.2000        48.284829     0.000013606   -178233.7162      -193.957
1.3000        32.418411     0.000024490   -178249.5826      -128.973
1.4000        21.664924     0.000008163   -178260.3361       -89.148
1.5000        14.139485     0.000013606   -178267.8616       -63.065
1.6000         9.201770     0.000024490   -178272.7993       -45.936
1.7000         5.636999     0.000024490   -178276.3641       -33.549
1.8000         3.044895     0.000021769   -178278.9562       -24.260
1.9000         1.188607     0.000016327   -178280.8125       -17.238
2.0000        -0.110037     0.000019048   -178282.1111       -11.938
2.1000        -0.990819     0.000013606   -178282.9919        -8.022
2.2000        -1.563175     0.000010885   -178283.5642        -5.092
2.3000        -1.906292     0.000024490   -178283.9073        -3.008
2.4000        -2.091993     0.000027211   -178284.0931        -1.464
2.5000        -2.163747     0.000008163   -178284.1648        -0.489
2.6000        -2.161211     0.000021769   -178284.1623         0.235
2.7000        -2.107705     0.000013606   -178284.1088         0.743
2.8000        -2.019453     0.000016327   -178284.0205         1.026
2.9000        -1.908507     0.000016327   -178283.9096         1.249
3.0000        -1.783108     0.000021769   -178283.7842         1.376
3.1000        -1.648698     0.000016327   -178283.6498         1.443
3.2000        -1.395985     0.000019048   -178283.3970         1.377
3.3000        -1.148457     0.000019048   -178283.1495         1.300
3.4000        -0.923797     0.000024490   -178282.9248         1.211
3.5000        -0.720139     0.000021769   -178282.7212         1.117
3.6000        -0.535771     0.000024490   -178282.5368         1.023
3.7000        -0.369114     0.000013606   -178282.3702         0.940
3.8000        -0.218641     0.000021769   -178282.2197         0.857
3.9000        -0.082840     0.000024490   -178282.0839         0.772
4.0000         0.039778     0.000013606   -178281.9613         0.698
5.0000         0.827354     0.000008163   -178281.1737         0.181
6.0000         1.022038     0.000021769   -178280.9790         0.028
7.0000         1.071764     0.000019048   -178280.9293         0.016
8.0000         1.091558     0.000019048   -178280.9095         0.006
9.0000         1.102154     0.000019048   -178280.8989         0.003
10.0000         1.109349     0.000021769   -178280.8917         0.002
100.0000         1.152120     0.000010885   -178280.8489
1000.0000         1.155412     0.000021769   -178280.8456
