0.0020  13070850.637764     0.000019048  12829573.5347
0.0040   6381200.362940     0.000021769   6139923.2618
0.0060   4158587.600246     0.000010885   3917310.4966
0.0080   3049295.536306     0.000008163   2808018.4336
0.0100   2385441.125414     0.000016327   2144164.0229
0.0120   1944744.232053     0.000027211   1703467.1296
0.0140   1630927.023445     0.000016327   1389649.9209
0.0160   1396537.416526     0.000013606   1155260.3141
0.0180   1215059.318587     0.000010885    973782.2161
0.0200   1070838.748387     0.000019048    829561.6458
0.0400    441705.597735     0.000013606    200428.4953
0.0600    247846.438602     0.000005442      6569.3362
0.0800    158837.985342     0.000021769    -82439.1171
0.1000    109686.445957     0.000013606   -131590.6565
0.1200     79240.077401     0.000027211   -162037.0250
0.1400     59357.928549     0.000016327   -181919.1739
0.1600     45941.581012     0.000021769   -195335.5214
0.1800     36464.483261     0.000005442   -204812.6192
0.2000     29301.597010     0.000019048   -211975.5054
0.2400     19615.776818     0.000008163   -221661.3256
0.2800     13598.118587     0.000008163   -227678.9838
0.3200      9815.364824     0.000024490   -231461.7376
0.3600      7343.199761     0.000016327   -233933.9027
0.4000      5491.492942     0.000013606   -235785.6095    -39686.595
0.4500      3887.416046     0.000024490   -237389.6864    -25473.201
0.5000      2850.356631     0.000010885   -238426.7458    -16752.914
0.5500      2153.066312     0.000016327   -239124.0361    -11570.513
0.6000      1660.393198     0.000021769   -239616.7092     -8380.243
0.6500      1295.613136     0.000021769   -239981.4893     -6358.541
0.7000      1013.294367     0.000016327   -240263.8080     -4988.515
0.7500       791.613641     0.000024490   -240485.4888     -3887.105
0.8000       620.680590     0.000016327   -240656.4218     -2977.882
0.8500       490.099944     0.000016327   -240787.0025     -2272.045
0.9000       390.283630     0.000027211   -240886.8188     -1742.032
0.9500       313.428895     0.000019048   -240963.6735     -1347.946
1.0000       253.649504     0.000019048   -241023.4529     -1054.173
1.1000       169.337026     0.000024490   -241107.7654      -665.407
1.2000       115.192076     0.000013606   -241161.9103      -435.282
1.3000        79.274895     0.000019048   -241197.8275      -291.928
1.4000        54.924089     0.000008163   -241222.1783      -198.952
1.5000        38.173461     0.000021769   -241238.9290      -136.960
1.6000        26.672817     0.000021769   -241250.4296       -94.739
1.7000        18.778473     0.000013606   -241258.3239       -65.781
1.8000        13.289134     0.000013606   -241263.8133       -46.020
1.9000         9.443163     0.000010885   -241267.6592       -32.496
2.0000         6.721936     0.000019048   -241270.3805       -23.197
2.1000         4.776348     0.000024490   -241272.3261       -16.726
2.2000         3.381098     0.000027211   -241273.7213       -12.218
2.3000         2.427605     0.000010885   -241274.6748        -9.034
2.4000         1.720522     0.000008163   -241275.3819        -6.712
2.5000         1.193190     0.000013606   -241275.9092        -4.904
2.6000         0.800761     0.000021769   -241276.3016        -3.600
2.7000         0.511455     0.000013606   -241276.5910        -2.526
2.8000         0.301342     0.000021769   -241276.8011        -1.733
2.9000         0.152308     0.000021769   -241276.9501        -1.123
3.0000         0.050368     0.000021769   -241277.0520        -0.627
3.1000        -0.016011     0.000021769   -241277.1184        -0.296
3.2000        -0.054679     0.000021769   -241277.1571        -0.031
3.3000        -0.072785     0.000024490   -241277.1752         0.187
3.4000        -0.075767     0.000016327   -241277.1782         0.314
3.5000        -0.066921     0.000016327   -241277.1693         0.411
3.6000        -0.049634     0.000013606   -241277.1521         0.504
3.7000        -0.026678     0.000024490   -241277.1291         0.528
3.8000         0.000272     0.000021769   -241277.1021         0.545
3.9000         0.030164     0.000013606   -241277.0722         0.555
4.0000         0.061751     0.000024490   -241277.0407         0.571
5.0000         0.326120     0.000016327   -241276.7763         0.329
6.0000         0.461171     0.000019048   -241276.6412         0.128
7.0000         0.518105     0.000013606   -241276.5843         0.044
8.0000         0.524813     0.000016327   -241276.5776         0.015
9.0000         0.521359     0.000016327   -241276.5810         0.008
10.0000         0.516927     0.000024490   -241276.5855         0.004
100.0000         0.484934     0.000019048   -241276.6175
1000.0000         0.482444     0.000013606   -241276.6200
