0.0020  24807456.231935     0.000010885  24311797.2404
0.0040  12089942.446494     0.000021769  11594283.4536
0.0060   7862882.039429     0.000024490   7367223.0485
0.0080   5755799.147704     0.000016327   5260140.1563
0.0100   4496273.495038     0.000008163   4000614.5038
0.0120   3657787.453260     0.000019048   3162128.4605
0.0140   3061899.671417     0.000024490   2566240.6796
0.0160   2618422.741380     0.000016327   2122763.7498
0.0180   2274914.380103     0.000024490   1779255.3883
0.0200   2001615.699248     0.000013606   1505956.7075
0.0400    815101.434687     0.000008163    319442.4428
0.0600    453873.126084     0.000021769    -41785.8657
0.0800    288553.289963     0.000021769   -207105.7018
0.1000    198076.789655     0.000024490   -297582.2021
0.1200    143400.062325     0.000013606   -352258.9295
0.1400    107320.441016     0.000010885   -388338.5508
0.1600     82557.297800     0.000027211   -413101.6939
0.1800     65035.049607     0.000010885   -430623.9420
0.2000     52256.460217     0.000027211   -443402.5314
0.2400     34546.337285     0.000021769   -461112.6544
0.2800     23508.413476     0.000019048   -472150.5784
0.3200     16502.895177     0.000010885   -479156.0965
0.3600     11958.210794     0.000019048   -483700.7808
0.4000      8893.604573     0.000019048   -486765.3870
0.4500      6116.857655     0.000024490   -489542.1342    -44253.594
0.5000      4324.055791     0.000024490   -491334.9361    -28747.867
0.5500      3134.281063     0.000016327   -492524.7106    -19470.826
0.6000      2318.297421     0.000013606   -493340.6943    -13617.905
0.6500      1737.633537     0.000027211   -493921.3583     -9877.672
0.7000      1311.576767     0.000021769   -494347.4150     -7312.612
0.7500       995.971698     0.000021769   -494663.0202     -5407.730
0.8000       763.233766     0.000024490   -494895.7579     -3976.557
0.8500       591.538856     0.000013606   -495067.4528     -2956.117
0.9000       463.905898     0.000021769   -495195.0859     -2205.327
0.9500       368.291192     0.000016327   -495290.7005     -1657.554
1.0000       296.107105     0.000010885   -495362.8847     -1262.741
1.1000       196.251796     0.000027211   -495462.7400      -794.070
1.2000       131.474230     0.000010885   -495527.5175      -520.389
1.3000        89.814826     0.000008163   -495569.1768      -328.798
1.4000        62.869846     0.000024490   -495596.1218      -210.825
1.5000        45.605483     0.000021769   -495613.3863      -145.850
1.6000        34.208866     0.000027211   -495624.7830       -99.363
1.7000        26.570573     0.000016327   -495632.4212       -70.591
1.8000        21.024847     0.000005442   -495637.9669       -51.408
1.9000        17.164331     0.000010885   -495641.8274       -38.674
2.0000        14.239726     0.000008163   -495644.7521       -29.158
2.1000        12.102769     0.000027211   -495646.8890       -21.989
2.2000        10.623095     0.000010885   -495648.3688       -16.741
2.3000         9.588333     0.000008163   -495649.4033       -12.856
2.4000         8.849889     0.000016327   -495650.1418       -10.027
2.5000         8.247665     0.000005442   -495650.7440        -7.905
2.6000         7.740265     0.000027211   -495651.2515        -6.286
2.7000         7.306429     0.000024490   -495651.6853        -5.122
2.8000         6.929379     0.000013606   -495652.0624        -4.227
2.9000         6.596051     0.000010885   -495652.3958        -3.565
3.0000         6.298614     0.000013606   -495652.6932        -3.068
3.1000         6.031109     0.000005442   -495652.9607        -2.623
3.2000         5.791812     0.000027211   -495653.1999        -2.307
3.3000         5.578891     0.000016327   -495653.4129        -1.992
3.4000         5.391018     0.000019048   -495653.6007        -1.709
3.5000         5.226803     0.000008163   -495653.7650        -1.471
3.6000         5.084743     0.000016327   -495653.9071        -1.247
3.7000         4.963280     0.000024490   -495654.0285        -1.049
3.8000         4.860149     0.000013606   -495654.1316        -0.871
3.9000         4.773529     0.000010885   -495654.2181        -0.724
4.0000         4.702075     0.000016327   -495654.2897        -0.588
5.0000         4.537430     0.000027211   -495654.4543         0.013
6.0000         4.685060     0.000010885   -495654.3066         0.050
7.0000         4.758889     0.000021769   -495654.2328         0.028
8.0000         4.786550     0.000016327   -495654.2053         0.011
9.0000         4.795837     0.000019048   -495654.1958         0.003
10.0000         4.798711     0.000013606   -495654.1931         0.002
100.0000         4.799742     0.000013606   -495654.1920
1000.0000         4.799726     0.000005442   -495654.1920
