0.0020  20002980.995918     0.000005442  19615557.3496
0.0040   9757521.996902     0.000013606   9370098.3514
0.0060   6349256.081797     0.000016327   5961832.4356
0.0080   4649943.084800     0.000013606   4262519.4392
0.0100   3634111.980893     0.000024490   3246688.3361
0.0120   2958365.483536     0.000024490   2570941.8377
0.0140   2477111.574318     0.000024490   2089687.9284
0.0160   2118691.721460     0.000010885   1731268.0757
0.0180   1841523.737694     0.000019048   1454100.0920
0.0200   1620775.837223     0.000024490   1233352.1914
0.0400    661619.361422     0.000016327    274195.7156
0.0600    368699.936330     0.000016327    -18723.7095
0.0800    235021.559261     0.000013606   -152402.0866
0.1000    161432.916533     0.000016327   -225990.7293
0.1200    117159.524185     0.000016327   -270264.1217
0.1400     88145.608146     0.000013606   -299278.0378
0.1600     67805.605831     0.000005442   -319618.0401
0.1800     53321.902941     0.000021769   -334101.7429
0.2000     42843.421257     0.000019048   -344580.2246
0.2400     29219.821097     0.000021769   -358203.8247
0.2800     20539.113052     0.000010885   -366884.5327
0.3200     14686.345748     0.000016327   -372737.3001
0.3600     10897.523082     0.000010885   -376526.1227
0.4000      8355.468253     0.000008163   -379068.1776
0.4500      6184.251614     0.000010885   -381239.3942    -36030.968
0.5000      4641.573962     0.000024490   -382782.0719    -26257.655
0.5500      3517.596619     0.000021769   -383906.0492    -19094.065
0.6000      2697.136400     0.000027211   -384726.5095    -14019.674
0.6500      2090.629380     0.000016327   -385333.0164    -10444.516
0.7000      1635.179037     0.000021769   -385788.4669     -7949.198
0.7500      1283.702017     0.000024490   -386139.9437     -6220.640
0.8000      1007.062348     0.000021769   -386416.5835     -4883.245
0.8500       791.330142     0.000016327   -386632.3157     -3774.589
0.9000       625.367960     0.000013606   -386798.2780     -2895.847
0.9500       497.970928     0.000016327   -386925.6750     -2225.905
1.0000       399.712580     0.000013606   -387023.9334     -1723.531
1.1000       263.116958     0.000010885   -387160.5289     -1065.955
1.2000       176.875998     0.000013606   -387246.7700      -687.622
1.3000       120.229436     0.000016327   -387303.4165      -458.920
1.4000        81.877627     0.000019048   -387341.7682      -313.595
1.5000        55.403330     0.000008163   -387368.2425      -217.130
1.6000        37.137381     0.000019048   -387386.5084      -151.322
1.7000        24.421692     0.000021769   -387399.2243      -105.539
1.8000        15.592758     0.000021769   -387408.0530       -73.466
1.9000         9.563331     0.000024490   -387414.0825       -51.174
2.0000         5.557661     0.000019048   -387418.0883       -36.021
2.1000         2.808311     0.000013606   -387420.8375       -25.497
2.2000         0.918205     0.000027211   -387422.7276       -18.108
2.3000        -0.381414     0.000016327   -387424.0272       -12.849
2.4000        -1.266636     0.000010885   -387424.9124        -9.006
2.5000        -1.856117     0.000021769   -387425.5020        -6.206
2.6000        -2.231217     0.000010885   -387425.8770        -4.095
2.7000        -2.450754     0.000021769   -387426.0966        -2.589
2.8000        -2.556214     0.000008163   -387426.2022        -1.408
2.9000        -2.579374     0.000013606   -387426.2253        -0.584
3.0000        -2.541795     0.000016327   -387426.1878         0.041
3.1000        -2.461880     0.000019048   -387426.1078         0.490
3.2000        -2.351176     0.000024490   -387425.9970         0.794
3.3000        -2.179015     0.000016327   -387425.8248         0.984
3.4000        -1.940932     0.000019048   -387425.5867         1.051
3.5000        -1.716764     0.000019048   -387425.3627         1.055
3.6000        -1.507340     0.000021769   -387425.1532         1.053
3.7000        -1.313725     0.000024490   -387424.9597         1.032
3.8000        -1.135714     0.000013606   -387424.7815         0.986
3.9000        -0.971983     0.000021769   -387424.6179         0.933
4.0000        -0.821248     0.000021769   -387424.4672         0.883
5.0000         0.249161     0.000019048   -387423.3967         0.315
6.0000         0.590403     0.000021769   -387423.0555         0.094
7.0000         0.679281     0.000024490   -387422.9665         0.027
8.0000         0.705009     0.000019048   -387422.9409         0.010
9.0000         0.714726     0.000013606   -387422.9311         0.005
10.0000         0.719853     0.000010885   -387422.9259         0.002
100.0000         0.744602     0.000016327   -387422.9012
1000.0000         0.746419     0.000010885   -387422.8995
