0.0020  17766964.146476     0.000024490  17249014.0169
0.0040   8652141.597987     0.000013606   8134191.4695
0.0060   5624806.919444     0.000013606   5106856.7898
0.0080   4117423.593053     0.000013606   3599473.4647
0.0100   3217044.661764     0.000027211   2699094.5332
0.0120   2618959.377941     0.000013606   2101009.2496
0.0140   2193784.803847     0.000008163   1675834.6756
0.0160   1876929.894362     0.000027211   1358979.7660
0.0180   1631889.848697     0.000021769   1113939.7203
0.0200   1437328.115997     0.000013606    919377.9877
0.0400    590488.084107     0.000024490     72537.9557
0.0600    329733.501664     0.000019048   -188216.6267
0.0800    210454.500873     0.000019048   -307495.6274
0.1000    145121.606338     0.000019048   -372828.5220
0.1200    105354.455506     0.000019048   -412595.6730
0.1400     79061.617038     0.000019048   -438888.5113
0.1600     60505.997297     0.000013606   -457444.1310
0.1800     47082.735378     0.000024490   -470867.3929
0.2000     37290.818910     0.000024490   -480659.3095
0.2400     24610.707244     0.000010885   -493339.4211
0.2800     17054.616427     0.000024490   -500895.5120
0.3200     11943.802891     0.000024490   -506006.3254
0.3600      8636.740260     0.000021769   -509313.3881
0.4000      6394.684014     0.000016327   -511555.4444    -46494.937
0.4500      4503.989707     0.000027211   -513446.1388    -30467.561
0.5000      3227.681881     0.000008163   -514722.4466    -21539.154
0.5500      2310.728729     0.000019048   -515639.3996    -15294.737
0.6000      1672.801625     0.000016327   -516277.3267    -10490.087
0.6500      1235.097261     0.000008163   -516715.0313     -7225.196
0.7000       931.025438     0.000024490   -517019.1028     -5077.414
0.7500       714.696450     0.000021769   -517235.4321     -3670.235
0.8000       556.079822     0.000019048   -517394.0486     -2733.786
0.8500       436.435123     0.000021769   -517513.6933     -2088.391
0.9000       344.206072     0.000024490   -517605.9223     -1623.536
0.9500       271.982279     0.000013606   -517678.1462     -1279.509
1.0000       214.869852     0.000027211   -517735.2586     -1025.173
1.1000       132.119877     0.000021769   -517818.0085      -650.293
1.2000        80.184580     0.000016327   -517869.9439      -407.042
1.3000        47.564127     0.000010885   -517902.5643      -256.177
1.4000        26.920403     0.000002721   -517923.2080      -162.599
1.5000        13.779644     0.000019048   -517936.3486      -103.762
1.6000         5.407987     0.000021769   -517944.7205       -66.167
1.7000         0.109150     0.000016327   -517950.0191       -41.804
1.8000        -3.094485     0.000019048   -517953.2230       -25.908
1.9000        -4.933957     0.000024490   -517955.0625       -15.489
2.0000        -5.953611     0.000019048   -517956.0821        -8.701
2.1000        -6.434973     0.000019048   -517956.5634        -4.097
2.2000        -6.568118     0.000013606   -517956.6965        -1.158
2.3000        -6.481218     0.000021769   -517956.6097         0.722
2.4000        -6.260491     0.000021769   -517956.3887         1.876
2.5000        -5.964733     0.000027211   -517956.0932         2.514
2.6000        -5.631812     0.000016327   -517955.7602         2.846
2.7000        -5.272954     0.000016327   -517955.4012         2.939
2.8000        -4.808088     0.000021769   -517954.9365         2.702
2.9000        -4.409041     0.000021769   -517954.5376         2.509
3.0000        -4.065761     0.000024490   -517954.1941         2.294
3.1000        -3.768226     0.000024490   -517953.8967         2.074
3.2000        -3.506752     0.000024490   -517953.6352         1.884
3.3000        -3.254135     0.000016327   -517953.3824         1.676
3.4000        -2.961539     0.000010885   -517953.0899         1.435
3.5000        -2.703830     0.000024490   -517952.8322         1.234
3.6000        -2.483021     0.000013606   -517952.6115         1.054
3.7000        -2.294258     0.000008163   -517952.4227         0.901
3.8000        -2.133314     0.000027211   -517952.2616         0.762
3.9000        -1.996470     0.000008163   -517952.1247         0.645
4.0000        -1.880563     0.000024490   -517952.0091         0.548
5.0000        -1.381898     0.000010885   -517951.5103         0.094
6.0000        -1.302748     0.000016327   -517951.4311         0.021
7.0000        -1.287864     0.000019048   -517951.4161         0.004
8.0000        -1.282495     0.000021769   -517951.4110         0.002
9.0000        -1.279289     0.000016327   -517951.4077         0.001
10.0000        -1.276987     0.000013606   -517951.4053         0.001
100.0000        -1.262220     0.000021769   -517951.3906
1000.0000        -1.261022     0.000024490   -517951.3895
