0.0020   3744529.058305     0.000024490   3651529.3224
0.0040   1832163.512641     0.000019048   1739163.7763
0.0060   1195648.193611     0.000019048   1102648.4573
0.0080    878891.715349     0.000024490    785891.9790
0.0100    689630.638165     0.000024490    596630.9018
0.0120    563745.283631     0.000027211    470745.5473
0.0140    474404.799647     0.000024490    381405.0631
0.0160    407783.686566     0.000016327    314783.9501
0.0180    356165.900358     0.000013606    263166.1639
0.0200    314937.261651     0.000016327    221937.5253
0.0400    133055.973219     0.000013606     40056.2368
0.0600     76354.049900     0.000021769    -16645.6865
0.0800     49922.237952     0.000008163    -43077.4985
0.1000     35003.445083     0.000021769    -57996.2913
0.1200     25744.874951     0.000008163    -67254.8614
0.1400     19656.392553     0.000021769    -73343.3438
0.1600     15449.809265     0.000016327    -77549.9272
0.1800     12395.106476     0.000021769    -80604.6299
0.2000     10070.064179     0.000019048    -82929.6722
0.2400      6821.171587     0.000021769    -86178.5648
0.2800      4775.048330     0.000013606    -88224.6881    -40525.894
0.3200      3456.971095     0.000019048    -89542.7653    -26458.261
0.3600      2585.197419     0.000010885    -90414.5390    -17772.933
0.4000      1990.333609     0.000013606    -91009.4028    -12379.970
0.4500      1476.186404     0.000016327    -91523.5500     -8628.042
0.5000      1100.213433     0.000021769    -91899.5230     -6541.360
0.5500       818.272229     0.000013606    -92181.4642     -4748.655
0.6000       617.540795     0.000016327    -92382.1956     -3344.704
0.6500       476.261480     0.000013606    -92523.4749     -2374.272
0.7000       375.364111     0.000010885    -92624.3723     -1717.912
0.7500       301.634308     0.000013606    -92698.1021     -1273.894
0.8000       246.267365     0.000019048    -92753.4690      -972.624
0.8500       203.295510     0.000024490    -92796.4409      -767.340
0.9000       168.728762     0.000010885    -92831.0076      -624.675
0.9500       140.070558     0.000027211    -92859.6658      -520.144
1.0000       115.896304     0.000021769    -92883.8401      -437.333
1.1000        78.285339     0.000024490    -92921.4511      -307.284
1.2000        51.905664     0.000021769    -92947.8307      -210.811
1.3000        34.365498     0.000027211    -92965.3709      -141.091
1.4000        22.845937     0.000019048    -92976.8905       -93.862
1.5000        15.224866     0.000027211    -92984.5115       -62.738
1.6000        10.156058     0.000010885    -92989.5803       -42.424
1.7000         6.747414     0.000013606    -92992.9890       -29.193
1.8000         4.582464     0.000024490    -92995.1539       -20.809
1.9000         3.090368     0.000021769    -92996.6460       -15.397
2.0000         2.001972     0.000005442    -92997.7344       -11.617
2.1000         1.180264     0.000016327    -92998.5561        -8.806
2.2000         0.556081     0.000005442    -92999.1803        -6.561
2.3000         0.089596     0.000016327    -92999.6468        -4.810
2.4000        -0.247869     0.000027211    -92999.9843        -3.359
2.5000        -0.481130     0.000016327    -93000.2175        -2.228
2.6000        -0.629522     0.000013606    -93000.3659        -1.340
2.7000        -0.712672     0.000019048    -93000.4491        -0.649
2.8000        -0.744996     0.000013606    -93000.4814        -0.149
2.9000        -0.737257     0.000013606    -93000.4737         0.236
3.0000        -0.701232     0.000016327    -93000.4376         0.525
3.1000        -0.644891     0.000024490    -93000.3813         0.716
3.2000        -0.572985     0.000016327    -93000.3094         0.829
3.3000        -0.491011     0.000019048    -93000.2274         0.909
3.4000        -0.403907     0.000024490    -93000.1403         0.959
3.5000        -0.314411     0.000010885    -93000.0508         0.966
3.6000        -0.224195     0.000010885    -92999.9606         0.948
3.7000        -0.134996     0.000016327    -92999.8714         0.921
3.8000        -0.048730     0.000024490    -92999.7851         0.890
3.9000         0.033309     0.000008163    -92999.7031         0.850
4.0000         0.110535     0.000019048    -92999.6259         0.804
5.0000         0.608869     0.000024490    -92999.1275         0.335
6.0000         0.830927     0.000016327    -92998.9055         0.123
7.0000         0.887913     0.000016327    -92998.8485         0.040
8.0000         0.901307     0.000021769    -92998.8351         0.019
9.0000         0.905217     0.000016327    -92998.8312         0.012
10.0000         0.906803     0.000013606    -92998.8296         0.008
100.0000         0.911780     0.000005442    -92998.8246         0.000
1000.0000         0.912036     0.000013606    -92998.8244
