0.0020   1272987.907569     0.000016327   1251902.9813
0.0040    625198.768417     0.000005442    604113.8422
0.0060    409332.626357     0.000010885    388247.7001
0.0080    301594.578978     0.000024490    280509.6528
0.0100    237170.657803     0.000027211    216085.7316
0.0120    194391.571220     0.000008163    173306.6450
0.0140    163878.497807     0.000013606    142793.5716
0.0160    141079.215106     0.000024490    119994.2889
0.0180    123420.877461     0.000027211    102335.9513
0.0200    109381.879597     0.000019048     88296.9534
0.0400     47553.316759     0.000008163     26468.3906
0.0600     27851.353192     0.000016327      6766.4270
0.0800     18462.836535     0.000019048     -2622.0896
0.1000     13161.591233     0.000019048     -7923.3350
0.1200      9852.990476     0.000024490    -11231.9357
0.1400      7625.306483     0.000021769    -13459.6197
0.1600      6034.473948     0.000024490    -15050.4522
0.1800      4850.384155     0.000024490    -16234.5420    -51406.902
0.2000      3946.361416     0.000024490    -17138.5648    -39610.020
0.2400      2696.433097     0.000019048    -18388.4931    -24314.971
0.2800      1916.756378     0.000013606    -19168.1698    -15443.675
0.3200      1413.810537     0.000016327    -19671.1156    -10143.147
0.3600      1078.611932     0.000021769    -20006.3143     -6904.423
0.4000       845.570040     0.000024490    -20239.3561     -4939.692
0.4500       635.584699     0.000016327    -20449.3415     -3629.185
0.5000       474.736360     0.000019048    -20610.1898     -2823.536
0.5500       351.809268     0.000016327    -20733.1169     -2121.097
0.6000       260.294423     0.000016327    -20824.6318     -1551.715
0.6500       193.223633     0.000013606    -20891.7026     -1128.706
0.7000       144.633827     0.000027211    -20940.2924      -822.637
0.7500       109.150757     0.000013606    -20975.7754      -603.448
0.8000        82.976855     0.000024490    -21001.9493      -446.034
0.8500        63.512849     0.000010885    -21021.4133      -332.497
0.9000        49.003014     0.000016327    -21035.9232      -250.197
0.9500        38.015270     0.000013606    -21046.9109      -191.114
1.0000        29.537045     0.000016327    -21055.3891      -149.174
1.1000        17.413217     0.000024490    -21067.5130       -98.327
1.2000         9.120841     0.000019048    -21075.8053       -69.393
1.3000         3.256459     0.000027211    -21081.6697       -48.700
1.4000        -0.783854     0.000027211    -21085.7100       -32.732
1.5000        -3.430775     0.000013606    -21088.3570       -20.768
1.6000        -5.056326     0.000013606    -21089.9825       -12.232
1.7000        -5.968537     0.000024490    -21090.8947        -6.381
1.8000        -6.398205     0.000016327    -21091.3244        -2.499
1.9000        -6.514016     0.000021769    -21091.4402        -0.008
2.0000        -6.430643     0.000024490    -21091.3568         1.537
2.1000        -6.228103     0.000005442    -21091.1543         2.442
2.2000        -5.956488     0.000010885    -21090.8827         2.931
2.3000        -5.651393     0.000027211    -21090.5776         3.154
2.4000        -5.333224     0.000008163    -21090.2594         3.200
2.5000        -5.015302     0.000027211    -21089.9415         3.151
2.6000        -4.707046     0.000024490    -21089.6332         3.031
2.7000        -4.412001     0.000013606    -21089.3382         2.876
2.8000        -4.088216     0.000005442    -21089.0144         2.610
2.9000        -3.755788     0.000016327    -21088.6820         2.318
3.0000        -3.464299     0.000021769    -21088.3905         2.055
3.1000        -3.207756     0.000021769    -21088.1339         1.822
3.2000        -2.982015     0.000021769    -21087.9082         1.618
3.3000        -2.783492     0.000013606    -21087.7097         1.438
3.4000        -2.606005     0.000010885    -21087.5322         1.276
3.5000        -2.447692     0.000013606    -21087.3739         1.131
3.6000        -2.303341     0.000016327    -21087.2295         0.997
3.7000        -2.171238     0.000008163    -21087.0974         0.879
3.8000        -2.056003     0.000019048    -21086.9822         0.776
3.9000        -1.954842     0.000024490    -21086.8810         0.686
4.0000        -1.866666     0.000021769    -21086.7929         0.606
5.0000        -1.390717     0.000008163    -21086.3169         0.208
6.0000        -1.210866     0.000019048    -21086.1371         0.115
7.0000        -1.114753     0.000005442    -21086.0409         0.066
8.0000        -1.052229     0.000016327    -21085.9784         0.045
9.0000        -1.007722     0.000016327    -21085.9339         0.034
10.0000        -0.973937     0.000016327    -21085.9001         0.026
100.0000        -0.747187     0.000019048    -21085.6734         0.000
1000.0000        -0.727970     0.000019048    -21085.6542
