0.0020   1098295.576668     0.000019048    918265.1366
0.0040    537032.422771     0.000027211    357001.9825
0.0060    350562.736721     0.000010885    170532.2966
0.0080    257550.099301     0.000016327     77519.6591
0.0100    202001.646410     0.000013606     21971.2062
0.0120    165183.732245     0.000013606    -14846.7079
0.0140    139002.525226     0.000024490    -41027.9149
0.0160    119452.520872     0.000016327    -60577.9193
0.0180    104310.919427     0.000016327    -75719.5208
0.0200     92254.973797     0.000013606    -87775.4664
0.0400     39131.435037     0.000016327   -140899.0051
0.0600     22620.497192     0.000021769   -157409.9430
0.0800     14858.474244     0.000027211   -165171.9659
0.1000     10482.384095     0.000013606   -169548.0561
0.1200      7768.487630     0.000019048   -172261.9526
0.1400      5975.425989     0.000021769   -174055.0142
0.1600      4734.553447     0.000008163   -175295.8867
0.1800      3838.515902     0.000016327   -176191.9243    -38504.921
0.2000      3163.023811     0.000027211   -176867.4164    -29646.373
0.2400      2210.588414     0.000027211   -177819.8518    -19044.688
0.2800      1584.598020     0.000010885   -178445.8422    -12709.131
0.3200      1165.051185     0.000013606   -178865.3890     -8549.022
0.3600       880.815737     0.000016327   -179149.6244     -5854.485
0.4000       683.619183     0.000024490   -179346.8210     -4129.368
0.4500       513.234613     0.000019048   -179517.2056     -2794.985
0.5000       394.573264     0.000016327   -179635.8669     -2011.747
0.5500       306.738665     0.000016327   -179723.7015     -1536.158
0.6000       238.687209     0.000016327   -179791.7530     -1200.496
0.6500       185.571209     0.000024490   -179844.8690      -933.724
0.7000       144.442838     0.000013606   -179885.9974      -719.387
0.7500       112.837161     0.000013606   -179917.6030      -551.172
0.8000        88.664241     0.000010885   -179941.7759      -421.315
0.8500        70.171798     0.000016327   -179960.2684      -322.524
0.9000        55.991690     0.000005442   -179974.4485      -247.888
0.9500        45.066883     0.000024490   -179985.3733      -191.616
1.0000        36.586081     0.000008163   -179993.8541      -149.437
1.1000        24.651941     0.000010885   -180005.7882       -94.453
1.2000        16.884965     0.000016327   -180013.5552       -63.787
1.3000        11.487930     0.000013606   -180018.9523       -45.683
1.4000         7.568088     0.000016327   -180022.8721       -33.547
1.5000         4.859852     0.000021769   -180025.5803       -25.804
1.6000         2.722604     0.000019048   -180027.7176       -19.744
1.7000         1.061930     0.000019048   -180029.3783       -14.768
1.8000        -0.199226     0.000010885   -180030.6394       -10.897
1.9000        -1.130506     0.000005442   -180031.5707        -7.782
2.0000        -1.797715     0.000010885   -180032.2379        -5.376
2.1000        -2.258282     0.000013606   -180032.6985        -3.627
2.2000        -2.558878     0.000013606   -180032.9991        -2.231
2.3000        -2.738952     0.000005442   -180033.1791        -1.186
2.4000        -2.827095     0.000013606   -180033.2673        -0.463
2.5000        -2.847517     0.000019048   -180033.2877         0.106
2.6000        -2.818056     0.000021769   -180033.2582         0.525
2.7000        -2.752267     0.000013606   -180033.1924         0.825
2.8000        -2.660951     0.000019048   -180033.1011         1.009
2.9000        -2.552007     0.000016327   -180032.9922         1.162
3.0000        -2.212608     0.000021769   -180032.6528         1.065
3.1000        -2.009031     0.000021769   -180032.4492         1.055
3.2000        -1.822992     0.000019048   -180032.2632         1.028
3.3000        -1.649468     0.000008163   -180032.0897         0.981
3.4000        -1.486855     0.000008163   -180031.9270         0.940
3.5000        -1.335160     0.000019048   -180031.7753         0.869
3.6000        -1.194107     0.000016327   -180031.6343         0.793
3.7000        -1.063212     0.000013606   -180031.5034         0.729
3.8000        -0.942589     0.000021769   -180031.3828         0.668
3.9000        -0.832231     0.000016327   -180031.2724         0.612
4.0000        -0.731709     0.000019048   -180031.1719         0.569
5.0000        -0.140218     0.000013606   -180030.5804         0.212
6.0000         0.055073     0.000021769   -180030.3851         0.036
7.0000         0.132683     0.000010885   -180030.3075         0.029
8.0000         0.173309     0.000016327   -180030.2669         0.018
9.0000         0.199266     0.000024490   -180030.2409         0.011
10.0000         0.217729     0.000016327   -180030.2225         0.009
100.0000         0.328654     0.000021769   -180030.1115         0.000
1000.0000         0.337220     0.000019048   -180030.1029
