0.0020   9457841.838995     0.000024490   9064734.0328
0.0040   4611165.019036     0.000010885   4218057.2127
0.0060   3001704.617667     0.000019048   2608596.8107
0.0080   2200638.373907     0.000013606   1807530.5670
0.0100   1722260.695181     0.000008163   1329152.8882
0.0120   1405011.134600     0.000024490   1011903.3277
0.0140   1179452.555395     0.000013606    786344.7486
0.0160   1011088.483901     0.000016327    617980.6771
0.0180    880661.419639     0.000016327    487553.6127
0.0200    776840.845132     0.000024490    383733.0383
0.0400    324526.170609     0.000010885    -68581.6363
0.0600    183423.966845     0.000019048   -209683.8400
0.0800    117889.401656     0.000024490   -275218.4053
0.1000     81546.813427     0.000021769   -311560.9934
0.1200     59075.113373     0.000013606   -334032.6935
0.1400     44340.882768     0.000027211   -348766.9240
0.1600     34289.578871     0.000010885   -358818.2281
0.1800     27171.955765     0.000019048   -365935.8512
0.2000     21744.129122     0.000016327   -371363.6779
0.2400     14400.988317     0.000010885   -378706.8186
0.2800      9906.527404     0.000013606   -383201.2795
0.3200      7047.860472     0.000027211   -386059.9463
0.3600      5162.195174     0.000027211   -387945.6117    -38732.565
0.4000      3847.517309     0.000013606   -389260.2895    -27842.575
0.4500      2695.231352     0.000016327   -390412.5756    -18781.912
0.5000      1923.267896     0.000016327   -391184.5390    -12535.289
0.5500      1405.791393     0.000021769   -391702.0154     -8474.554
0.6000      1052.230979     0.000019048   -392055.5758     -5867.932
0.6500       804.105489     0.000019048   -392303.7012     -4184.269
0.7000       624.381305     0.000024490   -392483.4254     -3084.198
0.7500       489.857450     0.000010885   -392617.9493     -2344.166
0.8000       386.567731     0.000019048   -392721.2392     -1814.243
0.8500       306.342797     0.000019048   -392801.4641     -1408.961
0.9000       244.049098     0.000016327   -392863.7578     -1089.113
0.9500       196.390781     0.000019048   -392911.4161      -841.750
1.0000       159.799013     0.000016327   -392948.0078      -658.825
1.1000       107.100259     0.000027211   -393000.7067      -418.068
1.2000        72.764021     0.000019048   -393035.0429      -274.514
1.3000        50.177458     0.000024490   -393057.6294      -184.350
1.4000        34.789454     0.000019048   -393073.0175      -126.585
1.5000        24.147896     0.000013606   -393083.6590       -87.502
1.6000        16.779287     0.000013606   -393091.0276       -60.279
1.7000        11.722857     0.000008163   -393096.0840       -41.277
1.8000         8.332875     0.000010885   -393099.4740       -28.143
1.9000         6.050258     0.000019048   -393101.7565       -19.064
2.0000         4.588190     0.000019048   -393103.2186       -13.019
2.1000         3.600873     0.000016327   -393104.2061        -8.791
2.2000         2.929726     0.000027211   -393104.8771        -6.114
2.3000         2.456460     0.000019048   -393105.3503        -4.335
2.4000         2.098810     0.000019048   -393105.7082        -3.317
2.5000         1.802880     0.000027211   -393106.0040        -2.627
2.6000         1.541515     0.000016327   -393106.2655        -2.231
2.7000         1.302024     0.000021769   -393106.5049        -1.919
2.8000         1.084605     0.000016327   -393106.7223        -1.639
2.9000         0.890297     0.000016327   -393106.9166        -1.432
3.0000         0.723069     0.000016327   -393107.0837        -1.215
3.1000         0.582972     0.000010885   -393107.2238        -0.981
3.2000         0.470746     0.000010885   -393107.3362        -0.784
3.3000         0.383961     0.000027211   -393107.4230        -0.616
3.4000         0.320610     0.000024490   -393107.4862        -0.460
3.5000         0.277537     0.000021769   -393107.5294        -0.327
3.6000         0.251210     0.000019048   -393107.5555        -0.208
3.7000         0.239702     0.000027211   -393107.5672        -0.135
3.8000         0.239705     0.000021769   -393107.5672        -0.045
3.9000         0.248391     0.000019048   -393107.5585         0.008
4.0000         0.264655     0.000019048   -393107.5422         0.050
5.0000         0.536337     0.000010885   -393107.2706         0.141
6.0000         0.712841     0.000010885   -393107.0940         0.066
7.0000         0.781299     0.000013606   -393107.0255         0.030
8.0000         0.805389     0.000010885   -393107.0015         0.013
9.0000         0.814326     0.000008163   -393106.9925         0.003
10.0000         0.818315     0.000013606   -393106.9885         0.004
100.0000         0.831899     0.000013606   -393106.9749
1000.0000         0.832884     0.000008163   -393106.9740
