0.0020   1247732.774550     0.000016327    602296.5743
0.0040    607577.582717     0.000010885    -37858.6176
0.0060    395427.453967     0.000013606   -250008.7463
0.0080    289901.444343     0.000008163   -355534.7560
0.0100    226992.475697     0.000008163   -418443.7247
0.0120    185097.866553     0.000002721   -460338.3337
0.0140    155344.970352     0.000024490   -490091.2300
0.0160    133123.476121     0.000013606   -512312.7243
0.0180    115992.288586     0.000008163   -529443.9117
0.0200    102353.864488     0.000024490   -543082.3357
0.0400     42648.062598     0.000024490   -602788.1378
0.0600     24212.721922     0.000008163   -621223.4785
0.0800     15698.787018     0.000021769   -629737.4132
0.1000     10992.810735     0.000013606   -634443.3896
0.1200      8078.159627     0.000016327   -637358.0406
0.1400      6131.788067     0.000016327   -639304.4122
0.1600      4773.265851     0.000021769   -640662.9343
0.1800      3800.619391     0.000010885   -641635.5809    -41288.900
0.2000      3088.903707     0.000010885   -642347.2966    -30553.163
0.2400      2143.987548     0.000021769   -643292.2129    -18147.672
0.2800      1555.585796     0.000010885   -643880.6144    -11875.553
0.3200      1160.569250     0.000008163   -644275.6311     -8146.064
0.3600       886.609960     0.000019048   -644549.5903     -5712.710
0.4000       692.777383     0.000019048   -644743.4230     -4089.398
0.4500       523.493070     0.000019048   -644912.7073     -2791.593
0.5000       405.209478     0.000008163   -645030.9909     -2008.908
0.5500       317.353997     0.000021769   -645118.8464     -1530.950
0.6000       249.311844     0.000019048   -645186.8885     -1194.143
0.6500       196.545524     0.000019048   -645239.6547      -927.632
0.7000       155.618259     0.000016327   -645280.5820      -716.712
0.7500       123.977839     0.000019048   -645312.2226      -552.842
0.8000        99.546378     0.000019048   -645336.6540      -427.500
0.8500        80.577673     0.000024490   -645355.6226      -332.671
0.9000        65.727421     0.000010885   -645370.4729      -261.601
0.9500        54.003394     0.000019048   -645382.1969      -207.868
1.0000        44.636823     0.000019048   -645391.5634      -166.912
1.1000        30.899305     0.000024490   -645405.3010      -111.446
1.2000        21.598308     0.000019048   -645414.6019       -76.989
1.3000        15.109544     0.000027211   -645421.0907       -54.511
1.4000        10.508285     0.000013606   -645425.6919       -38.903
1.5000         7.225796     0.000016327   -645428.9744       -27.820
1.6000         4.894111     0.000016327   -645431.3062       -19.702
1.7000         3.253063     0.000010885   -645432.9473       -13.811
1.8000         2.113811     0.000016327   -645434.0866        -9.520
1.9000         1.338028     0.000024490   -645434.8621        -6.429
2.0000         0.820649     0.000013606   -645435.3797        -4.239
2.1000         0.485345     0.000016327   -645435.7149        -2.701
2.2000         0.276596     0.000016327   -645435.9237        -1.647
2.3000         0.153363     0.000013606   -645436.0469        -0.944
2.4000         0.086600     0.000010885   -645436.1136        -0.480
2.5000         0.106478     0.000021769   -645436.0937        -0.290
2.6000         0.133488     0.000008163   -645436.0668        -0.187
2.7000         0.152906     0.000013606   -645436.0475        -0.130
2.8000         0.165451     0.000013606   -645436.0350        -0.099
2.9000         0.172651     0.000010885   -645436.0276        -0.080
3.0000         0.175797     0.000013606   -645436.0246        -0.072
3.1000         0.175930     0.000016327   -645436.0243        -0.063
3.2000         0.173745     0.000016327   -645436.0265        -0.054
3.3000         0.170267     0.000016327   -645436.0301        -0.048
3.4000         0.166232     0.000016327   -645436.0341        -0.043
3.5000         0.162188     0.000016327   -645436.0382        -0.032
3.6000         0.158343     0.000013606   -645436.0420        -0.027
3.7000         0.154651     0.000013606   -645436.0456        -0.031
3.8000         0.151429     0.000010885   -645436.0488        -0.021
3.9000         0.148495     0.000021769   -645436.0518        -0.016
4.0000         0.146098     0.000016327   -645436.0543        -0.012
5.0000         0.139567     0.000019048   -645436.0608         0.005
6.0000         0.142106     0.000024490   -645436.0581         0.002
7.0000         0.143491     0.000010885   -645436.0567         0.000
8.0000         0.143894     0.000010885   -645436.0565        -0.001
9.0000         0.143970     0.000010885   -645436.0565        -0.000
10.0000         0.143984     0.000010885   -645436.0565         0.000
100.0000         0.143997     0.000010885   -645436.0562
1000.0000         0.144000     0.000010885   -645436.0562
