0.0020  12930827.853795     0.000002721  12519678.4235
0.0040   6303245.069808     0.000008163   5892095.6387
0.0060   4103536.068698     0.000024490   3692386.6375
0.0080   3008777.229045     0.000019048   2597627.7974
0.0100   2354740.460495     0.000024490   1943591.0290
0.0120   1920199.900473     0.000010885   1509050.4688
0.0140   1610805.239363     0.000021769   1199655.8079
0.0160   1379920.326856     0.000010885    968770.8952
0.0180   1201360.820099     0.000019048    790211.3884
0.0200   1059374.992575     0.000010885    648225.5609
0.0400    441341.229417     0.000016327     30191.7978
0.0600    248935.167777     0.000010885   -162214.2638
0.0800    159315.856863     0.000013606   -251833.5747
0.1000    109420.645194     0.000016327   -301728.7865
0.1200     79173.078389     0.000024490   -331976.3533
0.1400     59654.824779     0.000021769   -351494.6069
0.1600     46143.091732     0.000008163   -365006.3398
0.1800     36205.918748     0.000021769   -374943.5128
0.2000     28726.320468     0.000016327   -382423.1111
0.2400     18770.335699     0.000024490   -392379.0959
0.2800     12866.571341     0.000021769   -398282.8602
0.3200      9178.990690     0.000027211   -401970.4408
0.3600      6674.459201     0.000021769   -404474.9723
0.4000      4884.796922     0.000021769   -406264.6348    -37233.641
0.4500      3389.634918     0.000019048   -407759.7968    -23714.858
0.5000      2421.447149     0.000019048   -408727.9845    -15683.177
0.5500      1768.544257     0.000024490   -409380.8874    -10810.226
0.6000      1309.665474     0.000019048   -409839.7662     -7755.395
0.6500       974.794427     0.000024490   -410174.6373     -5769.738
0.7000       723.538366     0.000008163   -410425.8931     -4329.841
0.7500       536.840246     0.000019048   -410612.5914     -3178.704
0.8000       400.781255     0.000027211   -410748.6502     -2307.445
0.8500       301.914504     0.000019048   -410847.5171     -1680.650
0.9000       229.524060     0.000016327   -410919.9076     -1238.288
0.9500       175.785409     0.000010885   -410973.6463      -927.066
1.0000       135.216986     0.000024490   -411014.2147      -706.267
1.1000        79.868443     0.000019048   -411069.5632      -427.332
1.2000        45.914012     0.000024490   -411103.5176      -264.810
1.3000        24.923184     0.000019048   -411124.5085      -162.789
1.4000        12.153132     0.000016327   -411137.2785       -97.740
1.5000         4.599888     0.000010885   -411144.8318       -56.677
1.6000         0.444340     0.000021769   -411148.9873       -31.971
1.7000        -1.713948     0.000021769   -411151.1454       -17.657
1.8000        -2.764498     0.000021769   -411152.1961        -9.288
1.9000        -3.249212     0.000013606   -411152.6807        -4.328
2.0000        -3.405174     0.000010885   -411152.8369        -1.269
2.1000        -3.283817     0.000019048   -411152.7155         0.278
2.2000        -2.993303     0.000008163   -411152.4249         1.079
2.3000        -2.355925     0.000005442   -411151.7876         1.258
2.4000        -1.794352     0.000016327   -411151.2260         1.491
2.5000        -1.175595     0.000010885   -411150.6072         1.404
2.6000        -0.657098     0.000019048   -411150.0888         1.395
2.7000        -0.234072     0.000010885   -411149.6657         1.335
2.8000         0.118805     0.000010885   -411149.3127         1.308
2.9000         0.415937     0.000024490   -411149.0156         1.288
3.0000         0.684094     0.000027211   -411148.7476         1.217
3.1000         0.924404     0.000019048   -411148.5073         1.177
3.2000         1.132288     0.000027211   -411148.2994         1.132
3.3000         1.314280     0.000021769   -411148.1173         1.063
3.4000         1.476017     0.000013606   -411147.9557         0.998
3.5000         1.629435     0.000027211   -411147.8022         0.946
3.6000         1.807286     0.000019048   -411147.6243         0.878
3.7000         1.967354     0.000019048   -411147.4643         0.794
3.8000         2.111659     0.000013606   -411147.3200         0.711
3.9000         2.240867     0.000010885   -411147.1908         0.633
4.0000         2.355914     0.000008163   -411147.0757         0.581
5.0000         2.961626     0.000008163   -411146.4700         0.160
6.0000         3.105579     0.000008163   -411146.3260         0.047
7.0000         3.137381     0.000016327   -411146.2942         0.011
8.0000         3.145539     0.000010885   -411146.2860         0.004
9.0000         3.148424     0.000013606   -411146.2833         0.002
10.0000         3.149929     0.000010885   -411146.2817         0.001
100.0000         3.157540     0.000021769   -411146.2740
1000.0000         3.158133     0.000013606   -411146.2735
