0.0020  11116501.885013     0.000008163  10819547.7491
0.0040   5418397.255114     0.000013606   5121443.1212
0.0060   3528809.400455     0.000021769   3231855.2654
0.0080   2587509.196168     0.000016327   2290555.0612
0.0100   2025021.050530     0.000024490   1728066.9156
0.0120   1651418.945490     0.000027211   1354464.8104
0.0140   1385539.144954     0.000013606   1088585.0100
0.0160   1187037.355123     0.000016327    890083.2200
0.0180   1033493.388669     0.000016327    736539.2535
0.0200    911349.406047     0.000021769    614395.2709
0.0400    378318.008166     0.000024490     81363.8731
0.0600    213105.141667     0.000016327    -83848.9934
0.0800    136789.335664     0.000010885   -160164.7994
0.1000     94579.979238     0.000013606   -202374.1558
0.1200     68490.014297     0.000013606   -228464.1207
0.1400     51440.693387     0.000010885   -245513.4416
0.1600     39830.155272     0.000013606   -257123.9798
0.1800     31609.448845     0.000021769   -265344.6862
0.2000     25329.183763     0.000010885   -271624.9513
0.2400     16717.430193     0.000010885   -280236.7048
0.2800     11399.049560     0.000021769   -285555.0854
0.3200      8072.770745     0.000019048   -288881.3643
0.3600      5932.408051     0.000019048   -291021.7269    -43602.976
0.4000      4443.917495     0.000008163   -292510.2175    -31985.138
0.4500      3107.281016     0.000019048   -293846.8541    -21864.216
0.5000      2210.313606     0.000013606   -294743.8214    -14507.697
0.5500      1608.813907     0.000019048   -295345.3212     -9866.057
0.6000      1194.251443     0.000027211   -295759.8835     -6961.679
0.6500       896.850643     0.000010885   -296057.2845     -5089.347
0.7000       676.444841     0.000013606   -296277.6903     -3812.260
0.7500       510.041840     0.000021769   -296444.0931     -2889.257
0.8000       383.933347     0.000013606   -296570.2016     -2177.070
0.8500       288.999624     0.000027211   -296665.1354     -1627.268
0.9000       218.059442     0.000024490   -296736.0755     -1210.992
0.9500       165.750907     0.000016327   -296788.3842      -898.337
1.0000       126.985215     0.000024490   -296827.1498      -669.176
1.1000        76.180341     0.000024490   -296877.9546      -381.859
1.2000        46.800504     0.000021769   -296907.3345      -228.626
1.3000        29.006426     0.000016327   -296925.1286      -139.837
1.4000        18.142575     0.000019048   -296935.9924       -86.017
1.5000        11.641503     0.000013606   -296942.4935       -52.855
1.6000         7.715797     0.000027211   -296946.4193       -31.567
1.7000         5.440440     0.000019048   -296948.6947       -17.851
1.8000         4.663198     0.000024490   -296949.4719       -10.407
1.9000         4.487309     0.000016327   -296949.6477        -6.271
2.0000         4.433580     0.000010885   -296949.7015        -3.676
2.1000         4.480460     0.000002721   -296949.6545        -2.338
2.2000         4.838823     0.000021769   -296949.2961        -2.183
2.3000         5.090254     0.000019048   -296949.0447        -2.315
2.4000         5.183869     0.000019048   -296948.9510        -2.211
2.5000         5.182789     0.000021769   -296948.9521        -2.067
2.6000         5.136358     0.000016327   -296948.9987        -1.746
2.7000         5.078264     0.000024490   -296949.0569        -1.429
2.8000         5.029618     0.000008163   -296949.1053        -1.092
2.9000         4.998723     0.000016327   -296949.1364        -0.760
3.0000         4.989272     0.000021769   -296949.1459        -0.502
3.1000         5.000970     0.000024490   -296949.1342        -0.258
3.2000         5.029937     0.000021769   -296949.1051        -0.062
3.3000         5.072942     0.000013606   -296949.0621         0.081
3.4000         5.127626     0.000013606   -296949.0074         0.186
3.5000         5.189738     0.000021769   -296948.9453         0.267
3.6000         5.256161     0.000019048   -296948.8789         0.326
3.7000         5.324895     0.000005442   -296948.8101         0.356
3.8000         5.394548     0.000016327   -296948.7404         0.367
3.9000         5.463333     0.000013606   -296948.6716         0.370
4.0000         5.529688     0.000019048   -296948.6055         0.368
5.0000         5.985089     0.000024490   -296948.1499         0.167
6.0000         6.149585     0.000005442   -296947.9853         0.071
7.0000         6.203382     0.000002721   -296947.9317         0.025
8.0000         6.224267     0.000016327   -296947.9108         0.011
9.0000         6.234710     0.000002721   -296947.9004         0.007
10.0000         6.241274     0.000013606   -296947.8939         0.005
100.0000         6.277337     0.000019048   -296947.8577         0.000
1000.0000         6.280015     0.000021769   -296947.8550
