0.0020         0.000000     0.000024490  36500523.9119
0.0040  18156785.984485     0.000013606  17351300.4191
0.0060  11789937.923365     0.000019048  10984452.3599
0.0080   8614967.380349     0.000021769   7809481.8158
0.0100   6715917.836430     0.000024490   5910432.2719
0.0120   5455710.627186     0.000024490   4650225.0637
0.0140   4562234.529117     0.000027211   3756748.9661
0.0160   3895188.243589     0.000027211   3089702.6796
0.0180   3380258.625334     0.000013606   2574773.0610
0.0200   2972124.327825     0.000024490   2166638.7636
0.0400   1199861.168636     0.000013606    394375.6044
0.0600    664810.025380     0.000008163   -140675.5390
0.0800    421498.236787     0.000010885   -383987.3275
0.1000    289033.639000     0.000008163   -516451.9254
0.1200    209466.236022     0.000027211   -596019.3284
0.1400    158232.665541     0.000013606   -647252.8988
0.1600    122308.563142     0.000019048   -683177.0012
0.1800     95561.352771     0.000021769   -709924.2116
0.2000     75620.449680     0.000016327   -729865.1147
0.2400     49203.962408     0.000024490   -756281.6019
0.2800     33466.929008     0.000013606   -772018.6354
0.3200     23160.809634     0.000013606   -782324.7547
0.3600     16541.422201     0.000013606   -788944.1423
0.4000     12091.828920     0.000021769   -793393.7353
0.4500      8282.486753     0.000027211   -797203.0777
0.5000      5807.267883     0.000024490   -799678.2965    -40271.572
0.5500      4064.774581     0.000019048   -801420.7896    -28969.807
0.6000      2878.257006     0.000013606   -802607.3075    -19204.019
0.6500      2084.089796     0.000019048   -803401.4745    -13016.435
0.7000      1538.666417     0.000021769   -803946.8978     -9082.715
0.7500      1152.625640     0.000024490   -804332.9388     -6528.054
0.8000       872.025577     0.000010885   -804613.5387     -4797.399
0.8500       664.323971     0.000010885   -804821.2403     -3576.027
0.9000       508.741601     0.000013606   -804976.8228     -2692.410
0.9500       391.130720     0.000013606   -805094.4337     -2044.193
1.0000       301.507217     0.000021769   -805184.0571     -1563.889
1.1000       179.537139     0.000019048   -805306.0273      -934.349
1.2000       105.862791     0.000016327   -805379.7016      -571.062
1.3000        60.511140     0.000019048   -805425.0532      -353.723
1.4000        32.381888     0.000016327   -805453.1825      -219.150
1.5000        15.546681     0.000016327   -805470.0176      -135.623
1.6000         5.299327     0.000024490   -805480.2649       -82.279
1.7000        -0.779819     0.000021769   -805486.3442       -48.353
1.8000        -4.237408     0.000013606   -805489.8017       -27.109
1.9000        -6.069728     0.000024490   -805491.6341       -14.057
2.0000        -6.886657     0.000008163   -805492.4510        -6.169
2.1000        -7.147525     0.000016327   -805492.7119        -1.418
2.2000        -6.921910     0.000021769   -805492.4863         1.199
2.3000        -6.452954     0.000016327   -805492.0172         2.665
2.4000        -5.542480     0.000019048   -805491.1067         2.822
2.5000        -4.776065     0.000021769   -805490.3405         2.958
2.6000        -4.117354     0.000008163   -805489.6817         2.993
2.7000        -3.535601     0.000024490   -805489.0999         3.090
2.8000        -2.865586     0.000005442   -805488.4299         2.889
2.9000        -2.202948     0.000024490   -805487.7673         2.671
3.0000        -1.620637     0.000024490   -805487.1850         2.407
3.1000        -1.083912     0.000027211   -805486.6481         2.184
3.2000        -0.624099     0.000019048   -805486.1885         1.998
3.3000        -0.225060     0.000016327   -805485.7893         1.801
3.4000         0.123559     0.000013606   -805485.4408         1.653
3.5000         0.428539     0.000013606   -805485.1357         1.504
3.6000         0.698092     0.000016327   -805484.8663         1.347
3.7000         0.937367     0.000016327   -805484.6269         1.237
3.8000         1.148879     0.000019048   -805484.4154         1.113
3.9000         1.336186     0.000013606   -805484.2282         1.005
4.0000         1.503337     0.000013606   -805484.0609         0.893
5.0000         2.402494     0.000021769   -805483.1618         0.257
6.0000         2.622896     0.000024490   -805482.9414         0.055
7.0000         2.666967     0.000016327   -805482.8973         0.011
8.0000         2.675582     0.000019048   -805482.8889         0.001
9.0000         2.677473     0.000002721   -805482.8870        -0.000
10.0000         2.678042     0.000021769   -805482.8864        -0.001
100.0000         2.679612     0.000016327   -805482.8848
1000.0000         2.679740     0.000016327   -805482.8845
