0.0020   2161020.267259     0.000008163   1703428.8224
0.0040   1053907.406382     0.000005442    596315.9614
0.0060    686040.621055     0.000019048    228449.1761
0.0080    502949.758661     0.000019048     45358.3138
0.0100    393748.941786     0.000024490    -63842.5031
0.0120    321257.751329     0.000024490   -136333.6936
0.0140    269746.315218     0.000019048   -187845.1297
0.0160    231298.844971     0.000010885   -226292.6000
0.0180    201524.052230     0.000021769   -256067.3927
0.0200    177831.005966     0.000021769   -279760.4390
0.0400     74226.361753     0.000019048   -383365.0831
0.0600     42213.342025     0.000016327   -415378.1030
0.0800     27316.934050     0.000019048   -430274.5110
0.1000     19110.285082     0.000010885   -438481.1597
0.1200     14009.189138     0.000010885   -443582.2559
0.1400     10579.775423     0.000013606   -447011.6695
0.1600      8166.130571     0.000019048   -449425.3143
0.1800      6425.468468     0.000013606   -451165.9764
0.2000      5146.110891     0.000013606   -452445.3341
0.2400      3456.416990     0.000019048   -454135.0279    -32047.546
0.2800      2436.310253     0.000019048   -455155.1347    -20190.128
0.3200      1770.356422     0.000013606   -455821.0885    -13689.320
0.3600      1308.455566     0.000008163   -456282.9894     -9680.921
0.4000       979.244031     0.000024490   -456612.2008     -6937.529
0.4500       694.612062     0.000016327   -456896.8328     -4614.461
0.5000       503.955851     0.000021769   -457087.4891     -3121.628
0.5500       373.538672     0.000027211   -457217.9063     -2166.497
0.6000       281.675522     0.000013606   -457309.7695     -1552.767
0.6500       214.804251     0.000024490   -457376.6407     -1149.319
0.7000       164.680691     0.000021769   -457426.7641      -871.986
0.7500       126.348299     0.000024490   -457465.0965      -671.105
0.8000        96.754244     0.000024490   -457494.6905      -519.337
0.8500        73.831981     0.000024490   -457517.6129      -402.602
0.9000        56.101041     0.000010885   -457535.3438      -313.681
0.9500        42.220723     0.000021769   -457549.2241      -244.612
1.0000        31.306635     0.000005442   -457560.1383      -190.254
1.1000        16.404303     0.000024490   -457575.0406      -113.866
1.2000         7.636255     0.000024490   -457583.8087       -70.578
1.3000         2.101890     0.000010885   -457589.3429       -45.082
1.4000        -1.487764     0.000016327   -457592.9327       -28.927
1.5000        -3.793233     0.000019048   -457595.2383       -18.354
1.6000        -5.231296     0.000021769   -457596.6761       -11.098
1.7000        -6.075897     0.000016327   -457597.5208        -6.234
1.8000        -6.475395     0.000010885   -457597.9202        -2.852
1.9000        -6.499358     0.000019048   -457597.9442        -0.848
2.0000        -6.375391     0.000013606   -457597.8204         0.592
2.1000        -6.157591     0.000013606   -457597.6024         1.424
2.2000        -5.814194     0.000021769   -457597.2590         1.816
2.3000        -5.476000     0.000019048   -457596.9210         2.027
2.4000        -5.153613     0.000027211   -457596.5986         2.117
2.5000        -4.851346     0.000010885   -457596.2963         2.058
2.6000        -4.573414     0.000021769   -457596.0184         1.984
2.7000        -4.321665     0.000024490   -457595.7665         1.905
2.8000        -4.095516     0.000027211   -457595.5403         1.754
2.9000        -3.892753     0.000019048   -457595.3376         1.594
3.0000        -3.713139     0.000021769   -457595.1580         1.467
3.1000        -3.555280     0.000021769   -457595.0002         1.323
3.2000        -3.417463     0.000008163   -457594.8625         1.190
3.3000        -3.296974     0.000002721   -457594.7420         1.033
3.4000        -3.192079     0.000027211   -457594.6369         0.929
3.5000        -3.101549     0.000019048   -457594.5466         0.822
3.6000        -3.023866     0.000010885   -457594.4687         0.722
3.7000        -2.957547     0.000019048   -457594.4024         0.627
3.8000        -2.901026     0.000024490   -457594.3460         0.542
3.9000        -2.853003     0.000019048   -457594.2979         0.469
4.0000        -2.812254     0.000010885   -457594.2570         0.404
5.0000        -2.624237     0.000010885   -457594.0693         0.080
6.0000        -2.592890     0.000024490   -457594.0377         0.009
7.0000        -2.589970     0.000021769   -457594.0350         0.004
8.0000        -2.590321     0.000013606   -457594.0353         0.001
9.0000        -2.590909     0.000021769   -457594.0358         0.000
10.0000        -2.591401     0.000016327   -457594.0364         0.000
100.0000        -2.594745     0.000019048   -457594.0396
1000.0000        -2.595020     0.000013606   -457594.0399
