0.0020         0.000000     0.000013606  35573288.1645
0.0040  17713154.826299     0.000016327  16906952.4261
0.0060  11505615.764069     0.000021769  10699413.3623
0.0080   8410320.178277     0.000010885   7604117.7775
0.0100   6558743.830580     0.000019048   5752541.4310
0.0120   5329245.203905     0.000019048   4523042.8030
0.0140   4456872.804029     0.000021769   3650670.4028
0.0160   3806590.568488     0.000016327   3000388.1676
0.0180   3304461.304302     0.000013606   2498258.9039
0.0200   2905870.278092     0.000008163   2099667.8777
0.0400   1172906.320981     0.000024490    366703.9206
0.0600    647469.704892     0.000013606   -158732.6956
0.0800    410231.546192     0.000005442   -395970.8543
0.1000    281199.857674     0.000019048   -525002.5427
0.1200    202648.182355     0.000013606   -603554.2181
0.1400    151892.022995     0.000024490   -654310.3776
0.1600    117143.297954     0.000008163   -689059.1025
0.1800     91378.775760     0.000027211   -714823.6248
0.2000     72206.361905     0.000013606   -733996.0386
0.2400     46898.642224     0.000019048   -759303.7583
0.2800     31989.812391     0.000024490   -774212.5880
0.3200     22099.226504     0.000021769   -784103.1740
0.3600     15709.846638     0.000005442   -790492.5537
0.4000     11508.080088     0.000024490   -794694.3203
0.4500      7974.304229     0.000021769   -798228.0961
0.5000      5633.932363     0.000013606   -800568.4680    -38166.787
0.5500      4036.613178     0.000024490   -802165.7873    -26638.979
0.6000      2922.631097     0.000016327   -803279.7694    -18248.156
0.6500      2166.067642     0.000024490   -804036.3327    -12442.366
0.7000      1642.989910     0.000019048   -804559.4106     -8763.063
0.7500      1263.989157     0.000019048   -804938.4114     -6556.847
0.8000       978.349348     0.000019048   -805224.0511     -4974.212
0.8500       761.186084     0.000024490   -805441.2144     -3775.123
0.9000       596.357578     0.000024490   -805606.0428     -2867.152
0.9500       471.146559     0.000010885   -805731.2538     -2184.168
1.0000       375.987755     0.000008163   -805826.4126     -1681.586
1.1000       244.411752     0.000016327   -805957.9887     -1021.963
1.2000       162.972912     0.000010885   -806039.4275      -637.588
1.3000       111.603508     0.000013606   -806090.7969      -407.069
1.4000        79.006530     0.000010885   -806123.3940      -268.387
1.5000        57.397670     0.000019048   -806145.0028      -183.358
1.6000        42.302248     0.000016327   -806160.0981      -127.977
1.7000        31.557097     0.000008163   -806170.8433       -90.277
1.8000        23.873121     0.000013606   -806178.5273       -63.993
1.9000        18.369630     0.000021769   -806184.0308       -45.554
2.0000        14.419449     0.000013606   -806187.9811       -32.592
2.1000        11.571377     0.000019048   -806190.8290       -23.513
2.2000         9.502195     0.000013606   -806192.8982       -17.124
2.3000         7.981851     0.000021769   -806194.4187       -12.553
2.4000         6.848929     0.000008163   -806195.5515        -9.403
2.5000         5.991250     0.000013606   -806196.4092        -7.008
2.6000         5.332530     0.000027211   -806197.0680        -5.341
2.7000         4.826945     0.000021769   -806197.5736        -4.021
2.8000         4.477208     0.000024490   -806197.9233        -3.052
2.9000         4.212569     0.000019048   -806198.1878        -2.287
3.0000         4.013695     0.000019048   -806198.3867        -1.735
3.1000         3.865986     0.000008163   -806198.5344        -1.265
3.2000         3.757336     0.000008163   -806198.6430        -0.917
3.3000         3.679503     0.000021769   -806198.7208        -0.665
3.4000         3.625206     0.000016327   -806198.7753        -0.442
3.5000         3.588647     0.000013606   -806198.8117        -0.286
3.6000         3.566059     0.000016327   -806198.8343        -0.192
3.7000         3.553953     0.000005442   -806198.8466        -0.110
3.8000         3.549259     0.000010885   -806198.8512        -0.017
3.9000         3.549901     0.000005442   -806198.8506         0.031
4.0000         3.554929     0.000024490   -806198.8455         0.057
5.0000         3.659174     0.000019048   -806198.7413         0.088
6.0000         3.725207     0.000008163   -806198.6751         0.035
7.0000         3.749031     0.000019048   -806198.6515         0.011
8.0000         3.755853     0.000010885   -806198.6447         0.002
9.0000         3.757573     0.000019048   -806198.6427        -0.000
10.0000         3.757992     0.000016327   -806198.6425        -0.001
100.0000         3.758103     0.000005442   -806198.6425
1000.0000         3.758103     0.000013606   -806198.6425
