0.0020         0.000000     0.000016327  28749266.6847
0.0040  14307681.461797     0.000024490  13663847.0199
0.0060   9292538.937225     0.000021769   8648704.4961
0.0080   6793971.651276     0.000016327   6150137.2089
0.0100   5300503.409598     0.000021769   4656668.9672
0.0120   4308721.755707     0.000019048   3664887.3123
0.0140   3604050.182732     0.000021769   2960215.7415
0.0160   3079262.106922     0.000024490   2435427.6649
0.0180   2674195.526701     0.000024490   2030361.0847
0.0200   2352739.925239     0.000010885   1708905.4832
0.0400    956783.439772     0.000024490    312948.9977
0.0600    531236.472350     0.000005442   -112597.9697
0.0800    336935.242491     0.000010885   -306899.1996
0.1000    231558.780443     0.000016327   -412275.6615
0.1200    167002.486263     0.000024490   -476831.9559
0.1400    124779.335355     0.000013606   -519055.1068
0.1600     96090.632377     0.000019048   -547743.8098
0.1800     75905.514765     0.000021769   -567928.9273
0.2000     60479.757144     0.000021769   -583354.6848
0.2400     39593.682248     0.000021769   -604240.7597
0.2800     26918.252246     0.000027211   -616916.1899
0.3200     19060.102514     0.000021769   -624774.3395
0.3600     13743.169600     0.000016327   -630091.2724
0.4000      9983.381940     0.000024490   -633851.0601
0.4500      6936.365693     0.000024490   -636898.0763    -47961.297
0.5000      4982.972686     0.000013606   -638851.4692    -31651.756
0.5500      3660.839367     0.000021769   -640173.6027    -22017.222
0.6000      2722.872754     0.000021769   -641111.5694    -15882.310
0.6500      2043.388810     0.000024490   -641791.0532    -11591.846
0.7000      1545.668230     0.000016327   -642288.7739     -8492.095
0.7500      1179.295246     0.000021769   -642655.1467     -6222.538
0.8000       910.904072     0.000021769   -642923.5379     -4586.750
0.8500       711.700217     0.000024490   -643122.7419     -3447.152
0.9000       560.246540     0.000024490   -643274.1954     -2654.075
0.9500       442.376805     0.000019048   -643392.0654     -2080.427
1.0000       349.695979     0.000013606   -643484.7460     -1641.234
1.1000       218.924266     0.000013606   -643615.5177     -1019.003
1.2000       138.058710     0.000016327   -643696.3835      -631.932
1.3000        87.289024     0.000027211   -643747.1531      -409.588
1.4000        54.029193     0.000019048   -643780.4128      -266.433
1.5000        32.361629     0.000024490   -643802.0804      -173.750
1.6000        18.130967     0.000021769   -643816.3112      -113.701
1.7000         8.807434     0.000021769   -643825.6346       -73.850
1.8000         2.938863     0.000021769   -643831.5033       -46.837
1.9000        -0.525847     0.000021769   -643834.9678       -29.017
2.0000        -2.580027     0.000027211   -643837.0220       -16.969
2.1000        -3.619118     0.000019048   -643838.0612        -9.035
2.2000        -3.995191     0.000013606   -643838.4373        -4.095
2.3000        -3.957304     0.000010885   -643838.3995        -1.026
2.4000        -3.732565     0.000013606   -643838.1747         0.697
2.5000        -3.296484     0.000024490   -643837.7385         1.445
2.6000        -2.852549     0.000024490   -643837.2947         1.794
2.7000        -2.441194     0.000016327   -643836.8833         1.894
2.8000        -2.071938     0.000019048   -643836.5140         1.918
2.9000        -1.744514     0.000008163   -643836.1866         1.854
3.0000        -1.451853     0.000013606   -643835.8938         1.789
3.1000        -1.187084     0.000013606   -643835.6291         1.745
3.2000        -0.945152     0.000019048   -643835.3872         1.665
3.3000        -0.711031     0.000010885   -643835.1532         1.612
3.4000        -0.427516     0.000019048   -643834.8696         1.501
3.5000        -0.171886     0.000005442   -643834.6138         1.385
3.6000         0.060809     0.000010885   -643834.3812         1.294
3.7000         0.286041     0.000005442   -643834.1561         1.202
3.8000         0.507229     0.000013606   -643833.9349         1.108
3.9000         0.705083     0.000016327   -643833.7371         1.010
4.0000         0.884262     0.000010885   -643833.5577         0.933
5.0000         2.005880     0.000010885   -643832.4361         0.377
6.0000         2.409327     0.000021769   -643832.0328         0.122
7.0000         2.534948     0.000024490   -643831.9071         0.047
8.0000         2.576214     0.000013606   -643831.8657         0.021
9.0000         2.593711     0.000010885   -643831.8483         0.011
10.0000         2.603668     0.000010885   -643831.8383         0.009
100.0000         2.653198     0.000019048   -643831.7887         0.000
1000.0000         2.656733     0.000016327   -643831.7852
