0.0020  15477377.420162     0.000016327  15106724.3947
0.0040   7542897.699973     0.000010885   7172244.6749
0.0060   4910337.224352     0.000027211   4539684.1989
0.0080   3597958.033530     0.000021769   3227305.0084
0.0100   2812807.366070     0.000016327   2442154.3418
0.0120   2290953.904894     0.000019048   1920300.8806
0.0140   1920113.990980     0.000019048   1549460.9666
0.0160   1643102.374336     0.000013606   1272449.3499
0.0180   1428702.287449     0.000027211   1058049.2631
0.0200   1258298.944773     0.000013606    887645.9203
0.0400    517473.301111     0.000024490    146820.2768
0.0600    289735.038177     0.000021769    -80917.9862
0.0800    185224.668355     0.000016327   -185428.3560
0.1000    127554.799347     0.000019048   -243098.2250
0.1200     92496.974189     0.000024490   -278156.0502
0.1400     69660.018146     0.000019048   -300993.0061
0.1600     53790.816065     0.000010885   -316862.2082
0.1800     42123.785941     0.000019048   -328529.2384
0.2000     33442.044304     0.000013606   -337210.9799
0.2400     21963.278497     0.000021769   -348689.7459
0.2800     15158.966634     0.000019048   -355494.0578
0.3200     10822.844755     0.000019048   -359830.1796
0.3600      7764.377175     0.000019048   -362888.6472
0.4000      5697.132857     0.000024490   -364955.8915    -42274.435
0.4500      4000.285113     0.000019048   -366652.7392    -27019.217
0.5000      2890.019695     0.000016327   -367763.0047    -18179.936
0.5500      2127.777240     0.000019048   -368525.2471    -12697.304
0.6000      1582.494754     0.000021769   -369070.5297     -9333.640
0.6500      1178.324147     0.000016327   -369474.7003     -6897.086
0.7000       885.053112     0.000024490   -369767.9711     -4950.937
0.7500       675.006262     0.000008163   -369978.0181     -3545.530
0.8000       523.710484     0.000019048   -370129.3140     -2586.812
0.8500       412.016678     0.000013606   -370241.0078     -1928.565
0.9000       327.844499     0.000024490   -370325.1800     -1465.546
0.9500       263.456575     0.000019048   -370389.5678     -1133.122
1.0000       213.360436     0.000024490   -370439.6640      -892.570
1.1000       141.668819     0.000013606   -370511.3554      -577.413
1.2000        94.758614     0.000021769   -370558.2657      -377.253
1.3000        64.387420     0.000008163   -370588.6369      -245.412
1.4000        44.609876     0.000010885   -370608.4144      -159.124
1.5000        31.733236     0.000013606   -370621.2911      -104.984
1.6000        23.120356     0.000024490   -370629.9041       -71.910
1.7000        17.067945     0.000021769   -370635.9564       -51.711
1.8000        12.613432     0.000024490   -370640.4109       -38.515
1.9000         9.353528     0.000010885   -370643.6709       -29.081
2.0000         6.972207     0.000016327   -370646.0521       -21.894
2.1000         5.191230     0.000010885   -370647.8331       -16.162
2.2000         3.886370     0.000019048   -370649.1379       -11.747
2.3000         3.055989     0.000019048   -370649.9684        -8.530
2.4000         2.518826     0.000019048   -370650.5055        -6.198
2.5000         2.136171     0.000002721   -370650.8881        -4.328
2.6000         1.882291     0.000024490   -370651.1420        -2.916
2.7000         1.731224     0.000013606   -370651.2930        -1.805
2.8000         1.661204     0.000027211   -370651.3632        -1.005
2.9000         1.652739     0.000002721   -370651.3717        -0.400
3.0000         1.689605     0.000019048   -370651.3347         0.038
3.1000         1.760058     0.000024490   -370651.2642         0.330
3.2000         1.853420     0.000024490   -370651.1709         0.535
3.3000         1.960660     0.000021769   -370651.0636         0.667
3.4000         2.076232     0.000002721   -370650.9480         0.727
3.5000         2.195543     0.000010885   -370650.8288         0.757
3.6000         2.314044     0.000024490   -370650.7102         0.759
3.7000         2.428993     0.000010885   -370650.5953         0.737
3.8000         2.538929     0.000024490   -370650.4854         0.696
3.9000         2.642670     0.000019048   -370650.3817         0.659
4.0000         2.739151     0.000021769   -370650.2851         0.607
5.0000         3.325344     0.000010885   -370649.6990         0.223
6.0000         3.529846     0.000016327   -370649.4944         0.109
7.0000         3.615156     0.000016327   -370649.4092         0.047
8.0000         3.661922     0.000005442   -370649.3624         0.030
9.0000         3.692589     0.000013606   -370649.3316         0.021
10.0000         3.714761     0.000016327   -370649.3096         0.016
100.0000         3.852130     0.000027211   -370649.1722         0.000
1000.0000         3.862864     0.000013606   -370649.1616
