0.0020   5853388.356748     0.000008163   5684786.9516
0.0040   2859281.533121     0.000021769   2690680.1277
0.0060   1864435.093664     0.000005442   1695833.6881
0.0080   1369230.908136     0.000013606   1200629.5026
0.0100   1073118.540576     0.000005442    904517.1352
0.0120    876788.023432     0.000016327    708186.6178
0.0140    737160.356949     0.000013606    568558.9514
0.0160    632755.455934     0.000013606    464154.0503
0.0180    551790.582135     0.000021769    383189.1767
0.0200    487276.398086     0.000016327    318674.9925
0.0400    204353.037613     0.000016327     35751.6321
0.0600    116886.357982     0.000016327    -51715.0475
0.0800     75765.351544     0.000010885    -92836.0539
0.1000     52857.595386     0.000010885   -115743.8101
0.1200     38809.818650     0.000021769   -129791.5868
0.1400     29462.119686     0.000016327   -139139.2858
0.1600     22854.230384     0.000024490   -145747.1751
0.1800     18044.258635     0.000019048   -150557.1468
0.2000     14486.175894     0.000010885   -154115.2296
0.2400      9773.914216     0.000019048   -158827.4913
0.2800      6962.671115     0.000016327   -161638.7344
0.3200      5134.442677     0.000013606   -163466.9628    -38392.354
0.3600      3823.585191     0.000010885   -164777.8203    -27520.298
0.4000      2893.802430     0.000016327   -165707.6031    -19554.625
0.4500      2093.468865     0.000016327   -166507.9366    -12938.420
0.5000      1559.215312     0.000021769   -167042.1902     -8738.681
0.5500      1193.811905     0.000024490   -167407.5936     -6099.341
0.6000       930.801836     0.000024490   -167670.6036     -4602.282
0.6500       721.487955     0.000027211   -167879.9175     -3752.033
0.7000       555.420299     0.000019048   -168045.9852     -2906.089
0.7500       428.632269     0.000013606   -168172.7732     -2190.100
0.8000       333.371349     0.000010885   -168268.0341     -1641.309
0.8500       261.828436     0.000013606   -168339.5771     -1235.527
0.9000       207.716123     0.000024490   -168393.6894      -939.409
0.9500       166.319769     0.000024490   -168435.0857      -723.745
1.0000       134.206798     0.000008163   -168467.1987      -565.894
1.1000        88.716931     0.000010885   -168512.6886      -361.474
1.2000        58.934060     0.000005442   -168542.4714      -242.351
1.3000        38.594092     0.000008163   -168562.8114      -167.334
1.4000        24.397221     0.000024490   -168577.0083      -116.783
1.5000        14.434315     0.000010885   -168586.9712       -81.308
1.6000         7.586083     0.000010885   -168593.8194       -56.066
1.7000         2.926792     0.000024490   -168598.4787       -38.058
1.8000        -0.210116     0.000019048   -168601.6156       -25.383
1.9000        -2.279662     0.000021769   -168603.6852       -16.544
2.0000        -3.605303     0.000016327   -168605.0108       -10.393
2.1000        -4.419716     0.000024490   -168605.8252        -6.186
2.2000        -4.883240     0.000021769   -168606.2887        -3.315
2.3000        -5.110183     0.000016327   -168606.5157        -1.362
2.4000        -5.175621     0.000021769   -168606.5811        -0.066
2.5000        -5.135209     0.000016327   -168606.5407         0.816
2.6000        -5.024271     0.000016327   -168606.4298         1.359
2.7000        -4.868943     0.000019048   -168606.2744         1.713
2.8000        -4.687547     0.000008163   -168606.0930         1.915
2.9000        -4.491238     0.000021769   -168605.8967         2.002
3.0000        -4.160413     0.000024490   -168605.5659         1.897
3.1000        -3.825005     0.000010885   -168605.2305         1.736
3.2000        -3.527568     0.000013606   -168604.9330         1.572
3.3000        -3.263084     0.000016327   -168604.6686         1.419
3.4000        -3.028324     0.000027211   -168604.4338         1.284
3.5000        -2.820121     0.000024490   -168604.2256         1.154
3.6000        -2.628175     0.000016327   -168604.0337         1.028
3.7000        -2.447986     0.000016327   -168603.8535         0.903
3.8000        -2.289093     0.000021769   -168603.6946         0.802
3.9000        -2.149649     0.000024490   -168603.5551         0.708
4.0000        -2.011284     0.000021769   -168603.4168         0.612
5.0000        -1.331347     0.000016327   -168602.7368         0.156
6.0000        -1.125270     0.000019048   -168602.5308         0.081
7.0000        -1.028300     0.000016327   -168602.4338         0.036
8.0000        -0.968361     0.000010885   -168602.3738         0.024
9.0000        -0.926586     0.000024490   -168602.3321         0.018
10.0000        -0.895581     0.000010885   -168602.3011         0.013
100.0000        -0.694130     0.000016327   -168602.0996         0.000
1000.0000        -0.677645     0.000008163   -168602.0831
