0.0020   3679411.448058     0.000002721   3620533.0742
0.0040   1803567.386795     0.000013606   1744689.0138
0.0060   1179440.958647     0.000016327   1120562.5857
0.0080    868555.595432     0.000021769    809677.2224
0.0100    682511.426452     0.000016327    623633.0536
0.0120    558824.426192     0.000005442    499946.0531
0.0140    470704.665280     0.000027211    411826.2923
0.0160    404745.270143     0.000013606    345866.8972
0.0180    353575.884726     0.000016327    294697.5117
0.0200    312827.347607     0.000021769    253948.9746
0.0400    132516.490254     0.000016327     73638.1173
0.0600     75926.743738     0.000010885     17048.3708
0.0800     49672.630796     0.000019048     -9205.7422
0.1000     34872.877528     0.000010885    -24005.4954
0.1200     25600.142327     0.000010885    -33278.2306
0.1400     19463.456095     0.000010885    -39414.9169
0.1600     15249.813159     0.000027211    -43628.5598
0.1800     12215.614265     0.000024490    -46662.7587
0.2000      9931.782893     0.000013606    -48946.5901
0.2400      6754.896006     0.000010885    -52123.4770
0.2800      4706.251374     0.000021769    -54172.1216    -41040.619
0.3200      3367.880468     0.000019048    -55510.4925    -26965.813
0.3600      2480.222436     0.000010885    -56398.1505    -18083.602
0.4000      1878.449693     0.000021769    -56999.9233    -12427.443
0.4500      1373.279672     0.000010885    -57505.0933     -8175.344
0.5000      1024.862193     0.000016327    -57853.5108     -5997.371
0.5500       757.494978     0.000013606    -58120.8780     -4700.176
0.6000       554.800456     0.000019048    -58323.5725     -3427.945
0.6500       409.180635     0.000024490    -58469.1923     -2433.005
0.7000       306.178462     0.000021769    -58572.1945     -1725.263
0.7500       232.823809     0.000024490    -58645.5492     -1235.921
0.8000       179.903451     0.000019048    -58698.4695      -899.504
0.8500       141.029781     0.000027211    -58737.3432      -668.015
0.9000       111.858337     0.000019048    -58766.5146      -507.413
0.9500        89.465739     0.000005442    -58788.9072      -394.110
1.0000        71.912811     0.000010885    -58806.4602      -312.053
1.1000        46.628537     0.000024490    -58831.7444      -202.872
1.2000        30.033297     0.000021769    -58848.3397      -133.759
1.3000        19.122319     0.000016327    -58859.2507       -87.362
1.4000        12.045367     0.000005442    -58866.3276       -56.192
1.5000         7.523668     0.000019048    -58870.8493       -35.637
1.6000         4.670869     0.000021769    -58873.7021       -22.358
1.7000         2.888955     0.000010885    -58875.4840       -13.894
1.8000         1.785993     0.000013606    -58876.5870        -8.578
1.9000         1.108810     0.000013606    -58877.2642        -5.226
2.0000         0.696661     0.000016327    -58877.6763        -3.182
2.1000         0.447203     0.000013606    -58877.9258        -1.915
2.2000         0.297581     0.000027211    -58878.0754        -1.146
2.3000         0.208943     0.000008163    -58878.1640        -0.673
2.4000         0.157344     0.000010885    -58878.2156        -0.392
2.5000         0.146095     0.000021769    -58878.2269        -0.226
2.6000         0.161154     0.000019048    -58878.2118        -0.143
2.7000         0.174626     0.000019048    -58878.1984        -0.080
2.8000         0.188300     0.000021769    -58878.1847        -0.037
2.9000         0.201060     0.000013606    -58878.1719        -0.006
3.0000         0.212611     0.000010885    -58878.1604         0.017
3.1000         0.223210     0.000010885    -58878.1498         0.033
3.2000         0.232992     0.000005442    -58878.1400         0.042
3.3000         0.242007     0.000008163    -58878.1310         0.048
3.4000         0.250312     0.000002721    -58878.1227         0.051
3.5000         0.257929     0.000016327    -58878.1150         0.052
3.6000         0.264881     0.000024490    -58878.1081         0.051
3.7000         0.271189     0.000005442    -58878.1018         0.049
3.8000         0.276900     0.000013606    -58878.0961         0.046
3.9000         0.282030     0.000016327    -58878.0909         0.043
4.0000         0.286631     0.000016327    -58878.0863         0.039
5.0000         0.311013     0.000010885    -58878.0619         0.011
6.0000         0.316575     0.000021769    -58878.0564         0.002
7.0000         0.317609     0.000024490    -58878.0554         0.000
8.0000         0.317777     0.000021769    -58878.0552        -0.000
9.0000         0.317805     0.000021769    -58878.0552        -0.000
10.0000         0.317810     0.000021769    -58878.0552        -0.000
100.0000         0.317810     0.000021769    -58878.0552
1000.0000         0.317810     0.000021769    -58878.0552
