0.0020   7921081.294668     0.000013606   7751356.8644
0.0040   3867837.604957     0.000027211   3698113.1724
0.0060   2522815.194497     0.000027211   2353090.7632
0.0080   1852491.888735     0.000010885   1682767.4576
0.0100   1451578.680908     0.000019048   1281854.2497
0.0120   1185157.108523     0.000016327   1015432.6773
0.0140    995402.967296     0.000013606    825678.5361
0.0160    853737.745070     0.000008163    684013.3138
0.0180    744086.229438     0.000013606    574361.7982
0.0200    656737.743482     0.000019048    487013.3122
0.0400    273951.266631     0.000019048    104226.8354
0.0600    155681.324132     0.000019048    -14043.1071
0.0800    100534.956791     0.000013606    -69189.4744
0.1000     69937.403381     0.000016327    -99787.0279
0.1200     51097.660815     0.000024490   -118626.7704
0.1400     38514.100632     0.000021769   -131210.3306
0.1600     29696.436938     0.000021769   -140027.9943
0.1800     23395.105495     0.000021769   -146329.3257
0.2000     18803.984917     0.000021769   -150920.4463
0.2400     12800.044672     0.000013606   -156924.3866
0.2800      8992.739354     0.000016327   -160731.6919
0.3200      6430.891476     0.000016327   -163293.5398    -51404.825
0.3600      4739.709402     0.000005442   -164984.7219    -34587.259
0.4000      3581.400597     0.000021769   -166143.0306    -24096.535
0.4500      2602.407599     0.000027211   -167122.0236    -15772.263
0.5000      1949.806191     0.000019048   -167774.6251    -10813.830
0.5500      1478.187992     0.000019048   -168246.2433     -8377.653
0.6000      1109.006479     0.000019048   -168615.4248     -6366.838
0.6500       836.026487     0.000010885   -168888.4047     -4642.994
0.7000       637.055932     0.000016327   -169087.3753     -3388.466
0.7500       491.019635     0.000019048   -169233.4116     -2502.580
0.8000       382.352865     0.000016327   -169342.0784     -1876.807
0.8500       300.227574     0.000016327   -169424.2037     -1429.944
0.9000       237.218586     0.000021769   -169487.2127     -1105.305
0.9500       188.248285     0.000008163   -169536.1830      -864.101
1.0000       149.827647     0.000016327   -169574.6036      -680.165
1.1000        95.622005     0.000027211   -169628.8092      -423.347
1.2000        62.265674     0.000021769   -169662.1656      -266.944
1.3000        41.099404     0.000013606   -169683.3318      -169.937
1.4000        27.547293     0.000010885   -169696.8839      -108.748
1.5000        18.890173     0.000016327   -169705.5411       -70.343
1.6000        13.335478     0.000013606   -169711.0958       -46.496
1.7000         9.637727     0.000013606   -169714.7935       -31.014
1.8000         7.147432     0.000019048   -169717.2838       -20.674
1.9000         5.482321     0.000019048   -169718.9489       -13.690
2.0000         4.385639     0.000019048   -169720.0456        -8.917
2.1000         3.681506     0.000010885   -169720.7497        -5.646
2.2000         3.248189     0.000016327   -169721.1830        -3.380
2.3000         3.001869     0.000027211   -169721.4294        -1.851
2.4000         2.902596     0.000008163   -169721.5287        -0.790
2.5000         2.934752     0.000027211   -169721.4965        -0.133
2.6000         3.018642     0.000010885   -169721.4126         0.329
2.7000         3.135901     0.000019048   -169721.2953         0.596
2.8000         3.273011     0.000016327   -169721.1582         0.780
2.9000         3.420037     0.000019048   -169721.0112         0.870
3.0000         3.570500     0.000021769   -169720.8608         0.892
3.1000         3.719216     0.000005442   -169720.7120         0.892
3.2000         3.862756     0.000024490   -169720.5685         0.867
3.3000         3.998921     0.000024490   -169720.4323         0.813
3.4000         4.126320     0.000021769   -169720.3049         0.754
3.5000         4.243995     0.000024490   -169720.1872         0.695
3.6000         4.351510     0.000019048   -169720.0797         0.632
3.7000         4.448938     0.000021769   -169719.9823         0.567
3.8000         4.536613     0.000021769   -169719.8946         0.505
3.9000         4.614944     0.000021769   -169719.8163         0.451
4.0000         4.684398     0.000024490   -169719.7469         0.398
5.0000         5.035640     0.000010885   -169719.3956         0.095
6.0000         5.109016     0.000021769   -169719.3222         0.019
7.0000         5.122894     0.000010885   -169719.3083         0.005
8.0000         5.125598     0.000019048   -169719.3056         0.001
9.0000         5.126145     0.000024490   -169719.3051         0.000
10.0000         5.126232     0.000021769   -169719.3050         0.000
100.0000         5.125958     0.000019048   -169719.3053
1000.0000         5.125930     0.000024490   -169719.3053
