0.0020         0.000000     0.000019048  28000138.3951
0.0040  13931895.676384     0.000008163  13314849.0292
0.0060   9049919.566835     0.000019048   8432872.9195
0.0080   6617620.961468     0.000010885   6000574.3151
0.0100   5163815.107561     0.000019048   4546768.4600
0.0120   4197914.418390     0.000024490   3580867.7706
0.0140   3511821.326645     0.000027211   2894774.6798
0.0160   3000816.892692     0.000021769   2383770.2454
0.0180   2606134.460878     0.000021769   1989087.8137
0.0200   2292959.011779     0.000019048   1675912.3646
0.0400    932827.925133     0.000024490    315781.2779
0.0600    518215.544104     0.000024490    -98831.1032
0.0800    328817.004837     0.000016327   -288229.6423
0.1000    226006.124411     0.000016327   -391040.5229
0.1200    163110.682858     0.000024490   -453935.9643
0.1400    121888.418353     0.000024490   -495158.2289
0.1600     93859.825975     0.000016327   -523186.8212
0.1800     74134.490784     0.000016327   -542912.1565
0.2000     59209.838766     0.000016327   -557836.8085
0.2400     38828.391391     0.000024490   -578218.2560
0.2800     26386.116238     0.000021769   -590660.5310
0.3200     18661.450422     0.000021769   -598385.1968
0.3600     13525.340976     0.000005442   -603521.3062
0.4000      9827.622527     0.000021769   -607219.0247
0.4500      6809.858283     0.000013606   -610236.7889    -47478.963
0.5000      4878.405259     0.000016327   -612168.2421    -31231.007
0.5500      3576.672508     0.000019048   -613469.9749    -21621.022
0.6000      2656.968197     0.000024490   -614389.6790    -15567.232
0.6500      1989.850144     0.000021769   -615056.7971    -11381.400
0.7000      1503.204294     0.000016327   -615543.4430     -8325.453
0.7500      1145.545077     0.000019048   -615901.1022     -6095.636
0.8000       881.562617     0.000010885   -616165.0846     -4496.275
0.8500       685.725364     0.000008163   -616360.9220     -3351.761
0.9000       539.641940     0.000024490   -616507.0053     -2536.164
0.9500       428.119301     0.000019048   -616618.5279     -1960.419
1.0000       341.217199     0.000010885   -616705.4300     -1542.819
1.1000       217.962904     0.000027211   -616828.6843      -966.574
1.2000       141.554852     0.000024490   -616905.0925      -604.728
1.3000        93.391576     0.000016327   -616953.2556      -395.980
1.4000        60.714421     0.000024490   -616985.9329      -266.985
1.5000        38.592081     0.000016327   -617008.0553      -178.330
1.6000        23.866783     0.000008163   -617022.7804      -119.222
1.7000        13.968758     0.000019048   -617032.6786       -79.752
1.8000         7.342103     0.000021769   -617039.3051       -52.854
1.9000         3.252940     0.000005442   -617043.3944       -34.742
2.0000         0.676440     0.000021769   -617045.9708       -22.246
2.1000        -0.883878     0.000016327   -617047.5311       -13.655
2.2000        -1.753682     0.000013606   -617048.4011        -7.920
2.3000        -2.172218     0.000021769   -617048.8196        -4.092
2.4000        -2.255583     0.000016327   -617048.9028        -1.768
2.5000        -2.150236     0.000021769   -617048.7975        -0.468
2.6000        -1.982086     0.000010885   -617048.6294         0.285
2.7000        -1.798711     0.000024490   -617048.4460         0.656
2.8000        -1.622224     0.000021769   -617048.2694         0.864
2.9000        -1.461894     0.000013606   -617048.1091         0.968
3.0000        -1.315881     0.000013606   -617047.9632         1.027
3.1000        -1.180264     0.000024490   -617047.8274         1.098
3.2000        -1.051337     0.000021769   -617047.6987         1.111
3.3000        -0.924592     0.000027211   -617047.5719         1.157
3.4000        -0.799163     0.000016327   -617047.4465         1.183
3.5000        -0.674647     0.000019048   -617047.3219         1.184
3.6000        -0.503169     0.000021769   -617047.1504         1.145
3.7000        -0.326316     0.000013606   -617046.9735         1.110
3.8000        -0.160754     0.000016327   -617046.8081         1.064
3.9000        -0.004980     0.000013606   -617046.6522         1.002
4.0000         0.154338     0.000019048   -617046.4930         0.947
5.0000         1.318928     0.000027211   -617045.3283         0.407
6.0000         1.756852     0.000019048   -617044.8905         0.136
7.0000         1.895170     0.000013606   -617044.7520         0.049
8.0000         1.939419     0.000010885   -617044.7079         0.019
9.0000         1.956918     0.000019048   -617044.6902         0.010
10.0000         1.966238     0.000002721   -617044.6810         0.007
100.0000         2.009338     0.000008163   -617044.6380         0.000
1000.0000         2.012392     0.000005442   -617044.6350
