0.0020  11128812.161605     0.000019048  10933184.2014
0.0040   5441211.146840     0.000024490   5245583.1859
0.0060   3547642.410873     0.000005442   3352014.4499
0.0080   2602952.775663     0.000024490   2407324.8143
0.0100   2037656.724593     0.000008163   1842028.7632
0.0120   1662314.990552     0.000019048   1466687.0290
0.0140   1395063.122288     0.000019048   1199435.1610
0.0160   1195186.508871     0.000008163    999558.5475
0.0180   1040524.483975     0.000021769    844896.5225
0.0200    917479.086224     0.000016327    721851.1248
0.0400    379780.739626     0.000021769    184152.7782
0.0600    213837.796855     0.000013606     18209.8355
0.0800    137262.255958     0.000016327    -58365.7054
0.1000     95159.271230     0.000013606   -100468.6902
0.1200     69026.464822     0.000013606   -126601.4966
0.1400     51710.510420     0.000019048   -143917.4510
0.1600     39842.475394     0.000019048   -155785.4860
0.1800     31528.450816     0.000027211   -164099.5106
0.2000     25574.133901     0.000013606   -170053.8275
0.2400     17216.648453     0.000021769   -178411.3129
0.2800     11957.005770     0.000021769   -183670.9556
0.3200      8513.674221     0.000021769   -187114.2872
0.3600      6274.329892     0.000024490   -189353.6315    -45196.557
0.4000      4771.561974     0.000021769   -190856.3994    -31205.912
0.4500      3411.087256     0.000021769   -192216.8741    -23590.961
0.5000      2435.594261     0.000013606   -193192.3671    -15794.598
0.5500      1786.461049     0.000024490   -193841.5004    -10555.124
0.6000      1347.107762     0.000010885   -194280.8536     -7266.573
0.6500      1039.153351     0.000013606   -194588.8080     -5199.926
0.7000       814.792259     0.000008163   -194813.1691     -3862.493
0.7500       645.625220     0.000021769   -194982.3362     -2958.458
0.8000       514.491434     0.000016327   -195113.4700     -2321.783
0.8500       410.686065     0.000019048   -195217.2753     -1855.592
0.9000       327.785864     0.000019048   -195300.1755     -1487.344
0.9500       261.845666     0.000005442   -195366.1157     -1183.004
1.0000       209.466632     0.000024490   -195418.4948      -936.782
1.1000       134.806121     0.000019048   -195493.1553      -590.146
1.2000        87.263858     0.000021769   -195540.6975      -376.408
1.3000        56.759971     0.000024490   -195571.2014      -242.702
1.4000        37.168359     0.000008163   -195590.7930      -159.427
1.5000        24.253275     0.000008163   -195603.7081      -105.399
1.6000        15.694037     0.000019048   -195612.2674       -69.719
1.7000        10.025258     0.000016327   -195617.9361       -45.949
1.8000         6.289631     0.000010885   -195621.6718       -29.987
1.9000         3.857281     0.000016327   -195624.1041       -19.324
2.0000         2.341628     0.000016327   -195625.6198       -12.160
2.1000         1.567937     0.000013606   -195626.3935        -7.606
2.2000         1.130538     0.000016327   -195626.8308        -4.650
2.3000         0.909258     0.000016327   -195627.0521        -2.740
2.4000         0.819153     0.000019048   -195627.1423        -1.554
2.5000         0.803670     0.000019048   -195627.1577        -0.827
2.6000         0.827009     0.000019048   -195627.1344        -0.391
2.7000         0.867834     0.000019048   -195627.0936        -0.133
2.8000         0.914180     0.000024490   -195627.0472         0.013
2.9000         0.959852     0.000027211   -195627.0015         0.095
3.0000         1.002299     0.000016327   -195626.9591         0.140
3.1000         1.040362     0.000019048   -195626.9210         0.156
3.2000         1.074064     0.000024490   -195626.8873         0.162
3.3000         1.103645     0.000024490   -195626.8578         0.160
3.4000         1.129453     0.000024490   -195626.8319         0.152
3.5000         1.151962     0.000024490   -195626.8094         0.142
3.6000         1.171568     0.000021769   -195626.7898         0.130
3.7000         1.188569     0.000019048   -195626.7728         0.118
3.8000         1.203310     0.000016327   -195626.7581         0.106
3.9000         1.216096     0.000013606   -195626.7453         0.095
4.0000         1.227185     0.000027211   -195626.7342         0.086
5.0000         1.280538     0.000016327   -195626.6809         0.022
6.0000         1.291796     0.000019048   -195626.6696         0.004
7.0000         1.293935     0.000008163   -195626.6675         0.001
8.0000         1.294318     0.000008163   -195626.6671        -0.000
9.0000         1.294381     0.000008163   -195626.6670        -0.000
10.0000         1.294394     0.000008163   -195626.6670        -0.000
100.0000         1.294394     0.000008163   -195626.6670
1000.0000         1.294394     0.000008163   -195626.6670
