0.0020  13847280.304490     0.000021769  13226776.4426
0.0040   6746686.086544     0.000024490   6126182.2252
0.0060   4388096.977477     0.000010885   3767593.1183
0.0080   3214522.291594     0.000024490   2594018.4310
0.0100   2513515.873937     0.000019048   1893012.0135
0.0120   2048038.594546     0.000024490   1427534.7339
0.0140   1716737.586277     0.000016327   1096233.7258
0.0160   1469440.133630     0.000016327    848936.2730
0.0180   1278249.668161     0.000019048    657745.8076
0.0200   1126163.906865     0.000019048    505660.0463
0.0400    462493.684788     0.000019048   -158010.1757
0.0600    259391.358907     0.000021769   -361112.5017
0.0800    166371.476170     0.000019048   -454132.3843
0.1000    115005.039357     0.000019048   -505498.8212
0.1200     83493.471349     0.000010885   -537010.3892
0.1400     62744.012945     0.000013606   -557759.8476
0.1600     48156.173159     0.000027211   -572347.6874
0.1800     37589.582346     0.000024490   -582914.2782
0.2000     29850.494267     0.000021769   -590653.3663
0.2400     19740.963332     0.000016327   -600762.8973
0.2800     13742.562867     0.000024490   -606761.2977
0.3200      9802.658531     0.000019048   -610701.2020
0.3600      7089.407749     0.000010885   -613414.4527
0.4000      5269.584832     0.000019048   -615234.2758    -37257.675
0.4500      3775.678280     0.000021769   -616728.1822    -23805.137
0.5000      2792.424132     0.000010885   -617711.4364    -16320.497
0.5500      2090.594022     0.000005442   -618413.2664    -11992.170
0.6000      1577.489843     0.000019048   -618926.3708     -8683.750
0.6500      1207.226130     0.000021769   -619296.6343     -6277.653
0.7000       938.007349     0.000010885   -619565.8533     -4606.057
0.7500       738.694064     0.000019048   -619765.1664     -3439.487
0.8000       588.630651     0.000013606   -619915.2299     -2609.458
0.8500       473.938291     0.000024490   -620029.9221     -2009.987
0.9000       384.930065     0.000008163   -620118.9304     -1574.534
0.9500       314.656529     0.000005442   -620189.2041     -1256.664
1.0000       258.149180     0.000010885   -620245.7112     -1020.128
1.1000       174.210906     0.000021769   -620329.6497      -690.522
1.2000       117.533723     0.000016327   -620386.3269      -452.415
1.3000        81.515767     0.000021769   -620422.3448      -296.900
1.4000        56.957800     0.000010885   -620446.9028      -203.506
1.5000        39.623975     0.000021769   -620464.2364      -142.822
1.6000        27.531280     0.000021769   -620476.3292       -99.892
1.7000        19.152420     0.000021769   -620484.7081       -69.726
1.8000        13.344384     0.000008163   -620490.5161       -48.408
1.9000         9.377420     0.000013606   -620494.4830       -33.649
2.0000         6.728695     0.000013606   -620497.1318       -23.194
2.1000         4.926525     0.000019048   -620498.9340       -15.811
2.2000         3.719531     0.000016327   -620500.1411       -10.625
2.3000         2.928017     0.000016327   -620500.9326        -7.012
2.4000         2.420329     0.000016327   -620501.4401        -4.561
2.5000         2.104627     0.000021769   -620501.7558        -2.919
2.6000         1.913437     0.000008163   -620501.9471        -1.769
2.7000         1.801362     0.000019048   -620502.0592        -1.116
2.8000         1.737039     0.000013606   -620502.1234        -0.635
2.9000         1.699689     0.000008163   -620502.1610        -0.340
3.0000         1.678067     0.000016327   -620502.1825        -0.204
3.1000         1.664837     0.000013606   -620502.1958        -0.095
3.2000         1.656094     0.000027211   -620502.2045        -0.013
3.3000         1.650638     0.000024490   -620502.2099         0.006
3.4000         1.647767     0.000019048   -620502.2127         0.030
3.5000         1.646687     0.000016327   -620502.2138         0.050
3.6000         1.647049     0.000013606   -620502.2135         0.067
3.7000         1.648842     0.000010885   -620502.2116         0.068
3.8000         1.652115     0.000008163   -620502.2083         0.072
3.9000         1.656325     0.000005442   -620502.2042         0.076
4.0000         1.661090     0.000005442   -620502.1993         0.077
5.0000         1.713012     0.000010885   -620502.1476         0.039
6.0000         1.738101     0.000024490   -620502.1223         0.011
7.0000         1.744931     0.000024490   -620502.1155         0.001
8.0000         1.746381     0.000024490   -620502.1142        -0.001
9.0000         1.746659     0.000024490   -620502.1139        -0.001
10.0000         1.746705     0.000024490   -620502.1139        -0.001
100.0000         1.746716     0.000024490   -620502.1139
1000.0000         1.746716     0.000024490   -620502.1139
