0.0020   7860144.367012     0.000024490   7733012.7317
0.0040   3848463.928237     0.000024490   3721332.2920
0.0060   2512649.892449     0.000005442   2385518.2562
0.0080   1845945.228171     0.000021769   1718813.5920
0.0100   1446785.501410     0.000019048   1319653.8652
0.0120   1181637.416743     0.000019048   1054505.7804
0.0140    993140.181571     0.000016327    866008.5453
0.0160    852119.189715     0.000005442    724987.5536
0.0180    742698.444797     0.000013606    615566.8086
0.0200    655579.733363     0.000027211    528448.0970
0.0400    273492.581878     0.000021769    146360.9457
0.0600    155216.778015     0.000024490     28085.1418
0.0800    100078.326684     0.000024490    -27053.3095
0.1000     69573.886905     0.000019048    -57557.7493
0.1200     50836.386359     0.000016327    -76295.2499
0.1400     38341.082870     0.000024490    -88790.5534
0.1600     29565.224348     0.000016327    -97566.4119
0.1800     23232.170426     0.000008163   -103899.4658
0.2000     18600.541149     0.000024490   -108531.0951
0.2400     12572.516190     0.000016327   -114559.1200
0.2800      8936.313678     0.000024490   -118195.3225
0.3200      6376.191157     0.000016327   -120755.4451
0.3600      4685.982522     0.000019048   -122445.6537    -34303.847
0.4000      3531.314855     0.000013606   -123600.3214    -24440.190
0.4500      2516.425413     0.000013606   -124615.2108    -16610.734
0.5000      1831.774453     0.000019048   -125299.8618    -11158.382
0.5500      1369.055614     0.000024490   -125762.5806     -7633.273
0.6000      1046.237699     0.000024490   -126085.3985     -5583.518
0.6500       785.940696     0.000019048   -126345.6955     -4660.448
0.7000       585.918658     0.000019048   -126545.7176     -3365.399
0.7500       442.643098     0.000024490   -126688.9931     -2401.216
0.8000       340.086819     0.000027211   -126791.5494     -1729.869
0.8500       265.632328     0.000013606   -126866.0039     -1267.165
0.9000       210.593353     0.000024490   -126921.0429      -947.402
0.9500       169.079533     0.000021769   -126962.5567      -724.170
1.0000       137.022198     0.000024490   -126994.6140      -565.453
1.1000        91.557673     0.000019048   -127040.0786      -362.330
1.2000        61.857340     0.000019048   -127069.7789      -240.806
1.3000        41.978572     0.000027211   -127089.6576      -162.058
1.4000        28.574616     0.000021769   -127103.0616      -109.405
1.5000        19.522155     0.000019048   -127112.1141       -73.919
1.6000        13.400668     0.000024490   -127118.2356       -50.067
1.7000         9.245855     0.000024490   -127122.3904       -34.088
1.8000         6.408251     0.000021769   -127125.2280       -23.375
1.9000         4.454291     0.000019048   -127127.1819       -16.165
2.0000         3.097449     0.000016327   -127128.5388       -11.281
2.1000         2.147926     0.000013606   -127129.4883        -7.914
2.2000         1.480205     0.000024490   -127130.1560        -5.567
2.3000         1.010003     0.000021769   -127130.6262        -3.930
2.4000         0.679939     0.000019048   -127130.9563        -2.745
2.5000         0.450033     0.000016327   -127131.1862        -1.907
2.6000         0.292025     0.000016327   -127131.3442        -1.294
2.7000         0.185818     0.000016327   -127131.4504        -0.858
2.8000         0.133739     0.000021769   -127131.5025        -0.585
2.9000         0.115825     0.000016327   -127131.5204        -0.426
3.0000         0.101844     0.000013606   -127131.5344        -0.303
3.1000         0.091438     0.000027211   -127131.5448        -0.209
3.2000         0.084388     0.000019048   -127131.5519        -0.138
3.3000         0.080244     0.000013606   -127131.5560        -0.081
3.4000         0.078453     0.000013606   -127131.5578        -0.047
3.5000         0.078567     0.000008163   -127131.5577        -0.014
3.6000         0.080135     0.000021769   -127131.5561         0.007
3.7000         0.082799     0.000019048   -127131.5534         0.023
3.8000         0.086206     0.000013606   -127131.5500         0.030
3.9000         0.090070     0.000024490   -127131.5462         0.037
4.0000         0.094230     0.000019048   -127131.5420         0.039
5.0000         0.128117     0.000008163   -127131.5081         0.020
6.0000         0.140384     0.000016327   -127131.4959         0.005
7.0000         0.143516     0.000021769   -127131.4927         0.001
8.0000         0.144248     0.000005442   -127131.4920         0.000
9.0000         0.144411     0.000005442   -127131.4918        -0.000
10.0000         0.144444     0.000005442   -127131.4918        -0.000
100.0000         0.144454     0.000005442   -127131.4918
1000.0000         0.144457     0.000005442   -127131.4918
