0.0020   4221790.947798     0.000019048   4161845.1816
0.0040   2072260.140290     0.000024490   2012314.3748
0.0060   1356090.660545     0.000013606   1296144.8950
0.0080    998474.437015     0.000013606    938528.6716
0.0100    784304.091210     0.000008163    724358.3257
0.0120    641734.290540     0.000021769    581788.5250
0.0140    540196.789410     0.000016327    480251.0237
0.0160    464420.255473     0.000019048    404474.4898
0.0180    405639.462570     0.000019048    345693.6970
0.0200    358717.728315     0.000016327    298771.9627
0.0400    151366.682660     0.000019048     91420.9171
0.0600     86516.104816     0.000019048     26570.3393
0.0800     56382.141274     0.000008163     -3563.6243
0.1000     39436.328887     0.000019048    -20509.4367
0.1200     28903.835169     0.000019048    -31041.9304
0.1400     21993.767930     0.000016327    -37951.9976
0.1600     17228.052578     0.000024490    -42717.7130
0.1800     13782.794802     0.000013606    -46162.9708
0.2000     11162.111039     0.000021769    -48783.6545
0.2400      7474.086628     0.000008163    -52471.6789
0.2800      5161.409660     0.000016327    -54784.3559    -45694.451
0.3200      3683.221731     0.000010885    -56262.5438    -29545.343
0.3600      2717.480250     0.000016327    -57228.2853    -19587.035
0.4000      2066.714389     0.000008163    -57879.0512    -13496.765
0.4500      1512.593975     0.000008163    -58433.1716     -9319.372
0.5000      1081.009262     0.000027211    -58864.7563     -7590.383
0.5500       761.942920     0.000016327    -59183.8226     -5275.444
0.6000       542.039204     0.000013606    -59403.7264     -3627.626
0.6500       390.424062     0.000021769    -59555.3415     -2508.983
0.7000       284.940008     0.000010885    -59660.8255     -1756.990
0.7500       210.463957     0.000021769    -59735.3016     -1252.177
0.8000       156.855689     0.000013606    -59788.9098      -911.617
0.8500       117.420306     0.000016327    -59828.3453      -678.939
0.9000        87.771103     0.000016327    -59857.9944      -516.958
0.9500        65.015516     0.000021769    -59880.7500      -399.219
1.0000        47.374058     0.000019048    -59898.3915      -310.024
1.1000        23.065294     0.000019048    -59922.7003      -184.594
1.2000         9.029484     0.000019048    -59936.7361      -104.754
1.3000         1.309589     0.000019048    -59944.4560       -56.060
1.4000        -2.746163     0.000010885    -59948.5117       -27.843
1.5000        -4.712891     0.000021769    -59950.4784       -12.125
1.6000        -5.496710     0.000021769    -59951.2623        -3.482
1.7000        -5.329564     0.000016327    -59951.0951         0.511
1.8000        -4.449703     0.000013606    -59950.2152         1.643
1.9000        -3.676529     0.000002721    -59949.4421         2.484
2.0000        -2.933084     0.000013606    -59948.6986         2.989
2.1000        -2.167758     0.000002721    -59947.9333         3.085
2.2000        -1.145409     0.000016327    -59946.9110         2.429
2.3000        -0.333829     0.000021769    -59946.0994         1.984
2.4000         0.277118     0.000008163    -59945.4884         1.738
2.5000         0.751394     0.000019048    -59945.0142         1.585
2.6000         1.130851     0.000013606    -59944.6347         1.517
2.7000         1.443684     0.000024490    -59944.3219         1.437
2.8000         1.709224     0.000027211    -59944.0563         1.398
2.9000         1.938883     0.000027211    -59943.8267         1.350
3.0000         2.150568     0.000016327    -59943.6150         1.287
3.1000         2.383601     0.000024490    -59943.3820         1.204
3.2000         2.593398     0.000016327    -59943.1722         1.118
3.3000         2.782746     0.000021769    -59942.9828         1.023
3.4000         2.954036     0.000005442    -59942.8115         0.935
3.5000         3.107914     0.000019048    -59942.6576         0.849
3.6000         3.245604     0.000010885    -59942.5199         0.765
3.7000         3.368613     0.000019048    -59942.3970         0.684
3.8000         3.478414     0.000010885    -59942.2871         0.609
3.9000         3.575735     0.000024490    -59942.1898         0.541
4.0000         3.661429     0.000016327    -59942.1041         0.477
5.0000         4.091163     0.000016327    -59941.6744         0.113
6.0000         4.180070     0.000021769    -59941.5855         0.022
7.0000         4.196615     0.000016327    -59941.5689         0.005
8.0000         4.200003     0.000016327    -59941.5655         0.001
9.0000         4.200947     0.000010885    -59941.5646         0.000
10.0000         4.201361     0.000008163    -59941.5642
100.0000         4.203252     0.000021769    -59941.5623
1000.0000         4.203404     0.000021769    -59941.5622
