0.0020   2414539.923743     0.000008163   2256946.4711
0.0040   1180551.715575     0.000013606   1022958.2629
0.0060    770363.091776     0.000013606    612769.6392
0.0080    566013.666242     0.000019048    408420.2135
0.0100    443911.816649     0.000027211    286318.3640
0.0120    362841.543891     0.000021769    205248.0913
0.0140    305199.309793     0.000010885    147605.8572
0.0160    262175.258321     0.000024490    104581.8057
0.0180    228882.281212     0.000010885     71288.8286
0.0200    202390.961592     0.000008163     44797.5090
0.0400     85971.552417     0.000021769    -71621.9002
0.0600     49511.960058     0.000027211   -108081.4925
0.0800     32393.797236     0.000024490   -125199.6554
0.1000     22773.241111     0.000008163   -134820.2115
0.1200     16818.821104     0.000010885   -140774.6315
0.1400     12894.534400     0.000021769   -144698.9182
0.1600     10166.507870     0.000013606   -147426.9447
0.1800      8172.184543     0.000016327   -149421.2680
0.2000      6654.224407     0.000010885   -150939.2282
0.2400      4534.382521     0.000021769   -153059.0701    -41547.764
0.2800      3198.502216     0.000024490   -154394.9504    -26494.855
0.3200      2337.104632     0.000019048   -155256.3480    -17332.307
0.3600      1765.063327     0.000016327   -155828.3893    -11744.416
0.4000      1368.261245     0.000027211   -156225.1914     -8403.559
0.4500      1012.256464     0.000005442   -156581.1961     -6056.546
0.5000       750.657565     0.000013606   -156842.7950     -4477.556
0.5500       558.375585     0.000005442   -157035.0770     -3268.345
0.6000       418.494236     0.000013606   -157174.9584     -2373.662
0.6500       316.706317     0.000024490   -157276.7463     -1733.840
0.7000       241.985233     0.000010885   -157351.4674     -1280.542
0.7500       186.464548     0.000019048   -157406.9880      -957.433
0.8000       144.719235     0.000019048   -157448.7334      -724.203
0.8500       112.977809     0.000016327   -157480.4748      -553.627
0.9000        88.588795     0.000024490   -157504.8638      -427.719
0.9500        69.661664     0.000021769   -157523.7909      -333.709
1.0000        54.823289     0.000021769   -157538.6293      -262.883
1.1000        33.732778     0.000008163   -157559.7198      -167.123
1.2000        20.191928     0.000027211   -157573.2607      -108.289
1.3000        11.406870     0.000019048   -157582.0457       -70.112
1.4000         6.289550     0.000021769   -157587.1630       -46.605
1.5000         2.951405     0.000021769   -157590.5012       -30.257
1.6000         0.803789     0.000016327   -157592.6488       -18.931
1.7000        -0.497925     0.000019048   -157593.9505       -11.164
1.8000        -1.225710     0.000013606   -157594.6783        -6.061
1.9000        -1.573374     0.000016327   -157595.0260        -2.679
2.0000        -1.681719     0.000024490   -157595.1343        -0.552
2.1000        -1.639930     0.000021769   -157595.0925         0.743
2.2000        -1.511960     0.000027211   -157594.9645         1.532
2.3000        -1.334545     0.000024490   -157594.7871         1.926
2.4000        -1.130748     0.000016327   -157594.5833         2.149
2.5000        -0.916896     0.000019048   -157594.3695         2.240
2.6000        -0.699866     0.000021769   -157594.1525         2.219
2.7000        -0.484289     0.000008163   -157593.9369         2.175
2.8000        -0.229525     0.000024490   -157593.6821         2.053
2.9000         0.087457     0.000024490   -157593.3651         1.833
3.0000         0.366355     0.000019048   -157593.0862         1.615
3.1000         0.611606     0.000010885   -157592.8410         1.438
3.2000         0.826478     0.000013606   -157592.6261         1.276
3.3000         1.014781     0.000016327   -157592.4378         1.130
3.4000         1.180534     0.000027211   -157592.2720         0.994
3.5000         1.327070     0.000008163   -157592.1255         0.872
3.6000         1.456223     0.000013606   -157591.9964         0.768
3.7000         1.569823     0.000027211   -157591.8828         0.681
3.8000         1.670320     0.000016327   -157591.7823         0.599
3.9000         1.778368     0.000016327   -157591.6742         0.514
4.0000         1.869227     0.000016327   -157591.5834         0.427
5.0000         2.287665     0.000019048   -157591.1649         0.095
6.0000         2.400666     0.000016327   -157591.0519         0.058
7.0000         2.449189     0.000027211   -157591.0034         0.022
8.0000         2.478330     0.000019048   -157590.9743         0.015
9.0000         2.498523     0.000024490   -157590.9541         0.011
10.0000         2.513549     0.000013606   -157590.9390         0.008
100.0000         2.612746     0.000016327   -157590.8398         0.000
1000.0000         2.620991     0.000013606   -157590.8316
