0.0020   1131765.759315     0.000010885   1117480.3906
0.0040    555713.913181     0.000021769    541428.5444
0.0060    364313.398129     0.000002721    350028.0293
0.0080    268606.502216     0.000024490    254321.1335
0.0100    211293.632333     0.000013606    197008.2636
0.0120    173174.278867     0.000024490    158888.9101
0.0140    146008.960362     0.000016327    131723.5916
0.0160    125722.278241     0.000027211    111436.9095
0.0180    110007.935741     0.000019048     95722.5670
0.0200     97470.791838     0.000024490     83185.4231
0.0400     42264.115834     0.000019048     27978.7471
0.0600     24794.169116     0.000027211     10508.8004
0.0800     16476.027488     0.000016327      2190.6588
0.1000     11757.487540     0.000013606     -2527.8812
0.1200      8814.305751     0.000016327     -5471.0630
0.1400      6843.493631     0.000005442     -7441.8751
0.1600      5443.143214     0.000010885     -8842.2255
0.1800      4401.893442     0.000013606     -9883.4753    -45295.114
0.2000      3602.939157     0.000005442    -10682.4296    -35180.262
0.2400      2481.793023     0.000013606    -11803.5757    -22071.501
0.2800      1767.161200     0.000013606    -12518.2075    -14293.874
0.3200      1298.598423     0.000010885    -12986.7703     -9500.786
0.3600       983.477812     0.000013606    -13301.8909     -6479.581
0.4000       765.788140     0.000024490    -13519.5806     -4531.545
0.4500       579.952562     0.000016327    -13705.4162     -3013.722
0.5000       451.465425     0.000027211    -13833.9033     -2219.404
0.5500       348.121506     0.000021769    -13937.2472     -1895.484
0.6000       263.066857     0.000021769    -14022.3019     -1494.953
0.6500       197.892921     0.000024490    -14087.4758     -1121.521
0.7000       149.254934     0.000024490    -14136.1138      -830.794
0.7500       113.317654     0.000019048    -14172.0511      -612.168
0.8000        86.743019     0.000016327    -14198.6257      -454.056
0.8500        66.924630     0.000027211    -14218.4441      -340.000
0.9000        52.012085     0.000019048    -14233.3566      -256.844
0.9500        40.690825     0.000013606    -14244.6779      -195.727
1.0000        32.027734     0.000013606    -14253.3410      -150.343
1.1000        20.167473     0.000016327    -14265.2013       -90.538
1.2000        12.955688     0.000002721    -14272.4130       -55.708
1.3000         8.489858     0.000005442    -14276.8789       -34.846
1.4000         5.688583     0.000021769    -14279.6801       -22.029
1.5000         4.189186     0.000027211    -14281.1795       -14.698
1.6000         3.475197     0.000010885    -14281.8935       -11.095
1.7000         2.880979     0.000021769    -14282.4877        -8.617
1.8000         2.367593     0.000024490    -14283.0011        -6.640
1.9000         1.938058     0.000024490    -14283.4307        -5.022
2.0000         1.593399     0.000021769    -14283.7753        -3.717
2.1000         1.327342     0.000019048    -14284.0414        -2.694
2.2000         1.128495     0.000016327    -14284.2402        -1.917
2.3000         0.984092     0.000013606    -14284.3846        -1.337
2.4000         0.882027     0.000010885    -14284.4867        -0.910
2.5000         0.811882     0.000008163    -14284.5568        -0.607
2.6000         0.765272     0.000002721    -14284.6035        -0.389
2.7000         0.735497     0.000021769    -14284.6332        -0.240
2.8000         0.717516     0.000019048    -14284.6512        -0.139
2.9000         0.707646     0.000016327    -14284.6611        -0.070
3.0000         0.703167     0.000027211    -14284.6656        -0.025
3.1000         0.702144     0.000019048    -14284.6666         0.002
3.2000         0.703243     0.000019048    -14284.6655         0.018
3.3000         0.705521     0.000016327    -14284.6632         0.027
3.4000         0.708435     0.000019048    -14284.6603         0.031
3.5000         0.711510     0.000019048    -14284.6572         0.031
3.6000         0.714547     0.000019048    -14284.6542         0.030
3.7000         0.717379     0.000019048    -14284.6513         0.027
3.8000         0.719948     0.000019048    -14284.6488         0.024
3.9000         0.722223     0.000019048    -14284.6465         0.021
4.0000         0.724212     0.000019048    -14284.6445         0.018
5.0000         0.732784     0.000005442    -14284.6359         0.003
6.0000         0.733932     0.000002721    -14284.6348         0.000
7.0000         0.734057     0.000002721    -14284.6347
8.0000         0.734074     0.000002721    -14284.6347
9.0000         0.734074     0.000002721    -14284.6346        -0.000
10.0000         0.734074     0.000002721    -14284.6346
100.0000         0.734074     0.000002721    -14284.6346
1000.0000         0.734074     0.000002721    -14284.6346
