0.0020   6738371.582293     0.000010885   6434773.4642
0.0040   3287593.609741     0.000027211   2983995.4920
0.0060   2141710.693483     0.000021769   1838112.5766
0.0080   1571102.726296     0.000024490   1267504.6093
0.0100   1230231.255938     0.000016327    926633.1391
0.0120   1004264.387544     0.000021769    700666.2707
0.0140    843625.066313     0.000008163    540026.9496
0.0160    723768.544941     0.000016327    420170.4282
0.0180    631059.456761     0.000013606    327461.3400
0.0200    557183.686678     0.000016327    253585.5698
0.0400    233931.117648     0.000024490    -69666.9992
0.0600    133121.885599     0.000021769   -170476.2313
0.0800     85839.514320     0.000016327   -217758.6025
0.1000     59683.834092     0.000024490   -243914.2828
0.1200     43490.595014     0.000016327   -260107.5218
0.1400     32650.381339     0.000016327   -270947.7355
0.1600     25111.811088     0.000016327   -278486.3057
0.1800     19746.754622     0.000010885   -283851.3622
0.2000     15840.154550     0.000016327   -287757.9622
0.2400     10680.368123     0.000016327   -292917.7487
0.2800      7400.885007     0.000016327   -296197.2319
0.3200      5231.673602     0.000021769   -298366.4433    -43393.136
0.3600      3806.862937     0.000010885   -299791.2540    -28940.192
0.4000      2843.914055     0.000024490   -300754.2027    -19859.745
0.4500      2038.147626     0.000021769   -301559.9692    -13020.952
0.5000      1491.275224     0.000019048   -302106.8415     -9197.928
0.5500      1098.511455     0.000024490   -302499.6053     -6655.492
0.6000       816.736015     0.000016327   -302781.3807     -4746.422
0.6500       616.624049     0.000024490   -302981.4928     -3379.957
0.7000       473.251418     0.000013606   -303124.8655     -2435.904
0.7500       368.604117     0.000019048   -303229.5127     -1784.576
0.8000       291.540347     0.000013606   -303306.5764     -1326.351
0.8500       233.828658     0.000021769   -303364.2883     -1006.383
0.9000       189.488246     0.000010885   -303408.6287      -786.440
0.9500       154.249344     0.000010885   -303443.8675      -635.307
1.0000       125.398638     0.000010885   -303472.7183      -524.563
1.1000        81.848249     0.000010885   -303516.2685      -357.366
1.2000        53.231156     0.000021769   -303544.8857      -238.357
1.3000        34.226736     0.000019048   -303563.8901      -154.416
1.4000        21.933846     0.000008163   -303576.1831       -98.870
1.5000        14.087753     0.000024490   -303584.0290       -63.256
1.6000         9.161130     0.000019048   -303588.9556       -41.298
1.7000         5.923573     0.000008163   -303592.1932       -27.548
1.8000         3.744280     0.000027211   -303594.3726       -18.649
1.9000         2.263809     0.000013606   -303595.8532       -12.646
2.0000         1.275491     0.000019048   -303596.8415        -8.285
2.1000         0.816644     0.000008163   -303597.3003        -5.667
2.2000         0.650559     0.000002721   -303597.4663        -3.754
2.3000         0.568204     0.000024490   -303597.5487        -2.418
2.4000         0.553719     0.000013606   -303597.5631        -1.312
2.5000         0.590555     0.000005442   -303597.5264        -0.487
2.6000         0.670875     0.000008163   -303597.4459         0.105
2.7000         0.782453     0.000010885   -303597.3343         0.576
2.8000         0.915797     0.000002721   -303597.2009         0.882
2.9000         1.067541     0.000016327   -303597.0494         1.089
3.0000         1.229215     0.000016327   -303596.8877         1.241
3.1000         1.394413     0.000013606   -303596.7226         1.312
3.2000         1.561714     0.000010885   -303596.5552         1.317
3.3000         1.727839     0.000008163   -303596.3890         1.310
3.4000         1.888359     0.000024490   -303596.2284         1.276
3.5000         2.041731     0.000019048   -303596.0752         1.224
3.6000         2.187385     0.000024490   -303595.9294         1.146
3.7000         2.324963     0.000024490   -303595.7919         1.065
3.8000         2.453091     0.000010885   -303595.6638         0.987
3.9000         2.571061     0.000005442   -303595.5457         0.911
4.0000         2.678932     0.000019048   -303595.4379         0.833
5.0000         3.320120     0.000010885   -303594.7968         0.270
6.0000         3.524883     0.000013606   -303594.5919         0.123
7.0000         3.595303     0.000005442   -303594.5214         0.047
8.0000         3.627655     0.000010885   -303594.4893         0.027
9.0000         3.646844     0.000019048   -303594.4700         0.019
10.0000         3.660159     0.000008163   -303594.4567         0.014
100.0000         3.777154     0.000016327   -303594.3397         0.000
1000.0000         3.786909     0.000024490   -303594.3299
