0.0020         0.000000     0.000024490  26925005.6110
0.0040  13456832.166681     0.000010885  12727656.1653
0.0060   8740011.927292     0.000013606   8010835.9256
0.0080   6393639.668016     0.000005442   5664463.6661
0.0100   4991246.316950     0.000016327   4262070.3151
0.0120   4060084.099346     0.000024490   3330908.0966
0.0140   3397849.271614     0.000010885   2668673.2695
0.0160   2903786.825944     0.000013606   2174610.8237
0.0180   2522243.263485     0.000024490   1793067.2613
0.0200   2219470.621687     0.000027211   1490294.6196
0.0400    901479.119712     0.000002721    172303.1175
0.0600    500485.634639     0.000013606   -228690.3675
0.0800    318504.295793     0.000013606   -410671.7065
0.1000    219130.723565     0.000016327   -510045.2786
0.1200    157906.236339     0.000013606   -571269.7659
0.1400    117173.115736     0.000019048   -612002.8863
0.1600     89582.432539     0.000021769   -639593.5697
0.1800     70472.046315     0.000019048   -658703.9560
0.2000     56393.654388     0.000019048   -672782.3478
0.2400     37185.729849     0.000021769   -691990.2722
0.2800     25448.671019     0.000016327   -703727.3313
0.3200     18128.542592     0.000013606   -711047.4596
0.3600     13188.456677     0.000024490   -715987.5455
0.4000      9703.630285     0.000010885   -719472.3718
0.4500      6851.258805     0.000027211   -722324.7432    -44899.016
0.5000      5027.012948     0.000019048   -724148.9893    -29490.519
0.5500      3794.245720     0.000024490   -725381.7564    -20591.716
0.6000      2911.359041     0.000027211   -726264.6432    -15096.035
0.6500      2256.729232     0.000013606   -726919.2729    -11305.979
0.7000      1764.084446     0.000016327   -727411.9178     -8556.325
0.7500      1389.483857     0.000010885   -727786.5183     -6535.283
0.8000      1101.927865     0.000016327   -728074.0742     -5037.592
0.8500       879.111768     0.000024490   -728296.8904     -3921.053
0.9000       704.549008     0.000019048   -728471.4531     -3090.448
0.9500       565.544982     0.000005442   -728610.4571     -2485.130
1.0000       452.982183     0.000019048   -728723.0200     -2007.011
1.1000       290.516877     0.000016327   -728885.4854     -1282.240
1.2000       187.556648     0.000021769   -728988.4454      -812.393
1.3000       122.044640     0.000024490   -729053.9577      -519.508
1.4000        79.855436     0.000005442   -729096.1468      -337.030
1.5000        52.308461     0.000013606   -729123.6937      -221.599
1.6000        34.110595     0.000016327   -729141.8916      -147.139
1.7000        21.995575     0.000016327   -729154.0066       -98.280
1.8000        13.905372     0.000016327   -729162.0968       -65.620
1.9000         8.515330     0.000008163   -729167.4869       -43.563
2.0000         4.951679     0.000019048   -729171.0505       -28.676
2.1000         2.627728     0.000019048   -729173.3743       -18.514
2.2000         1.143551     0.000010885   -729174.8587       -11.646
2.3000         0.224891     0.000008163   -729175.7774        -7.070
2.4000        -0.303415     0.000024490   -729176.3055        -4.028
2.5000        -0.445859     0.000024490   -729176.4481        -2.193
2.6000        -0.452368     0.000013606   -729176.4547        -1.033
2.7000        -0.393085     0.000019048   -729176.3953        -0.329
2.8000        -0.299910     0.000016327   -729176.3020         0.100
2.9000        -0.193593     0.000019048   -729176.1959         0.313
3.0000        -0.076829     0.000024490   -729176.0789         0.417
3.1000         0.036090     0.000021769   -729175.9662         0.456
3.2000         0.136384     0.000013606   -729175.8658         0.440
3.3000         0.223830     0.000013606   -729175.7785         0.419
3.4000         0.299170     0.000013606   -729175.7031         0.386
3.5000         0.363441     0.000021769   -729175.6389         0.344
3.6000         0.417970     0.000008163   -729175.5842         0.309
3.7000         0.464109     0.000008163   -729175.5382         0.270
3.8000         0.503033     0.000008163   -729175.4993         0.238
3.9000         0.535733     0.000010885   -729175.4663         0.206
4.0000         0.563134     0.000019048   -729175.4391         0.179
5.0000         0.678854     0.000010885   -729175.3232         0.037
6.0000         0.696634     0.000010885   -729175.3055         0.005
7.0000         0.699344     0.000008163   -729175.3028         0.001
8.0000         0.699766     0.000010885   -729175.3025        -0.001
9.0000         0.699828     0.000010885   -729175.3023        -0.001
10.0000         0.699847     0.000010885   -729175.3023        -0.000
100.0000         0.699850     0.000010885   -729175.3023
1000.0000         0.699847     0.000010885   -729175.3023
