0.0020   1595851.784114     0.000005442   1577347.7195
0.0040    785946.487996     0.000024490    767442.4234
0.0060    516099.963338     0.000005442    497595.8987
0.0080    381284.415072     0.000016327    362780.3505
0.0100    300503.329588     0.000010885    281999.2651
0.0120    246724.583799     0.000002721    228220.5192
0.0140    208357.891174     0.000019048    189853.8266
0.0160    179626.577820     0.000024490    161122.5132
0.0180    157316.773885     0.000013606    138812.7093
0.0200    139545.182205     0.000013606    121041.1176
0.0400     60707.638607     0.000021769     42203.5740
0.0600     35365.978495     0.000005442     16861.9139
0.0800     23314.677403     0.000024490      4810.6128
0.1000     16547.711786     0.000019048     -1956.3528
0.1200     12334.059883     0.000019048     -6170.0047
0.1400      9501.191581     0.000021769     -9002.8730
0.1600      7483.487537     0.000013606    -11020.5771
0.1800      5992.803130     0.000027211    -12511.2615
0.2000      4866.961931     0.000021769    -13637.1027    -49020.691
0.2400      3334.455026     0.000024490    -15169.6096    -29508.811
0.2800      2393.853324     0.000013606    -16110.2113    -18564.091
0.3200      1791.639146     0.000013606    -16712.4255    -12093.301
0.3600      1393.610125     0.000021769    -17110.4545     -8106.639
0.4000      1115.714355     0.000021769    -17388.3503     -6461.133
0.4500       814.883121     0.000027211    -17689.1815     -5118.656
0.5000       599.747688     0.000008163    -17904.3169     -3573.280
0.5500       449.432932     0.000005442    -18054.6317     -2505.687
0.6000       343.303432     0.000013606    -18160.7612     -1784.225
0.6500       266.977891     0.000021769    -18237.0867     -1296.356
0.7000       210.919868     0.000016327    -18293.1447      -961.842
0.7500       168.865722     0.000024490    -18335.1989      -728.212
0.8000       136.636784     0.000024490    -18367.4278      -562.742
0.8500       111.342474     0.000019048    -18392.7221      -445.013
0.9000        91.166190     0.000010885    -18412.8984      -360.920
0.9500        74.693589     0.000005442    -18429.3710      -299.908
1.0000        60.865253     0.000013606    -18443.1994      -254.744
1.1000        38.883752     0.000008163    -18465.1809      -188.116
1.2000        22.827822     0.000013606    -18481.2368      -134.721
1.3000        11.609631     0.000016327    -18492.4550       -91.785
1.4000         4.134165     0.000013606    -18499.9305       -59.815
1.5000        -0.634632     0.000024490    -18504.6992       -37.245
1.6000        -3.523658     0.000016327    -18507.5883       -21.770
1.7000        -5.136701     0.000016327    -18509.2013       -11.344
1.8000        -5.897319     0.000019048    -18509.9619        -4.445
1.9000        -6.098792     0.000027211    -18510.1634         0.024
2.0000        -5.941423     0.000008163    -18510.0060         2.846
2.1000        -5.562839     0.000024490    -18509.6275         4.538
2.2000        -4.563931     0.000016327    -18508.6285         4.783
2.3000        -3.580617     0.000021769    -18507.6452         4.617
2.4000        -2.729499     0.000021769    -18506.7941         4.340
2.5000        -1.999542     0.000021769    -18506.0642         4.024
2.6000        -1.373895     0.000008163    -18505.4385         3.702
2.7000        -0.836614     0.000016327    -18504.9012         3.403
2.8000        -0.364088     0.000005442    -18504.4287         3.113
2.9000         0.092696     0.000013606    -18503.9719         2.809
3.0000         0.490597     0.000013606    -18503.5740         2.533
3.1000         0.858800     0.000016327    -18503.2058         2.250
3.2000         1.337424     0.000013606    -18502.7272         1.795
3.3000         1.718413     0.000021769    -18502.3462         1.439
3.4000         2.021954     0.000024490    -18502.0427         1.154
3.5000         2.264015     0.000019048    -18501.8006         0.929
3.6000         2.457331     0.000016327    -18501.6073         0.749
3.7000         2.611935     0.000016327    -18501.4527         0.606
3.8000         2.735660     0.000024490    -18501.3290         0.491
3.9000         2.834750     0.000019048    -18501.2299         0.399
4.0000         2.914150     0.000013606    -18501.1505         0.325
5.0000         3.202370     0.000002721    -18500.8622         0.046
6.0000         3.236083     0.000016327    -18500.8285         0.007
7.0000         3.240453     0.000010885    -18500.8242         0.001
8.0000         3.241095     0.000013606    -18500.8235         0.000
9.0000         3.241198     0.000021769    -18500.8234
10.0000         3.241217     0.000021769    -18500.8234
100.0000         3.241220     0.000021769    -18500.8234
1000.0000         3.241220     0.000021769    -18500.8234
