0.0020         0.000000     0.000027211  30233585.8592
0.0040  15032045.188631     0.000013606  14384194.3439
0.0060   9765253.471784     0.000021769   9117402.6286
0.0080   7139916.131297     0.000008163   6492065.2871
0.0100   5570133.892502     0.000016327   4922283.0472
0.0120   4526258.064577     0.000021769   3878407.2209
0.0140   3786746.193136     0.000024490   3138895.3488
0.0160   3235291.281674     0.000008163   2587440.4377
0.0180   2808894.902016     0.000019048   2161044.0578
0.0200   2470912.398005     0.000016327   1823061.5540
0.0400   1004004.262375     0.000021769    356153.4183
0.0600    560669.217219     0.000021769    -87181.6268
0.0800    356133.483343     0.000021769   -291717.3607
0.1000    243759.503873     0.000019048   -404091.3403
0.1200    174646.716354     0.000013606   -473204.1277
0.1400    129607.665231     0.000019048   -518243.1789
0.1600     99276.801622     0.000005442   -548574.0425
0.1800     78036.410986     0.000010885   -569814.4329
0.2000     61900.744646     0.000024490   -585950.0993
0.2400     40153.886175     0.000019048   -607696.9580
0.2800     27135.930763     0.000021769   -620714.9133
0.3200     19130.111229     0.000019048   -628720.7329
0.3600     13595.635443     0.000024490   -634255.2087
0.4000      9808.385259     0.000019048   -638042.4589
0.4500      6736.810488     0.000024490   -641114.0337    -48303.002
0.5000      4776.499299     0.000013606   -643074.3448    -31566.109
0.5500      3467.363168     0.000019048   -644383.4810    -21668.239
0.6000      2548.421708     0.000008163   -645302.4224    -15517.352
0.6500      1887.131731     0.000021769   -645963.7124    -11184.071
0.7000      1411.537950     0.000021769   -646439.3061     -8018.314
0.7500      1069.996769     0.000019048   -646780.8472     -5768.584
0.8000       823.314517     0.000013606   -647027.5296     -4196.523
0.8500       642.293263     0.000024490   -647208.5507     -3120.668
0.9000       506.456921     0.000016327   -647344.3870     -2366.587
0.9500       403.124606     0.000019048   -647447.7196     -1842.848
1.0000       322.036567     0.000019048   -647528.8074     -1428.070
1.1000       210.373588     0.000016327   -647640.4704      -853.215
1.2000       143.130035     0.000019048   -647707.7141      -520.035
1.3000       101.944037     0.000016327   -647748.8999      -326.632
1.4000        75.865367     0.000010885   -647774.9788      -217.679
1.5000        58.039241     0.000024490   -647792.8047      -152.420
1.6000        45.292443     0.000024490   -647805.5516      -110.122
1.7000        35.968938     0.000016327   -647814.8751       -80.574
1.8000        29.104221     0.000010885   -647821.7399       -59.145
1.9000        24.055777     0.000021769   -647826.7882       -43.330
2.0000        20.349833     0.000013606   -647830.4941       -31.765
2.1000        17.625714     0.000024490   -647833.2183       -23.386
2.2000        15.611126     0.000016327   -647835.2330       -17.371
2.3000        14.102747     0.000016327   -647836.7413       -13.075
2.4000        12.952891     0.000019048   -647837.8913       -10.108
2.5000        12.055707     0.000016327   -647838.7884        -7.926
2.6000        11.340259     0.000008163   -647839.5038        -6.394
2.7000        10.756668     0.000005442   -647840.0875        -5.234
2.8000        10.272982     0.000016327   -647840.5710        -4.365
2.9000         9.867334     0.000013606   -647840.9768        -3.630
3.0000         9.525678     0.000010885   -647841.3183        -3.108
3.1000         9.236759     0.000008163   -647841.6073        -2.595
3.2000         8.992624     0.000027211   -647841.8513        -2.191
3.3000         8.786938     0.000027211   -647842.0571        -1.843
3.4000         8.614015     0.000013606   -647842.2301        -1.540
3.5000         8.469142     0.000019048   -647842.3749        -1.285
3.6000         8.348328     0.000021769   -647842.4957        -1.077
3.7000         8.248174     0.000024490   -647842.5958        -0.887
3.8000         8.165441     0.000024490   -647842.6786        -0.725
3.9000         8.097788     0.000024490   -647842.7463        -0.596
4.0000         8.042747     0.000010885   -647842.8013        -0.486
5.0000         7.866991     0.000024490   -647842.9771        -0.007
6.0000         7.894861     0.000010885   -647842.9493         0.033
7.0000         7.923384     0.000010885   -647842.9208         0.018
8.0000         7.936364     0.000010885   -647842.9077         0.007
9.0000         7.941045     0.000027211   -647842.9031         0.001
10.0000         7.942522     0.000021769   -647842.9014         0.000
100.0000         7.943129     0.000013606   -647842.9009
1000.0000         7.943132     0.000016327   -647842.9009
