0.0020         0.000000     0.000019048  50888045.7551
0.0040  25356972.934744     0.000019048  24142924.6747
0.0060  16461176.910887     0.000019048  15247128.6510
0.0080  12023010.034538     0.000013606  10808961.7731
0.0100   9367013.430084     0.000024490   8152965.1694
0.0120   7608138.955321     0.000010885   6394090.6939
0.0140   6356998.151668     0.000027211   5142949.8902
0.0160   5424450.387413     0.000021769   4210402.1272
0.0180   4704703.049616     0.000019048   3490654.7900
0.0200   4132624.679048     0.000027211   2918576.4198
0.0400   1655401.968749     0.000005442    441353.7084
0.0600    910828.148464     0.000021769   -303220.1117
0.0800    575076.549764     0.000024490   -638971.7104
0.1000    394263.414812     0.000019048   -819784.8454
0.1200    284420.555252     0.000024490   -929627.7050
0.1400    211645.410443     0.000005442  -1002402.8497
0.1600    160745.249650     0.000008163  -1053303.0106
0.1800    124738.625378     0.000016327  -1089309.6348
0.2000     98780.912466     0.000016327  -1115267.3477
0.2400     63680.780499     0.000019048  -1150367.4797
0.2800     42536.637690     0.000027211  -1171511.6226
0.3200     29417.025425     0.000013606  -1184631.2347
0.3600     21096.844649     0.000021769  -1192951.4157
0.4000     15177.989054     0.000021769  -1198870.2712
0.4500     10440.961444     0.000016327  -1203607.2988
0.5000      7453.282612     0.000021769  -1206594.9775    -48048.183
0.5500      5457.379127     0.000005442  -1208590.8812    -33038.568
0.6000      4059.836477     0.000024490  -1209988.4236    -23541.241
0.6500      3054.867714     0.000024490  -1210993.3925    -17049.799
0.7000      2323.573736     0.000027211  -1211724.6865    -12423.527
0.7500      1789.576593     0.000010885  -1212258.6837     -9128.182
0.8000      1394.617803     0.000016327  -1212653.6425     -6882.187
0.8500      1090.618610     0.000019048  -1212957.6416     -5361.701
0.9000       854.977845     0.000019048  -1213193.2823     -4155.247
0.9500       672.261334     0.000010885  -1213375.9989     -3215.510
1.0000       531.291299     0.000021769  -1213516.9689     -2491.707
1.1000       336.522831     0.000016327  -1213711.7375     -1502.453
1.2000       217.599204     0.000005442  -1213830.6611      -920.775
1.3000       143.852125     0.000016327  -1213904.4080      -576.675
1.4000        97.300945     0.000027211  -1213950.9594      -372.308
1.5000        66.963754     0.000010885  -1213981.2965      -249.460
1.6000        46.328294     0.000019048  -1214001.9320      -172.844
1.7000        31.920657     0.000027211  -1214016.3396      -122.441
1.8000        21.611209     0.000010885  -1214026.6490       -87.546
1.9000        14.196664     0.000016327  -1214034.0635       -62.647
2.0000         8.888298     0.000010885  -1214039.3719       -44.651
2.1000         5.125694     0.000027211  -1214043.1344       -31.649
2.2000         2.493652     0.000024490  -1214045.7666       -22.316
2.3000         0.755707     0.000016327  -1214047.5046       -15.810
2.4000        -0.411795     0.000019048  -1214048.6720       -11.128
2.5000        -1.208238     0.000013606  -1214049.4684        -7.836
2.6000        -1.746030     0.000010885  -1214050.0061        -5.450
2.7000        -2.103136     0.000019048  -1214050.3634        -3.730
2.8000        -2.333445     0.000024490  -1214050.5936        -2.485
2.9000        -2.474634     0.000005442  -1214050.7348        -1.586
3.0000        -2.547664     0.000005442  -1214050.8078        -0.877
3.1000        -2.559362     0.000019048  -1214050.8195        -0.401
3.2000        -2.539533     0.000021769  -1214050.7999        -0.021
3.3000        -2.498436     0.000005442  -1214050.7588         0.220
3.4000        -2.441736     0.000008163  -1214050.7019         0.410
3.5000        -2.375841     0.000008163  -1214050.6361         0.548
3.6000        -2.304198     0.000016327  -1214050.5645         0.612
3.7000        -2.228075     0.000008163  -1214050.4883         0.672
3.8000        -2.150307     0.000005442  -1214050.4105         0.714
3.9000        -2.072670     0.000008163  -1214050.3329         0.723
4.0000        -1.995216     0.000013606  -1214050.2554         0.705
5.0000        -1.258592     0.000027211  -1214049.5188         0.405
6.0000        -0.840046     0.000010885  -1214049.1003         0.165
7.0000        -0.691001     0.000021769  -1214048.9511         0.054
8.0000        -0.647863     0.000013606  -1214048.9081         0.021
9.0000        -0.634279     0.000024490  -1214048.8945         0.012
10.0000        -0.628880     0.000027211  -1214048.8891         0.006
100.0000        -0.611685     0.000010885  -1214048.8720         0.000
1000.0000        -0.610610     0.000002721  -1214048.8709
