0.0020         0.000000     0.000019048  42121130.6554
0.0040  20960320.470695     0.000016327  20001300.0937
0.0060  13606103.223301     0.000021769  12647082.8462
0.0080   9938822.097578     0.000010885   8979801.7202
0.0100   7744374.785498     0.000021769   6785354.4098
0.0120   6289939.828119     0.000021769   5330919.4517
0.0140   5257728.845257     0.000016327   4298708.4679
0.0160   4488496.837312     0.000019048   3529476.4615
0.0180   3895131.800111     0.000019048   2936111.4244
0.0200   3423815.033235     0.000013606   2464794.6565
0.0400   1376707.137313     0.000013606    417686.7606
0.0600    760740.291501     0.000013606   -198280.0852
0.0800    481721.084780     0.000021769   -477299.2918
0.1000    330366.080872     0.000024490   -628654.2957
0.1200    239968.560349     0.000021769   -719051.8164
0.1400    180482.858872     0.000019048   -778537.5177
0.1600    138150.296416     0.000013606   -820870.0802
0.1800    107330.280355     0.000021769   -851690.0962
0.2000     84702.618095     0.000024490   -874317.7587
0.2400     55307.337361     0.000013606   -903713.0393
0.2800     37172.470903     0.000002721   -921847.9057
0.3200     25890.965964     0.000013606   -933129.4106
0.3600     18363.111199     0.000008163   -940657.2653
0.4000     13364.749780     0.000016327   -945655.6268
0.4500      9179.725539     0.000019048   -949840.6511
0.5000      6335.063279     0.000013606   -952685.3133    -44947.724
0.5500      4512.778142     0.000005442   -954507.5984    -29275.472
0.6000      3304.165961     0.000016327   -955716.2108    -19841.004
0.6500      2469.470639     0.000021769   -956550.9060    -13977.590
0.7000      1872.931665     0.000019048   -957147.4451    -10130.236
0.7500      1436.519185     0.000005442   -957583.8574     -7480.058
0.8000      1112.162278     0.000019048   -957908.2145     -5597.001
0.8500       868.180776     0.000008163   -958152.1959     -4232.976
0.9000       682.802874     0.000016327   -958337.5738     -3232.097
0.9500       540.629392     0.000010885   -958479.7474     -2491.217
1.0000       430.677690     0.000016327   -958589.6989     -1940.352
1.1000       276.880616     0.000013606   -958743.4960     -1210.065
1.2000       179.468389     0.000024490   -958840.9082      -772.296
1.3000       116.863920     0.000019048   -958903.5126      -500.010
1.4000        75.956364     0.000016327   -958944.4204      -328.256
1.5000        48.812564     0.000019048   -958971.5640      -218.641
1.6000        31.223964     0.000024490   -958989.1526      -148.356
1.7000        19.301242     0.000019048   -959001.0756      -101.350
1.8000        11.117523     0.000021769   -959009.2591       -68.959
1.9000         5.555046     0.000016327   -959014.8217       -46.475
2.0000         1.830108     0.000016327   -959018.5466       -30.872
2.1000        -0.611933     0.000021769   -959020.9886       -20.055
2.2000        -2.105357     0.000019048   -959022.4820       -12.674
2.3000        -2.970225     0.000010885   -959023.3470        -7.814
2.4000        -3.451872     0.000019048   -959023.8286        -4.452
2.5000        -3.681392     0.000019048   -959024.0580        -2.234
2.6000        -3.747943     0.000019048   -959024.1247        -0.778
2.7000        -3.622825     0.000019048   -959023.9995         0.151
2.8000        -3.409708     0.000016327   -959023.7865         0.675
2.9000        -3.178234     0.000005442   -959023.5549         1.017
3.0000        -2.944575     0.000019048   -959023.3212         1.160
3.1000        -2.716854     0.000016327   -959023.0934         1.221
3.2000        -2.501350     0.000005442   -959022.8782         1.238
3.3000        -2.299866     0.000024490   -959022.6765         1.175
3.4000        -2.113264     0.000016327   -959022.4898         1.131
3.5000        -1.942698     0.000024490   -959022.3195         1.064
3.6000        -1.786744     0.000027211   -959022.1633         0.971
3.7000        -1.644303     0.000021769   -959022.0210         0.889
3.8000        -1.515419     0.000019048   -959021.8920         0.829
3.9000        -1.398911     0.000016327   -959021.7755         0.755
4.0000        -1.292933     0.000024490   -959021.6697         0.676
5.0000        -0.547703     0.000005442   -959020.9244         0.185
6.0000        -0.348192     0.000008163   -959020.7249         0.046
7.0000        -0.302773     0.000005442   -959020.6795         0.008
8.0000        -0.290642     0.000024490   -959020.6672         0.001
9.0000        -0.286052     0.000010885   -959020.6626        -0.001
10.0000        -0.283475     0.000013606   -959020.6602        -0.001
100.0000        -0.269654     0.000021769   -959020.6463
1000.0000        -0.268566     0.000005442   -959020.6452
