0.0020    297517.000599     0.000021769    276794.9765
0.0040    146353.000082     0.000013606    125630.9758
0.0060     96012.571184     0.000019048     75290.5469
0.0080     70867.794211     0.000027211     50145.7699
0.0100     55797.090738     0.000016327     35075.0665
0.0120     45784.344619     0.000019048     25062.3203
0.0140     38662.105372     0.000016327     17940.0811
0.0160     33334.374538     0.000016327     12612.3503
0.0180     29206.271838     0.000021769      8484.2476
0.0200     25916.732359     0.000016327      5194.7081
0.0400     11385.957357     0.000019048     -9336.0669
0.0600      6757.262826     0.000021769    -13964.7615
0.0800      4537.326078     0.000016327    -16184.6982
0.1000      3264.528478     0.000021769    -17457.4958    -49267.391
0.1200      2464.974650     0.000019048    -18257.0496    -32180.764
0.1400      1929.660522     0.000013606    -18792.3638    -22211.783
0.1600      1552.069803     0.000021769    -19169.9545    -16033.462
0.1800      1273.972226     0.000019048    -19448.0521    -12031.400
0.2000      1061.745000     0.000008163    -19660.2793     -9337.060
0.2400       760.457564     0.000024490    -19961.5667     -6066.601
0.2800       558.349666     0.000024490    -20163.6746     -4189.051
0.3200       416.665255     0.000016327    -20305.3590     -2974.410
0.3600       315.317621     0.000019048    -20406.7067     -2140.933
0.4000       242.030167     0.000027211    -20479.9941     -1556.074
0.4500       177.460773     0.000027211    -20544.5635     -1059.700
0.5000       133.095741     0.000021769    -20588.9285      -735.194
0.5500       101.968149     0.000021769    -20620.0561      -520.379
0.6000        79.685330     0.000024490    -20642.3389      -376.694
0.6500        63.335762     0.000016327    -20658.6885      -279.844
0.7000        51.042835     0.000013606    -20670.9814      -213.623
0.7500        41.545932     0.000016327    -20680.4783      -167.493
0.8000        34.021540     0.000016327    -20688.0027      -134.401
0.8500        27.938044     0.000013606    -20694.0862      -109.709
0.9000        22.948325     0.000021769    -20699.0760       -90.491
0.9500        18.825200     0.000019048    -20703.1991       -74.975
1.0000        15.425017     0.000010885    -20706.5993       -62.127
1.1000        10.416525     0.000010885    -20711.6078       -42.487
1.2000         7.032647     0.000005442    -20714.9916       -28.502
1.3000         4.794109     0.000016327    -20717.2302       -18.698
1.4000         3.347263     0.000013606    -20718.6770       -11.982
1.5000         2.434043     0.000024490    -20719.5902        -7.505
1.6000         1.871360     0.000027211    -20720.1529        -4.572
1.7000         1.531977     0.000024490    -20720.4923        -2.722
1.8000         1.352902     0.000024490    -20720.6714        -1.603
1.9000         1.255811     0.000024490    -20720.7685        -0.956
2.0000         1.195345     0.000024490    -20720.8289        -0.603
2.1000         1.150386     0.000024490    -20720.8739        -0.424
2.2000         1.110220     0.000021769    -20720.9141        -0.338
2.3000         1.070284     0.000021769    -20720.9540        -0.298
2.4000         1.029894     0.000021769    -20720.9944        -0.275
2.5000         0.990389     0.000019048    -20721.0339        -0.255
2.6000         0.952978     0.000016327    -20721.0713        -0.232
2.7000         0.918553     0.000013606    -20721.1057        -0.212
2.8000         0.887968     0.000013606    -20721.1363        -0.187
2.9000         0.861529     0.000024490    -20721.1628        -0.161
3.0000         0.839360     0.000008163    -20721.1849        -0.131
3.1000         0.820682     0.000016327    -20721.2036        -0.113
3.2000         0.805550     0.000013606    -20721.2187        -0.092
3.3000         0.793416     0.000027211    -20721.2309        -0.074
3.4000         0.783862     0.000008163    -20721.2404        -0.058
3.5000         0.776474     0.000005442    -20721.2478        -0.044
3.6000         0.770861     0.000002721    -20721.2534        -0.034
3.7000         0.766692     0.000002721    -20721.2576        -0.025
3.8000         0.763672     0.000002721    -20721.2606        -0.017
3.9000         0.761554     0.000021769    -20721.2627        -0.011
4.0000         0.760150     0.000016327    -20721.2641        -0.006
5.0000         0.760662     0.000016327    -20721.2636         0.004
6.0000         0.763029     0.000010885    -20721.2613         0.001
7.0000         0.763642     0.000010885    -20721.2606         0.000
8.0000         0.763759     0.000010885    -20721.2605         0.000
9.0000         0.763775     0.000010885    -20721.2605
10.0000         0.763780     0.000010885    -20721.2605
100.0000         0.763780     0.000010885    -20721.2605
1000.0000         0.763780     0.000010885    -20721.2605
