0.0020         0.000000     0.000021769  35573593.4219
0.0040  17725711.890460     0.000013606  16890247.0290
0.0060  11517246.986955     0.000010885  10681782.1247
0.0080   8421161.470840     0.000021769   7585696.6094
0.0100   6568047.968385     0.000019048   5732583.1075
0.0120   5337269.923357     0.000021769   4501805.0622
0.0140   4462992.594099     0.000021769   3627527.7337
0.0160   3811661.255588     0.000016327   2976196.3930
0.0180   3308867.229404     0.000016327   2473402.3680
0.0200   2909751.206841     0.000010885   2074286.3455
0.0400   1174320.439864     0.000016327    338855.5785
0.0600    647681.735410     0.000019048   -187783.1260
0.0800    410334.573800     0.000024490   -425130.2875
0.1000    281238.659715     0.000005442   -554226.2016
0.1200    202430.790852     0.000013606   -633034.0706
0.1400    151642.715842     0.000019048   -683822.1456
0.1600    116803.968368     0.000024490   -718660.8931
0.1800     91069.170823     0.000010885   -744395.6905
0.2000     71922.261341     0.000008163   -763542.6002
0.2400     46756.093555     0.000027211   -788708.7678
0.2800     31983.538662     0.000021769   -803481.3228
0.3200     22118.159749     0.000013606   -813346.7015
0.3600     15774.105686     0.000021769   -819690.7558
0.4000     11607.760638     0.000013606   -823857.1008
0.4500      8121.481206     0.000027211   -827343.3802
0.5000      5811.278639     0.000019048   -829653.5828    -37894.726
0.5500      4216.208079     0.000019048   -831248.6533    -26582.244
0.6000      3109.237267     0.000019048   -832355.6241    -18190.614
0.6500      2348.773273     0.000008163   -833116.0882    -12634.103
0.7000      1811.077430     0.000024490   -833653.7840     -9259.639
0.7500      1407.381224     0.000008163   -834057.4800     -7027.218
0.8000      1099.909601     0.000010885   -834364.9517     -5350.642
0.8500       866.291391     0.000010885   -834598.5699     -4081.636
0.9000       687.940508     0.000010885   -834776.9208     -3118.644
0.9500       551.264090     0.000027211   -834913.5974     -2396.686
1.0000       445.670565     0.000008163   -835019.1909     -1858.973
1.1000       298.117336     0.000008163   -835166.7442     -1153.374
1.2000       204.900019     0.000019048   -835259.9614      -741.825
1.3000       144.312003     0.000021769   -835320.5495      -495.292
1.4000       103.835093     0.000016327   -835361.0262      -344.075
1.5000        75.358644     0.000016327   -835389.5026      -242.102
1.6000        55.171816     0.000008163   -835409.6897      -169.938
1.7000        40.927548     0.000024490   -835423.9338      -119.497
1.8000        30.828778     0.000019048   -835434.0327       -84.971
1.9000        23.547890     0.000027211   -835441.3134       -61.638
2.0000        18.186769     0.000019048   -835446.6746       -45.484
2.1000        14.176754     0.000002721   -835450.6847       -34.034
2.2000        11.229199     0.000019048   -835453.6323       -25.635
2.3000         9.034330     0.000024490   -835455.8271       -19.191
2.4000         7.504810     0.000005442   -835457.3567       -14.547
2.5000         6.441620     0.000008163   -835458.4198       -11.062
2.6000         5.633017     0.000024490   -835459.2283        -8.332
2.7000         5.030367     0.000008163   -835459.8310        -6.189
2.8000         4.593646     0.000016327   -835460.2678        -4.496
2.9000         4.289996     0.000002721   -835460.5715        -3.161
3.0000         4.091443     0.000016327   -835460.7698        -2.158
3.1000         3.976018     0.000027211   -835460.8855        -1.357
3.2000         3.924422     0.000010885   -835460.9369        -0.766
3.3000         3.921592     0.000008163   -835460.9399        -0.336
3.4000         3.955704     0.000010885   -835460.9056         0.008
3.5000         4.015414     0.000021769   -835460.8460         0.231
3.6000         4.093408     0.000005442   -835460.7679         0.377
3.7000         4.183739     0.000008163   -835460.6776         0.494
3.8000         4.280227     0.000013606   -835460.5813         0.551
3.9000         4.379228     0.000008163   -835460.4822         0.572
4.0000         4.478247     0.000010885   -835460.3832         0.580
5.0000         5.194887     0.000005442   -835459.6664         0.266
6.0000         5.464609     0.000005442   -835459.3967         0.091
7.0000         5.567620     0.000010885   -835459.2939         0.050
8.0000         5.617844     0.000010885   -835459.2435         0.029
9.0000         5.648289     0.000005442   -835459.2131         0.020
10.0000         5.669459     0.000016327   -835459.1918         0.015
100.0000         5.792814     0.000021769   -835459.0686         0.000
1000.0000         5.802074     0.000024490   -835459.0593
