0.0020  19261177.236121     0.000016327  18890628.0918
0.0040   9397169.590806     0.000021769   9026620.4454
0.0060   6115648.132495     0.000008163   5745098.9863
0.0080   4479424.445078     0.000010885   4108875.2985
0.0100   3501249.637121     0.000008163   3130700.4927
0.0120   2850541.603223     0.000019048   2479992.4576
0.0140   2387095.842761     0.000013606   2016546.6971
0.0160   2041888.359721     0.000019048   1671339.2142
0.0180   1774907.066357     0.000019048   1404357.9207
0.0200   1562250.751529     0.000019048   1191701.6061
0.0400    638178.446491     0.000008163    267629.3009
0.0600    355797.290431     0.000019048    -14751.8551
0.0800    226857.165121     0.000008163   -143691.9804
0.1000    155770.294858     0.000019048   -214778.8507
0.1200    112876.057286     0.000021769   -257673.0883
0.1400     84878.347135     0.000013606   -285670.7983
0.1600     65314.896817     0.000027211   -305234.2489
0.1800     51209.866391     0.000013606   -319339.2793
0.2000     40837.076212     0.000027211   -329712.0694
0.2400     27246.101989     0.000024490   -343303.0436
0.2800     19026.476330     0.000021769   -351522.6691
0.3200     13463.836048     0.000010885   -357085.3095
0.3600      9884.372952     0.000008163   -360664.7727
0.4000      7480.646762     0.000024490   -363068.4988    -49839.181
0.4500      5453.363359     0.000010885   -365095.7823    -32724.406
0.5000      4077.360287     0.000005442   -366471.7853    -23423.415
0.5500      3057.235876     0.000024490   -367491.9098    -17486.525
0.6000      2313.334591     0.000013606   -368235.8109    -12558.297
0.6500      1778.620330     0.000016327   -368770.5252     -9064.862
0.7000      1388.190379     0.000024490   -369160.9551     -6701.853
0.7500      1095.959344     0.000024490   -369453.1862     -5130.483
0.8000       866.039704     0.000021769   -369683.1059     -4108.717
0.8500       682.177776     0.000010885   -369866.9678     -3254.084
0.9000       538.019077     0.000021769   -370011.1264     -2543.772
0.9500       425.421011     0.000013606   -370123.7245     -1970.903
1.0000       338.170345     0.000013606   -370210.9751     -1521.651
1.1000       218.517793     0.000021769   -370330.6277      -914.258
1.2000       146.043916     0.000019048   -370403.1017      -567.641
1.3000       100.197454     0.000016327   -370448.9480      -368.115
1.4000        69.853523     0.000008163   -370479.2920      -248.356
1.5000        49.029344     0.000024490   -370500.1163      -172.470
1.6000        34.396328     0.000024490   -370514.7492      -121.790
1.7000        23.992922     0.000027211   -370525.1527       -86.653
1.8000        16.569479     0.000019048   -370532.5760       -61.828
1.9000        11.366992     0.000024490   -370537.7785       -44.078
2.0000         7.690504     0.000008163   -370541.4551       -31.430
2.1000         5.134298     0.000021769   -370544.0113       -22.504
2.2000         3.376311     0.000021769   -370545.7691       -16.237
2.3000         2.124549     0.000019048   -370547.0211       -11.806
2.4000         1.229302     0.000013606   -370547.9161        -8.560
2.5000         0.587146     0.000021769   -370548.5583        -6.224
2.6000         0.127532     0.000021769   -370549.0179        -4.452
2.7000        -0.198551     0.000016327   -370549.3442        -3.154
2.8000        -0.424487     0.000019048   -370549.5700        -2.123
2.9000        -0.575129     0.000021769   -370549.7208        -1.378
3.0000        -0.667449     0.000027211   -370549.8130        -0.786
3.1000        -0.717031     0.000010885   -370549.8626        -0.329
3.2000        -0.733040     0.000021769   -370549.8786        -0.013
3.3000        -0.724152     0.000021769   -370549.8696         0.248
3.4000        -0.697594     0.000024490   -370549.8432         0.439
3.5000        -0.637435     0.000021769   -370549.7831         0.548
3.6000        -0.563230     0.000024490   -370549.7088         0.629
3.7000        -0.485430     0.000013606   -370549.6310         0.684
3.8000        -0.406356     0.000013606   -370549.5518         0.709
3.9000        -0.326746     0.000010885   -370549.4723         0.705
4.0000        -0.247175     0.000008163   -370549.3926         0.704
5.0000         0.465133     0.000016327   -370548.6805         0.398
6.0000         0.832674     0.000010885   -370548.3129         0.161
7.0000         0.948755     0.000013606   -370548.1967         0.053
8.0000         0.978767     0.000005442   -370548.1667         0.019
9.0000         0.985442     0.000013606   -370548.1602         0.009
10.0000         0.986484     0.000008163   -370548.1591         0.004
100.0000         0.979790     0.000010885   -370548.1657
1000.0000         0.979150     0.000024490   -370548.1665
