0.0020  16202503.216027     0.000027211  15888926.5933
0.0040   7908774.507437     0.000024490   7595197.8847
0.0060   5152854.969386     0.000021769   4839278.3463
0.0080   3776636.244457     0.000021769   3463059.6208
0.0100   2953125.745134     0.000019048   2639549.1225
0.0120   2406089.604115     0.000021769   2092512.9815
0.0140   2016300.325371     0.000016327   1702723.7028
0.0160   1725350.594594     0.000013606   1411773.9720
0.0180   1500305.177286     0.000019048   1186728.5547
0.0200   1321328.250977     0.000010885   1007751.6284
0.0400    542036.701074     0.000019048    228460.0785
0.0600    303006.387314     0.000021769    -10570.2352
0.0800    193618.841036     0.000019048   -119957.7815
0.1000    133180.780592     0.000016327   -180395.8419
0.1200     96402.524764     0.000021769   -217174.0978
0.1400     72747.914125     0.000024490   -240828.7084
0.1600     56412.615335     0.000021769   -257164.0072
0.1800     44394.501012     0.000019048   -269182.1215
0.2000     35434.854462     0.000027211   -278141.7680
0.2400     23519.727746     0.000024490   -290056.8947
0.2800     16409.068964     0.000019048   -297167.5535
0.3200     11853.549839     0.000019048   -301723.0726
0.3600      8605.251698     0.000008163   -304971.3707
0.4000      6439.624059     0.000016327   -307136.9984    -44197.654
0.4500      4661.695467     0.000016327   -308914.9271    -28485.162
0.5000      3476.080486     0.000024490   -310100.5420    -19734.302
0.5500      2633.736547     0.000019048   -310942.8860    -14367.251
0.6000      2006.173093     0.000027211   -311570.4494    -10937.858
0.6500      1530.363382     0.000021769   -312046.2591     -8193.490
0.7000      1175.504843     0.000019048   -312401.1178     -6050.542
0.7500       912.952143     0.000008163   -312663.6705     -4478.984
0.8000       718.469577     0.000016327   -312858.1530     -3351.367
0.8500       572.070190     0.000019048   -313004.5523     -2551.097
0.9000       459.529952     0.000024490   -313117.0926     -1982.682
0.9500       371.131212     0.000024490   -313205.4913     -1574.375
1.0000       300.451913     0.000024490   -313276.1707     -1266.779
1.1000       197.530955     0.000021769   -313379.0915      -825.669
1.2000       131.604164     0.000016327   -313445.0185      -527.218
1.3000        89.436131     0.000013606   -313487.1864      -351.468
1.4000        59.860266     0.000016327   -313516.7622      -243.976
1.5000        39.796482     0.000010885   -313536.8259      -163.280
1.6000        26.334038     0.000016327   -313550.2885      -109.444
1.7000        17.320905     0.000008163   -313559.3017       -73.271
1.8000        11.324216     0.000010885   -313565.2983       -48.741
1.9000         7.371654     0.000021769   -313569.2508       -31.970
2.0000         5.039869     0.000016327   -313571.5828       -20.811
2.1000         3.575874     0.000027211   -313573.0468       -13.179
2.2000         2.713531     0.000016327   -313573.9091        -8.032
2.3000         2.253417     0.000027211   -313574.3692        -4.645
2.4000         2.048760     0.000013606   -313574.5739        -2.507
2.5000         1.991692     0.000024490   -313574.6307        -1.209
2.6000         2.011159     0.000005442   -313574.6114        -0.489
2.7000         2.057859     0.000013606   -313574.5646        -0.099
2.8000         2.108293     0.000024490   -313574.5143         0.106
2.9000         2.159940     0.000005442   -313574.4626         0.166
3.0000         2.270141     0.000008163   -313574.3524         0.202
3.1000         2.354980     0.000019048   -313574.2675         0.200
3.2000         2.428212     0.000016327   -313574.1943         0.208
3.3000         2.492556     0.000016327   -313574.1300         0.234
3.4000         2.552584     0.000024490   -313574.0699         0.259
3.5000         2.612060     0.000013606   -313574.0106         0.270
3.6000         2.669903     0.000027211   -313573.9526         0.296
3.7000         2.728707     0.000016327   -313573.8938         0.315
3.8000         2.787065     0.000024490   -313573.8353         0.329
3.9000         2.845458     0.000010885   -313573.7771         0.330
4.0000         2.904928     0.000013606   -313573.7175         0.339
5.0000         3.404083     0.000016327   -313573.2185         0.243
6.0000         3.682369     0.000016327   -313572.9401         0.127
7.0000         3.806333     0.000016327   -313572.8163         0.049
8.0000         3.860922     0.000016327   -313572.7616         0.022
9.0000         3.887695     0.000027211   -313572.7349         0.012
10.0000         3.903235     0.000016327   -313572.7194         0.008
100.0000         3.975585     0.000013606   -313572.6470         0.000
1000.0000         3.980570     0.000019048   -313572.6418
