0.0020   3882173.594482     0.000016327   3821328.9314
0.0040   1903744.732299     0.000021769   1842900.0683
0.0060   1245231.000343     0.000021769   1184386.3363
0.0080    916851.574052     0.000010885    856006.9102
0.0100    720464.396460     0.000010885    659619.7324
0.0120    589833.914199     0.000024490    528989.2501
0.0140    496766.425830     0.000016327    435921.7619
0.0160    427096.690317     0.000021769    366252.0264
0.0180    373097.661057     0.000016327    312252.9972
0.0200    330061.109514     0.000024490    269216.4455
0.0400    139592.534380     0.000024490     78747.8704
0.0600     79898.909002     0.000016327     19054.2450
0.0800     52214.341441     0.000016327     -8630.3226
0.1000     36613.584313     0.000024490    -24231.0797
0.1200     26868.174349     0.000016327    -33976.4897
0.1400     20440.249819     0.000024490    -40404.4142
0.1600     16026.743481     0.000010885    -44817.9205
0.1800     12826.358927     0.000027211    -48018.3051
0.2000     10422.031189     0.000008163    -50422.6328
0.2400      7046.600533     0.000005442    -53798.0635
0.2800      4893.559802     0.000019048    -55951.1042    -42748.797
0.3200      3504.756990     0.000016327    -57339.9070    -27891.777
0.3600      2589.052496     0.000027211    -58255.6115    -18639.891
0.4000      1969.027053     0.000021769    -58875.6369    -12842.767
0.4500      1444.056817     0.000008163    -59400.6072     -8584.232
0.5000      1071.687851     0.000021769    -59772.9762     -6596.445
0.5500       781.040778     0.000010885    -60063.6232     -4990.988
0.6000       569.137022     0.000024490    -60275.5270     -3532.510
0.6500       419.716714     0.000008163    -60424.9473     -2480.185
0.7000       314.351690     0.000013606    -60530.3123     -1753.595
0.7500       239.830939     0.000019048    -60604.8331     -1256.692
0.8000       185.900040     0.000008163    -60658.7640      -919.298
0.8500       145.996117     0.000019048    -60698.6679      -688.741
0.9000       115.750337     0.000010885    -60728.9137      -528.637
0.9500        92.299278     0.000008163    -60752.3647      -414.440
1.0000        73.775989     0.000016327    -60770.8880      -330.023
1.1000        47.031377     0.000013606    -60797.6326      -213.809
1.2000        29.782233     0.000024490    -60814.8818      -138.507
1.3000        18.720428     0.000016327    -60825.9436       -88.617
1.4000        11.671009     0.000024490    -60832.9930       -56.153
1.5000         7.193694     0.000010885    -60837.4703       -35.643
1.6000         4.323298     0.000016327    -60840.3407       -22.933
1.7000         2.443978     0.000021769    -60842.2200       -15.095
1.8000         1.180022     0.000013606    -60843.4840       -10.228
1.9000         0.306438     0.000021769    -60844.3576        -7.138
2.0000        -0.308387     0.000010885    -60844.9724        -5.131
2.1000        -0.742977     0.000019048    -60845.4070        -3.727
2.2000        -1.046433     0.000016327    -60845.7104        -2.744
2.3000        -1.251357     0.000016327    -60845.9154        -1.979
2.4000        -1.381063     0.000016327    -60846.0451        -1.424
2.5000        -1.454525     0.000010885    -60846.1185        -0.966
2.6000        -1.485209     0.000016327    -60846.1492        -0.629
2.7000        -1.485089     0.000027211    -60846.1491        -0.359
2.8000        -1.455165     0.000016327    -60846.1192        -0.138
2.9000        -1.407474     0.000019048    -60846.0715         0.007
3.0000        -1.348863     0.000027211    -60846.0129         0.131
3.1000        -1.282650     0.000021769    -60845.9466         0.226
3.2000        -1.210926     0.000008163    -60845.8749         0.291
3.3000        -1.135230     0.000021769    -60845.7992         0.333
3.4000        -1.057146     0.000019048    -60845.7211         0.363
3.5000        -0.979346     0.000008163    -60845.6434         0.374
3.6000        -0.903435     0.000027211    -60845.5674         0.383
3.7000        -0.829787     0.000008163    -60845.4938         0.374
3.8000        -0.758926     0.000024490    -60845.4229         0.370
3.9000        -0.691306     0.000021769    -60845.3553         0.354
4.0000        -0.627204     0.000013606    -60845.2912         0.335
5.0000        -0.190175     0.000008163    -60844.8542         0.159
6.0000        -0.010855     0.000016327    -60844.6749         0.057
7.0000         0.060926     0.000013606    -60844.6031         0.029
8.0000         0.095104     0.000024490    -60844.5689         0.017
9.0000         0.114955     0.000008163    -60844.5490         0.010
10.0000         0.128234     0.000019048    -60844.5358         0.009
100.0000         0.204328     0.000013606    -60844.4597         0.000
1000.0000         0.210045     0.000013606    -60844.4540
