0.0020     71110.074200     0.000010885     67607.6368
0.0040     35113.287962     0.000010885     31610.8506
0.0060     23115.173078     0.000024490     19612.7357
0.0080     17120.423585     0.000021769     13617.9862
0.0100     13523.111386     0.000027211     10020.6740
0.0120     11126.048347     0.000021769      7623.6110
0.0140      9418.924475     0.000021769      5916.4871
0.0160      8141.105929     0.000027211      4638.6686
0.0180      7147.816526     0.000010885      3645.3792
0.0200      6354.886193     0.000016327      2852.4488
0.0400      2827.610894     0.000019048      -674.8265
0.0600      1694.268330     0.000008163     -1808.1690    -36693.935
0.0800      1154.918652     0.000008163     -2347.5187    -19800.514
0.1000       845.020713     0.000024490     -2657.4167    -12198.302
0.1200       645.048126     0.000016327     -2857.3892     -8201.571
0.1400       506.211238     0.000021769     -2996.2261     -5856.979
0.1600       405.021801     0.000024490     -3097.4156     -4358.266
0.1800       328.585933     0.000016327     -3173.8514     -3339.167
0.2000       269.506401     0.000010885     -3232.9310     -2610.322
0.2400       185.719500     0.000021769     -3316.7179     -1666.415
0.2800       131.153693     0.000013606     -3371.2837     -1106.590
0.3200        94.434499     0.000027211     -3408.0029      -755.049
0.3600        69.136465     0.000013606     -3433.3009      -525.581
0.4000        51.395930     0.000019048     -3451.0414      -371.515
0.4500        36.227933     0.000013606     -3466.2094      -244.865
0.5000        26.156486     0.000021769     -3476.2809      -163.866
0.5500        19.368533     0.000024490     -3483.0688      -111.181
0.6000        14.731956     0.000010885     -3487.7054       -76.524
0.6500        11.514391     0.000008163     -3490.9230       -53.576
0.7000         9.238650     0.000016327     -3493.1987       -38.331
0.7500         7.590760     0.000016327     -3494.8466       -28.166
0.8000         6.360928     0.000019048     -3496.0764       -21.386
0.8500         5.413590     0.000027211     -3497.0238       -16.777
0.9000         4.660632     0.000027211     -3497.7767       -13.539
0.9500         4.046160     0.000021769     -3498.3912       -11.174
1.0000         3.535794     0.000016327     -3498.9016        -9.362
1.1000         2.743067     0.000008163     -3499.6943        -6.700
1.2000         2.173437     0.000002721     -3500.2639        -4.820
1.3000         1.764297     0.000005442     -3500.6731        -3.442
1.4000         1.473230     0.000005442     -3500.9641        -2.440
1.5000         1.267814     0.000002721     -3501.1696        -1.703
1.6000         1.124508     0.000019048     -3501.3129        -1.187
1.7000         1.025510     0.000021769     -3501.4119        -0.813
1.8000         0.957950     0.000016327     -3501.4794        -0.549
1.9000         0.912621     0.000024490     -3501.5247        -0.365
2.0000         0.882887     0.000016327     -3501.5545        -0.235
2.1000         0.864082     0.000013606     -3501.5733        -0.144
2.2000         0.852792     0.000010885     -3501.5846        -0.082
2.3000         0.846748     0.000008163     -3501.5906        -0.040
2.4000         0.844166     0.000008163     -3501.5932        -0.012
2.5000         0.843891     0.000005442     -3501.5935         0.006
2.6000         0.845066     0.000005442     -3501.5923         0.017
2.7000         0.847093     0.000005442     -3501.5903         0.024
2.8000         0.849605     0.000002721     -3501.5878         0.027
2.9000         0.852239     0.000002721     -3501.5851         0.028
3.0000         0.854919     0.000002721     -3501.5824         0.027
3.1000         0.857456     0.000002721     -3501.5799         0.025
3.2000         0.859790     0.000002721     -3501.5776         0.023
3.3000         0.861902     0.000002721     -3501.5755         0.021
3.4000         0.863788     0.000002721     -3501.5736         0.018
3.5000         0.865426     0.000002721     -3501.5719         0.016
3.6000         0.866844     0.000002721     -3501.5705         0.014
3.7000         0.868057     0.000002721     -3501.5693         0.012
3.8000         0.869099     0.000002721     -3501.5683         0.010
3.9000         0.869997     0.000002721     -3501.5674         0.012
4.0000         0.870724     0.000002721     -3501.5666         0.008
5.0000         0.873763     0.000002721     -3501.5636         0.003
6.0000         0.874177     0.000002721     -3501.5632         0.001
7.0000         0.874229     0.000002721     -3501.5631         0.001
8.0000         0.874237     0.000002721     -3501.5631         0.000
9.0000         0.874237     0.000002721     -3501.5631         0.000
10.0000         0.874237     0.000002721     -3501.5631         0.000
100.0000         0.874237     0.000002721     -3501.5631
1000.0000         0.874237     0.000002721     -3501.5631
