0.0020   1203074.345262     0.000024490    979262.7080
0.0040    588121.214559     0.000027211    364309.5771
0.0060    383696.631625     0.000019048    159884.9943
0.0080    281802.980615     0.000024490     57991.3432
0.0100    220983.295898     0.000024490     -2828.3415
0.0120    180674.324032     0.000016327    -43137.3133
0.0140    152000.614449     0.000021769    -71811.0229
0.0160    130582.580419     0.000019048    -93229.0570
0.0180    113997.111368     0.000024490   -109814.5260
0.0200    100789.340162     0.000019048   -123022.2972
0.0400     42670.252311     0.000019048   -181141.3851
0.0600     24681.919998     0.000016327   -199129.7174
0.0800     16224.840918     0.000024490   -207586.7965
0.1000     11476.734122     0.000016327   -212334.9032
0.1200      8551.949485     0.000010885   -215259.6879
0.1400      6617.849573     0.000024490   -217193.7878
0.1600      5267.342139     0.000027211   -218544.2952
0.1800      4275.357640     0.000021769   -219536.2797    -43038.872
0.2000      3515.670379     0.000021769   -220295.9670    -33504.568
0.2400      2444.453698     0.000016327   -221367.1837    -21090.913
0.2800      1766.415442     0.000013606   -222045.2219    -13413.131
0.3200      1328.524857     0.000016327   -222483.1125     -8887.815
0.3600      1029.681421     0.000016327   -222781.9559     -6259.820
0.4000       813.376913     0.000019048   -222998.2605     -4679.685
0.4500       613.001586     0.000019048   -223198.6358     -3426.753
0.5000       464.644184     0.000005442   -223346.9932     -2547.559
0.5500       354.137818     0.000010885   -223457.4996     -1894.672
0.6000       272.004804     0.000010885   -223539.6326     -1407.804
0.6500       210.948753     0.000019048   -223600.6886     -1047.661
0.7000       165.406313     0.000024490   -223646.2310      -783.307
0.7500       131.229316     0.000008163   -223680.4080      -590.298
0.8000       105.370727     0.000010885   -223706.2667      -449.670
0.8500        85.532503     0.000013606   -223726.1049      -347.777
0.9000        70.084327     0.000021769   -223741.5531      -273.773
0.9500        57.823125     0.000019048   -223753.8142      -219.671
1.0000        47.915100     0.000016327   -223763.7223      -179.310
1.1000        33.039429     0.000010885   -223778.5979      -123.983
1.2000        22.677011     0.000013606   -223788.9604       -87.349
1.3000        15.407642     0.000024490   -223796.2297       -61.290
1.4000        10.358619     0.000019048   -223801.2788       -42.485
1.5000         6.902203     0.000024490   -223804.7352       -28.973
1.6000         4.574592     0.000019048   -223807.0628       -19.552
1.7000         3.037083     0.000019048   -223808.6003       -12.961
1.8000         2.142171     0.000019048   -223809.4952        -8.918
1.9000         1.554859     0.000016327   -223810.0825        -6.274
2.0000         1.141189     0.000010885   -223810.4962        -4.604
2.1000         0.818453     0.000021769   -223810.8189        -3.559
2.2000         0.547444     0.000027211   -223811.0899        -2.776
2.3000         0.310664     0.000013606   -223811.3267        -2.227
2.4000         0.117044     0.000016327   -223811.5203        -1.842
2.5000        -0.035647     0.000027211   -223811.6730        -1.469
2.6000        -0.162724     0.000016327   -223811.8001        -1.155
2.7000        -0.263910     0.000019048   -223811.9013        -0.876
2.8000        -0.339299     0.000016327   -223811.9767        -0.658
2.9000        -0.390832     0.000019048   -223812.0282        -0.436
3.0000        -0.421420     0.000021769   -223812.0588        -0.267
3.1000        -0.433970     0.000019048   -223812.0713        -0.112
3.2000        -0.430735     0.000019048   -223812.0681         0.006
3.3000        -0.413945     0.000027211   -223812.0513         0.090
3.4000        -0.386726     0.000027211   -223812.0241         0.173
3.5000        -0.351900     0.000021769   -223811.9893         0.227
3.6000        -0.311562     0.000019048   -223811.9489         0.257
3.7000        -0.267480     0.000021769   -223811.9049         0.291
3.8000        -0.220565     0.000024490   -223811.8579         0.316
3.9000        -0.172085     0.000021769   -223811.8095         0.315
4.0000        -0.122413     0.000021769   -223811.7598         0.322
5.0000         0.280618     0.000013606   -223811.3568         0.199
6.0000         0.466101     0.000024490   -223811.1713         0.074
7.0000         0.527912     0.000016327   -223811.1095         0.026
8.0000         0.545907     0.000027211   -223811.0915         0.008
9.0000         0.550797     0.000021769   -223811.0866         0.002
10.0000         0.552013     0.000010885   -223811.0854         0.001
100.0000         0.551104     0.000021769   -223811.0863
1000.0000         0.550993     0.000027211   -223811.0864
