0.0020   4051751.424316     0.000013606   3897693.2815
0.0040   1979550.551312     0.000010885   1825492.4090
0.0060   1291389.360144     0.000019048   1137331.2178
0.0080    948742.950503     0.000021769    794684.8083
0.0100    743825.106441     0.000019048    589766.9640
0.0120    607715.515049     0.000013606    453657.3727
0.0140    511091.567224     0.000021769    357033.4250
0.0160    438974.002156     0.000008163    284915.8598
0.0180    383099.237473     0.000008163    229041.0952
0.0200    338591.497061     0.000024490    184533.3547
0.0400    142842.264251     0.000021769    -11215.8781
0.0600     81992.804229     0.000013606    -72065.3381
0.0800     53460.968470     0.000024490   -100597.1739
0.1000     37457.515168     0.000016327   -116600.6271
0.1200     27587.653505     0.000024490   -126470.4888
0.1400     21069.531194     0.000005442   -132988.6111
0.1600     16493.053558     0.000008163   -137565.0888
0.1800     13133.107054     0.000021769   -140925.0353
0.2000     10599.106731     0.000019048   -143459.0356
0.2400      7144.184730     0.000024490   -146913.9576
0.2800      5029.608581     0.000019048   -149028.5337    -41381.210
0.3200      3694.052250     0.000027211   -150364.0901    -26740.200
0.3600      2802.018089     0.000019048   -151256.1242    -18801.596
0.4000      2151.060897     0.000010885   -151907.0814    -14034.550
0.4500      1561.520305     0.000008163   -152496.6220     -9764.792
0.5000      1151.298684     0.000027211   -152906.8437     -6788.070
0.5500       864.706316     0.000013606   -153193.4360     -4788.990
0.6000       661.399399     0.000010885   -153396.7429     -3435.722
0.6500       514.370646     0.000016327   -153543.7717     -2507.584
0.7000       406.037319     0.000021769   -153652.1050     -1869.289
0.7500       324.363898     0.000016327   -153733.7784     -1428.721
0.8000       261.149561     0.000016327   -153796.9928     -1121.476
0.8500       211.111425     0.000010885   -153847.0309      -921.485
0.9000       169.267594     0.000021769   -153888.8747      -757.104
0.9500       134.705145     0.000021769   -153923.4372      -612.204
1.0000       106.900067     0.000021769   -153951.2423      -486.019
1.1000        68.545569     0.000010885   -153989.5967      -296.351
1.2000        45.144179     0.000008163   -154012.9981      -181.216
1.3000        30.695589     0.000019048   -154027.4467      -113.075
1.4000        21.537063     0.000016327   -154036.6052       -72.738
1.5000        15.528072     0.000016327   -154042.6143       -48.449
1.6000        11.438106     0.000027211   -154046.7042       -33.294
1.7000         8.560351     0.000019048   -154049.5820       -23.474
1.8000         6.481099     0.000013606   -154051.6612       -16.832
1.9000         4.946580     0.000002721   -154053.1957       -12.140
2.0000         3.793832     0.000005442   -154054.3485        -8.893
2.1000         2.912569     0.000005442   -154055.2298        -6.459
2.2000         2.226031     0.000008163   -154055.9163        -4.723
2.3000         1.679452     0.000024490   -154056.4629        -3.448
2.4000         1.232148     0.000024490   -154056.9102        -2.492
2.5000         0.854778     0.000027211   -154057.2875        -1.856
2.6000         0.525030     0.000016327   -154057.6173        -1.352
2.7000         0.227313     0.000013606   -154057.9150        -1.006
2.8000        -0.049413     0.000024490   -154058.1917        -0.797
2.9000        -0.122299     0.000008163   -154058.2646        -0.526
3.0000        -0.164289     0.000008163   -154058.3066        -0.320
3.1000        -0.189233     0.000027211   -154058.3316        -0.183
3.2000        -0.201392     0.000019048   -154058.3437        -0.080
3.3000        -0.204635     0.000016327   -154058.3470         0.001
3.4000        -0.201740     0.000013606   -154058.3441         0.053
3.5000        -0.194551     0.000021769   -154058.3369         0.088
3.6000        -0.184382     0.000008163   -154058.3267         0.106
3.7000        -0.172466     0.000021769   -154058.3148         0.122
3.8000        -0.159750     0.000021769   -154058.3021         0.129
3.9000        -0.146800     0.000019048   -154058.2891         0.127
4.0000        -0.134038     0.000027211   -154058.2763         0.125
5.0000        -0.043976     0.000008163   -154058.1863         0.051
6.0000        -0.013630     0.000024490   -154058.1560         0.014
7.0000        -0.005867     0.000010885   -154058.1482         0.003
8.0000        -0.004101     0.000021769   -154058.1464         0.001
9.0000        -0.003723     0.000027211   -154058.1460         0.000
10.0000        -0.003644     0.000002721   -154058.1460        -0.000
100.0000        -0.003622     0.000002721   -154058.1460
1000.0000        -0.003622     0.000002721   -154058.1460
