0.0020  21160796.562789     0.000013606  20663081.7859
0.0040  10305525.418814     0.000019048   9807810.6414
0.0060   6699140.851193     0.000024490   6201426.0726
0.0080   4901692.758129     0.000013606   4403977.9820
0.0100   3826986.764023     0.000016327   3329271.9869
0.0120   3113859.120732     0.000019048   2616144.3431
0.0140   2606962.152765     0.000013606   2109247.3754
0.0160   2228780.620865     0.000021769   1731065.8433
0.0180   1936658.076183     0.000008163   1438943.2987
0.0200   1704817.522183     0.000008163   1207102.7446
0.0400    697780.548847     0.000013606    200065.7713
0.0600    389736.993385     0.000019048   -107977.7841
0.0800    248844.999453     0.000010885   -248869.7780
0.1000    171236.780317     0.000021769   -326477.9972
0.1200    123999.054476     0.000016327   -373715.7232
0.1400     92816.101583     0.000024490   -404898.6760
0.1600     70985.985557     0.000019048   -426728.7921
0.1800     55343.871229     0.000019048   -442370.9063
0.2000     44018.059743     0.000019048   -453696.7176
0.2400     29344.092634     0.000013606   -468370.6850
0.2800     20042.309197     0.000005442   -477672.4683
0.3200     14190.937116     0.000010885   -483523.8404
0.3600     10267.892451     0.000024490   -487446.8850
0.4000      7602.758204     0.000010885   -490112.0192
0.4500      5365.800475     0.000013606   -492348.9769    -37675.319
0.5000      3774.132722     0.000021769   -493940.6447    -26018.561
0.5500      2706.498204     0.000024490   -495008.2794    -17302.683
0.6000      1990.984965     0.000019048   -495723.7925    -11737.105
0.6500      1498.364998     0.000010885   -496216.4126     -8231.531
0.7000      1146.528276     0.000027211   -496568.2492     -5999.359
0.7500       885.978819     0.000013606   -496828.7986     -4513.088
0.8000       688.023236     0.000021769   -497026.7544     -3459.071
0.8500       535.564745     0.000024490   -497179.2128     -2674.682
0.9000       417.400809     0.000016327   -497297.3766     -2077.063
0.9500       325.500216     0.000021769   -497389.2774     -1617.925
1.0000       253.810234     0.000019048   -497460.9672     -1264.208
1.1000       153.651929     0.000013606   -497561.1255      -779.757
1.2000        91.523694     0.000024490   -497623.2538      -486.704
1.3000        52.653787     0.000013606   -497662.1236      -304.739
1.4000        28.497507     0.000024490   -497686.2800      -189.523
1.5000        14.044161     0.000010885   -497700.7333      -116.900
1.6000         5.275898     0.000021769   -497709.5017       -70.021
1.7000         0.166343     0.000013606   -497714.6111       -40.212
1.8000        -2.649541     0.000010885   -497717.4270       -21.680
1.9000        -4.043287     0.000021769   -497718.8207       -10.443
2.0000        -4.585719     0.000027211   -497719.3633        -3.746
2.1000        -4.644153     0.000005442   -497719.4216         0.117
2.2000        -4.297547     0.000019048   -497719.0752         2.190
2.3000        -3.549280     0.000019048   -497718.3269         2.929
2.4000        -2.675049     0.000019048   -497717.4526         2.975
2.5000        -1.939770     0.000013606   -497716.7173         3.019
2.6000        -1.307763     0.000013606   -497716.0852         3.000
2.7000        -0.680560     0.000008163   -497715.4580         2.909
2.8000         0.031658     0.000019048   -497714.7458         2.648
2.9000         0.632918     0.000010885   -497714.1445         2.385
3.0000         1.193900     0.000010885   -497713.5836         2.173
3.1000         1.676442     0.000024490   -497713.1012         1.963
3.2000         2.091656     0.000005442   -497712.6859         1.779
3.3000         2.451420     0.000016327   -497712.3262         1.641
3.4000         2.765486     0.000024490   -497712.0119         1.496
3.5000         3.042136     0.000027211   -497711.7354         1.345
3.6000         3.286927     0.000027211   -497711.4905         1.230
3.7000         3.503617     0.000024490   -497711.2739         1.133
3.8000         3.695887     0.000019048   -497711.0816         1.023
3.9000         3.867411     0.000021769   -497710.9101         0.919
4.0000         4.020476     0.000005442   -497710.7569         0.832
5.0000         4.850701     0.000013606   -497709.9267         0.247
6.0000         5.060531     0.000021769   -497709.7169         0.062
7.0000         5.104066     0.000021769   -497709.6734         0.013
8.0000         5.112863     0.000005442   -497709.6647         0.003
9.0000         5.114779     0.000008163   -497709.6627         0.001
10.0000         5.115266     0.000008163   -497709.6622         0.000
100.0000         5.116006     0.000002721   -497709.6614
1000.0000         5.116042     0.000013606   -497709.6614
