0.0020  14523788.605284     0.000013606  14229457.8072
0.0040   7087276.005602     0.000019048   6792945.2056
0.0060   4618876.996257     0.000005442   4324546.1973
0.0080   3386307.890380     0.000019048   3091977.0925
0.0100   2648449.024109     0.000021769   2354118.2253
0.0120   2158145.875722     0.000008163   1863815.0768
0.0140   1809353.668417     0.000010885   1515022.8696
0.0160   1548820.799799     0.000013606   1254490.0011
0.0180   1346934.517430     0.000013606   1052603.7185
0.0200   1186362.208104     0.000024490    892031.4093
0.0400    488247.327634     0.000016327    193916.5288
0.0600    273759.972002     0.000024490    -20570.8268
0.0800    175261.899192     0.000021769   -119068.8997
0.1000    120725.537233     0.000021769   -173605.2616
0.1200     87377.437588     0.000021769   -206953.3613
0.1400     65860.563975     0.000027211   -228470.2349
0.1600     51207.621573     0.000024490   -243123.1773
0.1800     40458.767586     0.000013606   -253872.0313
0.2000     32308.756505     0.000013606   -262022.0424
0.2400     21452.438375     0.000021769   -272878.3605
0.2800     14961.008488     0.000008163   -279369.7903
0.3200     10855.197560     0.000013606   -283475.6014
0.3600      7964.145265     0.000016327   -286366.6536
0.4000      5909.740991     0.000027211   -288421.0579    -42178.512
0.4500      4216.233423     0.000021769   -290114.5654    -26897.438
0.5000      3112.756327     0.000021769   -291218.0425    -18065.360
0.5500      2353.929871     0.000016327   -291976.8690    -12828.314
0.6000      1797.190295     0.000008163   -292533.6084     -9589.505
0.6500      1374.131056     0.000024490   -292956.6678     -7352.237
0.7000      1053.562019     0.000019048   -293277.2368     -5525.422
0.7500       815.154394     0.000027211   -293515.6446     -4071.118
0.8000       639.760911     0.000021769   -293691.0378     -2994.867
0.8500       510.384865     0.000024490   -293820.4139     -2228.203
0.9000       413.306754     0.000019048   -293917.4921     -1691.005
0.9500       338.849966     0.000019048   -293991.9488     -1312.187
1.0000       280.435126     0.000016327   -294050.3638     -1040.383
1.1000       195.898579     0.000016327   -294134.9003      -688.537
1.2000       139.254648     0.000019048   -294191.5441      -477.906
1.3000        99.500067     0.000019048   -294231.2989      -330.892
1.4000        71.723357     0.000016327   -294259.0754      -231.186
1.5000        52.234585     0.000024490   -294278.5642      -164.539
1.6000        38.066169     0.000008163   -294292.7327      -118.613
1.7000        27.768323     0.000016327   -294303.0305       -85.743
1.8000        20.289211     0.000021769   -294310.5096       -62.125
1.9000        14.846908     0.000021769   -294315.9519       -45.076
2.0000        10.920325     0.000021769   -294319.8785       -32.779
2.1000         8.167509     0.000005442   -294322.6315       -23.960
2.2000         6.152630     0.000021769   -294324.6462       -17.485
2.3000         4.695808     0.000008163   -294326.1031       -12.642
2.4000         3.656520     0.000010885   -294327.1423        -9.111
2.5000         2.922975     0.000008163   -294327.8759        -6.466
2.6000         2.411515     0.000016327   -294328.3872        -4.630
2.7000         2.059375     0.000021769   -294328.7396        -3.254
2.8000         1.808722     0.000024490   -294328.9902        -2.356
2.9000         1.620577     0.000013606   -294329.1782        -1.731
3.0000         1.470958     0.000019048   -294329.3279        -1.298
3.1000         1.345010     0.000008163   -294329.4539        -1.054
3.2000         1.235335     0.000024490   -294329.5636        -0.857
3.3000         1.134410     0.000013606   -294329.6645        -0.705
3.4000         1.040684     0.000019048   -294329.7581        -0.615
3.5000         0.955006     0.000021769   -294329.8438        -0.516
3.6000         0.877061     0.000024490   -294329.9217        -0.438
3.7000         0.808540     0.000019048   -294329.9902        -0.364
3.8000         0.748705     0.000016327   -294330.0501        -0.293
3.9000         0.697774     0.000024490   -294330.1010        -0.231
4.0000         0.657044     0.000024490   -294330.1418        -0.171
5.0000         0.605451     0.000024490   -294330.1935         0.108
6.0000         0.768477     0.000027211   -294330.0305         0.105
7.0000         0.873842     0.000008163   -294329.9249         0.054
8.0000         0.920273     0.000024490   -294329.8787         0.023
9.0000         0.936826     0.000019048   -294329.8621         0.005
10.0000         0.942154     0.000019048   -294329.8566         0.005
100.0000         0.944121     0.000024490   -294329.8547
1000.0000         0.944078     0.000021769   -294329.8547
