0.0020         0.000000     0.000021769  28439009.5586
0.0040  14221991.497883     0.000008163  13435268.2213
0.0060   9239684.986693     0.000016327   8452961.7108
0.0080   6763345.282943     0.000027211   5976622.0062
0.0100   5284277.488548     0.000005442   4497554.2122
0.0120   4302865.117281     0.000016327   3516141.8407
0.0140   3604843.264547     0.000010885   2818119.9895
0.0160   3083948.671626     0.000010885   2297225.3958
0.0180   2681394.558865     0.000010885   1894671.2828
0.0200   2361487.961320     0.000016327   1574764.6854
0.0400    963914.811428     0.000021769    177191.5355
0.0600    533811.030763     0.000010885   -252912.2452
0.0800    338073.195702     0.000021769   -448650.0802
0.1000    231716.768967     0.000005442   -555006.5069
0.1200    166272.131156     0.000008163   -620451.1448
0.1400    123239.717334     0.000019048   -663483.5585
0.1600     94380.924660     0.000021769   -692342.3512
0.1800     74394.952019     0.000019048   -712328.3240
0.2000     59198.750723     0.000019048   -727524.5251
0.2400     38897.969145     0.000008163   -747825.3068
0.2800     26815.859717     0.000002721   -759907.4162
0.3200     19196.930529     0.000027211   -767526.3455
0.3600     13888.780109     0.000010885   -772834.4960
0.4000     10263.460942     0.000005442   -776459.8150
0.4500      7316.637115     0.000021769   -779406.6389    -46492.882
0.5000      5415.744222     0.000024490   -781307.5317    -31012.089
0.5500      4106.440319     0.000016327   -782616.8355    -22089.004
0.6000      3155.061413     0.000024490   -783568.2145    -16306.736
0.6500      2448.134886     0.000008163   -784275.1410    -12203.951
0.7000      1916.477077     0.000019048   -784806.7989     -9237.679
0.7500      1511.703472     0.000021769   -785211.5725     -7068.340
0.8000      1199.920540     0.000019048   -785523.3555     -5490.968
0.8500       955.822282     0.000010885   -785767.4537     -4349.800
0.9000       761.536830     0.000024490   -785961.7390     -3466.045
0.9500       606.948765     0.000008163   -786116.3272     -2747.243
1.0000       484.648294     0.000019048   -786238.6277     -2166.655
1.1000       312.145314     0.000024490   -786411.1306     -1348.014
1.2000       204.080967     0.000010885   -786519.1949      -852.022
1.3000       135.146824     0.000013606   -786588.1290      -549.343
1.4000        90.321821     0.000024490   -786632.9540      -360.519
1.5000        60.721621     0.000021769   -786662.5543      -239.925
1.6000        40.922035     0.000013606   -786682.3539      -161.480
1.7000        27.520360     0.000019048   -786695.7555      -109.670
1.8000        18.363213     0.000024490   -786704.9127       -75.117
1.9000        12.052961     0.000024490   -786711.2230       -51.683
2.0000         7.673997     0.000024490   -786715.6019       -35.746
2.1000         4.619056     0.000019048   -786718.6569       -24.751
2.2000         2.484452     0.000010885   -786720.7916       -17.159
2.3000         0.997249     0.000016327   -786722.2787       -11.875
2.4000        -0.030632     0.000016327   -786723.3065        -8.142
2.5000        -0.730221     0.000019048   -786724.0061        -5.537
2.6000        -1.195046     0.000021769   -786724.4709        -3.673
2.7000        -1.491612     0.000027211   -786724.7675        -2.373
2.8000        -1.667329     0.000010885   -786724.9433        -1.425
2.9000        -1.756485     0.000027211   -786725.0325        -0.768
3.0000        -1.761187     0.000019048   -786725.0371        -0.288
3.1000        -1.725388     0.000021769   -786725.0012         0.039
3.2000        -1.661052     0.000021769   -786724.9370         0.261
3.3000        -1.577529     0.000019048   -786724.8535         0.421
3.4000        -1.481914     0.000016327   -786724.7579         0.533
3.5000        -1.378674     0.000019048   -786724.6545         0.575
3.6000        -1.271746     0.000021769   -786724.5476         0.608
3.7000        -1.164245     0.000019048   -786724.4401         0.628
3.8000        -1.058401     0.000005442   -786724.3343         0.617
3.9000        -0.955561     0.000019048   -786724.2314         0.589
4.0000        -0.856775     0.000019048   -786724.1326         0.560
5.0000        -0.191326     0.000010885   -786723.4673         0.225
6.0000         0.039171     0.000013606   -786723.2368         0.071
7.0000         0.108407     0.000013606   -786723.1674         0.018
8.0000         0.132514     0.000008163   -786723.1435         0.006
9.0000         0.143595     0.000005442   -786723.1323         0.003
10.0000         0.150278     0.000005442   -786723.1255         0.001
100.0000         0.186194     0.000005442   -786723.0896
1000.0000         0.188882     0.000005442   -786723.0872
