0.0020    885788.686146     0.000005442    602168.1795
0.0040    432624.869747     0.000008163    149004.3632
0.0060    281952.109288     0.000013606     -1668.3973
0.0080    206997.862301     0.000027211    -76622.6443
0.0100    162319.671365     0.000016327   -121300.8352
0.0120    132652.044737     0.000027211   -150968.4618
0.0140    111554.962557     0.000021769   -172065.5440
0.0160     95817.374420     0.000019048   -187803.1322
0.0180     83639.970552     0.000010885   -199980.5360
0.0200     73922.303364     0.000024490   -209698.2032
0.0400     31164.744048     0.000016327   -252455.7625
0.0600     17909.634593     0.000019048   -265710.8720
0.0800     11747.683973     0.000016327   -271872.8226
0.1000      8274.993739     0.000008163   -275345.5127
0.1200      6123.465526     0.000013606   -277497.0411
0.1400      4697.746004     0.000027211   -278922.7607
0.1600      3695.535290     0.000024490   -279924.9714    -42622.829
0.1800      2957.631116     0.000008163   -280662.8756    -31942.459
0.2000      2396.674174     0.000021769   -281223.8325    -24548.594
0.2400      1621.277077     0.000024490   -281999.2294    -15082.086
0.2800      1137.605219     0.000019048   -282482.9014     -9567.327
0.3200       826.213157     0.000013606   -282794.2933     -6273.867
0.3600       618.443786     0.000024490   -283002.0627     -4277.041
0.4000       474.059812     0.000013606   -283146.4469     -3040.294
0.4500       347.919513     0.000016327   -283272.5870     -2088.453
0.5000       259.667914     0.000019048   -283360.8387     -1486.884
0.5500       196.277008     0.000021769   -283424.2295     -1075.654
0.6000       150.284886     0.000010885   -283470.2217      -782.355
0.6500       116.765926     0.000019048   -283503.7407      -570.632
0.7000        92.273925     0.000013606   -283528.2326      -417.751
0.7500        74.328309     0.000008163   -283546.1782      -307.681
0.8000        61.264722     0.000019048   -283559.2419      -229.330
0.8500        51.518264     0.000016327   -283568.9884      -173.412
0.9000        44.107964     0.000019048   -283576.3987      -133.878
0.9500        38.358169     0.000024490   -283582.1484      -105.996
1.0000        33.766839     0.000013606   -283586.7398       -86.202
1.1000        26.830722     0.000019048   -283593.6760       -61.124
1.2000        21.778320     0.000016327   -283598.7283       -45.318
1.3000        17.986194     0.000021769   -283602.5205       -33.863
1.4000        15.153931     0.000024490   -283605.3527       -24.866
1.5000        13.077038     0.000024490   -283607.4294       -18.001
1.6000        11.584457     0.000021769   -283608.9223       -12.742
1.7000        10.530731     0.000016327   -283609.9759        -8.920
1.8000         9.797338     0.000010885   -283610.7092        -6.157
1.9000         9.292115     0.000008163   -283611.2145        -4.204
2.0000         8.945629     0.000005442   -283611.5609        -2.882
2.1000         8.707581     0.000002721   -283611.7990        -1.978
2.2000         8.542623     0.000002721   -283611.9639        -1.372
2.3000         8.425873     0.000019048   -283612.0807        -0.976
2.4000         8.340706     0.000013606   -283612.1659        -0.711
2.5000         8.276482     0.000005442   -283612.2301        -0.546
2.6000         8.226416     0.000013606   -283612.2801        -0.428
2.7000         8.185634     0.000005442   -283612.3210        -0.345
2.8000         8.151432     0.000008163   -283612.3552        -0.290
2.9000         8.122588     0.000013606   -283612.3841        -0.249
3.0000         8.098043     0.000002721   -283612.4086        -0.215
3.1000         8.076982     0.000002721   -283612.4295        -0.183
3.2000         8.058758     0.000002721   -283612.4478        -0.158
3.3000         8.043125     0.000005442   -283612.4635        -0.135
3.4000         8.030061     0.000024490   -283612.4766        -0.103
3.5000         8.018768     0.000002721   -283612.4878        -0.096
3.6000         8.009484     0.000019048   -283612.4970        -0.080
3.7000         8.001797     0.000002721   -283612.5049        -0.066
3.8000         7.995462     0.000002721   -283612.5112        -0.053
3.9000         7.990275     0.000010885   -283612.5163        -0.043
4.0000         7.986134     0.000008163   -283612.5204        -0.031
5.0000         7.974482     0.000021769   -283612.5321         0.001
6.0000         7.976621     0.000013606   -283612.5299         0.003
7.0000         7.977859     0.000024490   -283612.5289         0.000
8.0000         7.978191     0.000019048   -283612.5283         0.000
9.0000         7.978256     0.000019048   -283612.5283
10.0000         7.978264     0.000019048   -283612.5283         0.000
100.0000         7.978275     0.000019048   -283612.5283
1000.0000         7.978275     0.000019048   -283612.5283
