0.0020   9662879.703958     0.000024490   9453608.1093
0.0040   4711570.008491     0.000013606   4502298.4157
0.0060   3073688.543691     0.000019048   2864416.9498
0.0080   2255277.239142     0.000027211   2046005.6453
0.0100   1765879.426243     0.000024490   1556607.8324
0.0120   1440617.325459     0.000008163   1231345.7316
0.0140   1209118.829096     0.000021769    999847.2351
0.0160   1036425.120139     0.000010885    827153.5263
0.0180    902702.040744     0.000010885    693430.4470
0.0200    796239.412869     0.000013606    586967.8191
0.0400    331062.206710     0.000016327    121790.6129
0.0600    187427.013640     0.000021769    -21844.5802
0.0800    120607.145031     0.000016327    -88664.4488
0.1000     83692.055687     0.000013606   -125579.5381
0.1200     60809.968545     0.000019048   -148461.6253
0.1400     45618.663610     0.000016327   -163652.9302
0.1600     35160.836502     0.000013606   -174110.7573
0.1800     27777.506097     0.000016327   -181494.0877
0.2000     22452.649143     0.000013606   -186818.9447
0.2400     15202.348008     0.000021769   -194069.2458
0.2800     10572.978253     0.000019048   -198698.6156
0.3200      7605.928576     0.000013606   -201665.6652
0.3600      5624.280018     0.000019048   -203647.3138    -40314.580
0.4000      4286.472804     0.000013606   -204985.1210    -27598.269
0.4500      3143.346306     0.000008163   -206128.2475    -19524.336
0.5000      2298.226083     0.000005442   -206973.3677    -14293.894
0.5500      1696.940130     0.000010885   -207574.6537     -9987.678
0.6000      1275.756015     0.000019048   -207995.8378     -7047.252
0.6500       975.423892     0.000024490   -208296.1699     -5104.299
0.7000       754.909800     0.000019048   -208516.6840     -3797.478
0.7500       588.882028     0.000021769   -208682.7118     -2880.532
0.8000       461.808988     0.000021769   -208809.7848     -2215.615
0.8500       363.491175     0.000019048   -208908.1026     -1723.519
0.9000       287.159878     0.000008163   -208984.4340     -1351.312
0.9500       227.437218     0.000016327   -209044.1566     -1067.050
1.0000       180.166631     0.000024490   -209091.4272      -850.257
1.1000       112.021225     0.000024490   -209159.5726      -533.343
1.2000        69.803753     0.000013606   -209201.7901      -328.587
1.3000        43.805362     0.000019048   -209227.7885      -207.027
1.4000        27.246594     0.000021769   -209244.3472      -135.702
1.5000        16.181379     0.000013606   -209255.4124       -89.974
1.6000         8.856637     0.000019048   -209262.7372       -59.272
1.7000         4.081187     0.000019048   -209267.5126       -38.608
1.8000         1.024392     0.000021769   -209270.5694       -24.694
1.9000        -0.878174     0.000024490   -209272.4720       -15.310
2.0000        -2.006245     0.000027211   -209273.6001        -9.014
2.1000        -2.618362     0.000021769   -209274.2122        -4.825
2.2000        -2.888686     0.000005442   -209274.4825        -2.003
2.3000        -2.930458     0.000010885   -209274.5243        -0.197
2.4000        -2.692475     0.000013606   -209274.2863         0.786
2.5000        -2.424399     0.000024490   -209274.0182         1.346
2.6000        -2.146375     0.000013606   -209273.7402         1.729
2.7000        -1.832557     0.000010885   -209273.4264         1.876
2.8000        -1.481097     0.000016327   -209273.0749         1.901
2.9000        -1.155733     0.000016327   -209272.7495         1.879
3.0000        -0.855017     0.000024490   -209272.4488         1.791
3.1000        -0.522989     0.000021769   -209272.1168         1.645
3.2000        -0.221718     0.000013606   -209271.8155         1.503
3.3000         0.048278     0.000019048   -209271.5456         1.339
3.4000         0.288541     0.000010885   -209271.3053         1.177
3.5000         0.500309     0.000013606   -209271.0935         1.038
3.6000         0.685390     0.000016327   -209270.9084         0.905
3.7000         0.846027     0.000010885   -209270.7478         0.782
3.8000         0.984835     0.000013606   -209270.6090         0.670
3.9000         1.104040     0.000002721   -209270.4898         0.576
4.0000         1.205770     0.000005442   -209270.3881         0.492
5.0000         1.653718     0.000010885   -209269.9401         0.093
6.0000         1.727224     0.000021769   -209269.8666         0.015
7.0000         1.739350     0.000008163   -209269.8545         0.003
8.0000         1.741821     0.000005442   -209269.8520         0.001
9.0000         1.742623     0.000005442   -209269.8512         0.000
10.0000         1.743045     0.000010885   -209269.8508         0.000
100.0000         1.745314     0.000005442   -209269.8485
1000.0000         1.745494     0.000024490   -209269.8483
