0.0020         0.000000     0.000013606  29503001.9182
0.0040  14673026.282292     0.000024490  14027744.9778
0.0060   9529636.739990     0.000027211   8884355.4358
0.0080   6966785.744458     0.000010885   6321504.4392
0.0100   5434848.041494     0.000005442   4789566.7368
0.0120   4416886.234320     0.000021769   3771604.9298
0.0140   3694495.633318     0.000016327   3049214.3292
0.0160   3156289.171547     0.000021769   2511007.8669
0.0180   2740593.216245     0.000013606   2095311.9117
0.0200   2410825.432532     0.000024490   1765544.1278
0.0400    978571.982834     0.000021769    333290.6782
0.0600    542772.389821     0.000016327   -102508.9148
0.0800    344133.532199     0.000021769   -301147.7723
0.1000    236428.188872     0.000024490   -408853.1158
0.1200    170316.002588     0.000010885   -474965.3020
0.1400    127298.073103     0.000021769   -517983.2314
0.1600     98115.407659     0.000019048   -547165.8969
0.1800     77526.701582     0.000016327   -567754.6029
0.2000     61716.787916     0.000005442   -583564.5168
0.2400     40257.262870     0.000021769   -605024.0416
0.2800     27337.884977     0.000016327   -617943.4195
0.3200     19324.698414     0.000016327   -625956.6061
0.3600     13830.451946     0.000019048   -631450.8525
0.4000     10020.969765     0.000019048   -635260.3348
0.4500      6926.258504     0.000016327   -638355.0460    -48745.826
0.5000      4941.330823     0.000016327   -640339.9737    -32145.825
0.5500      3599.746286     0.000019048   -641681.5584    -22317.344
0.6000      2651.106776     0.000013606   -642630.1977    -16031.281
0.6500      1968.125814     0.000027211   -643313.1787    -11560.770
0.7000      1475.510598     0.000021769   -643805.7940     -8354.467
0.7500      1117.185969     0.000021769   -644164.1185     -6062.785
0.8000       856.811384     0.000027211   -644424.4932     -4428.390
0.8500       665.838476     0.000016327   -644615.4661     -3299.146
0.9000       520.942995     0.000008163   -644760.3616     -2544.203
0.9500       407.861644     0.000016327   -644873.4429     -1994.071
1.0000       319.513352     0.000027211   -644961.7912     -1556.058
1.1000       196.917406     0.000019048   -645084.3873      -942.060
1.2000       122.015481     0.000024490   -645159.2891      -572.423
1.3000        76.137989     0.000024490   -645205.1667      -352.844
1.4000        48.613608     0.000019048   -645232.6910      -223.810
1.5000        31.047767     0.000024490   -645250.2568      -145.010
1.6000        19.828748     0.000019048   -645261.4758       -95.622
1.7000        12.444645     0.000005442   -645268.8598       -63.486
1.8000         7.710148     0.000013606   -645273.5943       -42.176
1.9000         4.621529     0.000010885   -645276.6831       -27.628
2.0000         2.670306     0.000024490   -645278.6344       -17.625
2.1000         1.639136     0.000021769   -645279.6655       -11.044
2.2000         1.219432     0.000010885   -645280.0851        -6.906
2.3000         1.301837     0.000019048   -645280.0029        -4.588
2.4000         1.470496     0.000010885   -645279.8342        -3.299
2.5000         1.603135     0.000013606   -645279.7014        -2.538
2.6000         1.745704     0.000027211   -645279.5588        -2.223
2.7000         1.827455     0.000008163   -645279.4772        -2.005
2.8000         1.841724     0.000008163   -645279.4628        -1.777
2.9000         1.815098     0.000008163   -645279.4894        -1.522
3.0000         1.771356     0.000024490   -645279.5332        -1.260
3.1000         1.727475     0.000019048   -645279.5770        -0.968
3.2000         1.693093     0.000008163   -645279.6116        -0.722
3.3000         1.674056     0.000021769   -645279.6307        -0.481
3.4000         1.671563     0.000024490   -645279.6331        -0.271
3.5000         1.684336     0.000024490   -645279.6203        -0.101
3.6000         1.711172     0.000005442   -645279.5934         0.033
3.7000         1.749595     0.000016327   -645279.5550         0.150
3.8000         1.796202     0.000010885   -645279.5085         0.236
3.9000         1.848892     0.000016327   -645279.4557         0.289
4.0000         1.906297     0.000013606   -645279.3983         0.328
5.0000         2.429578     0.000019048   -645278.8750         0.236
6.0000         2.666004     0.000021769   -645278.6385         0.081
7.0000         2.742879     0.000008163   -645278.5618         0.035
8.0000         2.768066     0.000016327   -645278.5365         0.015
9.0000         2.777824     0.000010885   -645278.5267         0.008
10.0000         2.782790     0.000010885   -645278.5218         0.006
100.0000         2.804211     0.000005442   -645278.5003         0.000
1000.0000         2.805683     0.000005442   -645278.4989
