0.0020    226131.355857     0.000027211    169686.5259
0.0040    110967.253017     0.000024490     54522.4231
0.0060     72624.878868     0.000024490     16180.0489
0.0080     53484.002710     0.000013606     -2960.8272
0.0100     42035.837484     0.000008163    -14408.9925
0.0120     34441.922963     0.000016327    -22002.9070
0.0140     29039.285561     0.000024490    -27405.5444
0.0160     25007.909703     0.000024490    -31436.9202
0.0180     21889.082639     0.000005442    -34555.7473
0.0200     19405.852345     0.000024490    -37038.9776
0.0400      8422.184251     0.000016327    -48022.6457
0.0600      4914.692858     0.000016327    -51530.1371
0.0800      3256.392834     0.000024490    -53188.4371
0.1000      2325.304315     0.000021769    -54119.5256    -36281.136
0.1200      1741.823804     0.000016327    -54703.0061    -23709.537
0.1400      1346.371204     0.000021769    -55098.4587    -16528.177
0.1600      1062.831562     0.000013606    -55381.9984    -12098.656
0.1800       851.562466     0.000005442    -55593.2675     -9150.212
0.2000       690.180237     0.000019048    -55754.6497     -7060.254
0.2400       466.626374     0.000021769    -55978.2036     -4361.338
0.2800       326.370904     0.000021769    -56118.4590     -2791.184
0.3200       235.526284     0.000024490    -56209.3037     -1837.050
0.3600       174.984515     0.000016327    -56269.8455     -1242.237
0.4000       133.470235     0.000008163    -56311.3597      -864.820
0.4500        98.129592     0.000021769    -56346.7004      -574.836
0.5000        74.041536     0.000010885    -56370.7884      -401.571
0.5500        56.793664     0.000013606    -56388.0363      -293.622
0.6000        43.920584     0.000016327    -56400.9094      -222.494
0.6500        34.006775     0.000013606    -56410.8232      -172.768
0.7000        26.228006     0.000021769    -56418.6019      -136.102
0.7500        20.053153     0.000027211    -56424.7768      -107.982
0.8000        15.121310     0.000013606    -56429.7086       -86.096
0.8500        11.172270     0.000008163    -56433.6577       -68.798
0.9000         7.998893     0.000010885    -56436.8311       -54.981
0.9500         5.448290     0.000010885    -56439.3817       -43.980
1.0000         3.471809     0.000024490    -56441.3581       -35.056
1.1000         0.661631     0.000024490    -56444.1683       -21.962
1.2000        -1.078766     0.000021769    -56445.9087       -13.427
1.3000        -2.124473     0.000019048    -56446.9544        -7.787
1.4000        -2.706992     0.000010885    -56447.5370        -4.125
1.5000        -2.988881     0.000027211    -56447.8188        -1.634
1.6000        -3.071323     0.000016327    -56447.9013        -0.095
1.7000        -3.023257     0.000016327    -56447.8532         0.960
1.8000        -2.894098     0.000016327    -56447.7241         1.622
1.9000        -2.711145     0.000019048    -56447.5411         1.998
2.0000        -2.497236     0.000016327    -56447.3272         2.243
2.1000        -2.264279     0.000008163    -56447.0942         2.359
2.2000        -1.945411     0.000021769    -56446.7754         2.302
2.3000        -1.637168     0.000013606    -56446.4671         2.211
2.4000        -1.346254     0.000021769    -56446.1762         2.090
2.5000        -1.075209     0.000013606    -56445.9052         1.949
2.6000        -0.823803     0.000021769    -56445.6538         1.791
2.7000        -0.592479     0.000021769    -56445.4224         1.643
2.8000        -0.381700     0.000010885    -56445.2117         1.500
2.9000        -0.120778     0.000024490    -56444.9507         1.279
3.0000         0.140408     0.000008163    -56444.6896         1.047
3.1000         0.353609     0.000021769    -56444.4764         0.851
3.2000         0.527866     0.000013606    -56444.3021         0.696
3.3000         0.670089     0.000024490    -56444.1599         0.572
3.4000         0.786077     0.000021769    -56444.0439         0.480
3.5000         0.880759     0.000013606    -56443.9492         0.398
3.6000         0.958113     0.000016327    -56443.8719         0.329
3.7000         1.021576     0.000024490    -56443.8084         0.271
3.8000         1.074001     0.000021769    -56443.7560         0.221
3.9000         1.117284     0.000016327    -56443.7127         0.182
4.0000         1.152996     0.000024490    -56443.6770         0.153
5.0000         1.300245     0.000019048    -56443.5297         0.024
6.0000         1.330509     0.000019048    -56443.4994         0.018
7.0000         1.341320     0.000016327    -56443.4886         0.006
8.0000         1.347552     0.000013606    -56443.4824         0.003
9.0000         1.351781     0.000008163    -56443.4782         0.003
10.0000         1.354967     0.000016327    -56443.4750         0.002
100.0000         1.376336     0.000008163    -56443.4536
1000.0000         1.378154     0.000021769    -56443.4518
