0.0020   6737864.659205     0.000021769   6474535.9180
0.0040   3287332.880395     0.000016327   3024004.1382
0.0060   2141423.847766     0.000024490   1878095.1053
0.0080   1570830.344037     0.000021769   1307501.6016
0.0100   1229851.655179     0.000013606    966522.9128
0.0120   1003811.485401     0.000013606    740482.7429
0.0140    843118.479441     0.000013606    579789.7370
0.0160    723109.286736     0.000019048    459780.5444
0.0180    630207.196654     0.000019048    366878.4542
0.0200    556197.457658     0.000010885    292868.7151
0.0400    232373.114212     0.000021769    -30955.6282
0.0600    132050.477712     0.000021769   -131278.2647
0.0800     85322.829879     0.000013606   -178005.9125
0.1000     59523.519015     0.000016327   -203805.2234
0.1200     43580.286660     0.000008163   -219748.4557
0.1400     32921.529915     0.000019048   -230407.2125
0.1600     25449.667476     0.000016327   -237879.0749
0.1800     20063.397337     0.000008163   -243265.3451
0.2000     16105.507387     0.000010885   -247223.2350
0.2400     10886.157592     0.000013606   -252442.5848
0.2800      7633.834595     0.000019048   -255694.9078
0.3200      5435.275289     0.000027211   -257893.4671    -44249.227
0.3600      3977.740251     0.000019048   -259351.0021    -29733.795
0.4000      2986.305187     0.000021769   -260342.4372    -20508.926
0.4500      2153.899332     0.000021769   -261174.8431    -13443.418
0.5000      1591.507710     0.000021769   -261737.2347     -9431.174
0.5500      1185.788451     0.000019048   -262142.9539     -6937.968
0.6000       888.904172     0.000019048   -262439.8382     -5024.357
0.6500       675.608132     0.000021769   -262653.1342     -3605.047
0.7000       521.801327     0.000016327   -262806.9411     -2615.840
0.7500       408.950908     0.000019048   -262919.7915     -1925.295
0.8000       325.974782     0.000021769   -263002.7676     -1445.494
0.8500       262.454121     0.000019048   -263066.2883     -1113.459
0.9000       213.066774     0.000019048   -263115.6756      -867.607
0.9500       174.579381     0.000024490   -263154.1630      -689.247
1.0000       143.991956     0.000016327   -263184.7504      -564.327
1.1000        97.950982     0.000019048   -263230.7914      -394.410
1.2000        65.994357     0.000010885   -263262.7480      -267.627
1.3000        44.343049     0.000019048   -263284.3993      -174.132
1.4000        30.301166     0.000019048   -263298.4412      -111.505
1.5000        21.274150     0.000016327   -263307.4682       -72.516
1.6000        15.267359     0.000008163   -263313.4750       -49.668
1.7000        10.977088     0.000005442   -263317.7653       -36.460
1.8000         7.734586     0.000013606   -263321.0078       -27.927
1.9000         5.246583     0.000024490   -263323.4958       -21.515
2.0000         3.408777     0.000002721   -263325.3336       -16.324
2.1000         2.088491     0.000013606   -263326.6539       -12.094
2.2000         1.136533     0.000016327   -263327.6059        -8.600
2.3000         0.639666     0.000027211   -263328.1027        -6.265
2.4000         0.359849     0.000005442   -263328.3825        -4.529
2.5000         0.165946     0.000027211   -263328.5764        -3.084
2.6000         0.053797     0.000021769   -263328.6886        -1.976
2.7000         0.010700     0.000021769   -263328.7317        -1.085
2.8000         0.022123     0.000008163   -263328.7203        -0.420
2.9000         0.077868     0.000002721   -263328.6645         0.046
3.0000         0.165932     0.000019048   -263328.5764         0.396
3.1000         0.275382     0.000021769   -263328.4670         0.636
3.2000         0.399719     0.000008163   -263328.3427         0.778
3.3000         0.533395     0.000019048   -263328.2090         0.860
3.4000         0.669915     0.000027211   -263328.0725         0.907
3.5000         0.805264     0.000005442   -263327.9371         0.910
3.6000         0.936948     0.000016327   -263327.8054         0.884
3.7000         1.063974     0.000016327   -263327.6784         0.839
3.8000         1.183968     0.000019048   -263327.5584         0.793
3.9000         1.295600     0.000027211   -263327.4468         0.740
4.0000         1.398312     0.000016327   -263327.3441         0.686
5.0000         2.020392     0.000019048   -263326.7220         0.243
6.0000         2.243615     0.000010885   -263326.4988         0.131
7.0000         2.340822     0.000010885   -263326.4016         0.058
8.0000         2.395939     0.000016327   -263326.3464         0.037
9.0000         2.432557     0.000005442   -263326.3098         0.026
10.0000         2.459121     0.000027211   -263326.2833         0.020
100.0000         2.625173     0.000013606   -263326.1172         0.000
1000.0000         2.638216     0.000008163   -263326.1042
