0.0020         0.000000     0.000013606  29671315.0421
0.0040  14829156.190543     0.000016327  14027676.8160
0.0060   9634981.946324     0.000013606   8833502.5721
0.0080   7051018.270136     0.000019048   6249538.8956
0.0100   5505794.119778     0.000027211   4704314.7447
0.0120   4479619.019471     0.000027211   3678139.6431
0.0140   3749705.406467     0.000010885   2948226.0304
0.0160   3205306.514512     0.000016327   2403827.1393
0.0180   2784989.182119     0.000005442   1983509.8071
0.0200   2451291.117307     0.000024490   1649811.7422
0.0400   1000082.853440     0.000021769    198603.4783
0.0600    555035.809807     0.000016327   -246443.5654
0.0800    351654.570420     0.000002721   -449824.8048
0.1000    240774.161202     0.000013606   -560705.2140
0.1200    172518.583757     0.000008163   -628960.7913
0.1400    127981.910203     0.000024490   -673497.4649
0.1600     98191.997513     0.000019048   -703287.3777
0.1800     77231.389028     0.000019048   -724247.9862
0.2000     61374.952583     0.000019048   -740104.4226
0.2400     40227.813037     0.000019048   -761251.5623
0.2800     27758.063492     0.000021769   -773721.3118
0.3200     19840.084339     0.000016327   -781639.2909
0.3600     14294.727543     0.000016327   -787184.6477
0.4000     10593.077202     0.000016327   -790886.2980
0.4500      7598.559885     0.000008163   -793880.8152    -47342.258
0.5000      5652.489449     0.000024490   -795826.8858    -31972.580
0.5500      4294.411206     0.000019048   -797184.9639    -23028.332
0.6000      3300.603766     0.000027211   -798178.7714    -17072.180
0.6500      2559.694249     0.000024490   -798919.6809    -12795.134
0.7000      2002.047355     0.000021769   -799477.3278     -9671.830
0.7500      1578.519218     0.000019048   -799900.8560     -7422.108
0.8000      1249.833862     0.000021769   -800229.5414     -5837.565
0.8500       989.747791     0.000024490   -800489.6274     -4619.627
0.9000       784.303770     0.000016327   -800695.0715     -3630.414
0.9500       623.341696     0.000016327   -800856.0335     -2832.443
1.0000       497.912717     0.000016327   -800981.4625     -2204.637
1.1000       323.747342     0.000016327   -801155.6279     -1350.075
1.2000       215.707778     0.000013606   -801263.6675      -851.916
1.3000       146.447611     0.000024490   -801332.9276      -555.760
1.4000       100.599856     0.000016327   -801378.7753      -373.073
1.5000        69.438255     0.000019048   -801409.9369      -255.897
1.6000        47.871458     0.000008163   -801431.5036      -178.181
1.7000        32.897813     0.000021769   -801446.4775      -125.236
1.8000        22.372832     0.000013606   -801457.0023       -88.485
1.9000        14.936194     0.000021769   -801464.4389       -62.698
2.0000         9.680813     0.000021769   -801469.6942       -44.489
2.1000         5.976401     0.000019048   -801473.3988       -31.538
2.2000         3.452933     0.000016327   -801475.9221       -22.507
2.3000         1.710087     0.000016327   -801477.6650       -16.171
2.4000         0.492953     0.000013606   -801478.8822       -11.565
2.5000        -0.352970     0.000010885   -801479.7282        -8.276
2.6000        -0.935182     0.000019048   -801480.3105        -5.808
2.7000        -1.328264     0.000024490   -801480.7034        -4.056
2.8000        -1.584362     0.000010885   -801480.9595        -2.691
2.9000        -1.740580     0.000010885   -801481.1157        -1.723
3.0000        -1.823716     0.000010885   -801481.1989        -0.970
3.1000        -1.854454     0.000010885   -801481.2297        -0.416
3.2000        -1.846269     0.000013606   -801481.2215        -0.038
3.3000        -1.810622     0.000013606   -801481.1859         0.270
3.4000        -1.755530     0.000013606   -801481.1306         0.485
3.5000        -1.686908     0.000013606   -801481.0621         0.609
3.6000        -1.608866     0.000019048   -801480.9840         0.716
3.7000        -1.525087     0.000019048   -801480.9002         0.781
3.8000        -1.417374     0.000013606   -801480.7927         0.810
3.9000        -1.273782     0.000010885   -801480.6490         0.762
4.0000        -1.140675     0.000024490   -801480.5159         0.731
5.0000        -0.281578     0.000016327   -801479.6569         0.352
6.0000         0.120957     0.000010885   -801479.2541         0.111
7.0000         0.234339     0.000016327   -801479.1409         0.031
8.0000         0.263521     0.000024490   -801479.1116         0.007
9.0000         0.270683     0.000027211   -801479.1045         0.002
10.0000         0.272432     0.000010885   -801479.1029        -0.000
100.0000         0.272819     0.000013606   -801479.1023
1000.0000         0.272792     0.000010885   -801479.1023
