0.0020  20726410.321289     0.000008163  20169772.8478
0.0040  10088957.588714     0.000010885   9532320.1145
0.0060   6555950.106692     0.000019048   5999312.6342
0.0080   4795253.935459     0.000010885   4238616.4618
0.0100   3742994.365179     0.000013606   3186356.8915
0.0120   3045033.294856     0.000016327   2488395.8214
0.0140   2549304.235821     0.000027211   1992666.7621
0.0160   2179908.289811     0.000010885   1623270.8162
0.0180   1894531.014545     0.000019048   1337893.5410
0.0200   1667879.214829     0.000016327   1111241.7411
0.0400    684043.371970     0.000024490    127405.8983
0.0600    381542.121027     0.000013606   -175095.3526
0.0800    243173.958586     0.000024490   -313463.5149
0.1000    167541.612201     0.000019048   -389095.8613
0.1200    121419.422789     0.000019048   -435218.0507
0.1400     90772.090056     0.000016327   -465865.3834
0.1600     69326.788746     0.000010885   -487310.6849
0.1800     54063.657024     0.000010885   -502573.8165
0.2000     43046.788436     0.000024490   -513590.6852
0.2400     28874.506558     0.000016327   -527762.9672
0.2800     19759.536843     0.000016327   -536877.9369
0.3200     14013.970071     0.000019048   -542623.5034
0.3600     10176.369982     0.000010885   -546461.1038
0.4000      7560.517842     0.000021769   -549076.9557
0.4500      5305.513105     0.000008163   -551331.9605    -37731.737
0.5000      3742.391684     0.000024490   -552895.0819    -25377.202
0.5500      2701.169796     0.000002721   -553936.3039    -16882.004
0.6000      2002.356705     0.000016327   -554635.1170    -11476.322
0.6500      1520.089561     0.000010885   -555117.3841     -8066.370
0.7000      1174.911534     0.000019048   -555462.5620     -5890.491
0.7500       918.353537     0.000008163   -555719.1200     -4451.894
0.8000       722.277779     0.000019048   -555915.1958     -3430.179
0.8500       570.627059     0.000013606   -556066.8465     -2659.866
0.9000       452.895555     0.000016327   -556184.5780     -2068.733
0.9500       361.149193     0.000027211   -556276.3245     -1616.803
1.0000       289.225435     0.000010885   -556348.2483     -1272.491
1.1000       187.206331     0.000021769   -556450.2674      -807.431
1.2000       121.601051     0.000021769   -556515.8727      -526.669
1.3000        78.398067     0.000010885   -556559.0757      -348.801
1.4000        49.636087     0.000027211   -556587.8376      -231.585
1.5000        30.587585     0.000013606   -556606.8861      -152.796
1.6000        18.123285     0.000021769   -556619.3503       -99.842
1.7000         9.992468     0.000008163   -556627.4810       -64.678
1.8000         4.723150     0.000016327   -556632.7505       -41.655
1.9000         1.327843     0.000016327   -556636.1457       -26.682
2.0000        -0.842228     0.000013606   -556638.3158       -16.962
2.1000        -2.207511     0.000013606   -556639.6810       -10.634
2.2000        -3.040288     0.000027211   -556640.5139        -6.560
2.3000        -3.518360     0.000027211   -556640.9920        -3.726
2.4000        -3.760411     0.000027211   -556641.2339        -2.007
2.5000        -3.846004     0.000021769   -556641.3197        -0.723
2.6000        -3.829639     0.000013606   -556641.3033         0.049
2.7000        -3.747864     0.000008163   -556641.2214         0.628
2.8000        -3.626335     0.000010885   -556641.1001         0.922
2.9000        -3.481546     0.000021769   -556640.9550         1.174
3.0000        -3.279191     0.000016327   -556640.7528         1.273
3.1000        -3.083816     0.000019048   -556640.5575         1.236
3.2000        -2.898446     0.000010885   -556640.3722         1.282
3.3000        -2.724625     0.000024490   -556640.1983         1.271
3.4000        -2.562465     0.000024490   -556640.0361         1.194
3.5000        -2.411210     0.000021769   -556639.8848         1.122
3.6000        -2.258647     0.000013606   -556639.7322         1.056
3.7000        -2.120562     0.000027211   -556639.5942         1.011
3.8000        -1.996318     0.000008163   -556639.4698         0.933
3.9000        -1.884591     0.000010885   -556639.3583         0.854
4.0000        -1.783968     0.000024490   -556639.2576         0.789
5.0000        -1.183704     0.000016327   -556638.6573         0.301
6.0000        -0.976103     0.000008163   -556638.4497         0.080
7.0000        -0.927397     0.000008163   -556638.4010         0.033
8.0000        -0.917802     0.000008163   -556638.3914         0.016
9.0000        -0.915878     0.000019048   -556638.3895         0.009
10.0000        -0.915342     0.000024490   -556638.3890         0.007
100.0000        -0.916907     0.000008163   -556638.3906         0.000
1000.0000        -0.917174     0.000010885   -556638.3909
