0.0020  25506382.799640     0.000010885  24986557.5413
0.0040  12423133.859875     0.000019048  11903308.6028
0.0060   8074838.722387     0.000024490   7555013.4665
0.0080   5908027.570818     0.000016327   5388202.3138
0.0100   4612788.196348     0.000024490   4092962.9395
0.0120   3751393.629535     0.000013606   3231568.3729
0.0140   3139828.961644     0.000024490   2620003.7046
0.0160   2684189.462260     0.000024490   2164364.2052
0.0180   2331608.853968     0.000027211   1811783.5969
0.0200   2051671.371602     0.000027211   1531846.1146
0.0400    835796.055194     0.000005442    315970.7982
0.0600    465194.505506     0.000016327    -54630.7515
0.0800    295711.818527     0.000027211   -224113.4385
0.1000    203159.069261     0.000021769   -316666.1876
0.1200    146895.348160     0.000013606   -372929.9089
0.1400    109751.388003     0.000024490   -410073.8691
0.1600     84344.524088     0.000021769   -435480.7330
0.1800     66404.721836     0.000024490   -453420.5350
0.2000     53389.960044     0.000016327   -466435.2970
0.2400     35196.337458     0.000021769   -484628.9197
0.2800     24003.567448     0.000013606   -495821.6896
0.3200     16885.061421     0.000008163   -502940.1957
0.3600     12284.218453     0.000021769   -507541.0386
0.4000      9119.045261     0.000013606   -510706.2116
0.4500      6304.155593     0.000005442   -513521.1013    -44837.121
0.5000      4482.443857     0.000008163   -515342.8131    -29399.985
0.5500      3264.199242     0.000013606   -516561.0577    -20042.057
0.6000      2417.701274     0.000021769   -517407.5558    -14206.939
0.6500      1807.402822     0.000019048   -518017.8541    -10398.401
0.7000      1357.962271     0.000027211   -518467.2947     -7684.738
0.7500      1027.476315     0.000013606   -518797.7806     -5640.434
0.8000       785.388498     0.000019048   -519039.8684     -4124.599
0.8500       608.003106     0.000010885   -519217.2538     -3028.360
0.9000       477.054486     0.000024490   -519348.2024     -2246.816
0.9500       379.236410     0.000021769   -519446.0206     -1691.079
1.0000       305.138456     0.000005442   -519520.1186     -1294.904
1.1000       202.596871     0.000013606   -519622.6601      -816.793
1.2000       136.462479     0.000008163   -519688.7944      -533.203
1.3000        93.477842     0.000024490   -519731.7791      -343.432
1.4000        65.602757     0.000024490   -519759.6542      -224.304
1.5000        47.180305     0.000008163   -519778.0766      -151.820
1.6000        34.816652     0.000005442   -519790.4404      -107.358
1.7000        26.119775     0.000013606   -519799.1371       -77.497
1.8000        19.889169     0.000019048   -519805.3677       -56.590
1.9000        15.337385     0.000013606   -519809.9197       -41.385
2.0000        12.023766     0.000013606   -519813.2332       -30.077
2.1000         9.634957     0.000016327   -519815.6221       -21.621
2.2000         7.935744     0.000024490   -519817.3212       -15.377
2.3000         6.942675     0.000013606   -519818.3144       -11.058
2.4000         6.435177     0.000021769   -519818.8219        -8.137
2.5000         6.081899     0.000019048   -519819.1751        -6.017
2.6000         5.814629     0.000008163   -519819.4423        -4.479
2.7000         5.596832     0.000021769   -519819.6602        -3.454
2.8000         5.404836     0.000019048   -519819.8521        -2.738
2.9000         5.240090     0.000005442   -519820.0170        -2.286
3.0000         5.080392     0.000021769   -519820.1767        -1.998
3.1000         4.914332     0.000008163   -519820.3427        -1.726
3.2000         4.749082     0.000008163   -519820.5079        -1.555
3.3000         4.591945     0.000016327   -519820.6652        -1.361
3.4000         4.448089     0.000005442   -519820.8088        -1.170
3.5000         4.321564     0.000024490   -519820.9354        -1.001
3.6000         4.215249     0.000005442   -519821.0418        -0.837
3.7000         4.129490     0.000010885   -519821.1275        -0.686
3.8000         4.062757     0.000024490   -519821.1942        -0.539
3.9000         4.014108     0.000021769   -519821.2429        -0.429
4.0000         3.982810     0.000016327   -519821.2742        -0.324
5.0000         4.133991     0.000010885   -519821.1231         0.099
6.0000         4.388825     0.000010885   -519820.8682         0.084
7.0000         4.506028     0.000021769   -519820.7509         0.037
8.0000         4.546505     0.000013606   -519820.7106         0.013
9.0000         4.558981     0.000008163   -519820.6981         0.003
10.0000         4.562706     0.000008163   -519820.6943         0.001
100.0000         4.565476     0.000010885   -519820.6916
1000.0000         4.565585     0.000021769   -519820.6913
