0.0020   2953817.062449     0.000008163   2914482.7320
0.0040   1451803.122603     0.000019048   1412468.7916
0.0060    951027.710292     0.000013606    911693.3795
0.0080    701113.569444     0.000021769    661779.2386
0.0100    551384.426009     0.000008163    512050.0951
0.0120    451710.443452     0.000008163    412376.1127
0.0140    380634.716137     0.000005442    341300.3852
0.0160    327491.127904     0.000005442    288156.7969
0.0180    286357.530922     0.000019048    247023.2000
0.0200    253551.953684     0.000016327    214217.6228
0.0400    108027.747455     0.000021769     68693.4166
0.0600     62016.369332     0.000016327     22682.0384
0.0800     40615.212879     0.000013606      1280.8820
0.1000     28623.653504     0.000021769    -10710.6774
0.1200     21082.171957     0.000024490    -18252.1589
0.1400     16019.333230     0.000027211    -23314.9977
0.1600     12495.593938     0.000008163    -26838.7369
0.1800      9977.791954     0.000016327    -29356.5389
0.2000      8137.896048     0.000019048    -31196.4348
0.2400      5664.326790     0.000016327    -33670.0041    -50177.441
0.2800      4015.435414     0.000005442    -35318.8955    -33386.182
0.3200      2917.324867     0.000016327    -36417.0060    -22337.285
0.3600      2171.042533     0.000019048    -37163.2883    -15536.641
0.4000      1643.055569     0.000019048    -37691.2753    -11093.364
0.4500      1188.326964     0.000019048    -38146.0039     -7367.858
0.5000       885.165446     0.000024490    -38449.1654     -4948.455
0.5500       678.726231     0.000016327    -38655.6047     -3439.475
0.6000       530.889903     0.000016327    -38803.4410     -2569.253
0.6500       416.297743     0.000016327    -38918.0331     -2052.666
0.7000       324.054428     0.000024490    -39010.2765     -1638.332
0.7500       252.005508     0.000013606    -39082.3254     -1290.568
0.8000       195.850088     0.000021769    -39138.4808      -972.142
0.8500       153.783262     0.000013606    -39180.5476      -718.596
0.9000       122.949474     0.000021769    -39211.3814      -528.804
0.9500       100.186273     0.000008163    -39234.1446      -390.427
1.0000        83.530229     0.000019048    -39250.8007      -313.810
1.1000        56.208733     0.000024490    -39278.1222      -222.562
1.2000        37.814303     0.000016327    -39296.5166      -147.538
1.3000        25.558657     0.000013606    -39308.7722      -100.253
1.4000        17.204598     0.000021769    -39317.1263       -68.483
1.5000        11.605054     0.000019048    -39322.7258       -46.464
1.6000         7.955067     0.000016327    -39326.3758       -31.143
1.7000         5.546518     0.000008163    -39328.7844       -20.588
1.8000         3.982883     0.000021769    -39330.3480       -13.484
1.9000         3.004748     0.000013606    -39331.3261        -8.824
2.0000         2.430851     0.000024490    -39331.9000        -5.905
2.1000         2.043984     0.000021769    -39332.2869        -4.096
2.2000         1.760011     0.000008163    -39332.5709        -3.054
2.3000         1.525457     0.000013606    -39332.8054        -2.432
2.4000         1.312621     0.000010885    -39333.0183        -2.067
2.5000         1.112856     0.000013606    -39333.2180        -1.781
2.6000         0.928439     0.000024490    -39333.4025        -1.549
2.7000         0.764259     0.000021769    -39333.5666        -1.322
2.8000         0.625209     0.000021769    -39333.7057        -1.078
2.9000         0.512456     0.000021769    -39333.8184        -0.878
3.0000         0.427116     0.000016327    -39333.9038        -0.681
3.1000         0.366483     0.000016327    -39333.9644        -0.497
3.2000         0.328025     0.000016327    -39334.0029        -0.347
3.3000         0.308523     0.000019048    -39334.0224        -0.222
3.4000         0.304961     0.000021769    -39334.0259        -0.112
3.5000         0.313851     0.000021769    -39334.0170        -0.024
3.6000         0.332112     0.000019048    -39333.9988         0.046
3.7000         0.358194     0.000019048    -39333.9727         0.096
3.8000         0.389885     0.000027211    -39333.9410         0.141
3.9000         0.425148     0.000021769    -39333.9057         0.168
4.0000         0.462733     0.000019048    -39333.8682         0.185
5.0000         0.810380     0.000019048    -39333.5205         0.158
6.0000         0.989249     0.000002721    -39333.3416         0.067
7.0000         1.057168     0.000019048    -39333.2737         0.027
8.0000         1.082570     0.000016327    -39333.2483         0.011
9.0000         1.093572     0.000010885    -39333.2373         0.005
10.0000         1.099591     0.000008163    -39333.2313         0.003
100.0000         1.127180     0.000024490    -39333.2037
1000.0000         1.129170     0.000005442    -39333.2017
