0.0020  26186447.949181     0.000010885  25566327.9827
0.0040  12740471.590341     0.000016327  12120351.6226
0.0060   8270514.566715     0.000027211   7650394.5987
0.0080   6044789.394702     0.000021769   5424669.4267
0.0100   4715187.210159     0.000019048   4095067.2430
0.0120   3833525.448949     0.000024490   3213405.4818
0.0140   3207248.220338     0.000013606   2587128.2533
0.0160   2740562.327789     0.000013606   2120442.3608
0.0180   2380631.194754     0.000027211   1760511.2277
0.0200   2095159.200037     0.000027211   1475039.2331
0.0400    854480.142352     0.000013606    234360.1754
0.0600    475730.760859     0.000016327   -144389.2061
0.0800    302268.253723     0.000005442   -317851.7133
0.1000    207703.088296     0.000021769   -412416.8786
0.1200    150056.067408     0.000013606   -470063.8997
0.1400    111711.084845     0.000021769   -508408.8822
0.1600     85441.528606     0.000016327   -534678.4384
0.1800     67047.370818     0.000019048   -553072.5962
0.2000     53800.208405     0.000008163   -566319.7585
0.2400     35430.070734     0.000005442   -584689.8963
0.2800     23988.574230     0.000016327   -596131.3928
0.3200     16879.741425     0.000016327   -603240.2255
0.3600     12329.007870     0.000024490   -607790.9590
0.4000      9072.229200     0.000024490   -611047.7377
0.4500      6310.006547     0.000008163   -613809.9603    -43449.146
0.5000      4553.758714     0.000019048   -615566.2083    -28155.562
0.5500      3389.474784     0.000024490   -616730.4922    -19198.799
0.6000      2574.940631     0.000010885   -617545.0264    -13805.713
0.6500      1978.280979     0.000024490   -618141.6861    -10280.092
0.7000      1530.240998     0.000013606   -618589.7261     -7767.639
0.7500      1191.053960     0.000021769   -618928.9129     -5909.135
0.8000       932.428604     0.000010885   -619187.5384     -4522.801
0.8500       733.804519     0.000013606   -619386.1626     -3485.078
0.9000       580.177216     0.000021769   -619539.7897     -2704.033
0.9500       460.558880     0.000010885   -619659.4080     -2111.475
1.0000       366.879636     0.000008163   -619753.0873     -1657.418
1.1000       235.018503     0.000013606   -619884.9485     -1032.148
1.2000       152.414237     0.000019048   -619967.5528      -650.104
1.3000        99.365950     0.000016327   -620020.6009      -421.225
1.4000        63.991840     0.000010885   -620055.9752      -282.672
1.5000        40.678438     0.000019048   -620079.2885      -186.816
1.6000        25.148486     0.000021769   -620094.8186      -123.730
1.7000        14.865314     0.000002721   -620105.1015       -81.737
1.8000         8.141884     0.000016327   -620111.8252       -53.614
1.9000         3.812450     0.000024490   -620116.1545       -34.813
2.0000         1.069367     0.000013606   -620118.8977       -22.420
2.1000        -0.635830     0.000013606   -620120.6028       -14.036
2.2000        -1.653852     0.000008163   -620121.6207        -8.525
2.3000        -2.209214     0.000016327   -620122.1761        -4.979
2.4000        -2.488569     0.000010885   -620122.4556        -2.593
2.5000        -2.592615     0.000021769   -620122.5595        -1.111
2.6000        -2.588985     0.000024490   -620122.5560        -0.167
2.7000        -2.521400     0.000019048   -620122.4882         0.400
2.8000        -2.419197     0.000019048   -620122.3862         0.738
2.9000        -2.300879     0.000024490   -620122.2678         0.896
3.0000        -2.178670     0.000019048   -620122.1457         0.969
3.1000        -2.052387     0.000024490   -620122.0194         0.960
3.2000        -1.931166     0.000027211   -620121.8980         0.901
3.3000        -1.821683     0.000016327   -620121.7886         0.847
3.4000        -1.724326     0.000021769   -620121.6912         0.770
3.5000        -1.638891     0.000019048   -620121.6058         0.684
3.6000        -1.564424     0.000019048   -620121.5315         0.609
3.7000        -1.500055     0.000024490   -620121.4670         0.538
3.8000        -1.444822     0.000013606   -620121.4118         0.474
3.9000        -1.397705     0.000021769   -620121.3647         0.410
4.0000        -1.357620     0.000027211   -620121.3247         0.355
5.0000        -1.183992     0.000027211   -620121.1511         0.071
6.0000        -1.151510     0.000027211   -620121.1184         0.010
7.0000        -1.150639     0.000010885   -620121.1176         0.001
8.0000        -1.152544     0.000019048   -620121.1195        -0.000
9.0000        -1.154190     0.000013606   -620121.1211        -0.001
10.0000        -1.155450     0.000019048   -620121.1225        -0.001
100.0000        -1.163761     0.000019048   -620121.1307
1000.0000        -1.164446     0.000005442   -620121.1315
