0.0020   5809637.203697     0.000008163   5717629.1828
0.0040   2847147.559370     0.000010885   2755139.5372
0.0060   1860882.451722     0.000024490   1768874.4307
0.0080   1368717.903503     0.000024490   1276709.8825
0.0100   1074064.968126     0.000010885    982056.9472
0.0120    878070.219015     0.000021769    786062.1980
0.0140    738500.344468     0.000024490    646492.3234
0.0160    634270.033465     0.000005442    542262.0126
0.0180    553405.424999     0.000021769    461397.4039
0.0200    488889.658351     0.000013606    396881.6374
0.0400    204923.553198     0.000024490    112915.5322
0.0600    116967.474520     0.000005442     24959.4535
0.0800     75938.496732     0.000010885    -16069.5243
0.1000     52949.570052     0.000024490    -39058.4509
0.1200     38811.877616     0.000008163    -53196.1434
0.1400     29482.081277     0.000005442    -62525.9397
0.1600     22921.023109     0.000027211    -69086.9979
0.1800     18105.375882     0.000024490    -73902.6451
0.2000     14498.226937     0.000010885    -77509.7940
0.2400      9662.183133     0.000019048    -82345.8378
0.2800      6743.490785     0.000024490    -85264.5302
0.3200      4907.892387     0.000016327    -87100.1286    -36593.597
0.3600      3668.810717     0.000019048    -88339.2103    -27983.294
0.4000      2692.724358     0.000021769    -89315.2966    -20452.311
0.4500      1868.381705     0.000016327    -90139.6393    -13088.811
0.5000      1336.808515     0.000024490    -90671.2125     -8529.578
0.5500       985.689897     0.000021769    -91022.3311     -5723.779
0.6000       746.018008     0.000013606    -91262.0030     -3985.728
0.6500       576.465255     0.000010885    -91431.5557     -2911.535
0.7000       450.071769     0.000019048    -91557.9492     -2216.976
0.7500       352.406751     0.000010885    -91655.6142     -1721.020
0.8000       276.081714     0.000016327    -91731.9393     -1348.407
0.8500       216.229946     0.000024490    -91791.7910     -1056.517
0.9000       169.433099     0.000021769    -91838.5879      -824.219
0.9500       132.949349     0.000010885    -91875.0716      -641.600
1.0000       104.449286     0.000016327    -91903.5717      -499.410
1.1000        65.623479     0.000008163    -91942.3975      -307.988
1.2000        41.322361     0.000016327    -91966.6986      -191.851
1.3000        25.648414     0.000024490    -91982.3726      -123.541
1.4000        15.449822     0.000021769    -91992.5711       -80.505
1.5000         8.958887     0.000010885    -91999.0621       -52.029
1.6000         4.839283     0.000019048    -92003.1817       -33.065
1.7000         2.297072     0.000013606    -92005.7239       -20.315
1.8000         0.810793     0.000027211    -92007.2102       -11.730
1.9000         0.027541     0.000010885    -92007.9934        -5.991
2.0000        -0.291856     0.000027211    -92008.3128        -2.172
2.1000        -0.145053     0.000005442    -92008.1660         0.023
2.2000         0.313288     0.000024490    -92007.7077         1.135
2.3000         0.768180     0.000027211    -92007.2528         1.779
2.4000         1.201451     0.000019048    -92006.8195         2.167
2.5000         1.605761     0.000010885    -92006.4152         2.333
2.6000         2.026520     0.000024490    -92005.9945         2.375
2.7000         2.434794     0.000021769    -92005.5862         2.301
2.8000         2.830663     0.000010885    -92005.1903         2.184
2.9000         3.225682     0.000010885    -92004.7953         2.018
3.0000         3.580620     0.000013606    -92004.4404         1.826
3.1000         3.898677     0.000010885    -92004.1223         1.651
3.2000         4.181377     0.000005442    -92003.8396         1.471
3.3000         4.431452     0.000021769    -92003.5895         1.297
3.4000         4.651845     0.000002721    -92003.3691         1.138
3.5000         4.844616     0.000005442    -92003.1764         0.993
3.6000         5.011983     0.000010885    -92003.0090         0.861
3.7000         5.156614     0.000013606    -92002.8644         0.742
3.8000         5.281174     0.000010885    -92002.7398         0.636
3.9000         5.387862     0.000016327    -92002.6331         0.546
4.0000         5.478680     0.000010885    -92002.5423         0.465
5.0000         5.878366     0.000024490    -92002.1426         0.092
6.0000         5.946653     0.000024490    -92002.0743         0.017
7.0000         5.960232     0.000016327    -92002.0607         0.006
8.0000         5.964504     0.000008163    -92002.0565         0.003
9.0000         5.966716     0.000019048    -92002.0543         0.002
10.0000         5.968205     0.000005442    -92002.0528         0.001
100.0000         5.977293     0.000005442    -92002.0437
1000.0000         5.978014     0.000002721    -92002.0430
