0.0020         0.000000     0.000021769  28504029.8560
0.0040  14181683.636688     0.000013606  13555454.0213
0.0060   9212766.513023     0.000010885   8586536.8972
0.0080   6737152.031646     0.000013606   6110922.4172
0.0100   5257446.086765     0.000013606   4631216.4723
0.0120   4274295.078122     0.000021769   3648065.4640
0.0140   3575983.490919     0.000021769   2949753.8768
0.0160   3055878.288213     0.000013606   2429648.6738
0.0180   2654132.048426     0.000019048   2027902.4339
0.0200   2335340.268297     0.000016327   1709110.6539
0.0400    950270.372588     0.000024490    324040.7581
0.0600    528351.493936     0.000021769    -97878.1205
0.0800    335499.913429     0.000013606   -290729.7010
0.1000    230827.656908     0.000021769   -395401.9576
0.1200    166808.728138     0.000013606   -459420.8862
0.1400    124978.813524     0.000008163   -501250.8009
0.1600     96508.745706     0.000013606   -529720.8687
0.1800     76401.732073     0.000016327   -549827.8824
0.2000     60948.827482     0.000008163   -565280.7869
0.2400     40022.107632     0.000008163   -586207.5069
0.2800     27349.433077     0.000021769   -598880.1813
0.3200     19473.900779     0.000016327   -606755.7136
0.3600     14110.646547     0.000013606   -612118.9680
0.4000     10352.648976     0.000024490   -615876.9654
0.4500      7302.455520     0.000010885   -618927.1588    -48270.987
0.5000      5316.936187     0.000024490   -620912.6783    -32631.314
0.5500      3935.228020     0.000016327   -622294.3865    -23330.419
0.6000      2935.375465     0.000021769   -623294.2390    -16991.381
0.6500      2207.258158     0.000008163   -624022.3564    -12341.403
0.7000      1678.332022     0.000021769   -624551.2825     -8973.088
0.7500      1292.663209     0.000019048   -624936.9513     -6587.583
0.8000      1007.425829     0.000021769   -625222.1888     -4914.102
0.8500       792.856761     0.000016327   -625436.7577     -3732.056
0.9000       628.632625     0.000005442   -625600.9817     -2882.721
0.9500       501.103193     0.000021769   -625728.5112     -2256.716
1.0000       400.992634     0.000008163   -625828.6219     -1782.685
1.1000       258.581651     0.000016327   -625971.0328     -1129.862
1.2000       167.232244     0.000021769   -626062.3822      -728.574
1.3000       107.915090     0.000021769   -626121.6993      -477.302
1.4000        68.947196     0.000016327   -626160.6674      -317.818
1.5000        42.868411     0.000016327   -626186.7459      -212.265
1.6000        25.330256     0.000013606   -626204.2842      -141.906
1.7000        13.553662     0.000021769   -626216.0608       -94.334
1.8000         5.852785     0.000013606   -626223.7616       -61.915
1.9000         0.986073     0.000008163   -626228.6284       -39.785
2.0000        -1.936537     0.000013606   -626231.5509       -24.782
2.1000        -3.626003     0.000008163   -626233.2404       -14.673
2.2000        -4.500327     0.000016327   -626234.1147        -8.029
2.3000        -4.863150     0.000024490   -626234.4777        -3.798
2.4000        -4.857814     0.000024490   -626234.4723        -1.246
2.5000        -4.651366     0.000024490   -626234.2657         0.192
2.6000        -4.381459     0.000005442   -626233.9958         1.034
2.7000        -3.939364     0.000016327   -626233.5539         1.332
2.8000        -3.506382     0.000021769   -626233.1210         1.483
2.9000        -3.128081     0.000016327   -626232.7425         1.551
3.0000        -2.791756     0.000021769   -626232.4061         1.594
3.1000        -2.487005     0.000013606   -626232.1014         1.641
3.2000        -2.145929     0.000013606   -626231.7604         1.580
3.3000        -1.779160     0.000013606   -626231.3936         1.499
3.4000        -1.454550     0.000010885   -626231.0690         1.417
3.5000        -1.147271     0.000019048   -626230.7617         1.314
3.6000        -0.862767     0.000016327   -626230.4771         1.215
3.7000        -0.609369     0.000010885   -626230.2238         1.137
3.8000        -0.383343     0.000008163   -626229.9979         1.058
3.9000        -0.180667     0.000008163   -626229.7952         0.966
4.0000         0.002767     0.000024490   -626229.6118         0.886
5.0000         1.073544     0.000013606   -626228.5410         0.321
6.0000         1.407972     0.000021769   -626228.2066         0.091
7.0000         1.499065     0.000013606   -626228.1154         0.026
8.0000         1.525025     0.000008163   -626228.0893         0.008
9.0000         1.534200     0.000005442   -626228.0803         0.003
10.0000         1.538742     0.000010885   -626228.0757         0.002
100.0000         1.559662     0.000024490   -626228.0547
1000.0000         1.561227     0.000013606   -626228.0531
