0.0020  10094404.109093     0.000019048   9813511.1077
0.0040   4922256.821185     0.000019048   4641363.8196
0.0060   3205938.258831     0.000008163   2925045.2571
0.0080   2351054.888647     0.000019048   2070161.8872
0.0100   1840400.578927     0.000013606   1559507.5773
0.0120   1501525.867449     0.000024490   1220632.8660
0.0140   1260203.534073     0.000019048    979310.5325
0.0160   1079892.391091     0.000010885    798999.3896
0.0180    940375.461028     0.000016327    659482.4596
0.0200    829374.366735     0.000010885    548481.3651
0.0400    344390.193123     0.000019048     63497.1916
0.0600    194068.112355     0.000021769    -86824.8891
0.0800    124597.297080     0.000016327   -156295.7044
0.1000     86338.992237     0.000019048   -194554.0093
0.1200     62625.591543     0.000016327   -218267.4100
0.1400     47002.743640     0.000008163   -233890.2579
0.1600     36334.214671     0.000013606   -244558.7868
0.1800     28807.799736     0.000013606   -252085.2018
0.2000     23258.314912     0.000008163   -257634.6866
0.2400     15430.824257     0.000021769   -265462.1772
0.2800     10594.114547     0.000021769   -270298.8870
0.3200      7508.219025     0.000024490   -273384.7825
0.3600      5482.071959     0.000010885   -275410.9295    -40957.421
0.4000      4115.573035     0.000016327   -276777.4284    -28643.906
0.4500      2908.938962     0.000008163   -277984.0625    -20146.826
0.5000      2071.818137     0.000013606   -278821.1833    -13714.768
0.5500      1504.796316     0.000021769   -279388.2051     -9281.509
0.6000      1117.177273     0.000016327   -279775.8243     -6420.588
0.6500       844.332276     0.000021769   -280048.6692     -4604.706
0.7000       645.340246     0.000024490   -280247.6612     -3450.269
0.7500       493.664733     0.000027211   -280399.3367     -2660.315
0.8000       376.303470     0.000013606   -280516.6981     -2057.227
0.8500       285.980172     0.000024490   -280607.0215     -1572.066
0.9000       217.393113     0.000013606   -280675.6083     -1185.016
0.9500       165.883299     0.000016327   -280727.1181      -886.747
1.0000       127.300388     0.000027211   -280765.7012      -664.576
1.1000        76.175000     0.000027211   -280816.8265      -382.565
1.2000        46.323717     0.000021769   -280846.6777      -227.274
1.3000        28.451125     0.000024490   -280864.5504      -138.103
1.4000        17.684939     0.000013606   -280875.3166       -83.946
1.5000        11.453296     0.000013606   -280881.5483       -51.110
1.6000         7.954882     0.000019048   -280885.0466       -31.180
1.7000         5.971965     0.000008163   -280887.0294       -18.551
1.8000         5.183401     0.000013606   -280887.8180       -11.026
1.9000         4.839862     0.000013606   -280888.1617        -6.158
2.0000         5.182122     0.000021769   -280887.8194        -3.823
2.1000         5.575615     0.000010885   -280887.4259        -2.623
2.2000         6.065088     0.000013606   -280886.9364        -2.321
2.3000         6.404667     0.000024490   -280886.5968        -2.269
2.4000         6.571626     0.000013606   -280886.4300        -2.242
2.5000         6.617074     0.000019048   -280886.3845        -2.156
2.6000         6.586845     0.000021769   -280886.4147        -1.938
2.7000         6.520014     0.000024490   -280886.4814        -1.720
2.8000         6.444513     0.000010885   -280886.5571        -1.411
2.9000         6.376999     0.000013606   -280886.6245        -1.105
3.0000         6.327425     0.000002721   -280886.6741        -0.834
3.1000         6.298758     0.000008163   -280886.7026        -0.560
3.2000         6.290154     0.000016327   -280886.7113        -0.335
3.3000         6.299903     0.000008163   -280886.7015        -0.163
3.4000         6.325662     0.000024490   -280886.6760        -0.012
3.5000         6.363238     0.000024490   -280886.6381         0.114
3.6000         6.409568     0.000016327   -280886.5919         0.198
3.7000         6.462418     0.000005442   -280886.5391         0.256
3.8000         6.519725     0.000021769   -280886.4817         0.296
3.9000         6.579008     0.000013606   -280886.4226         0.322
4.0000         6.638582     0.000021769   -280886.3630         0.338
5.0000         7.098689     0.000021769   -280885.9029         0.191
6.0000         7.284910     0.000016327   -280885.7165         0.085
7.0000         7.347194     0.000005442   -280885.6542         0.030
8.0000         7.370220     0.000013606   -280885.6313         0.014
9.0000         7.380743     0.000005442   -280885.6207         0.009
10.0000         7.386857     0.000024490   -280885.6147         0.005
100.0000         7.417290     0.000024490   -280885.5842         0.000
1000.0000         7.419476     0.000021769   -280885.5821
