0.0020  18077613.420424     0.000016327  17728886.3296
0.0040   8821875.131043     0.000021769   8473148.0387
0.0060   5742845.665260     0.000019048   5394118.5720
0.0080   4207382.360761     0.000019048   3858655.2686
0.0100   3289213.096197     0.000016327   2940486.0046
0.0120   2678645.987919     0.000013606   2329918.8957
0.0140   2243758.240419     0.000021769   1895031.1483
0.0160   1919383.327973     0.000027211   1570656.2359
0.0180   1668699.602034     0.000024490   1319972.5099
0.0200   1469082.579492     0.000008163   1120355.4874
0.0400    601043.428198     0.000016327    252316.3360
0.0600    335457.115857     0.000008163    -13269.9763
0.0800    214069.170174     0.000027211   -134657.9220
0.1000    147118.670835     0.000021769   -201608.4213
0.1200    106645.337576     0.000010885   -242081.7546
0.1400     80382.681617     0.000021769   -268344.4105
0.1600     61989.428012     0.000021769   -286737.6641
0.1800     48650.025906     0.000016327   -300077.0662
0.2000     38798.817463     0.000013606   -309928.2748
0.2400     25769.550117     0.000016327   -322957.5421
0.2800     18066.606073     0.000008163   -330660.4861
0.3200     12768.745635     0.000010885   -335958.3466
0.3600      9312.389421     0.000024490   -339414.7027
0.4000      7018.429361     0.000008163   -341708.6629    -47188.419
0.4500      5100.308514     0.000013606   -343626.7835    -31061.804
0.5000      3806.577574     0.000019048   -344920.5145    -21567.141
0.5500      2875.923536     0.000024490   -345851.1685    -16192.838
0.6000      2167.737497     0.000024490   -346559.3546    -12109.956
0.6500      1652.161653     0.000024490   -347074.9306     -8730.192
0.7000      1278.117578     0.000016327   -347448.9746     -6379.222
0.7500      1001.224662     0.000008163   -347725.8674     -4780.186
0.8000       790.102834     0.000024490   -347936.9892     -3707.879
0.8500       624.219617     0.000016327   -348102.8726     -2958.040
0.9000       491.473576     0.000019048   -348235.6185     -2354.884
0.9500       385.968063     0.000021769   -348341.1242     -1860.136
1.0000       303.020517     0.000016327   -348424.0716     -1458.416
1.1000       187.949398     0.000016327   -348539.1428      -889.836
1.2000       117.699982     0.000024490   -348609.3921      -547.924
1.3000        74.147381     0.000010885   -348652.9447      -343.389
1.4000        46.620003     0.000021769   -348680.4720      -219.170
1.5000        28.921442     0.000016327   -348698.1706      -141.715
1.6000        17.418559     0.000013606   -348709.6737       -92.185
1.7000         9.914167     0.000021769   -348717.1780       -59.824
1.8000         5.026086     0.000024490   -348722.0660       -38.548
1.9000         1.857042     0.000024490   -348725.2351       -24.547
2.0000        -0.179269     0.000021769   -348727.2716       -15.388
2.1000        -1.465478     0.000024490   -348728.5576        -9.373
2.2000        -2.199821     0.000008163   -348729.2920        -5.393
2.3000        -2.588841     0.000008163   -348729.6811        -2.796
2.4000        -2.759015     0.000008163   -348729.8512        -1.083
2.5000        -2.785794     0.000005442   -348729.8779         0.014
2.6000        -2.719651     0.000021769   -348729.8117         0.725
2.7000        -2.595502     0.000008163   -348729.6877         1.162
2.8000        -2.415602     0.000027211   -348729.5078         1.419
2.9000        -2.207051     0.000024490   -348729.2993         1.545
3.0000        -1.992315     0.000010885   -348729.0844         1.591
3.1000        -1.723643     0.000005442   -348728.8158         1.540
3.2000        -1.456370     0.000005442   -348728.5486         1.439
3.3000        -1.201321     0.000013606   -348728.2936         1.351
3.4000        -0.971294     0.000021769   -348728.0634         1.261
3.5000        -0.745505     0.000013606   -348727.8376         1.152
3.6000        -0.533376     0.000021769   -348727.6256         1.057
3.7000        -0.346355     0.000013606   -348727.4386         0.971
3.8000        -0.179780     0.000010885   -348727.2718         0.908
3.9000        -0.027024     0.000008163   -348727.1192         0.823
4.0000         0.110337     0.000010885   -348726.9818         0.762
5.0000         0.966973     0.000013606   -348726.1251         0.318
6.0000         1.270952     0.000010885   -348725.8212         0.119
7.0000         1.364875     0.000021769   -348725.7273         0.039
8.0000         1.395403     0.000016327   -348725.6968         0.019
9.0000         1.408190     0.000010885   -348725.6840         0.009
10.0000         1.415229     0.000005442   -348725.6770         0.009
100.0000         1.449105     0.000002721   -348725.6430         0.000
1000.0000         1.451450     0.000019048   -348725.6408
