0.0020  13455956.368744     0.000013606  13146991.7778
0.0040   6559639.622860     0.000010885   6250675.0313
0.0060   4272375.595941     0.000024490   3963411.0042
0.0080   3131937.458677     0.000016327   2822972.8671
0.0100   2449888.781165     0.000024490   2140924.1908
0.0120   1996579.080111     0.000016327   1687614.4897
0.0140   1674280.625878     0.000016327   1365316.0354
0.0160   1433628.318178     0.000027211   1124663.7279
0.0180   1247330.920080     0.000021769    938366.3298
0.0200   1099096.147979     0.000019048    790131.5575
0.0400    453549.105483     0.000010885    144584.5151
0.0600    254526.136394     0.000027211    -54438.4540
0.0800    163030.197130     0.000027211   -145934.3933
0.1000    112429.284515     0.000005442   -196535.3059
0.1200     81390.718263     0.000013606   -227573.8721
0.1400     61205.901189     0.000019048   -247758.6892
0.1600     47445.773676     0.000021769   -261518.8167
0.1800     37478.574147     0.000019048   -271486.0162
0.2000     29908.053997     0.000013606   -279056.5363
0.2400     19635.154140     0.000021769   -289329.4363
0.2800     13519.743108     0.000016327   -295444.8474
0.3200      9721.117640     0.000008163   -299243.4728
0.3600      7137.113154     0.000019048   -301827.4773
0.4000      5257.799424     0.000016327   -303706.7910    -39129.174
0.4500      3682.580777     0.000010885   -305282.0095    -25022.386
0.5000      2659.059200     0.000016327   -306305.5311    -16586.897
0.5500      1968.072654     0.000024490   -306996.5177    -11427.419
0.6000      1484.632574     0.000013606   -307479.9578     -8189.002
0.6500      1131.209368     0.000013606   -307833.3810     -6139.816
0.7000       862.668626     0.000024490   -308101.9218     -4691.423
0.7500       658.275809     0.000013606   -308306.3145     -3521.462
0.8000       505.734712     0.000021769   -308458.8556     -2599.583
0.8500       393.341965     0.000008163   -308571.2485     -1912.770
0.9000       310.386217     0.000019048   -308654.2041     -1418.227
0.9500       248.856078     0.000019048   -308715.7342     -1070.087
1.0000       202.312612     0.000024490   -308762.2777      -828.153
1.1000       136.654561     0.000008163   -308827.9358      -526.589
1.2000        93.553362     0.000021769   -308871.0370      -349.524
1.3000        64.835801     0.000021769   -308899.7545      -236.557
1.4000        45.379770     0.000008163   -308919.2107      -161.144
1.5000        32.116544     0.000021769   -308932.4738      -109.913
1.6000        23.073468     0.000024490   -308941.5169       -75.287
1.7000        16.896530     0.000013606   -308947.6939       -52.149
1.8000        12.647283     0.000008163   -308951.9430       -36.718
1.9000         9.689333     0.000013606   -308954.9011       -26.359
2.0000         7.597634     0.000021769   -308956.9929       -19.328
2.1000         6.089883     0.000019048   -308958.5004       -14.443
2.2000         4.978973     0.000027211   -308959.6114       -10.954
2.3000         4.142440     0.000024490   -308960.4479        -8.353
2.4000         3.505135     0.000019048   -308961.0852        -6.352
2.5000         3.120010     0.000019048   -308961.4702        -4.879
2.6000         2.819495     0.000005442   -308961.7709        -3.706
2.7000         2.586819     0.000008163   -308962.0036        -2.720
2.8000         2.413964     0.000013606   -308962.1764        -1.978
2.9000         2.291344     0.000010885   -308962.2991        -1.359
3.0000         2.210129     0.000008163   -308962.3802        -0.878
3.1000         2.163382     0.000008163   -308962.4270        -0.524
3.2000         2.144405     0.000005442   -308962.4460        -0.228
3.3000         2.146753     0.000013606   -308962.4436        -0.011
3.4000         2.166389     0.000016327   -308962.4240         0.135
3.5000         2.199040     0.000010885   -308962.3914         0.250
3.6000         2.240728     0.000010885   -308962.3497         0.333
3.7000         2.288721     0.000005442   -308962.3016         0.385
3.8000         2.340966     0.000016327   -308962.2493         0.407
3.9000         2.395585     0.000010885   -308962.1949         0.420
4.0000         2.450658     0.000013606   -308962.1396         0.420
5.0000         2.871545     0.000008163   -308961.7190         0.208
6.0000         3.034111     0.000024490   -308961.5562         0.091
7.0000         3.084436     0.000013606   -308961.5059         0.035
8.0000         3.101179     0.000013606   -308961.4893         0.018
9.0000         3.108018     0.000013606   -308961.4825         0.012
10.0000         3.111686     0.000027211   -308961.4787         0.008
100.0000         3.128053     0.000019048   -308961.4624         0.000
1000.0000         3.129134     0.000005442   -308961.4613
