0.0020    219113.066978     0.000019048    166803.7688
0.0040    107546.776904     0.000010885     55237.4787
0.0060     70401.754564     0.000019048     18092.4564
0.0080     51857.490280     0.000013606      -451.8079
0.0100     40764.292841     0.000016327    -11545.0054
0.0120     33402.695455     0.000021769    -18906.6027
0.0140     28166.262798     0.000021769    -24143.0354
0.0160     24259.247874     0.000021769    -28050.0503
0.0180     21235.429296     0.000019048    -31073.8689
0.0200     18828.075615     0.000019048    -33481.2226
0.0400      8180.774786     0.000021769    -44128.5234
0.0600      4779.912765     0.000019048    -47529.3854
0.0800      3169.716141     0.000016327    -49139.5820
0.1000      2264.559962     0.000021769    -50044.7383    -35263.681
0.1200      1697.483623     0.000010885    -50611.8146    -23032.678
0.1400      1313.727151     0.000019048    -50995.5710    -16038.761
0.1600      1038.730429     0.000019048    -51270.5678    -11741.121
0.1800       833.624287     0.000008163    -51475.6739     -8895.861
0.2000       676.574275     0.000016327    -51632.7239     -6885.954
0.2400       457.786684     0.000013606    -51851.5115     -4287.042
0.2800       319.414637     0.000019048    -51989.8836     -2762.766
0.3200       229.242101     0.000013606    -52080.0561     -1827.474
0.3600       168.955378     0.000021769    -52140.3428     -1237.771
0.4000       127.633121     0.000008163    -52181.6651      -859.420
0.4500        92.678211     0.000024490    -52216.6200      -565.350
0.5000        69.185668     0.000019048    -52240.1125      -388.241
0.5500        52.692659     0.000016327    -52256.6056      -278.028
0.6000        40.642609     0.000010885    -52268.6556      -206.560
0.6500        31.530043     0.000027211    -52277.7682      -157.958
0.7000        24.473315     0.000010885    -52284.8249      -123.189
0.7500        18.915341     0.000019048    -52290.3829       -97.176
0.8000        14.495040     0.000021769    -52294.8032       -77.266
0.8500        10.961520     0.000024490    -52298.3367       -61.688
0.9000         8.122313     0.000005442    -52301.1759       -49.323
0.9500         5.835141     0.000021769    -52303.4631       -39.540
1.0000         3.992429     0.000013606    -52305.3058       -31.695
1.1000         1.300971     0.000016327    -52307.9972       -20.202
1.2000        -0.443404     0.000008163    -52309.7416       -12.684
1.3000        -1.565964     0.000019048    -52310.8642        -7.700
1.4000        -2.265493     0.000024490    -52311.5637        -4.446
1.5000        -2.679003     0.000010885    -52311.9772        -2.214
1.6000        -2.888321     0.000010885    -52312.1865        -0.829
1.7000        -2.948681     0.000008163    -52312.2469         0.167
1.8000        -2.904188     0.000008163    -52312.2024         0.790
1.9000        -2.781884     0.000024490    -52312.0801         1.162
2.0000        -2.609214     0.000021769    -52311.9074         1.407
2.1000        -2.407678     0.000019048    -52311.7059         1.521
2.2000        -2.189679     0.000019048    -52311.4879         1.536
2.3000        -1.966257     0.000005442    -52311.2645         1.518
2.4000        -1.746729     0.000021769    -52311.0449         1.464
2.5000        -1.535838     0.000013606    -52310.8340         1.385
2.6000        -1.335073     0.000008163    -52310.6333         1.280
2.7000        -1.146383     0.000013606    -52310.4446         1.187
2.8000        -0.971675     0.000010885    -52310.2699         1.090
2.9000        -0.811349     0.000008163    -52310.1096         0.995
3.0000        -0.664815     0.000016327    -52309.9630         0.899
3.1000        -0.530791     0.000016327    -52309.8290         0.805
3.2000        -0.408634     0.000013606    -52309.7068         0.722
3.3000        -0.298142     0.000010885    -52309.5963         0.647
3.4000        -0.198834     0.000010885    -52309.4970         0.585
3.5000        -0.091436     0.000013606    -52309.3897         0.507
3.6000         0.008430     0.000010885    -52309.2898         0.430
3.7000         0.092600     0.000008163    -52309.2056         0.362
3.8000         0.164085     0.000008163    -52309.1341         0.303
3.9000         0.224840     0.000008163    -52309.0734         0.255
4.0000         0.276427     0.000024490    -52309.0218         0.217
5.0000         0.518023     0.000027211    -52308.7802         0.045
6.0000         0.584465     0.000021769    -52308.7137         0.033
7.0000         0.612771     0.000024490    -52308.6854         0.012
8.0000         0.629557     0.000002721    -52308.6687         0.008
9.0000         0.641177     0.000005442    -52308.6570         0.006
10.0000         0.649844     0.000005442    -52308.6484         0.004
100.0000         0.707589     0.000010885    -52308.5906         0.000
1000.0000         0.712427     0.000008163    -52308.5858
