0.0020  15088815.084621     0.000024490  14507806.1620
0.0040   7346329.258255     0.000016327   6765320.3352
0.0060   4775010.255434     0.000010885   4194001.3345
0.0080   3495715.752337     0.000016327   2914706.8314
0.0100   2732586.781730     0.000013606   2151577.8600
0.0120   2226065.845135     0.000013606   1645056.9233
0.0140   1865815.325365     0.000016327   1284806.4035
0.0160   1596953.781352     0.000019048   1015944.8595
0.0180   1388968.972807     0.000013606    807960.0511
0.0200   1223730.596242     0.000013606    642721.6745
0.0400    502593.178645     0.000016327    -78415.7432
0.0600    282071.354880     0.000016327   -298937.5669
0.0800    181153.047066     0.000010885   -399855.8748
0.1000    125317.828290     0.000019048   -455691.0936
0.1200     91029.530951     0.000019048   -489979.3909
0.1400     68285.804460     0.000024490   -512723.1173
0.1600     52329.077683     0.000024490   -528679.8443
0.1800     40811.142685     0.000016327   -540197.7792
0.2000     32369.554301     0.000019048   -548639.3676
0.2400     21335.061814     0.000019048   -559673.8599
0.2800     14817.595941     0.000021769   -566191.3259
0.3200     10475.771990     0.000013606   -570533.1498
0.3600      7563.204861     0.000027211   -573445.7170
0.4000      5616.301286     0.000019048   -575392.6205    -39978.969
0.4500      4004.310630     0.000013606   -577004.6111    -25843.658
0.5000      2929.590404     0.000019048   -578079.3315    -17946.872
0.5500      2159.341088     0.000005442   -578849.5808    -13090.398
0.6000      1602.586400     0.000008163   -579406.3355     -9360.952
0.6500      1206.160573     0.000019048   -579802.7611     -6664.283
0.7000       922.473220     0.000021769   -580086.4487     -4805.188
0.7500       715.970809     0.000010885   -580292.9510     -3533.857
0.8000       562.449403     0.000027211   -580446.4723     -2653.628
0.8500       445.954208     0.000019048   -580562.9675     -2030.856
0.9000       355.946919     0.000016327   -580652.9750     -1579.782
0.9500       285.388683     0.000008163   -580723.5330     -1244.958
1.0000       229.984401     0.000010885   -580778.9373      -998.672
1.1000       148.776321     0.000021769   -580860.1454      -655.742
1.2000        95.677051     0.000005442   -580913.2449      -420.253
1.3000        62.177738     0.000008163   -580946.7440      -268.163
1.4000        40.926584     0.000021769   -580967.9953      -175.700
1.5000        26.687111     0.000021769   -580982.2348      -117.949
1.6000        16.910623     0.000024490   -580992.0113       -79.926
1.7000        10.201765     0.000016327   -580998.7200       -53.951
1.8000         5.681307     0.000013606   -581003.2406       -35.869
1.9000         2.715082     0.000013606   -581006.2066       -23.348
2.0000         0.852364     0.000024490   -581008.0695       -14.695
2.1000        -0.236892     0.000010885   -581009.1588        -8.842
2.2000        -0.777255     0.000013606   -581009.6992        -4.840
2.3000        -0.855124     0.000010885   -581009.7770        -2.458
2.4000        -0.786382     0.000008163   -581009.7082        -0.798
2.5000        -0.631212     0.000010885   -581009.5531         0.202
2.6000        -0.428120     0.000021769   -581009.3498         0.936
2.7000        -0.201786     0.000027211   -581009.1237         1.336
2.8000         0.098034     0.000021769   -581008.8238         1.556
2.9000         0.402650     0.000021769   -581008.5191         1.660
3.0000         0.710775     0.000013606   -581008.2110         1.641
3.1000         1.035244     0.000019048   -581007.8867         1.576
3.2000         1.335168     0.000013606   -581007.5868         1.493
3.3000         1.609715     0.000016327   -581007.3122         1.371
3.4000         1.859504     0.000013606   -581007.0624         1.231
3.5000         2.083699     0.000008163   -581006.8382         1.108
3.6000         2.282859     0.000008163   -581006.6390         0.985
3.7000         2.458737     0.000019048   -581006.4630         0.866
3.8000         2.613268     0.000024490   -581006.3087         0.751
3.9000         2.747858     0.000021769   -581006.1740         0.654
4.0000         2.864171     0.000008163   -581006.0578         0.566
5.0000         3.400328     0.000024490   -581005.5214         0.116
6.0000         3.495198     0.000024490   -581005.4268         0.018
7.0000         3.511331     0.000013606   -581005.4104         0.004
8.0000         3.514510     0.000008163   -581005.4074         0.001
9.0000         3.515410     0.000013606   -581005.4063        -0.000
10.0000         3.515832     0.000027211   -581005.4061        -0.000
100.0000         3.517857     0.000019048   -581005.4039
1000.0000         3.518009     0.000019048   -581005.4039
