0.0020   8814645.279091     0.000013606   8386278.1033
0.0040   4296647.966396     0.000002721   3868280.7911
0.0060   2794873.703762     0.000010885   2366506.5276
0.0080   2047744.626847     0.000008163   1619377.4508
0.0100   1601541.894244     0.000027211   1173174.7181
0.0120   1305724.810674     0.000008163    877357.6346
0.0140   1095494.458247     0.000021769    667127.2823
0.0160    938764.531821     0.000024490    510397.3557
0.0180    817397.349489     0.000027211    389030.1733
0.0200    720801.648418     0.000024490    292434.4724
0.0400    299565.994544     0.000016327   -128801.1816
0.0600    168945.553658     0.000016327   -259421.6225
0.0800    108933.437617     0.000024490   -319433.7384
0.1000     75737.988292     0.000016327   -352629.1879
0.1200     54998.869400     0.000021769   -373368.3068
0.1400     41295.879353     0.000024490   -387071.2967
0.1600     31944.267110     0.000016327   -396422.9090
0.1800     25337.948026     0.000019048   -403029.2281
0.2000     20300.680849     0.000024490   -408066.4953
0.2400     13399.329361     0.000013606   -414967.8468
0.2800      9210.907233     0.000013606   -419156.2690
0.3200      6567.470286     0.000021769   -421799.7059
0.3600      4825.005180     0.000013606   -423542.1711    -35821.776
0.4000      3608.809229     0.000010885   -424758.3670    -25758.385
0.4500      2538.611575     0.000021769   -425828.5645    -17561.066
0.5000      1812.348553     0.000013606   -426554.8274    -11852.656
0.5500      1322.064333     0.000016327   -427045.1118     -8033.389
0.6000       986.873911     0.000013606   -427380.3023     -5553.815
0.6500       752.107671     0.000019048   -427615.0683     -3949.275
0.7000       582.568491     0.000021769   -427784.6076     -2904.598
0.7500       455.916360     0.000019048   -427911.2597     -2209.337
0.8000       358.497546     0.000016327   -428008.6784     -1719.566
0.8500       282.202882     0.000021769   -428084.9732     -1351.784
0.9000       221.974016     0.000021769   -428145.2021     -1062.532
0.9500       174.575274     0.000019048   -428192.6008      -830.028
1.0000       137.558894     0.000021769   -428229.6173      -645.354
1.1000        87.226881     0.000016327   -428279.9491      -400.203
1.2000        55.324779     0.000008163   -428311.8512      -259.478
1.3000        34.257474     0.000016327   -428332.9186      -170.037
1.4000        20.455778     0.000016327   -428346.7204      -112.100
1.5000        11.394848     0.000019048   -428355.7813       -74.244
1.6000         5.446968     0.000024490   -428361.7292       -49.043
1.7000         1.573219     0.000021769   -428365.6030       -31.922
1.8000        -0.902896     0.000019048   -428368.0789       -20.266
1.9000        -2.434761     0.000021769   -428369.6109       -12.315
2.0000        -3.323151     0.000013606   -428370.4994        -6.859
2.1000        -3.778923     0.000016327   -428370.9549        -3.206
2.2000        -3.941429     0.000027211   -428371.1176        -0.728
2.3000        -3.840279     0.000019048   -428371.0164         0.775
2.4000        -3.638749     0.000024490   -428370.8148         1.734
2.5000        -3.379576     0.000019048   -428370.5557         2.306
2.6000        -3.089576     0.000013606   -428370.2657         2.594
2.7000        -2.787848     0.000019048   -428369.9639         2.725
2.8000        -2.487530     0.000021769   -428369.6637         2.736
2.9000        -2.195097     0.000027211   -428369.3712         2.658
3.0000        -1.873230     0.000010885   -428369.0493         2.486
3.1000        -1.492240     0.000005442   -428368.6683         2.178
3.2000        -1.165309     0.000019048   -428368.3415         1.895
3.3000        -0.883336     0.000027211   -428368.0594         1.651
3.4000        -0.640420     0.000019048   -428367.8166         1.443
3.5000        -0.430974     0.000013606   -428367.6071         1.271
3.6000        -0.249882     0.000005442   -428367.4259         1.102
3.7000        -0.089860     0.000008163   -428367.2659         0.945
3.8000         0.068271     0.000016327   -428367.1078         0.797
3.9000         0.201190     0.000024490   -428366.9750         0.679
4.0000         0.312689     0.000010885   -428366.8634         0.575
5.0000         0.811468     0.000016327   -428366.3646         0.119
6.0000         0.938361     0.000016327   -428366.2378         0.066
7.0000         0.994215     0.000021769   -428366.1818         0.025
8.0000         1.028863     0.000013606   -428366.1472         0.017
9.0000         1.053198     0.000024490   -428366.1230         0.012
10.0000         1.071454     0.000021769   -428366.1048         0.010
100.0000         1.191021     0.000016327   -428365.9850         0.000
1000.0000         1.200866     0.000016327   -428365.9752
