0.0020  12020269.803999     0.000021769  11669264.5477
0.0040   5857985.011844     0.000019048   5506979.7553
0.0060   3813338.440778     0.000021769   3462333.1854
0.0080   2795124.954726     0.000024490   2444119.6982
0.0100   2187149.194781     0.000016327   1836143.9382
0.0120   1783216.472310     0.000024490   1432211.2156
0.0140   1495640.208952     0.000019048   1144634.9524
0.0160   1280978.015096     0.000024490    929972.7586
0.0180   1114947.049890     0.000019048    763941.7932
0.0200    982792.953527     0.000013606    631787.6970
0.0400    406855.752495     0.000013606     55850.4959
0.0600    228597.845047     0.000016327   -122407.4115
0.0800    146625.545141     0.000016327   -204379.7114
0.1000    101180.179247     0.000013606   -249825.0773
0.1200     73256.903247     0.000024490   -277748.3533
0.1400     55124.094669     0.000016327   -295881.1620
0.1600     42770.513663     0.000010885   -308234.7428
0.1800     33740.359918     0.000016327   -317264.8966
0.2000     26933.840234     0.000010885   -324071.4164
0.2400     17548.221210     0.000019048   -333457.0353
0.2800     11920.734857     0.000013606   -339084.5218
0.3200      8450.942633     0.000021769   -342554.3139
0.3600      6174.344859     0.000021769   -344830.9118    -47429.521
0.4000      4548.608206     0.000013606   -346456.6485    -34425.999
0.4500      3150.023017     0.000019048   -347855.2337    -22338.847
0.5000      2239.111258     0.000016327   -348766.1452    -14712.689
0.5500      1629.130131     0.000010885   -349376.1265    -10046.488
0.6000      1205.469461     0.000010885   -349799.7872     -7112.372
0.6500       900.383449     0.000024490   -350104.8732     -5215.572
0.7000       673.803246     0.000024490   -350331.4533     -3906.839
0.7500       503.495282     0.000013606   -350501.7612     -2922.993
0.8000       376.511496     0.000013606   -350628.7451     -2164.316
0.8500       283.379184     0.000021769   -350721.8775     -1586.628
0.9000       215.747967     0.000010885   -350789.5087     -1165.739
0.9500       165.825578     0.000019048   -350839.4310      -857.032
1.0000       128.877357     0.000019048   -350876.3792      -636.295
1.1000        80.896019     0.000016327   -350924.3605      -375.506
1.2000        51.786228     0.000005442   -350953.4704      -235.332
1.3000        33.348064     0.000021769   -350971.9086      -149.558
1.4000        21.709954     0.000021769   -350983.5466       -95.160
1.5000        14.385998     0.000013606   -350990.8706       -60.316
1.6000         9.895095     0.000013606   -350995.3615       -37.917
1.7000         7.118969     0.000013606   -350998.1377       -23.489
1.8000         5.436853     0.000016327   -350999.8196       -14.407
1.9000         4.680893     0.000010885   -351000.5758        -9.499
2.0000         4.175605     0.000010885   -351001.0808        -6.382
2.1000         3.818309     0.000021769   -351001.4381        -4.531
2.2000         3.666635     0.000024490   -351001.5900        -3.559
2.3000         3.654134     0.000019048   -351001.6025        -3.237
2.4000         3.570957     0.000013606   -351001.6855        -2.756
2.5000         3.462476     0.000016327   -351001.7940        -2.331
2.6000         3.358768     0.000016327   -351001.8977        -1.820
2.7000         3.293980     0.000013606   -351001.9625        -1.385
2.8000         3.246194     0.000024490   -351002.0104        -0.983
2.9000         3.216001     0.000027211   -351002.0406        -0.632
3.0000         3.204153     0.000019048   -351002.0523        -0.371
3.1000         3.216333     0.000024490   -351002.0403        -0.133
3.2000         3.254399     0.000005442   -351002.0022         0.043
3.3000         3.305374     0.000027211   -351001.9511         0.164
3.4000         3.365884     0.000021769   -351001.8906         0.248
3.5000         3.432037     0.000016327   -351001.8245         0.317
3.6000         3.500809     0.000021769   -351001.7557         0.355
3.7000         3.570424     0.000010885   -351001.6860         0.373
3.8000         3.639701     0.000016327   -351001.6169         0.370
3.9000         3.707055     0.000019048   -351001.5494         0.366
4.0000         3.771304     0.000027211   -351001.4852         0.357
5.0000         4.194688     0.000024490   -351001.0618         0.149
6.0000         4.340286     0.000010885   -351000.9162         0.063
7.0000         4.386393     0.000008163   -351000.8702         0.021
8.0000         4.403966     0.000008163   -351000.8525         0.010
9.0000         4.412755     0.000002721   -351000.8438         0.006
10.0000         4.418361     0.000016327   -351000.8381         0.004
100.0000         4.449398     0.000013606   -351000.8071
1000.0000         4.451711     0.000008163   -351000.8049
