0.0020         0.000000     0.000019048  31583218.6916
0.0040  15703198.403527     0.000019048  15019252.8398
0.0060  10198827.221030     0.000013606   9514881.6587
0.0080   7455169.535505     0.000010885   6771223.9727
0.0100   5814915.984141     0.000005442   5130970.4214
0.0120   4725006.820366     0.000013606   4041061.2561
0.0140   3952634.214634     0.000027211   3268688.6518
0.0160   3376931.032130     0.000016327   2692985.4685
0.0180   2932221.493040     0.000013606   2248275.9296
0.0200   2579611.459283     0.000019048   1895665.8958
0.0400   1048095.052319     0.000019048    364149.4889
0.0600    584429.917455     0.000013606    -99515.6461
0.0800    372813.773815     0.000016327   -311131.7897
0.1000    256953.911661     0.000024490   -426991.6520
0.1200    185046.606740     0.000002721   -498898.9569
0.1400    138152.885199     0.000024490   -545792.6784
0.1600    106418.050168     0.000016327   -577527.5135
0.1800     83406.427413     0.000024490   -600539.1361
0.2000     65972.127574     0.000013606   -617973.4359
0.2400     42753.824876     0.000013606   -641191.7386
0.2800     29043.991119     0.000010885   -654901.5724
0.3200     20399.913638     0.000024490   -663545.6500
0.3600     14392.808291     0.000010885   -669552.7554
0.4000     10391.464503     0.000019048   -673554.0992
0.4500      7148.864717     0.000016327   -676796.6989    -51122.970
0.5000      5062.779713     0.000021769   -678882.7838    -33871.305
0.5500      3644.425145     0.000019048   -680301.1384    -23752.036
0.6000      2638.409870     0.000016327   -681307.1538    -16860.120
0.6500      1927.227366     0.000027211   -682018.3361    -11841.982
0.7000      1428.286121     0.000005442   -682517.2775     -8317.481
0.7500      1075.197427     0.000008163   -682870.3660     -5952.508
0.8000       821.428087     0.000027211   -683124.1354     -4344.270
0.8500       633.504031     0.000005442   -683312.0595     -3268.703
0.9000       489.410250     0.000010885   -683456.1534     -2516.862
0.9500       379.247455     0.000016327   -683566.3160     -1934.504
1.0000       294.411919     0.000021769   -683651.1516     -1489.949
1.1000       177.753878     0.000013606   -683767.8096      -892.861
1.2000       106.795839     0.000013606   -683838.7676      -541.609
1.3000        64.313326     0.000013606   -683881.2503      -328.712
1.4000        38.503301     0.000019048   -683907.0604      -201.850
1.5000        22.623497     0.000005442   -683922.9401      -124.662
1.6000        13.448805     0.000008163   -683932.1147       -78.683
1.7000         7.773847     0.000005442   -683937.7896       -49.443
1.8000         4.289926     0.000016327   -683941.2735       -30.454
1.9000         2.487347     0.000019048   -683943.0763       -18.447
2.0000         1.547324     0.000019048   -683944.0161       -10.687
2.1000         1.285047     0.000016327   -683944.2785        -5.989
2.2000         1.289562     0.000021769   -683944.2741        -3.160
2.3000         1.422209     0.000016327   -683944.1413        -1.480
2.4000         1.600044     0.000002721   -683943.9636        -0.636
2.5000         1.766920     0.000016327   -683943.7966        -0.240
2.6000         1.898504     0.000010885   -683943.6651        -0.125
2.7000         1.988908     0.000016327   -683943.5748        -0.051
2.8000         2.046112     0.000013606   -683943.5174         0.002
2.9000         2.080406     0.000002721   -683943.4831         0.091
3.0000         2.104344     0.000005442   -683943.4591         0.161
3.1000         2.126609     0.000008163   -683943.4368         0.285
3.2000         2.152304     0.000005442   -683943.4112         0.396
3.3000         2.185690     0.000008163   -683943.3778         0.456
3.4000         2.226782     0.000013606   -683943.3367         0.540
3.5000         2.274549     0.000019048   -683943.2891         0.586
3.6000         2.329875     0.000024490   -683943.2335         0.613
3.7000         2.390260     0.000010885   -683943.1734         0.641
3.8000         2.452928     0.000019048   -683943.1106         0.655
3.9000         2.517016     0.000010885   -683943.0466         0.651
4.0000         2.582873     0.000016327   -683942.9808         0.634
5.0000         3.106605     0.000010885   -683942.4569         0.326
6.0000         3.365282     0.000021769   -683942.1982         0.107
7.0000         3.483225     0.000019048   -683942.0803         0.035
8.0000         3.522156     0.000027211   -683942.0414         0.011
9.0000         3.537637     0.000008163   -683942.0259         0.003
10.0000         3.545773     0.000002721   -683942.0177         0.002
100.0000         3.584886     0.000016327   -683941.9786
1000.0000         3.587746     0.000013606   -683941.9758
