0.0020   6196713.261384     0.000013606   6067953.0786
0.0040   3031078.861950     0.000010885   2902318.6801
0.0060   1977352.369370     0.000010885   1848592.1865
0.0080   1452816.730418     0.000019048   1324056.5475
0.0100   1139253.824707     0.000019048   1010493.6419
0.0120    930889.439506     0.000021769    802129.2566
0.0140    782543.742462     0.000019048    653783.5595
0.0160    671622.872064     0.000021769    542862.6892
0.0180    585819.595664     0.000024490    457059.4127
0.0200    517477.167557     0.000021769    388716.9846
0.0400    216993.919143     0.000019048     88233.7362
0.0600    123866.503206     0.000016327     -4893.6797
0.0800     80476.660124     0.000027211    -48283.5228
0.1000     56160.912534     0.000005442    -72599.2704
0.1200     41192.489856     0.000010885    -87567.6931
0.1400     31247.904226     0.000013606    -97512.2787
0.1600     24227.299997     0.000027211   -104532.8829
0.1800     19108.968916     0.000010885   -109651.2140
0.2000     15316.627128     0.000027211   -113443.5558
0.2400     10286.731412     0.000008163   -118473.4515
0.2800      7292.463180     0.000016327   -121467.7198
0.3200      5385.821875     0.000021769   -123374.3611    -40894.949
0.3600      3955.680818     0.000016327   -124804.5021    -29778.954
0.4000      2964.446335     0.000013606   -125795.7366    -20437.771
0.4500      2134.531833     0.000019048   -126625.6511    -13368.065
0.5000      1579.323840     0.000008163   -127180.8591     -9154.659
0.5500      1194.146412     0.000008163   -127566.0365     -6445.769
0.6000       919.666696     0.000024490   -127840.5163     -4670.096
0.6500       716.560241     0.000019048   -128043.6227     -3551.245
0.7000       557.574492     0.000008163   -128202.6085     -2844.521
0.7500       430.498309     0.000027211   -128329.6846     -2241.847
0.8000       331.988604     0.000016327   -128428.1944     -1715.280
0.8500       257.060450     0.000013606   -128503.1225     -1300.420
0.9000       200.245700     0.000013606   -128559.9372      -987.432
0.9500       157.158914     0.000024490   -128603.0240      -762.905
1.0000       123.418778     0.000024490   -128636.7642      -597.561
1.1000        75.793275     0.000024490   -128684.3897      -375.191
1.2000        45.418288     0.000019048   -128714.7647      -242.457
1.3000        25.664586     0.000019048   -128734.5184      -155.533
1.4000        13.431020     0.000021769   -128746.7519       -97.329
1.5000         6.069426     0.000010885   -128754.1135       -59.304
1.6000         1.703763     0.000019048   -128758.4792       -34.328
1.7000        -0.721682     0.000021769   -128760.9046       -18.488
1.8000        -1.943930     0.000010885   -128762.1269        -8.767
1.9000        -2.315494     0.000016327   -128762.4984        -3.380
2.0000        -2.137749     0.000024490   -128762.3207        -0.839
2.1000        -1.821833     0.000019048   -128762.0048         0.522
2.2000        -1.489062     0.000019048   -128761.6720         1.191
2.3000        -1.169124     0.000021769   -128761.3521         1.630
2.4000        -0.770379     0.000010885   -128760.9533         1.806
2.5000        -0.277453     0.000016327   -128760.4604         1.796
2.6000         0.148642     0.000008163   -128760.0343         1.814
2.7000         0.529781     0.000019048   -128759.6532         1.817
2.8000         0.985224     0.000008163   -128759.1977         1.719
2.9000         1.394853     0.000013606   -128758.7881         1.602
3.0000         1.778635     0.000013606   -128758.4043         1.480
3.1000         2.110712     0.000005442   -128758.0722         1.394
3.2000         2.401866     0.000016327   -128757.7811         1.324
3.3000         2.660115     0.000016327   -128757.5228         1.210
3.4000         2.890762     0.000005442   -128757.2922         1.139
3.5000         3.097479     0.000024490   -128757.0855         1.065
3.6000         3.283414     0.000021769   -128756.8995         0.997
3.7000         3.451126     0.000024490   -128756.7318         0.904
3.8000         3.602696     0.000005442   -128756.5803         0.835
3.9000         3.739575     0.000024490   -128756.4434         0.768
4.0000         3.862791     0.000010885   -128756.3201         0.702
5.0000         4.562012     0.000002721   -128755.6209         0.230
6.0000         4.753289     0.000005442   -128755.4297         0.058
7.0000         4.796458     0.000027211   -128755.3865         0.015
8.0000         4.806150     0.000021769   -128755.3768         0.004
9.0000         4.808689     0.000024490   -128755.3742         0.002
10.0000         4.809631     0.000024490   -128755.3733         0.001
100.0000         4.812537     0.000019048   -128755.3704
1000.0000         4.812735     0.000024490   -128755.3702
