0.0020  10135919.793882     0.000019048   9964844.3314
0.0040   4956617.780079     0.000008163   4785542.3183
0.0060   3232682.232187     0.000005442   3061606.7690
0.0080   2372459.448138     0.000024490   2201383.9853
0.0100   1857629.067053     0.000021769   1686553.6042
0.0120   1516197.284290     0.000005442   1345121.8216
0.0140   1273070.075503     0.000013606   1101994.6127
0.0160   1091186.605011     0.000027211    920111.1422
0.0180    950270.290981     0.000021769    779194.8283
0.0200    838372.806588     0.000021769    667297.3440
0.0400    347943.323183     0.000019048    176867.8604
0.0600    196254.831669     0.000008163     25179.3689
0.0800    126110.194716     0.000021769    -44965.2680
0.1000     87579.364555     0.000016327    -83496.0982
0.1200     63744.407042     0.000024490   -107331.0557
0.1400     47818.553921     0.000013606   -123256.9088
0.1600     36830.012496     0.000019048   -134245.4503
0.1800     29085.203516     0.000024490   -141990.2592
0.2000     23509.030957     0.000013606   -147566.4318
0.2400     15967.974798     0.000013606   -155107.4879
0.2800     11178.001550     0.000019048   -159897.4612
0.3200      7985.647817     0.000010885   -163089.8149
0.3600      5838.339295     0.000019048   -165237.1235    -43491.473
0.4000      4398.829488     0.000027211   -166676.6333    -29502.099
0.4500      3211.592610     0.000021769   -167863.8701    -19338.986
0.5000      2323.908860     0.000021769   -168751.5539    -15410.045
0.5500      1683.760903     0.000021769   -169391.7019    -10463.266
0.6000      1249.495325     0.000013606   -169825.9674     -7128.288
0.6500       951.009095     0.000013606   -170124.4536     -4959.600
0.7000       740.629044     0.000016327   -170334.8337     -3553.486
0.7500       587.567826     0.000016327   -170487.8949     -2632.221
0.8000       472.434377     0.000016327   -170603.0284     -2013.059
0.8500       383.221663     0.000021769   -170692.2411     -1579.875
0.9000       312.555763     0.000016327   -170762.9070     -1261.405
0.9500       255.825047     0.000013606   -170819.6377     -1016.106
1.0000       210.003685     0.000005442   -170865.4591      -820.650
1.1000       143.776409     0.000024490   -170931.6863      -544.391
1.2000        99.076219     0.000016327   -170976.3865      -369.665
1.3000        67.657528     0.000016327   -171007.8052      -256.530
1.4000        46.367639     0.000019048   -171029.0951      -175.309
1.5000        31.823094     0.000013606   -171043.6397      -120.307
1.6000        21.851238     0.000016327   -171053.6115       -82.947
1.7000        15.002119     0.000010885   -171060.4606       -57.319
1.8000        10.300681     0.000016327   -171065.1621       -39.561
1.9000         7.080479     0.000013606   -171068.3823       -27.196
2.0000         4.886916     0.000013606   -171070.5758       -18.561
2.1000         3.445765     0.000027211   -171072.0170       -12.543
2.2000         2.503421     0.000016327   -171072.9593        -8.384
2.3000         1.894447     0.000027211   -171073.5683        -5.505
2.4000         1.512159     0.000016327   -171073.9506        -3.558
2.5000         1.280266     0.000021769   -171074.1825        -2.253
2.6000         1.144601     0.000021769   -171074.3181        -1.405
2.7000         1.067743     0.000021769   -171074.3950        -0.863
2.8000         1.024661     0.000019048   -171074.4381        -0.524
2.9000         0.999929     0.000019048   -171074.4628        -0.315
3.0000         0.984481     0.000016327   -171074.4783        -0.189
3.1000         0.973586     0.000013606   -171074.4892        -0.111
3.2000         0.965172     0.000024490   -171074.4976        -0.060
3.3000         0.958407     0.000021769   -171074.5044        -0.027
3.4000         0.953027     0.000019048   -171074.5097        -0.003
3.5000         0.949022     0.000019048   -171074.5137         0.017
3.6000         0.946491     0.000016327   -171074.5163         0.025
3.7000         0.945182     0.000013606   -171074.5176         0.034
3.8000         0.945131     0.000010885   -171074.5176         0.039
3.9000         0.946116     0.000021769   -171074.5166         0.043
4.0000         0.947999     0.000013606   -171074.5147         0.046
5.0000         0.981300     0.000010885   -171074.4814         0.031
6.0000         1.000005     0.000027211   -171074.4627         0.009
7.0000         1.005200     0.000019048   -171074.4576         0.002
8.0000         1.006310     0.000019048   -171074.4564         0.000
9.0000         1.006514     0.000019048   -171074.4562        -0.000
10.0000         1.006555     0.000019048   -171074.4562        -0.000
100.0000         1.006560     0.000019048   -171074.4562
1000.0000         1.006560     0.000019048   -171074.4562
