0.0020  14490282.804086     0.000013606  14089911.5508
0.0040   7059686.215045     0.000024490   6659314.9624
0.0060   4593303.961889     0.000021769   4192932.7103
0.0080   3365167.522806     0.000013606   2964796.2712
0.0100   2631288.759598     0.000016327   2230917.5072
0.0120   2143711.843774     0.000005442   1743340.5914
0.0140   1796954.139414     0.000019048   1396582.8872
0.0160   1538353.027318     0.000021769   1137981.7750
0.0180   1338401.269573     0.000027211    938030.0173
0.0200   1179336.372895     0.000024490    778965.1206
0.0400    487065.871047     0.000010885     86694.6187
0.0600    272756.905975     0.000016327   -127614.3463
0.0800    174421.753022     0.000016327   -225949.4993
0.1000    120095.987287     0.000013606   -280275.2650
0.1200     87156.576630     0.000024490   -313214.6757
0.1400     65764.053689     0.000005442   -334607.1987
0.1600     50825.084481     0.000010885   -349546.1678
0.1800     39787.858893     0.000021769   -360583.3935
0.2000     31522.573423     0.000021769   -368848.6790
0.2400     20602.072350     0.000021769   -379769.1798
0.2800     14172.184020     0.000027211   -386199.0684
0.3200     10138.415666     0.000016327   -390232.8367
0.3600      7312.989406     0.000019048   -393058.2629
0.4000      5355.958712     0.000021769   -395015.2937    -40074.708
0.4500      3745.876435     0.000016327   -396625.3760    -25648.893
0.5000      2691.317556     0.000013606   -397679.9349    -17226.834
0.5500      1970.759349     0.000016327   -398400.4929    -12034.649
0.6000      1456.489484     0.000008163   -398914.7630     -8783.984
0.6500      1076.008390     0.000010885   -399295.2439     -6529.150
0.7000       796.258983     0.000016327   -399574.9933     -4734.330
0.7500       595.074427     0.000021769   -399776.1778     -3381.693
0.8000       451.283821     0.000010885   -399919.9685     -2423.747
0.8500       347.659617     0.000010885   -400023.5928     -1759.013
0.9000       271.812376     0.000019048   -400099.4399     -1300.120
0.9500       215.168900     0.000008163   -400156.0834      -982.056
1.0000       171.914043     0.000013606   -400199.3384      -757.877
1.1000       111.601486     0.000019048   -400259.6508      -471.100
1.2000        73.421435     0.000024490   -400297.8309      -300.066
1.3000        48.816412     0.000024490   -400322.4360      -193.463
1.4000        32.839804     0.000013606   -400338.4126      -126.049
1.5000        22.402538     0.000019048   -400348.8498       -82.910
1.6000        15.523361     0.000024490   -400355.7288       -55.328
1.7000        10.883084     0.000013606   -400360.3692       -37.731
1.8000         7.680670     0.000008163   -400363.5717       -26.405
1.9000         5.432138     0.000008163   -400365.8202       -18.952
2.0000         3.860026     0.000008163   -400367.3922       -13.981
2.1000         2.697694     0.000013606   -400368.5547       -10.523
2.2000         1.821923     0.000008163   -400369.4303        -8.035
2.3000         1.150027     0.000010885   -400370.1024        -6.214
2.4000         0.630189     0.000024490   -400370.6222        -4.795
2.5000         0.227218     0.000002721   -400371.0252        -3.718
2.6000        -0.083909     0.000024490   -400371.3362        -2.860
2.7000        -0.322812     0.000021769   -400371.5751        -2.178
2.8000        -0.504276     0.000008163   -400371.7566        -1.656
2.9000        -0.640170     0.000027211   -400371.8924        -1.224
3.0000        -0.740740     0.000016327   -400371.9931        -0.898
3.1000        -0.813346     0.000027211   -400372.0657        -0.649
3.2000        -0.864800     0.000016327   -400372.1172        -0.446
3.3000        -0.899854     0.000021769   -400372.1523        -0.298
3.4000        -0.922347     0.000027211   -400372.1746        -0.193
3.5000        -0.935623     0.000010885   -400372.1879        -0.104
3.6000        -0.942056     0.000016327   -400372.1945        -0.045
3.7000        -0.943487     0.000021769   -400372.1958         0.004
3.8000        -0.941367     0.000019048   -400372.1936         0.032
3.9000        -0.936758     0.000013606   -400372.1890         0.055
4.0000        -0.930396     0.000005442   -400372.1828         0.069
5.0000        -0.852860     0.000013606   -400372.1052         0.062
6.0000        -0.810984     0.000024490   -400372.0633         0.023
7.0000        -0.796913     0.000024490   -400372.0491         0.006
8.0000        -0.793063     0.000021769   -400372.0453         0.001
9.0000        -0.792129     0.000021769   -400372.0445         0.000
10.0000        -0.791903     0.000016327   -400372.0442        -0.000
100.0000        -0.791849     0.000021769   -400372.0442
1000.0000        -0.791849     0.000008163   -400372.0442
