0.0020  10965552.990260     0.000010885  10339792.4155
0.0040   5344560.110331     0.000019048   4718799.5341
0.0060   3475867.850992     0.000019048   2850107.2766
0.0080   2546433.783917     0.000016327   1920673.2087
0.0100   1991329.711221     0.000013606   1365569.1362
0.0120   1623018.390875     0.000016327    997257.8158
0.0140   1361098.955057     0.000019048    735338.3800
0.0160   1165517.407859     0.000021769    539756.8327
0.0180   1014129.803516     0.000005442    388369.2284
0.0200    893811.593520     0.000013606    268051.0184
0.0400    368425.144595     0.000013606   -257335.4305
0.0600    207208.506920     0.000013606   -418552.0683
0.0800    133612.076299     0.000021769   -492148.4989
0.1000     92361.838914     0.000024490   -533398.7362
0.1200     67075.773787     0.000016327   -558684.8014
0.1400     50648.466752     0.000021769   -575112.1083
0.1600     39125.299572     0.000021769   -586635.2755
0.1800     30707.957154     0.000013606   -595052.6180
0.2000     24445.595862     0.000016327   -601314.9792
0.2400     16153.560902     0.000024490   -609607.0141
0.2800     11210.255495     0.000019048   -614550.3195
0.3200      8076.518034     0.000019048   -617684.0571
0.3600      5942.657036     0.000010885   -619817.9182    -44611.816
0.4000      4436.792961     0.000021769   -621323.7821    -31340.149
0.4500      3176.638975     0.000027211   -622583.9362    -20036.436
0.5000      2358.673220     0.000019048   -623401.9017    -13281.567
0.5500      1802.885406     0.000010885   -623957.6896     -9378.694
0.6000      1393.555490     0.000019048   -624367.0195     -7132.651
0.6500      1082.403547     0.000027211   -624678.1715     -5378.679
0.7000       849.602271     0.000010885   -624910.9728     -4004.260
0.7500       676.085232     0.000016327   -625084.4898     -2994.322
0.8000       545.510605     0.000021769   -625215.0645     -2271.264
0.8500       445.679479     0.000010885   -625314.8955     -1753.394
0.9000       368.056844     0.000019048   -625392.5182     -1377.796
0.9500       306.785102     0.000021769   -625453.7901     -1102.334
1.0000       257.379609     0.000016327   -625503.1954      -894.660
1.1000       183.439128     0.000024490   -625577.1358      -612.194
1.2000       131.795681     0.000024490   -625628.7795      -435.104
1.3000        94.450426     0.000019048   -625666.1247      -308.266
1.4000        67.950554     0.000016327   -625692.6245      -215.011
1.5000        49.396532     0.000019048   -625711.1786      -152.304
1.6000        36.440457     0.000013606   -625724.1345      -109.243
1.7000        27.026266     0.000016327   -625733.5488       -80.248
1.8000        20.061387     0.000013606   -625740.5136       -59.715
1.9000        14.871439     0.000024490   -625745.7036       -44.558
2.0000        10.997644     0.000013606   -625749.5774       -33.291
2.1000         8.106571     0.000016327   -625752.4684       -24.819
2.2000         5.953399     0.000019048   -625754.6216       -18.458
2.3000         4.355320     0.000019048   -625756.2198       -13.669
2.4000         3.174310     0.000008163   -625757.4007       -10.091
2.5000         2.304141     0.000013606   -625758.2709        -7.401
2.6000         1.667256     0.000024490   -625758.9080        -5.428
2.7000         1.202254     0.000016327   -625759.3727        -3.938
2.8000         0.866084     0.000013606   -625759.7091        -2.845
2.9000         0.623340     0.000013606   -625759.9518        -2.044
3.0000         0.450817     0.000019048   -625760.1243        -1.457
3.1000         0.327759     0.000019048   -625760.2473        -1.028
3.2000         0.242026     0.000016327   -625760.3330        -0.720
3.3000         0.182014     0.000016327   -625760.3932        -0.491
3.4000         0.140650     0.000019048   -625760.4345        -0.341
3.5000         0.112870     0.000016327   -625760.4623        -0.233
3.6000         0.093411     0.000016327   -625760.4816        -0.157
3.7000         0.081052     0.000016327   -625760.4941        -0.103
3.8000         0.072771     0.000013606   -625760.5023        -0.066
3.9000         0.067041     0.000027211   -625760.5080        -0.043
4.0000         0.064107     0.000024490   -625760.5110        -0.025
5.0000         0.065868     0.000008163   -625760.5094         0.011
6.0000         0.077438     0.000027211   -625760.4977         0.010
7.0000         0.085106     0.000008163   -625760.4900         0.005
8.0000         0.088666     0.000005442   -625760.4865         0.003
9.0000         0.089868     0.000005442   -625760.4851         0.000
10.0000         0.090225     0.000008163   -625760.4849         0.002
100.0000         0.090383     0.000002721   -625760.4846
1000.0000         0.090443     0.000002721   -625760.4846
