0.0020         0.000000     0.000008163  44162582.0741
0.0040  21977529.667535     0.000016327  20955797.9809
0.0060  14263380.796664     0.000008163  13241649.1114
0.0080  10417819.457496     0.000016327   9396087.7706
0.0100   8117190.355284     0.000019048   7095458.6705
0.0120   6592203.136435     0.000008163   5570471.4498
0.0140   5509414.669587     0.000024490   4487682.9844
0.0160   4702452.508753     0.000021769   3680720.8236
0.0180   4079886.351270     0.000016327   3058154.6660
0.0200   3585690.193978     0.000005442   2563958.5083
0.0400   1441058.656122     0.000016327    419326.9704
0.0600    795765.579443     0.000021769   -225966.1062
0.0800    503786.658514     0.000016327   -517945.0272
0.1000    345407.762564     0.000008163   -676323.9232
0.1200    250679.005382     0.000021769   -771052.6801
0.1400    187971.963026     0.000013606   -833759.7226
0.1600    143623.923699     0.000019048   -878107.7619
0.1800    111589.765375     0.000024490   -910141.9202
0.2000     88247.650430     0.000019048   -933484.0352
0.2400     57649.084867     0.000008163   -964082.6008
0.2800     38821.525251     0.000019048   -982910.1605
0.3200     26932.069061     0.000013606   -994799.6167
0.3600     19161.345653     0.000024490  -1002570.3400
0.4000     14052.926809     0.000010885  -1007678.7587
0.4500      9548.228958     0.000013606  -1012183.4568
0.5000      6674.514530     0.000021769  -1015057.1712    -45497.341
0.5500      4820.867551     0.000019048  -1016910.8180    -29980.055
0.6000      3573.620810     0.000013606  -1018158.0649    -20649.025
0.6500      2698.622553     0.000008163  -1019033.0631    -14749.242
0.7000      2065.839466     0.000019048  -1019665.8462    -10787.339
0.7500      1599.483794     0.000024490  -1020132.2019     -8018.691
0.8000      1250.636100     0.000013606  -1020481.0495     -6044.425
0.8500       986.037830     0.000016327  -1020745.6480     -4616.991
0.9000       782.778539     0.000024490  -1020948.9070     -3570.257
0.9500       624.773756     0.000016327  -1021106.9119     -2789.641
1.0000       500.764806     0.000008163  -1021230.9208     -2199.236
1.1000       324.478343     0.000008163  -1021407.2073     -1394.455
1.2000       212.015840     0.000024490  -1021519.6699      -898.994
1.3000       139.447629     0.000021769  -1021592.2380      -587.149
1.4000        91.445926     0.000021769  -1021640.2397      -387.348
1.5000        59.280570     0.000027211  -1021672.4050      -260.637
1.6000        38.017694     0.000016327  -1021693.6680      -176.085
1.7000        23.683757     0.000021769  -1021708.0018      -119.191
1.8000        13.989341     0.000024490  -1021717.6964       -80.753
1.9000         7.438387     0.000021769  -1021724.2473       -54.466
2.0000         3.037336     0.000010885  -1021728.6482       -36.509
2.1000         0.114394     0.000021769  -1021731.5713       -24.003
2.2000        -1.786523     0.000024490  -1021733.4722       -15.349
2.3000        -2.982979     0.000019048  -1021734.6687        -9.407
2.4000        -3.694723     0.000019048  -1021735.3803        -5.355
2.5000        -4.075483     0.000013606  -1021735.7613        -2.595
2.6000        -4.232988     0.000021769  -1021735.9186        -0.786
2.7000        -4.242197     0.000021769  -1021735.9278         0.450
2.8000        -4.146219     0.000019048  -1021735.8320         1.173
2.9000        -3.942714     0.000024490  -1021735.6285         1.633
3.0000        -3.714405     0.000010885  -1021735.4002         1.858
3.1000        -3.475162     0.000019048  -1021735.1607         1.950
3.2000        -3.223590     0.000008163  -1021734.9093         1.959
3.3000        -2.888264     0.000013606  -1021734.5740         1.761
3.4000        -2.593094     0.000008163  -1021734.2788         1.591
3.5000        -2.334452     0.000005442  -1021734.0200         1.433
3.6000        -2.107797     0.000005442  -1021733.7933         1.260
3.7000        -1.909198     0.000027211  -1021733.5950         1.122
3.8000        -1.736019     0.000021769  -1021733.4216         0.990
3.9000        -1.585227     0.000024490  -1021733.2709         0.875
4.0000        -1.437720     0.000019048  -1021733.1234         0.745
5.0000        -0.731434     0.000008163  -1021732.4170         0.126
6.0000        -0.605737     0.000024490  -1021732.2913         0.018
7.0000        -0.570593     0.000013606  -1021732.2562         0.009
8.0000        -0.552824     0.000024490  -1021732.2385         0.003
9.0000        -0.540933     0.000008163  -1021732.2265         0.002
10.0000        -0.532198     0.000019048  -1021732.2178         0.001
100.0000        -0.476937     0.000027211  -1021732.1626
1000.0000        -0.472499     0.000016327  -1021732.1582
