0.0020  10228475.844227     0.000013606  10034815.3559
0.0040   4995417.166807     0.000016327   4801756.6776
0.0060   3258518.590025     0.000021769   3064858.1009
0.0080   2391857.511336     0.000024490   2198197.0231
0.0100   1873048.015996     0.000016327   1679387.5277
0.0120   1527950.441036     0.000013606   1334289.9527
0.0140   1282502.701280     0.000013606   1088842.2130
0.0160   1099129.026393     0.000027211    905468.5381
0.0180    957110.721839     0.000013606    763450.2335
0.0200    843916.269971     0.000019048    650255.7816
0.0400    349794.834650     0.000024490    156134.3463
0.0600    197582.754537     0.000008163      3922.2662
0.0800    126944.362738     0.000024490    -66716.1256
0.1000     88051.612694     0.000019048   -105608.8757
0.1200     63945.878627     0.000016327   -129714.6098
0.1400     47943.712650     0.000019048   -145716.7757
0.1600     36942.591563     0.000010885   -156717.8968
0.1800     29180.536954     0.000013606   -164479.9514
0.2000     23586.737999     0.000016327   -170073.7504
0.2400     15906.959136     0.000021769   -177753.5292
0.2800     11053.985251     0.000005442   -182606.5031
0.3200      7878.570511     0.000024490   -185781.9179
0.3600      5767.696271     0.000008163   -187892.7921    -42760.529
0.4000      4352.173451     0.000010885   -189308.3149    -29090.107
0.4500      3158.507862     0.000016327   -190501.9805    -20320.748
0.5000      2270.585011     0.000019048   -191389.9034    -14926.665
0.5500      1651.330758     0.000024490   -192009.1576    -10126.804
0.6000      1229.786593     0.000010885   -192430.7018     -6949.565
0.6500       936.838415     0.000016327   -192723.6499     -4904.026
0.7000       726.826306     0.000021769   -192933.6621     -3579.255
0.7500       571.302073     0.000021769   -193089.1863     -2702.504
0.8000       452.276866     0.000021769   -193208.2115     -2089.492
0.8500       359.560249     0.000010885   -193300.9281     -1636.549
0.9000       286.719584     0.000021769   -193373.7688     -1290.455
0.9500       228.935450     0.000010885   -193431.5529     -1032.832
1.0000       182.418102     0.000013606   -193478.0703      -845.189
1.1000       113.570220     0.000016327   -193546.9182      -540.096
1.2000        70.740647     0.000021769   -193589.7477      -332.931
1.3000        44.250889     0.000010885   -193616.2375      -206.768
1.4000        27.675911     0.000016327   -193632.8125      -129.918
1.5000        17.184062     0.000027211   -193643.3043       -82.398
1.6000        10.475549     0.000010885   -193650.0128       -52.703
1.7000         6.145767     0.000016327   -193654.3426       -33.933
1.8000         3.332063     0.000005442   -193657.1563       -21.874
1.9000         1.499313     0.000027211   -193658.9891       -14.050
2.0000         0.310275     0.000027211   -193660.1781        -8.921
2.1000        -0.452302     0.000019048   -193660.9407        -5.540
2.2000        -0.930028     0.000019048   -193661.4184        -3.298
2.3000        -1.216434     0.000019048   -193661.7048        -1.804
2.4000        -1.373234     0.000016327   -193661.8616        -0.835
2.5000        -1.442599     0.000013606   -193661.9310        -0.187
2.6000        -1.452362     0.000024490   -193661.9407         0.207
2.7000        -1.422046     0.000016327   -193661.9104         0.469
2.8000        -1.365022     0.000019048   -193661.8534         0.621
2.9000        -1.290783     0.000027211   -193661.7791         0.709
3.0000        -1.205990     0.000010885   -193661.6944         0.743
3.1000        -1.115482     0.000013606   -193661.6039         0.746
3.2000        -1.022523     0.000013606   -193661.5109         0.742
3.3000        -0.929797     0.000019048   -193661.4182         0.716
3.4000        -0.838955     0.000019048   -193661.3273         0.673
3.5000        -0.730697     0.000013606   -193661.2191         0.627
3.6000        -0.624221     0.000013606   -193661.1126         0.572
3.7000        -0.526372     0.000016327   -193661.0148         0.516
3.8000        -0.437211     0.000019048   -193660.9256         0.462
3.9000        -0.356450     0.000016327   -193660.8448         0.414
4.0000        -0.283828     0.000016327   -193660.7722         0.368
5.0000         0.106587     0.000019048   -193660.3818         0.096
6.0000         0.204026     0.000016327   -193660.2843         0.020
7.0000         0.228268     0.000013606   -193660.2601         0.006
8.0000         0.236070     0.000013606   -193660.2523         0.002
9.0000         0.239776     0.000013606   -193660.2486         0.001
10.0000         0.242103     0.000013606   -193660.2463         0.000
100.0000         0.255485     0.000013606   -193660.2329
1000.0000         0.256533     0.000013606   -193660.2318
