0.0020   1485903.438356     0.000016327   1468808.4572
0.0040    729981.682581     0.000016327    712886.7016
0.0060    478191.706146     0.000008163    461096.7251
0.0080    352435.957975     0.000021769    335340.9769
0.0100    277121.652049     0.000008163    260026.6710
0.0120    227042.723619     0.000016327    209947.7426
0.0140    191424.060985     0.000013606    174329.0800
0.0160    164848.600412     0.000013606    147753.6194
0.0180    144297.366952     0.000013606    127202.3859
0.0200    127904.007690     0.000013606    110809.0267
0.0400     55433.311602     0.000019048     38338.3306
0.0600     32467.898980     0.000021769     15372.9180
0.0800     21532.300783     0.000010885      4437.3198
0.1000     15355.066343     0.000024490     -1739.9147
0.1200     11491.637793     0.000002721     -5603.3432
0.1400      8885.117826     0.000019048     -8209.8632
0.1600      7020.708808     0.000024490    -10074.2722
0.1800      5635.588511     0.000008163    -11459.3925
0.2000      4582.918612     0.000013606    -12512.0624    -45980.996
0.2400      3138.881803     0.000013606    -13956.0992    -27936.911
0.2800      2245.228276     0.000021769    -14849.7527    -17642.776
0.3200      1672.021174     0.000010885    -15422.9598    -11548.499
0.3600      1291.466038     0.000016327    -15803.5150     -7756.547
0.4000      1032.159524     0.000019048    -16062.8215     -5391.453
0.4500       778.192082     0.000021769    -16316.7889     -4809.429
0.5000       572.717128     0.000016327    -16522.2639     -3445.536
0.5500       426.964412     0.000024490    -16668.0166     -2439.768
0.6000       323.436228     0.000019048    -16771.5448     -1741.074
0.6500       249.141904     0.000016327    -16845.8391     -1260.668
0.7000       194.958357     0.000024490    -16900.0227      -929.018
0.7500       154.691273     0.000019048    -16940.2897      -697.230
0.8000       124.218978     0.000013606    -16970.7620      -532.659
0.8500       100.745587     0.000016327    -16994.2354      -414.231
0.9000        82.327167     0.000024490    -17012.6538      -328.248
0.9500        67.587910     0.000008163    -17027.3931      -265.459
1.0000        55.539322     0.000010885    -17039.4417      -219.239
1.1000        36.961155     0.000024490    -17058.0199      -157.447
1.2000        23.400429     0.000013606    -17071.5806      -115.646
1.3000        13.540674     0.000019048    -17081.4403       -82.819
1.4000         6.618372     0.000019048    -17088.3626       -56.957
1.5000         1.956448     0.000027211    -17093.0246       -37.534
1.6000        -0.963215     0.000008163    -17095.9442       -23.910
1.7000        -2.691210     0.000027211    -17097.6722       -14.747
1.8000        -3.719724     0.000016327    -17098.7007        -8.321
1.9000        -4.260891     0.000016327    -17099.2419        -3.920
2.0000        -4.470030     0.000024490    -17099.4510        -0.951
2.1000        -4.456862     0.000008163    -17099.4379         1.005
2.2000        -4.297210     0.000021769    -17099.2782         2.276
2.3000        -4.042642     0.000016327    -17099.0236         3.064
2.4000        -3.727817     0.000021769    -17098.7088         3.529
2.5000        -3.038541     0.000010885    -17098.0196         3.387
2.6000        -2.404045     0.000016327    -17097.3851         3.159
2.7000        -1.846859     0.000024490    -17096.8279         2.914
2.8000        -1.358578     0.000019048    -17096.3396         2.661
2.9000        -0.930328     0.000024490    -17095.9113         2.419
3.0000        -0.554876     0.000019048    -17095.5359         2.195
3.1000        -0.225479     0.000021769    -17095.2065         1.983
3.2000         0.064121     0.000024490    -17094.9169         1.786
3.3000         0.319135     0.000024490    -17094.6619         1.610
3.4000         0.543776     0.000013606    -17094.4372         1.448
3.5000         0.842895     0.000016327    -17094.1381         1.186
3.6000         1.088448     0.000019048    -17093.8926         0.970
3.7000         1.288626     0.000008163    -17093.6924         0.797
3.8000         1.451989     0.000013606    -17093.5290         0.656
3.9000         1.585409     0.000013606    -17093.3956         0.541
4.0000         1.694516     0.000016327    -17093.2865         0.447
5.0000         2.124952     0.000013606    -17092.8561         0.074
6.0000         2.190384     0.000010885    -17092.7906         0.014
7.0000         2.204071     0.000024490    -17092.7769         0.004
8.0000         2.209029     0.000013606    -17092.7720         0.002
9.0000         2.211884     0.000019048    -17092.7691         0.001
10.0000         2.213895     0.000013606    -17092.7671         0.001
100.0000         2.226581     0.000019048    -17092.7544
1000.0000         2.227612     0.000024490    -17092.7534
