0.0020         0.000000     0.000013606  43043977.9938
0.0040  21464556.953235     0.000010885  20437547.3222
0.0060  13941507.989379     0.000019048  12914498.3587
0.0080  10189036.107135     0.000024490   9162026.4771
0.0100   7944735.409501     0.000005442   6917725.7777
0.0120   6455821.282237     0.000005442   5428811.6515
0.0140   5399341.435666     0.000019048   4372331.8060
0.0160   4612523.535159     0.000016327   3585513.9042
0.0180   4005275.706823     0.000019048   2978266.0755
0.0200   3523357.122800     0.000008163   2496347.4920
0.0400   1433159.557397     0.000019048    406149.9268
0.0600    796289.836985     0.000016327   -230719.7938
0.0800    505340.161594     0.000024490   -521669.4692
0.1000    344742.660398     0.000021769   -682266.9705
0.1200    247035.582281     0.000021769   -779974.0484
0.1400    182787.507809     0.000021769   -844222.1229
0.1600    138266.102098     0.000016327   -888743.5287
0.1800    106826.612392     0.000021769   -920183.0183
0.2000     84096.027772     0.000013606   -942913.6030
0.2400     54842.778814     0.000008163   -972166.8518
0.2800     36733.432014     0.000019048   -990276.1986
0.3200     25568.414419     0.000010885  -1001441.2164
0.3600     18267.841250     0.000024490  -1008741.7896
0.4000     13409.860326     0.000019048  -1013599.7705
0.4500      9275.888468     0.000021769  -1017733.7423
0.5000      6534.965098     0.000021769  -1020474.6657    -43444.076
0.5500      4757.846706     0.000016327  -1022251.7840    -28927.644
0.6000      3546.876707     0.000016327  -1023462.7540    -20210.937
0.6500      2685.064824     0.000008163  -1024324.5659    -14624.216
0.7000      2056.017769     0.000013606  -1024953.6131    -10752.365
0.7500      1591.376045     0.000021769  -1025418.2547     -7982.724
0.8000      1244.783160     0.000021769  -1025764.8476     -5980.760
0.8500       983.834267     0.000010885  -1026025.7965     -4523.356
0.9000       785.446159     0.000019048  -1026224.1847     -3458.626
0.9500       632.714781     0.000016327  -1026376.9160     -2678.440
1.0000       513.512888     0.000013606  -1026496.1177     -2109.255
1.1000       343.401970     0.000021769  -1026666.2287     -1346.688
1.2000       233.987921     0.000010885  -1026775.6427      -873.800
1.3000       162.944528     0.000016327  -1026846.6862      -578.860
1.4000       115.693544     0.000024490  -1026893.9372      -392.809
1.5000        83.204174     0.000002721  -1026926.4265      -274.340
1.6000        60.156475     0.000013606  -1026949.4743      -196.078
1.7000        43.482415     0.000013606  -1026966.1483      -141.973
1.8000        31.325721     0.000019048  -1026978.3050      -103.061
1.9000        22.507667     0.000016327  -1026987.1231       -74.819
2.0000        16.175115     0.000016327  -1026993.4555       -54.187
2.1000        11.617369     0.000021769  -1026998.0134       -39.180
2.2000         8.346358     0.000013606  -1027001.2845       -28.354
2.3000         5.988556     0.000016327  -1027003.6421       -20.692
2.4000         4.259593     0.000008163  -1027005.3711       -15.324
2.5000         2.958739     0.000010885  -1027006.6721       -11.495
2.6000         1.952162     0.000016327  -1027007.6786        -8.779
2.7000         1.200096     0.000013606  -1027008.4307        -6.773
2.8000         0.633144     0.000008163  -1027008.9976        -5.307
2.9000         0.181797     0.000016327  -1027009.4490        -4.113
3.0000        -0.174610     0.000019048  -1027009.8055        -3.233
3.1000        -0.451140     0.000016327  -1027010.0819        -2.464
3.2000        -0.629639     0.000013606  -1027010.2604        -1.839
3.3000        -0.752251     0.000010885  -1027010.3829        -1.385
3.4000        -0.838059     0.000010885  -1027010.4689        -0.979
3.5000        -0.895209     0.000010885  -1027010.5260        -0.664
3.6000        -0.930428     0.000019048  -1027010.5611        -0.441
3.7000        -0.947566     0.000013606  -1027010.5783        -0.244
3.8000        -0.951338     0.000024490  -1027010.5821        -0.090
3.9000        -0.945027     0.000002721  -1027010.5758         0.023
4.0000        -0.930793     0.000027211  -1027010.5614         0.101
5.0000        -0.529572     0.000013606  -1027010.1603         0.201
6.0000        -0.315552     0.000019048  -1027009.9464         0.071
7.0000        -0.257665     0.000013606  -1027009.8885         0.027
8.0000        -0.247659     0.000008163  -1027009.8784         0.009
9.0000        -0.249286     0.000013606  -1027009.8800         0.003
10.0000        -0.252960     0.000019048  -1027009.8836         0.001
100.0000        -0.283399     0.000019048  -1027009.9140
1000.0000        -0.285728     0.000019048  -1027009.9165
