0.0020  11312736.715612     0.000024490  11080609.8414
0.0040   5515334.981247     0.000021769   5283208.1084
0.0060   3596584.536026     0.000027211   3364457.6634
0.0080   2637772.172113     0.000013606   2405645.2983
0.0100   2064144.201341     0.000019048   1832017.3276
0.0120   1682808.310722     0.000019048   1450681.4369
0.0140   1411663.985949     0.000027211   1179537.1123
0.0160   1209335.225092     0.000016327    977208.3512
0.0180   1052596.878143     0.000024490    820470.0044
0.0200    927774.641062     0.000019048    695647.7674
0.0400    384116.897054     0.000021769    151990.0233
0.0600    216583.262885     0.000016327    -15543.6109
0.0800    139005.767099     0.000027211    -93121.1067
0.1000     96163.314454     0.000024490   -135963.5593
0.1200     69620.943643     0.000013606   -162505.9301
0.1400     52133.184057     0.000008163   -179993.6897
0.1600     40230.553004     0.000013606   -191896.3208
0.1800     31903.585679     0.000013606   -200223.2881
0.2000     25784.838712     0.000021769   -206342.0350
0.2400     17290.816498     0.000027211   -214836.0573
0.2800     11967.888723     0.000013606   -220158.9850
0.3200      8548.064862     0.000010885   -223578.8089
0.3600      6338.344394     0.000013606   -225788.5294    -44685.982
0.4000      4830.371259     0.000019048   -227296.5025    -32371.848
0.4500      3448.838352     0.000024490   -228678.0354    -22905.267
0.5000      2507.344739     0.000021769   -229619.5290    -15268.293
0.5500      1872.275928     0.000027211   -230254.5978    -10495.902
0.6000      1427.511010     0.000019048   -230699.3628     -7500.086
0.6500      1105.418630     0.000008163   -231021.4551     -5501.518
0.7000       866.913966     0.000010885   -231259.9598     -4128.801
0.7500       682.187200     0.000019048   -231444.6866     -3317.306
0.8000       530.959983     0.000019048   -231595.9138     -2694.087
0.8500       411.265619     0.000016327   -231715.6082     -2103.806
0.9000       318.782916     0.000016327   -231808.0909     -1609.649
0.9500       248.223285     0.000010885   -231878.6505     -1225.030
1.0000       194.432440     0.000021769   -231932.4413      -934.974
1.1000       121.537766     0.000010885   -232005.3360      -557.295
1.2000        77.360456     0.000008163   -232049.5133      -345.154
1.3000        49.553345     0.000024490   -232077.3204      -221.232
1.4000        31.503643     0.000010885   -232095.3701      -145.525
1.5000        19.527140     0.000010885   -232107.3466       -97.367
1.6000        11.479247     0.000024490   -232115.3945       -65.631
1.7000         6.054293     0.000021769   -232120.8195       -44.144
1.8000         2.417863     0.000016327   -232124.4559       -29.413
1.9000         0.015807     0.000016327   -232126.8580       -19.196
2.0000        -1.448552     0.000021769   -232128.3223       -12.428
2.1000        -2.325731     0.000021769   -232129.1995        -7.889
2.2000        -2.856862     0.000019048   -232129.7306        -4.787
2.3000        -3.157608     0.000019048   -232130.0314        -2.697
2.4000        -3.306737     0.000024490   -232130.1805        -1.265
2.5000        -3.357230     0.000021769   -232130.2310        -0.330
2.6000        -3.342321     0.000016327   -232130.2161         0.335
2.7000        -3.283749     0.000013606   -232130.1575         0.783
2.8000        -3.193562     0.000021769   -232130.0673         1.085
2.9000        -3.080469     0.000021769   -232129.9542         1.313
3.0000        -2.949764     0.000024490   -232129.8235         1.453
3.1000        -2.725665     0.000019048   -232129.5994         1.473
3.2000        -2.422666     0.000021769   -232129.2964         1.406
3.3000        -2.147942     0.000010885   -232129.0217         1.314
3.4000        -1.899570     0.000024490   -232128.7733         1.216
3.5000        -1.675403     0.000021769   -232128.5492         1.122
3.6000        -1.473410     0.000010885   -232128.3472         1.021
3.7000        -1.291850     0.000005442   -232128.1656         0.930
3.8000        -1.129080     0.000021769   -232128.0029         0.836
3.9000        -0.983194     0.000013606   -232127.8570         0.756
4.0000        -0.852462     0.000016327   -232127.7262         0.675
5.0000        -0.067590     0.000024490   -232126.9414         0.145
6.0000         0.107779     0.000019048   -232126.7660         0.032
7.0000         0.165045     0.000019048   -232126.7087         0.016
8.0000         0.193595     0.000024490   -232126.6802         0.009
9.0000         0.212061     0.000002721   -232126.6617         0.006
10.0000         0.225444     0.000027211   -232126.6483         0.004
100.0000         0.308204     0.000005442   -232126.5656         0.000
1000.0000         0.314771     0.000010885   -232126.5590
