0.0020  19409055.823187     0.000019048  18984254.9134
0.0040   9458909.861079     0.000016327   9034108.9509
0.0060   6153834.634521     0.000010885   5729033.7264
0.0080   4505046.956212     0.000008163   4080246.0473
0.0100   3518767.536588     0.000019048   3093966.6265
0.0120   2863992.678990     0.000010885   2439191.7699
0.0140   2398450.383193     0.000013606   1973649.4739
0.0160   2050816.633923     0.000024490   1626015.7247
0.0180   1782106.612233     0.000010885   1357305.7030
0.0200   1568883.431939     0.000021769   1144082.5227
0.0400    642303.310814     0.000016327    217502.4016
0.0600    358386.042116     0.000021769    -66414.8671
0.0800    228588.303379     0.000024490   -196212.6058
0.1000    157292.146167     0.000013606   -267508.7630
0.1200    114042.770850     0.000024490   -310758.1383
0.1400     85597.338545     0.000021769   -339203.5706
0.1600     65583.781097     0.000027211   -359217.1281
0.1800     51178.921311     0.000016327   -373621.9878
0.2000     40593.596810     0.000024490   -384207.3123
0.2400     26818.948975     0.000024490   -397981.9601
0.2800     18445.098828     0.000013606   -406355.8104
0.3200     12937.285549     0.000024490   -411863.6236
0.3600      9357.877988     0.000010885   -415443.0313
0.4000      6915.659850     0.000016327   -417885.2495    -50667.472
0.4500      4871.565764     0.000016327   -419929.3434    -32637.747
0.5000      3513.217100     0.000024490   -421287.6922    -22891.025
0.5500      2531.893557     0.000008163   -422269.0157    -16346.191
0.6000      1854.590937     0.000024490   -422946.3182    -11089.023
0.6500      1392.099925     0.000013606   -423408.8094     -7659.003
0.7000      1068.293404     0.000010885   -423732.6157     -5454.317
0.7500       833.271981     0.000010885   -423967.6373     -4051.560
0.8000       654.493125     0.000005442   -424146.4162     -3158.324
0.8500       514.170979     0.000021769   -424286.7383     -2484.964
0.9000       403.884024     0.000021769   -424397.0252     -1949.083
0.9500       317.063483     0.000008163   -424483.8456     -1526.528
1.0000       249.317085     0.000019048   -424551.5922     -1187.801
1.1000       156.198600     0.000027211   -424644.7107      -716.017
1.2000       100.107773     0.000010885   -424700.8013      -438.520
1.3000        65.438240     0.000010885   -424735.4710      -276.134
1.4000        43.558471     0.000010885   -424757.3506      -178.557
1.5000        29.661760     0.000019048   -424771.2475      -118.013
1.6000        20.482110     0.000021769   -424780.4270       -78.110
1.7000        14.423294     0.000010885   -424786.4859       -51.351
1.8000        10.462537     0.000021769   -424790.4468       -33.342
1.9000         8.005536     0.000008163   -424792.9037       -21.485
2.0000         6.690719     0.000027211   -424794.2185       -14.160
2.1000         5.925491     0.000019048   -424794.9837        -9.429
2.2000         5.428516     0.000021769   -424795.4806        -6.287
2.3000         5.393174     0.000024490   -424795.5160        -4.816
2.4000         5.401225     0.000016327   -424795.5081        -3.947
2.5000         5.355627     0.000019048   -424795.5535        -3.271
2.6000         5.276227     0.000016327   -424795.6330        -2.698
2.7000         5.185355     0.000024490   -424795.7239        -2.164
2.8000         5.099326     0.000024490   -424795.8099        -1.677
2.9000         5.030070     0.000024490   -424795.8790        -1.263
3.0000         4.982407     0.000024490   -424795.9269        -0.872
3.1000         4.957097     0.000021769   -424795.9522        -0.577
3.2000         4.953805     0.000027211   -424795.9555        -0.323
3.3000         4.968834     0.000010885   -424795.9405        -0.103
3.4000         4.998491     0.000016327   -424795.9108         0.054
3.5000         5.040549     0.000010885   -424795.8686         0.164
3.6000         5.091309     0.000024490   -424795.8178         0.261
3.7000         5.147705     0.000005442   -424795.7614         0.327
3.8000         5.207554     0.000013606   -424795.7016         0.358
3.9000         5.269743     0.000016327   -424795.6395         0.377
4.0000         5.332318     0.000005442   -424795.5769         0.384
5.0000         5.811173     0.000016327   -424795.0980         0.208
6.0000         6.000262     0.000005442   -424794.9089         0.084
7.0000         6.058879     0.000013606   -424794.8504         0.029
8.0000         6.078090     0.000027211   -424794.8311         0.013
9.0000         6.085859     0.000010885   -424794.8235         0.008
10.0000         6.090000     0.000010885   -424794.8191         0.005
100.0000         6.108776     0.000010885   -424794.8003         0.000
1000.0000         6.110052     0.000013606   -424794.7992
