0.0020   1436002.842945     0.000005442   1263894.3988
0.0040    701889.843117     0.000016327    529781.3988
0.0060    458177.086321     0.000005442    286068.6420
0.0080    336533.675939     0.000019048    164425.2317
0.0100    263948.587327     0.000024490     91840.1431
0.0120    215848.446911     0.000019048     43740.0027
0.0140    181628.877234     0.000019048      9520.4330
0.0160    156069.874540     0.000010885    -16038.5697
0.0180    136267.043988     0.000027211    -35841.4003
0.0200    120483.676223     0.000019048    -51624.7680
0.0400     51115.429968     0.000008163   -120993.0143
0.0600     29512.218641     0.000019048   -142596.2256
0.0800     19373.863211     0.000019048   -152734.5810
0.1000     13664.452297     0.000013606   -158443.9919
0.1200     10110.258761     0.000019048   -161998.1855
0.1400      7769.292973     0.000010885   -164339.1513
0.1600      6150.143307     0.000010885   -165958.3009
0.1800      4978.206643     0.000013606   -167130.2376    -50436.837
0.2000      4091.460220     0.000019048   -168016.9840    -38987.653
0.2400      2839.127304     0.000019048   -169269.3169    -24979.067
0.2800      2021.823700     0.000021769   -170086.6205    -16503.508
0.3200      1479.818301     0.000019048   -170628.6259    -10974.255
0.3600      1117.596968     0.000016327   -170990.8473     -7402.316
0.4000       869.514118     0.000024490   -171238.9301     -5169.823
0.4500       656.380268     0.000019048   -171452.0640     -3535.822
0.5000       503.179415     0.000013606   -171605.2648     -2647.169
0.5500       386.848025     0.000027211   -171721.5962     -2038.992
0.6000       297.104403     0.000013606   -171811.3398     -1572.398
0.6500       228.473553     0.000016327   -171879.9707     -1193.077
0.7000       176.555722     0.000021769   -171931.8885      -897.674
0.7500       137.455880     0.000021769   -171970.9883      -675.728
0.8000       107.949339     0.000013606   -172000.4949      -510.820
0.8500        85.561652     0.000021769   -172022.8826      -388.796
0.9000        68.448541     0.000016327   -172039.9957      -298.514
0.9500        55.250280     0.000021769   -172053.1940      -231.655
1.0000        44.970326     0.000013606   -172063.4739      -181.948
1.1000        30.394816     0.000013606   -172078.0494      -117.076
1.2000        20.832022     0.000024490   -172087.6122       -79.934
1.3000        14.172691     0.000021769   -172094.2716       -57.261
1.4000         9.332902     0.000019048   -172099.1113       -41.764
1.5000         5.764035     0.000021769   -172102.6802       -30.407
1.6000         3.141186     0.000024490   -172105.3031       -21.711
1.7000         1.431668     0.000021769   -172107.0126       -15.368
1.8000         0.292591     0.000008163   -172108.1517       -10.433
1.9000        -0.422544     0.000010885   -172108.8668        -6.826
2.0000        -0.853284     0.000013606   -172109.2975        -4.070
2.1000        -1.077481     0.000021769   -172109.5217        -2.139
2.2000        -1.153048     0.000021769   -172109.5973        -0.817
2.3000        -1.127964     0.000021769   -172109.5722         0.166
2.4000        -1.036439     0.000019048   -172109.4807         0.784
2.5000        -0.901976     0.000024490   -172109.3462         1.147
2.6000        -0.744011     0.000016327   -172109.1882         1.384
2.7000        -0.575975     0.000019048   -172109.0202         1.516
2.8000        -0.406457     0.000027211   -172108.8507         1.520
2.9000        -0.240712     0.000013606   -172108.6849         1.482
3.0000        -0.083593     0.000013606   -172108.5278         1.418
3.1000         0.062349     0.000024490   -172108.3819         1.325
3.2000         0.196031     0.000016327   -172108.2482         1.220
3.3000         0.317462     0.000021769   -172108.1268         1.103
3.4000         0.426849     0.000013606   -172108.0174         1.000
3.5000         0.524342     0.000010885   -172107.9199         0.895
3.6000         0.610569     0.000016327   -172107.8337         0.791
3.7000         0.686418     0.000024490   -172107.7578         0.696
3.8000         0.752852     0.000013606   -172107.6914         0.613
3.9000         0.831692     0.000024490   -172107.6125         0.526
4.0000         0.899070     0.000016327   -172107.5452         0.450
5.0000         1.182975     0.000021769   -172107.2613         0.092
6.0000         1.223373     0.000002721   -172107.2209         0.012
7.0000         1.227316     0.000021769   -172107.2169         0.004
8.0000         1.226203     0.000002721   -172107.2180         0.001
9.0000         1.224682     0.000019048   -172107.2196         0.001
10.0000         1.223416     0.000010885   -172107.2208         0.001
100.0000         1.214798     0.000008163   -172107.2294
1000.0000         1.214110     0.000016327   -172107.2301
