0.0020   1746204.712146     0.000010885   1199315.5968
0.0040    851073.569254     0.000010885    304184.4539
0.0060    553924.990244     0.000024490      7035.8750
0.0080    406039.918464     0.000021769   -140849.1968
0.0100    317811.993037     0.000010885   -229077.1222
0.0120    259254.958687     0.000010885   -287634.1566
0.0140    217666.956579     0.000010885   -329222.1587
0.0160    186600.389340     0.000008163   -360288.7259
0.0180    162540.522600     0.000008163   -384348.5928
0.0200    143388.923011     0.000008163   -403500.1923
0.0400     59643.437890     0.000008163   -487245.6774
0.0600     33975.774181     0.000008163   -512913.3410
0.0800     21992.063275     0.000010885   -524897.0520
0.1000     15361.369436     0.000016327   -531527.7460
0.1200     11244.116853     0.000021769   -535644.9983
0.1400      8487.737978     0.000024490   -538401.3772
0.1600      6563.854920     0.000013606   -540325.2602
0.1800      5186.489335     0.000016327   -541702.6260
0.2000      4179.360001     0.000027211   -542709.7554    -43206.783
0.2400      2851.420801     0.000019048   -544037.6944    -25291.363
0.2800      2039.056446     0.000008163   -544850.0588    -16274.087
0.3200      1497.907316     0.000024490   -545391.2080    -11197.685
0.3600      1120.019685     0.000027211   -545769.0956     -7899.413
0.4000       852.513017     0.000002721   -546036.6022     -5608.450
0.4500       623.152876     0.000005442   -546265.9624     -3708.211
0.5000       469.425539     0.000016327   -546419.6896     -2530.409
0.5500       362.448244     0.000013606   -546526.6672     -1802.687
0.6000       284.482720     0.000021769   -546604.6324     -1347.522
0.6500       225.037850     0.000016327   -546664.0774     -1048.720
0.7000       178.239667     0.000024490   -546710.8755      -832.459
0.7500       141.436292     0.000016327   -546747.6789      -661.908
0.8000       112.266658     0.000019048   -546776.8487      -520.983
0.8500        89.278930     0.000021769   -546799.8364      -407.196
0.9000        71.277068     0.000027211   -546817.8381      -317.739
0.9500        57.209416     0.000019048   -546831.9058      -247.969
1.0000        46.202139     0.000019048   -546842.9131      -194.154
1.1000        30.759637     0.000016327   -546858.3556      -120.986
1.2000        21.081322     0.000010885   -546868.0339       -77.818
1.3000        14.852636     0.000010885   -546874.2625       -52.316
1.4000        10.662835     0.000021769   -546878.4526       -37.145
1.5000         7.663420     0.000016327   -546881.4518       -27.526
1.6000         5.398763     0.000010885   -546883.7166       -20.979
1.7000         3.648545     0.000019048   -546885.4668       -15.956
1.8000         2.289159     0.000016327   -546886.8260       -12.185
1.9000         1.244421     0.000013606   -546887.8710        -9.113
2.0000         0.453872     0.000013606   -546888.6615        -6.701
2.1000        -0.133382     0.000010885   -546889.2487        -4.931
2.2000        -0.558762     0.000010885   -546889.6740        -3.418
2.3000        -0.856043     0.000005442   -546889.9714        -2.259
2.4000        -1.052466     0.000010885   -546890.1679        -1.466
2.5000        -1.170487     0.000008163   -546890.2857        -0.796
2.6000        -1.228652     0.000008163   -546890.3439        -0.216
2.7000        -1.241147     0.000013606   -546890.3565         0.154
2.8000        -1.218118     0.000027211   -546890.3333         0.394
2.9000        -1.169442     0.000024490   -546890.2846         0.604
3.0000        -0.961874     0.000019048   -546890.0773         0.664
3.1000        -0.815074     0.000010885   -546889.9303         0.709
3.2000        -0.678658     0.000019048   -546889.7940         0.744
3.3000        -0.546971     0.000016327   -546889.6623         0.757
3.4000        -0.419894     0.000024490   -546889.5352         0.761
3.5000        -0.298188     0.000021769   -546889.4136         0.726
3.6000        -0.182112     0.000008163   -546889.2974         0.676
3.7000        -0.071961     0.000019048   -546889.1872         0.632
3.8000         0.031775     0.000016327   -546889.0835         0.604
3.9000         0.128536     0.000019048   -546888.9866         0.557
4.0000         0.218412     0.000016327   -546888.8968         0.534
5.0000         0.777677     0.000021769   -546888.3376         0.219
6.0000         0.960674     0.000016327   -546888.1545         0.030
7.0000         1.021344     0.000024490   -546888.0938         0.023
8.0000         1.047026     0.000019048   -546888.0682         0.010
9.0000         1.061391     0.000010885   -546888.0538         0.006
10.0000         1.071043     0.000008163   -546888.0443         0.005
100.0000         1.125482     0.000008163   -546887.9899         0.000
1000.0000         1.129553     0.000027211   -546887.9858
