0.0020   5808840.694968     0.000024490   5451393.6353
0.0040   2833401.518568     0.000024490   2475954.4587
0.0060   1844256.567617     0.000019048   1486809.5078
0.0080   1352159.712159     0.000010885    994712.6523
0.0100   1058149.997939     0.000013606    700702.9381
0.0120    863179.901637     0.000016327    505732.8416
0.0140    724608.036260     0.000027211    367160.9763
0.0160    621344.473103     0.000019048    263897.4132
0.0180    541463.673111     0.000008163    184016.6132
0.0200    477906.275214     0.000008163    120459.2153
0.0400    199565.573844     0.000019048   -157881.4861
0.0600    112966.018531     0.000027211   -244481.0414
0.0800     72878.657865     0.000027211   -284568.4021
0.1000     50865.771559     0.000021769   -306581.2883
0.1200     37198.505879     0.000016327   -320248.5540
0.1400     27958.314689     0.000002721   -329488.7452
0.1600     21497.086382     0.000019048   -335949.9736
0.1800     16902.036734     0.000019048   -340545.0233
0.2000     13564.651827     0.000013606   -343882.4079
0.2400      9167.057921     0.000021769   -348280.0019
0.2800      6395.428390     0.000027211   -351051.6314
0.3200      4522.733499     0.000013606   -352924.3265    -37812.130
0.3600      3275.912023     0.000019048   -354171.1478    -25438.034
0.4000      2430.237760     0.000027211   -355016.8222    -17395.793
0.4500      1728.789194     0.000024490   -355718.2708    -11234.665
0.5000      1262.373695     0.000013606   -356184.6861     -7763.040
0.5500       932.465258     0.000019048   -356514.5946     -5600.098
0.6000       693.555754     0.000024490   -356753.5041     -4046.433
0.6500       521.166703     0.000019048   -356925.8932     -2909.222
0.7000       397.051460     0.000024490   -357050.0085     -2093.024
0.7500       307.338239     0.000021769   -357139.7217     -1516.002
0.8000       242.010730     0.000008163   -357205.0492     -1109.423
0.8500       193.960363     0.000019048   -357253.0996      -824.033
0.9000       157.788102     0.000016327   -357289.2717      -627.109
0.9500       129.666887     0.000013606   -357317.3931      -494.177
1.0000       106.910783     0.000010885   -357340.1491      -404.222
1.1000        73.049140     0.000019048   -357374.0107      -280.850
1.2000        49.643015     0.000013606   -357397.4169      -190.860
1.3000        33.995439     0.000019048   -357413.0645      -126.493
1.4000        23.703287     0.000021769   -357423.3567       -83.794
1.5000        16.847797     0.000013606   -357430.2121       -56.022
1.6000        12.233974     0.000008163   -357434.8260       -37.962
1.7000         9.079621     0.000016327   -357437.9804       -26.255
1.8000         6.876075     0.000019048   -357440.1840       -18.709
1.9000         5.308976     0.000005442   -357441.7508       -13.745
2.0000         4.130853     0.000008163   -357442.9290       -10.594
2.1000         3.212537     0.000027211   -357443.8474        -8.348
2.2000         2.469570     0.000002721   -357444.5903        -6.825
2.3000         1.846500     0.000021769   -357445.2134        -5.644
2.4000         1.312006     0.000013606   -357445.7479        -4.671
2.5000         0.849741     0.000016327   -357446.2102        -3.937
2.6000         0.449317     0.000005442   -357446.6105        -3.246
2.7000         0.101899     0.000005442   -357446.9580        -2.668
2.8000        -0.196853     0.000021769   -357447.2567        -2.214
2.9000        -0.431516     0.000019048   -357447.4913        -1.772
3.0000        -0.580868     0.000010885   -357447.6407        -1.389
3.1000        -0.697659     0.000008163   -357447.7574        -1.087
3.2000        -0.786749     0.000010885   -357447.8467        -0.828
3.3000        -0.853635     0.000019048   -357447.9136        -0.611
3.4000        -0.902616     0.000021769   -357447.9626        -0.435
3.5000        -0.937160     0.000027211   -357447.9972        -0.298
3.6000        -0.959526     0.000024490   -357448.0195        -0.200
3.7000        -0.972854     0.000013606   -357448.0328        -0.112
3.8000        -0.978905     0.000021769   -357448.0388        -0.043
3.9000        -0.980073     0.000019048   -357448.0399         0.011
4.0000        -0.977665     0.000013606   -357448.0374         0.041
5.0000        -0.885807     0.000016327   -357447.9457         0.084
6.0000        -0.823545     0.000024490   -357447.8834         0.038
7.0000        -0.800061     0.000021769   -357447.8600         0.012
8.0000        -0.792861     0.000019048   -357447.8527         0.003
9.0000        -0.790902     0.000024490   -357447.8508         0.001
10.0000        -0.790415     0.000016327   -357447.8502         0.000
100.0000        -0.790252     0.000019048   -357447.8502
1000.0000        -0.790252     0.000024490   -357447.8502
