0.0020    743977.432614     0.000016327    733252.2625
0.0040    366000.965517     0.000021769    355275.7952
0.0060    240097.132287     0.000024490    229371.9621
0.0080    177194.547571     0.000013606    166469.3774
0.0100    139521.684395     0.000005442    128796.5142
0.0120    114466.672554     0.000013606    103741.5024
0.0140     96630.479007     0.000010885     85905.3088
0.0160     83284.243129     0.000016327     72559.0730
0.0180     72936.267506     0.000013606     62211.0973
0.0200     64678.835418     0.000008163     53953.6652
0.0400     28313.232048     0.000016327     17588.0619
0.0600     16762.223365     0.000016327      6037.0532
0.0800     11209.812361     0.000024490       484.6422
0.1000      8028.011835     0.000024490     -2697.1583
0.1200      6023.352156     0.000027211     -4701.8180
0.1400      4682.844736     0.000021769     -6042.3254
0.1600      3741.544373     0.000016327     -6983.6258    -39836.984
0.1800      3051.979342     0.000010885     -7673.1908    -29811.324
0.2000      2526.546510     0.000027211     -8198.6237    -23128.867
0.2400      1780.304884     0.000024490     -8944.8653    -15000.203
0.2800      1283.121386     0.000019048     -9442.0488    -10221.043
0.3200       940.756565     0.000016327     -9784.4136     -7103.767
0.3600       701.316291     0.000019048    -10023.8539     -5000.377
0.4000       531.796791     0.000019048    -10193.3734     -3562.648
0.4500       385.590031     0.000019048    -10339.5802     -2374.287
0.5000       287.165770     0.000027211    -10438.0044     -1617.416
0.5500       219.368693     0.000005442    -10505.8015     -1129.331
0.6000       171.394281     0.000021769    -10553.7759      -812.196
0.6500       136.304261     0.000024490    -10588.8659      -606.256
0.7000       109.690114     0.000019048    -10615.4801      -488.612
0.7500        86.918442     0.000024490    -10638.2517      -426.123
0.8000        66.535232     0.000021769    -10658.6350      -368.656
0.8500        49.020549     0.000010885    -10676.1496      -307.118
0.9000        34.651960     0.000021769    -10690.5182      -247.237
0.9500        23.554353     0.000010885    -10701.6158      -192.965
1.0000        15.082556     0.000005442    -10710.0876      -148.290
1.1000         3.714565     0.000010885    -10721.4556       -84.774
1.2000        -2.626577     0.000021769    -10727.7968       -45.682
1.3000        -5.895433     0.000013606    -10731.0656       -21.936
1.4000        -7.307329     0.000024490    -10732.4775        -7.705
1.5000        -7.617311     0.000013606    -10732.7875         0.617
1.6000        -7.295813     0.000016327    -10732.4660         5.272
1.7000        -6.630002     0.000019048    -10731.8002         7.704
1.8000        -5.795967     0.000016327    -10730.9662         8.771
1.9000        -4.749042     0.000019048    -10729.9192         8.805
2.0000        -3.254875     0.000019048    -10728.4251         7.621
2.1000        -2.037627     0.000005442    -10727.2078         6.562
2.2000        -1.048738     0.000016327    -10726.2189         5.672
2.3000        -0.241844     0.000024490    -10725.4120         4.927
2.4000         0.422226     0.000013606    -10724.7480         4.317
2.5000         1.018803     0.000010885    -10724.1514         3.767
2.6000         1.536372     0.000019048    -10723.6338         3.279
2.7000         1.974032     0.000019048    -10723.1962         2.864
2.8000         2.515503     0.000016327    -10722.6547         2.263
2.9000         2.968039     0.000016327    -10722.2021         1.754
3.0000         3.318179     0.000013606    -10721.8520         1.366
3.1000         3.589564     0.000010885    -10721.5806         1.069
3.2000         3.800297     0.000010885    -10721.3699         0.841
3.3000         3.964170     0.000016327    -10721.2060         0.665
3.4000         4.092036     0.000010885    -10721.0781         0.527
3.5000         4.192109     0.000010885    -10720.9781         0.419
3.6000         4.270540     0.000008163    -10720.8996         0.335
3.7000         4.332046     0.000005442    -10720.8381         0.270
3.8000         4.380406     0.000013606    -10720.7898         0.218
3.9000         4.418521     0.000008163    -10720.7517         0.177
4.0000         4.448685     0.000002721    -10720.7215         0.143
5.0000         4.556257     0.000021769    -10720.6139         0.022
6.0000         4.572290     0.000013606    -10720.5979         0.008
7.0000         4.577357     0.000024490    -10720.5928         0.003
8.0000         4.580233     0.000010885    -10720.5900         0.002
9.0000         4.582241     0.000002721    -10720.5879         0.002
10.0000         4.583757     0.000024490    -10720.5864         0.001
100.0000         4.594111     0.000021769    -10720.5761
1000.0000         4.594995     0.000019048    -10720.5752
