0.0020   1537315.497488     0.000019048   1134497.8418
0.0040    749877.011963     0.000019048    347059.3561
0.0060    488528.590819     0.000010885     85710.9351
0.0080    358341.163256     0.000019048    -44476.4925
0.0100    280665.915126     0.000016327   -122151.7406
0.0120    229114.823236     0.000016327   -173702.8325
0.0140    192465.083966     0.000016327   -210352.5718
0.0160    165115.382873     0.000021769   -237702.2729
0.0180    143914.364436     0.000019048   -258903.2913
0.0200    127047.126531     0.000024490   -275770.5292
0.0400     53085.179554     0.000013606   -349732.4763
0.0600     30323.353670     0.000019048   -372494.3021
0.0800     19661.439611     0.000024490   -383156.2161
0.1000     13752.885246     0.000013606   -389064.7704
0.1200     10111.181780     0.000019048   -392706.4740
0.1400      7669.955625     0.000010885   -395147.7000
0.1600      5942.002966     0.000019048   -396875.6528
0.1800      4680.948920     0.000021769   -398136.7067
0.2000      3743.621838     0.000019048   -399074.0340    -40451.644
0.2400      2496.680884     0.000013606   -400320.9747    -23652.713
0.2800      1747.942825     0.000021769   -401069.7129    -14666.790
0.3200      1270.000347     0.000005442   -401547.6555     -9687.079
0.3600       945.540494     0.000019048   -401872.1152     -6764.007
0.4000       714.781911     0.000021769   -402102.8738     -4890.705
0.4500       511.801188     0.000010885   -402305.8545     -3331.832
0.5000       372.661968     0.000019048   -402444.9937     -2296.441
0.5500       276.242410     0.000008163   -402541.4132     -1601.227
0.6000       208.461013     0.000013606   -402609.1946     -1135.364
0.6500       159.962575     0.000013606   -402657.6932      -822.019
0.7000       124.424737     0.000008163   -402693.2310      -610.670
0.7500        97.733285     0.000016327   -402719.9224      -465.575
0.8000        77.208976     0.000008163   -402740.4469      -362.710
0.8500        61.127879     0.000019048   -402756.5277      -286.919
0.9000        48.394502     0.000016327   -402769.2613      -228.654
0.9500        38.265555     0.000021769   -402779.3902      -182.564
1.0000        30.203787     0.000010885   -402787.4518      -145.597
1.1000        18.738965     0.000010885   -402798.9168       -91.755
1.2000        11.614822     0.000027211   -402806.0410       -57.033
1.3000         7.257562     0.000024490   -402810.3981       -34.909
1.4000         4.791334     0.000010885   -402812.8643       -21.484
1.5000         3.428459     0.000024490   -402814.2273       -13.679
1.6000         2.619040     0.000010885   -402815.0366        -9.439
1.7000         2.061780     0.000013606   -402815.5939        -6.984
1.8000         1.591420     0.000019048   -402816.0643        -5.688
1.9000         1.152158     0.000019048   -402816.5035        -4.667
2.0000         0.748281     0.000005442   -402816.9074        -3.773
2.1000         0.393776     0.000010885   -402817.2619        -3.022
2.2000         0.102494     0.000005442   -402817.5534        -2.239
2.3000        -0.123371     0.000010885   -402817.7792        -1.570
2.4000        -0.284454     0.000021769   -402817.9403        -1.067
2.5000        -0.268089     0.000010885   -402817.9237        -0.668
2.6000        -0.262497     0.000021769   -402817.9183        -0.331
2.7000        -0.236780     0.000019048   -402817.8924        -0.064
2.8000        -0.190140     0.000013606   -402817.8459         0.104
2.9000        -0.127417     0.000013606   -402817.7830         0.272
3.0000        -0.053179     0.000016327   -402817.7090         0.365
3.1000         0.028488     0.000027211   -402817.6274         0.457
3.2000         0.115306     0.000027211   -402817.5403         0.503
3.3000         0.205130     0.000024490   -402817.4505         0.526
3.4000         0.295663     0.000016327   -402817.3602         0.549
3.5000         0.385033     0.000024490   -402817.2706         0.532
3.6000         0.471778     0.000019048   -402817.1838         0.522
3.7000         0.555330     0.000019048   -402817.1003         0.504
3.8000         0.635217     0.000019048   -402817.0206         0.488
3.9000         0.711129     0.000027211   -402816.9446         0.452
4.0000         0.782823     0.000019048   -402816.8728         0.442
5.0000         1.250921     0.000010885   -402816.4048         0.187
6.0000         1.412633     0.000021769   -402816.2431         0.042
7.0000         1.460294     0.000019048   -402816.1955         0.016
8.0000         1.475478     0.000019048   -402816.1803         0.005
9.0000         1.481715     0.000008163   -402816.1740         0.002
10.0000         1.485203     0.000010885   -402816.1705         0.001
100.0000         1.502336     0.000024490   -402816.1533
1000.0000         1.503585     0.000024490   -402816.1522
