0.0020    578389.055974     0.000002721    476233.9278
0.0040    283319.178554     0.000016327    181164.0503
0.0060    185138.400292     0.000002721     82983.2720
0.0080    136208.591523     0.000024490     34053.4632
0.0100    106975.316464     0.000008163      4820.1882
0.0120     87564.028389     0.000021769    -14591.0999
0.0140     73769.296165     0.000021769    -28385.8321
0.0160     63471.920169     0.000016327    -38683.2081
0.0180     55494.925977     0.000019048    -46660.2023
0.0200     49138.634247     0.000019048    -53016.4940
0.0400     21063.149896     0.000010885    -81091.9784
0.0600     12220.109093     0.000021769    -89935.0192
0.0800      8086.485479     0.000010885    -94068.6428
0.1000      5746.539579     0.000016327    -96408.5887
0.1200      4268.332128     0.000016327    -97886.7961
0.1400      3271.121449     0.000010885    -98884.0068    -41425.461
0.1600      2570.298663     0.000005442    -99584.8296    -29602.459
0.1800      2062.369681     0.000016327   -100092.7586    -21715.148
0.2000      1685.433813     0.000019048   -100469.6945    -16281.420
0.2400      1180.075582     0.000024490   -100975.0527     -9695.268
0.2800       868.081628     0.000019048   -101287.0467     -6258.513
0.3200       658.774321     0.000010885   -101496.3540     -4380.530
0.3600       507.850812     0.000010885   -101647.2775     -3244.165
0.4000       394.619763     0.000019048   -101760.5085     -2455.290
0.4500       290.673561     0.000005442   -101864.4547     -1736.819
0.5000       217.168211     0.000005442   -101937.9601     -1228.878
0.5500       164.826925     0.000016327   -101990.3014      -881.378
0.6000       126.961484     0.000021769   -102028.1668      -644.380
0.6500        99.031337     0.000013606   -102056.0969      -479.748
0.7000        78.099196     0.000019048   -102077.0291      -363.055
0.7500        62.169351     0.000008163   -102092.9589      -278.912
0.8000        49.869128     0.000005442   -102105.2592      -217.579
0.8500        40.236642     0.000027211   -102114.8916      -171.967
0.9000        32.602983     0.000024490   -102122.5253      -137.405
0.9500        26.496534     0.000021769   -102128.6317      -110.621
1.0000        21.580011     0.000021769   -102133.5483       -89.433
1.1000        14.400189     0.000019048   -102140.7281       -58.662
1.2000         9.725081     0.000013606   -102145.4032       -38.102
1.3000         6.722156     0.000013606   -102148.4061       -24.287
1.4000         4.839392     0.000013606   -102150.2889       -15.047
1.5000         3.696524     0.000016327   -102151.4318        -8.998
1.6000         3.124861     0.000016327   -102152.0034        -5.223
1.7000         2.871412     0.000016327   -102152.2569        -2.962
1.8000         2.762169     0.000013606   -102152.3661        -1.630
1.9000         2.730966     0.000019048   -102152.3973        -0.879
2.0000         2.734196     0.000019048   -102152.3941        -0.488
2.1000         2.747409     0.000019048   -102152.3809        -0.307
2.2000         2.758384     0.000010885   -102152.3699        -0.230
2.3000         2.762033     0.000021769   -102152.3663        -0.200
2.4000         2.758275     0.000008163   -102152.3700        -0.186
2.5000         2.749282     0.000027211   -102152.3790        -0.174
2.6000         2.737208     0.000021769   -102152.3911        -0.158
2.7000         2.723774     0.000016327   -102152.4045        -0.142
2.8000         2.710465     0.000027211   -102152.4178        -0.124
2.9000         2.698249     0.000024490   -102152.4300        -0.098
3.0000         2.687591     0.000021769   -102152.4407        -0.086
3.1000         2.678581     0.000019048   -102152.4497        -0.068
3.2000         2.671220     0.000016327   -102152.4571        -0.053
3.3000         2.665378     0.000024490   -102152.4629        -0.041
3.4000         2.660896     0.000019048   -102152.4674        -0.027
3.5000         2.657579     0.000016327   -102152.4707        -0.021
3.6000         2.655209     0.000013606   -102152.4731        -0.013
3.7000         2.653612     0.000013606   -102152.4747        -0.008
3.8000         2.652616     0.000024490   -102152.4757        -0.004
3.9000         2.652091     0.000019048   -102152.4762        -0.001
4.0000         2.651911     0.000010885   -102152.4764         0.002
5.0000         2.655952     0.000016327   -102152.4723         0.004
6.0000         2.658319     0.000005442   -102152.4700         0.001
7.0000         2.658891     0.000002721   -102152.4694         0.000
8.0000         2.659002     0.000002721   -102152.4693         0.000
9.0000         2.659019     0.000002721   -102152.4693
10.0000         2.659024     0.000002721   -102152.4693
100.0000         2.659024     0.000002721   -102152.4693
1000.0000         2.659024     0.000002721   -102152.4693
