0.0020  14038685.812051     0.000016327  13778633.8639
0.0040   6852257.754414     0.000021769   6592205.8067
0.0060   4464067.764413     0.000027211   4204015.8167
0.0080   3272173.795437     0.000016327   3012121.8495
0.0100   2559141.038382     0.000019048   2299089.0913
0.0120   2085794.908826     0.000021769   1825742.9615
0.0140   1748670.529533     0.000013606   1488618.5823
0.0160   1496914.442995     0.000019048   1236862.4957
0.0180   1302187.116866     0.000019048   1042135.1696
0.0200   1147453.094009     0.000021769    887401.1467
0.0400    472627.110836     0.000019048    212575.1636
0.0600    264755.352997     0.000021769      4703.4058
0.0800    169580.947716     0.000016327    -90470.9995
0.1000    116966.567923     0.000027211   -143085.3793
0.1200     84477.089900     0.000010885   -175574.8573
0.1400     63362.378877     0.000013606   -196689.5684
0.1600     49156.069510     0.000002721   -210895.8777
0.1800     38857.852927     0.000021769   -221194.0943
0.2000     31221.858215     0.000019048   -228830.0890
0.2400     20791.916848     0.000024490   -239260.0304
0.2800     14451.274381     0.000013606   -245600.6729
0.3200     10489.487255     0.000019048   -249562.4600
0.3600      7783.974871     0.000024490   -252267.9724
0.4000      5783.223227     0.000021769   -254268.7240    -41344.544
0.4500      4127.334590     0.000019048   -255924.6127    -26196.981
0.5000      3056.586117     0.000027211   -256995.3611    -17423.812
0.5500      2324.382798     0.000008163   -257727.5644    -12287.954
0.6000      1794.740957     0.000027211   -258257.2063     -9139.663
0.6500      1392.355312     0.000019048   -258659.5919     -7072.067
0.7000      1080.425942     0.000021769   -258971.5213     -5456.366
0.7500       841.545638     0.000010885   -259210.4016     -4146.025
0.8000       660.443191     0.000013606   -259391.5040     -3141.213
0.8500       522.872569     0.000008163   -259529.0747     -2395.552
0.9000       417.450075     0.000013606   -259634.4972     -1846.392
0.9500       335.733651     0.000005442   -259716.2136     -1439.945
1.0000       271.637839     0.000016327   -259780.3094     -1136.048
1.1000       180.083125     0.000021769   -259871.8641      -728.959
1.2000       120.465196     0.000016327   -259931.4820      -482.287
1.3000        80.515892     0.000019048   -259971.4313      -325.073
1.4000        53.433342     0.000021769   -259998.5139      -220.745
1.5000        35.188038     0.000024490   -260016.7592      -149.758
1.6000        22.830222     0.000016327   -260029.1170      -101.713
1.7000        14.458432     0.000010885   -260037.4888       -69.778
1.8000         8.694376     0.000024490   -260043.2529       -48.089
1.9000         4.967046     0.000027211   -260046.9802       -33.532
2.0000         2.408124     0.000005442   -260049.5391       -23.500
2.1000         0.650478     0.000010885   -260051.2968       -16.307
2.2000        -0.542171     0.000024490   -260052.4894       -11.180
2.3000        -1.331228     0.000019048   -260053.2785        -7.425
2.4000        -1.829738     0.000016327   -260053.7770        -4.717
2.5000        -2.118685     0.000010885   -260054.0659        -2.695
2.6000        -2.257185     0.000008163   -260054.2044        -1.282
2.7000        -2.286824     0.000010885   -260054.2341        -0.233
2.8000        -2.149948     0.000016327   -260054.0972         0.434
2.9000        -1.924662     0.000019048   -260053.8719         0.820
3.0000        -1.685746     0.000019048   -260053.6330         1.107
3.1000        -1.444460     0.000021769   -260053.3917         1.234
3.2000        -1.206768     0.000013606   -260053.1540         1.301
3.3000        -0.978201     0.000010885   -260052.9254         1.338
3.4000        -0.735331     0.000013606   -260052.6826         1.302
3.5000        -0.501041     0.000010885   -260052.4483         1.232
3.6000        -0.283945     0.000010885   -260052.2312         1.162
3.7000        -0.084415     0.000013606   -260052.0317         1.085
3.8000         0.097991     0.000010885   -260051.8493         0.996
3.9000         0.264666     0.000008163   -260051.6826         0.906
4.0000         0.415932     0.000027211   -260051.5313         0.826
5.0000         1.261229     0.000021769   -260050.6860         0.243
6.0000         1.474164     0.000019048   -260050.4731         0.056
7.0000         1.517961     0.000016327   -260050.4293         0.014
8.0000         1.526521     0.000019048   -260050.4207         0.004
9.0000         1.528187     0.000021769   -260050.4191         0.001
10.0000         1.528480     0.000021769   -260050.4188         0.000
100.0000         1.527931     0.000016327   -260050.4193
1000.0000         1.527865     0.000013606   -260050.4194
