0.0020  18227585.309879     0.000019048  17680816.3074
0.0040   8875002.413081     0.000024490   8328233.4119
0.0060   5768076.114152     0.000010885   5221307.1132
0.0080   4220865.055006     0.000016327   3674096.0542
0.0100   3296841.672265     0.000019048   2750072.6719
0.0120   2683268.458567     0.000019048   2136499.4573
0.0140   2247298.852532     0.000021769   1700529.8512
0.0160   1922499.193441     0.000016327   1375730.1920
0.0180   1671376.903286     0.000021769   1124607.9021
0.0200   1472075.506526     0.000021769    925306.5051
0.0400    604553.214245     0.000013606     57784.2129
0.0600    337730.648333     0.000019048   -209038.3530
0.0800    215613.295703     0.000021769   -331155.7055
0.1000    148688.168058     0.000013606   -398080.8333
0.1200    107937.789209     0.000024490   -438831.2120
0.1400     80937.826049     0.000027211   -465831.1752
0.1600     61870.233580     0.000008163   -484898.7677
0.1800     48135.343630     0.000010885   -498633.6578
0.2000     38151.805975     0.000019048   -508617.1955
0.2400     25248.242462     0.000024490   -521520.7589
0.2800     17431.314310     0.000024490   -529337.6871
0.3200     12242.376189     0.000013606   -534526.6252
0.3600      8878.056789     0.000027211   -537890.9445
0.4000      6587.167590     0.000027211   -540181.8339    -47563.680
0.4500      4649.736842     0.000016327   -542119.2646    -31358.532
0.5000      3323.142650     0.000019048   -543445.8588    -22378.520
0.5500      2383.388735     0.000027211   -544385.6125    -15489.707
0.6000      1740.189017     0.000021769   -545028.8123    -10549.310
0.6500      1299.463081     0.000021769   -545469.5382     -7296.701
0.7000       990.783816     0.000013606   -545778.2174     -5186.387
0.7500       768.213312     0.000021769   -546000.7879     -3800.154
0.8000       602.937963     0.000024490   -546166.0634     -2863.208
0.8500       477.017037     0.000019048   -546291.9844     -2208.825
0.9000       379.323081     0.000021769   -546389.6782     -1758.155
0.9500       300.914374     0.000024490   -546468.0870     -1411.094
1.0000       238.096207     0.000016327   -546530.9051     -1118.025
1.1000       149.461754     0.000021769   -546619.5397      -690.669
1.2000        94.628079     0.000019048   -546674.3733      -428.833
1.3000        60.318432     0.000010885   -546708.6828      -270.181
1.4000        38.509206     0.000008163   -546730.4922      -172.713
1.5000        24.454735     0.000027211   -546744.5466      -111.681
1.6000        15.306859     0.000024490   -546753.6946       -72.778
1.7000         9.316578     0.000013606   -546759.6846       -47.628
1.8000         5.386863     0.000021769   -546763.6145       -31.103
1.9000         2.816581     0.000013606   -546766.1849       -20.203
2.0000         1.153208     0.000024490   -546767.8480       -13.020
2.1000         0.099441     0.000013606   -546768.9019        -8.114
2.2000        -0.542427     0.000019048   -546769.5438        -4.865
2.3000        -0.904910     0.000019048   -546769.9063        -2.637
2.4000        -1.078820     0.000027211   -546770.0802        -1.153
2.5000        -1.126331     0.000021769   -546770.1275        -0.167
2.6000        -1.090157     0.000021769   -546770.0916         0.497
2.7000        -0.982911     0.000019048   -546769.9841         0.902
2.8000        -0.782722     0.000019048   -546769.7841         1.085
2.9000        -0.562865     0.000021769   -546769.5643         1.193
3.0000        -0.337307     0.000016327   -546769.3387         1.191
3.1000        -0.115648     0.000013606   -546769.1169         1.128
3.2000         0.094266     0.000010885   -546768.9071         1.050
3.3000         0.287624     0.000024490   -546768.7136         0.954
3.4000         0.462466     0.000024490   -546768.5389         0.836
3.5000         0.617952     0.000016327   -546768.3833         0.732
3.6000         0.754131     0.000013606   -546768.2472         0.638
3.7000         0.872079     0.000016327   -546768.1291         0.553
3.8000         0.973722     0.000019048   -546768.0276         0.467
3.9000         1.060842     0.000019048   -546767.9405         0.399
4.0000         1.134859     0.000024490   -546767.8665         0.341
5.0000         1.457287     0.000021769   -546767.5441         0.065
6.0000         1.512567     0.000016327   -546767.4888         0.019
7.0000         1.523686     0.000024490   -546767.4777         0.004
8.0000         1.527250     0.000024490   -546767.4741         0.001
9.0000         1.529079     0.000021769   -546767.4722         0.001
10.0000         1.530309     0.000021769   -546767.4709         0.001
100.0000         1.537879     0.000016327   -546767.4635
1000.0000         1.538486     0.000019048   -546767.4627
