0.0020   1827025.417457     0.000024490   1521235.8626
0.0040    892039.709820     0.000010885    586250.1550
0.0060    581233.176357     0.000013606    275443.6215
0.0080    426451.646488     0.000008163    120662.0916
0.0100    334140.081444     0.000019048     28350.5266
0.0120    272906.741848     0.000013606    -32882.8130
0.0140    229366.617957     0.000024490    -76422.9369
0.0160    196857.976795     0.000008163   -108931.5781
0.0180    171688.707742     0.000024490   -134100.8471
0.0200    151640.207520     0.000021769   -154149.3474
0.0400     63768.321383     0.000016327   -242021.2335
0.0600     36509.818340     0.000010885   -269279.7365
0.0800     23736.085681     0.000024490   -282053.4691
0.1000     16646.661510     0.000016327   -289142.8933
0.1200     12279.319961     0.000008163   -293510.2350
0.1400      9375.568460     0.000008163   -296413.9864
0.1600      7317.829750     0.000019048   -298471.7253
0.1800      5798.009744     0.000027211   -299991.5451
0.2000      4652.142901     0.000010885   -301137.4118    -49796.862
0.2400      3105.128572     0.000019048   -302684.4262    -29579.191
0.2800      2165.784565     0.000013606   -303623.7704    -18434.322
0.3200      1567.378543     0.000013606   -304222.1762    -12051.907
0.3600      1166.635533     0.000021769   -304622.9193     -8305.102
0.4000       883.991351     0.000019048   -304905.5635     -5995.243
0.4500       634.386249     0.000021769   -305155.1687     -4127.255
0.5000       461.552692     0.000016327   -305328.0022     -2869.902
0.5500       341.271002     0.000005442   -305448.2839     -2000.651
0.6000       257.207418     0.000013606   -305532.3475     -1403.046
0.6500       197.871838     0.000008163   -305591.6831      -996.785
0.7000       155.187364     0.000013606   -305634.3674      -724.133
0.7500       123.687575     0.000024490   -305665.8673      -542.253
0.8000       100.013864     0.000005442   -305689.5410      -419.476
0.8500        81.657111     0.000008163   -305707.8978      -334.557
0.9000        66.856775     0.000002721   -305722.6981      -270.477
0.9500        54.829662     0.000010885   -305734.7252      -219.166
1.0000        45.080758     0.000019048   -305744.4742      -176.949
1.1000        30.897550     0.000013606   -305758.6574      -113.715
1.2000        21.830789     0.000019048   -305767.7242       -72.138
1.3000        16.100539     0.000016327   -305773.4544       -45.603
1.4000        12.492578     0.000005442   -305777.0623       -28.917
1.5000        10.444139     0.000005442   -305779.1108       -19.192
1.6000         9.148586     0.000019048   -305780.4064       -13.534
1.7000         8.244778     0.000019048   -305781.3100       -10.456
1.8000         7.564676     0.000019048   -305781.9903        -8.465
1.9000         6.989394     0.000016327   -305782.5656        -7.315
2.0000         6.467575     0.000008163   -305783.0872        -6.235
2.1000         5.987628     0.000027211   -305783.5672        -5.337
2.2000         5.555547     0.000016327   -305783.9993        -4.536
2.3000         5.172990     0.000024490   -305784.3819        -3.719
2.4000         4.840418     0.000021769   -305784.7145        -3.011
2.5000         4.560363     0.000024490   -305784.9945        -2.420
2.6000         4.327793     0.000010885   -305785.2271        -1.862
2.7000         4.136051     0.000024490   -305785.4190        -1.403
2.8000         3.981661     0.000010885   -305785.5733        -1.041
2.9000         3.861694     0.000002721   -305785.6933        -0.747
3.0000         3.769380     0.000024490   -305785.7855        -0.498
3.1000         3.699479     0.000008163   -305785.8554        -0.292
3.2000         3.648050     0.000013606   -305785.9069        -0.133
3.3000         3.613262     0.000024490   -305785.9417        -0.031
3.4000         3.592046     0.000008163   -305785.9629         0.051
3.5000         3.581090     0.000010885   -305785.9738         0.117
3.6000         3.577795     0.000027211   -305785.9771         0.162
3.7000         3.580503     0.000021769   -305785.9743         0.194
3.8000         3.587776     0.000008163   -305785.9670         0.210
3.9000         3.599031     0.000021769   -305785.9558         0.211
4.0000         3.613341     0.000010885   -305785.9414         0.205
5.0000         3.780136     0.000005442   -305785.7746         0.104
6.0000         3.865395     0.000016327   -305785.6894         0.049
7.0000         3.884865     0.000016327   -305785.6701         0.012
8.0000         3.885382     0.000021769   -305785.6696         0.005
9.0000         3.882261     0.000010885   -305785.6726         0.002
10.0000         3.879112     0.000016327   -305785.6758         0.001
100.0000         3.856783     0.000005442   -305785.6982
1000.0000         3.855006     0.000016327   -305785.6998
