0.0020   3249583.221864     0.000024490   3205569.2120
0.0040   1596712.369093     0.000019048   1552698.3586
0.0060   1045725.075879     0.000016327   1001711.0656
0.0080    770668.889812     0.000024490    726654.8794
0.0100    605902.197928     0.000013606    561888.1876
0.0120    496222.714088     0.000002721    452208.7038
0.0140    418009.742917     0.000027211    373995.7325
0.0160    359593.122293     0.000024490    315579.1120
0.0180    314358.617174     0.000019048    270344.6068
0.0200    278254.550395     0.000021769    234240.5401
0.0400    118216.798857     0.000010885     74202.7885
0.0600     67758.811294     0.000027211     23744.8010
0.0800     44317.924010     0.000024490       303.9137
0.1000     31161.440854     0.000019048    -12852.5695
0.1200     22899.378833     0.000021769    -21114.6315
0.1400     17387.550948     0.000021769    -26626.4594
0.1600     13575.860304     0.000008163    -30438.1500
0.1800     10865.839634     0.000024490    -33148.1707
0.2000      8886.557749     0.000010885    -35127.4526
0.2400      6108.318036     0.000024490    -37905.6923
0.2800      4312.524189     0.000024490    -39701.4861    -36110.091
0.3200      3116.355823     0.000024490    -40897.6545    -24598.934
0.3600      2291.453915     0.000019048    -41722.5564    -17092.253
0.4000      1717.967750     0.000016327    -42296.0426    -11914.137
0.4500      1236.151267     0.000021769    -42777.8591     -7715.684
0.5000       919.756600     0.000013606    -43094.2537     -5168.267
0.5500       702.404968     0.000010885    -43311.6054     -3679.810
0.6000       540.066661     0.000021769    -43473.9437     -2906.746
0.6500       408.775906     0.000002721    -43605.2344     -2320.873
0.7000       308.004229     0.000010885    -43706.0061     -1749.496
0.7500       232.927256     0.000019048    -43781.0831     -1266.858
0.8000       179.142411     0.000016327    -43834.8679      -908.223
0.8500       140.549222     0.000019048    -43873.4611      -654.690
0.9000       113.150789     0.000024490    -43900.8595      -486.166
0.9500        92.233073     0.000010885    -43921.7772      -397.805
1.0000        73.702648     0.000013606    -43940.3077      -332.520
1.1000        46.918341     0.000013606    -43967.0920      -211.009
1.2000        29.668373     0.000013606    -43984.3420      -137.885
1.3000        18.531426     0.000027211    -43995.4789       -90.619
1.4000        11.347400     0.000016327    -44002.6629       -58.568
1.5000         6.762595     0.000021769    -44007.2478       -36.753
1.6000         3.942199     0.000016327    -44010.0681       -22.304
1.7000         2.325143     0.000024490    -44011.6852       -13.097
1.8000         1.612468     0.000024490    -44012.3979        -7.667
1.9000         1.260380     0.000005442    -44012.7500        -4.526
2.0000         1.084793     0.000016327    -44012.9255        -2.878
2.1000         0.970233     0.000021769    -44013.0401        -2.059
2.2000         0.859181     0.000021769    -44013.1512        -1.660
2.3000         0.738553     0.000019048    -44013.2718        -1.334
2.4000         0.616444     0.000005442    -44013.3939        -1.076
2.5000         0.508230     0.000019048    -44013.5021        -0.759
2.6000         0.453625     0.000008163    -44013.5567        -0.446
2.7000         0.454262     0.000019048    -44013.5561        -0.163
2.8000         0.468605     0.000016327    -44013.5417         0.097
2.9000         0.494611     0.000019048    -44013.5157         0.282
3.0000         0.531569     0.000021769    -44013.4788         0.429
3.1000         0.576933     0.000013606    -44013.4334         0.552
3.2000         0.628357     0.000019048    -44013.3820         0.635
3.3000         0.684818     0.000021769    -44013.3255         0.683
3.4000         0.744798     0.000021769    -44013.2655         0.720
3.5000         0.806263     0.000019048    -44013.2041         0.736
3.6000         0.868093     0.000013606    -44013.1422         0.742
3.7000         0.932853     0.000005442    -44013.0775         0.724
3.8000         1.013061     0.000008163    -44012.9973         0.700
3.9000         1.112576     0.000016327    -44012.8978         0.663
4.0000         1.211329     0.000013606    -44012.7990         0.619
5.0000         1.857746     0.000027211    -44012.1526         0.235
6.0000         2.045962     0.000021769    -44011.9644         0.066
7.0000         2.089756     0.000027211    -44011.9206         0.019
8.0000         2.099759     0.000013606    -44011.9106         0.006
9.0000         2.102303     0.000002721    -44011.9080         0.003
10.0000         2.103147     0.000010885    -44011.9072         0.002
100.0000         2.104908     0.000019048    -44011.9054
1000.0000         2.104967     0.000013606    -44011.9054
