0.0020  25353172.760738     0.000019048  24804627.6607
0.0040  12357357.280326     0.000019048  11808812.1784
0.0060   8032022.587534     0.000016327   7483477.4874
0.0080   5876147.466710     0.000013606   5327602.3662
0.0100   4587249.254905     0.000021769   4038704.1533
0.0120   3731108.532238     0.000010885   3182563.4297
0.0140   3122466.999674     0.000016327   2573921.8986
0.0160   2668904.331324     0.000024490   2120359.2300
0.0180   2318591.705383     0.000019048   1770046.6043
0.0200   2040569.526096     0.000024490   1492024.4249
0.0400    831622.783223     0.000019048    283077.6821
0.0600    464516.470577     0.000024490    -84028.6306
0.0800    296907.188206     0.000016327   -251637.9130
0.1000    204358.917161     0.000019048   -344186.1840
0.1200    147375.636902     0.000021769   -401169.4644
0.1400    109484.925874     0.000005442   -439060.1752
0.1600     83538.989851     0.000027211   -465006.1112
0.1800     65387.843154     0.000008163   -483157.2580
0.2000     52349.094043     0.000021769   -496196.0071
0.2400     34411.476725     0.000021769   -514133.6246
0.2800     23413.016804     0.000024490   -525132.0845
0.3200     16427.489792     0.000016327   -532117.6115
0.3600     11970.754840     0.000024490   -536574.3464
0.4000      8890.779883     0.000021769   -539654.3214
0.4500      6174.503166     0.000024490   -542370.5980    -42928.488
0.5000      4440.127388     0.000019048   -544104.9737    -27780.247
0.5500      3291.970292     0.000016327   -545253.1308    -18940.234
0.6000      2487.614053     0.000010885   -546057.4872    -13659.977
0.6500      1896.094326     0.000008163   -546649.0069    -10201.714
0.7000      1451.897841     0.000024490   -547093.2033     -7674.973
0.7500      1118.131595     0.000027211   -547426.9695     -5759.295
0.8000       867.719602     0.000024490   -547677.3816     -4323.822
0.8500       679.245977     0.000027211   -547865.8553     -3265.344
0.9000       536.214246     0.000013606   -548008.8869     -2490.873
0.9500       426.442685     0.000024490   -548118.6585     -1922.967
1.0000       341.136599     0.000021769   -548203.9646     -1502.720
1.1000       221.153802     0.000021769   -548323.9475      -944.629
1.2000       145.035018     0.000019048   -548400.0662      -608.901
1.3000        95.699897     0.000013606   -548449.4013      -396.683
1.4000        63.400134     0.000016327   -548481.7012      -259.755
1.5000        42.120082     0.000016327   -548502.9811      -171.091
1.6000        28.099146     0.000013606   -548517.0020      -115.548
1.7000        18.424687     0.000008163   -548526.6765       -79.734
1.8000        11.582120     0.000027211   -548533.5191       -55.810
1.9000         6.702338     0.000010885   -548538.3989       -39.212
2.0000         3.242717     0.000010885   -548541.8585       -27.342
2.1000         0.940714     0.000013606   -548544.1606       -18.843
2.2000        -0.413317     0.000019048   -548545.5147       -13.082
2.3000        -1.306653     0.000016327   -548546.4077        -8.846
2.4000        -1.865045     0.000019048   -548546.9664        -5.669
2.5000        -2.180618     0.000013606   -548547.2818        -3.429
2.6000        -2.320267     0.000024490   -548547.4214        -1.724
2.7000        -2.333053     0.000016327   -548547.4341        -0.567
2.8000        -2.255093     0.000013606   -548547.3563         0.289
2.9000        -2.114345     0.000021769   -548547.2156         0.837
3.0000        -1.929658     0.000010885   -548547.0309         1.252
3.1000        -1.718528     0.000016327   -548546.8197         1.499
3.2000        -1.405036     0.000016327   -548546.5062         1.537
3.3000        -1.091245     0.000027211   -548546.1925         1.539
3.4000        -0.799544     0.000013606   -548545.9008         1.498
3.5000        -0.529398     0.000016327   -548545.6306         1.414
3.6000        -0.280239     0.000024490   -548545.3816         1.324
3.7000        -0.052189     0.000016327   -548545.1533         1.236
3.8000         0.155255     0.000021769   -548544.9459         1.135
3.9000         0.354801     0.000013606   -548544.7465         1.017
4.0000         0.549284     0.000005442   -548544.5519         0.891
5.0000         1.519963     0.000024490   -548543.5813         0.234
6.0000         1.732609     0.000021769   -548543.3685         0.073
7.0000         1.780629     0.000024490   -548543.3206         0.022
8.0000         1.794864     0.000016327   -548543.3064         0.010
9.0000         1.801185     0.000021769   -548543.2999         0.007
10.0000         1.804978     0.000008163   -548543.2961         0.004
100.0000         1.826105     0.000013606   -548543.2752         0.000
1000.0000         1.827697     0.000010885   -548543.2735
