0.0020   1464027.244479     0.000019048   1283803.5150
0.0040    715572.300835     0.000008163    535348.5713
0.0060    467046.275624     0.000010885    286822.5459
0.0080    343028.133426     0.000021769    162804.4038
0.0100    269021.614800     0.000021769     88797.8852
0.0120    219978.457483     0.000019048     39754.7279
0.0140    185091.760854     0.000016327      4868.0313
0.0160    159038.450869     0.000019048    -21185.2787
0.0180    138855.000022     0.000019048    -41368.7296
0.0200    122770.710273     0.000002721    -57453.0193
0.0400     52075.068246     0.000019048   -128148.6614
0.0600     30059.229125     0.000024490   -150164.5005
0.0800     19727.999567     0.000021769   -160495.7300
0.1000     13917.438610     0.000008163   -166306.2910
0.1200     10306.050973     0.000027211   -169917.6786
0.1400      7923.391762     0.000019048   -172300.3379
0.1600      6272.770707     0.000019048   -173950.9589
0.1800      5073.940312     0.000005442   -175149.7893
0.2000      4165.053645     0.000016327   -176058.6759    -39952.556
0.2400      2884.349880     0.000021769   -177339.3797    -25460.215
0.2800      2054.278882     0.000027211   -178169.4507    -16684.945
0.3200      1508.842746     0.000016327   -178714.8869    -10980.676
0.3600      1147.734048     0.000024490   -179075.9956     -7361.243
0.4000       900.993986     0.000016327   -179322.7356     -5189.355
0.4500       683.071663     0.000010885   -179540.6579     -3709.859
0.5000       519.285865     0.000021769   -179704.4437     -2841.673
0.5500       394.907833     0.000016327   -179828.8218     -2159.907
0.6000       300.872691     0.000016327   -179922.8569     -1623.952
0.6500       230.401508     0.000024490   -179993.3281     -1213.884
0.7000       177.779242     0.000019048   -180045.9504      -906.727
0.7500       138.416235     0.000013606   -180085.3134      -679.665
0.8000       108.838539     0.000016327   -180114.8911      -512.661
0.8500        86.442619     0.000021769   -180137.2870      -390.175
0.9000        69.306911     0.000013606   -180154.4227      -300.436
0.9500        56.024985     0.000016327   -180167.7046      -234.673
1.0000        45.570234     0.000010885   -180178.1594      -186.347
1.1000        30.359327     0.000013606   -180193.3703      -123.937
1.2000        19.932824     0.000024490   -180203.7968       -87.355
1.3000        12.477217     0.000019048   -180211.2524       -63.167
1.4000         7.113298     0.000027211   -180216.6163       -44.771
1.5000         3.306870     0.000021769   -180220.4227       -31.694
1.6000         0.912180     0.000013606   -180222.8174       -21.842
1.7000        -0.591774     0.000008163   -180224.3214       -14.712
1.8000        -1.569817     0.000021769   -180225.2994        -9.330
1.9000        -2.144149     0.000019048   -180225.8738        -5.646
2.0000        -2.428454     0.000019048   -180226.1581        -2.915
2.1000        -2.511672     0.000021769   -180226.2413        -1.082
2.2000        -2.458207     0.000016327   -180226.1878         0.113
2.3000        -2.318438     0.000013606   -180226.0480         0.956
2.4000        -2.126805     0.000013606   -180225.8564         1.444
2.5000        -1.907473     0.000013606   -180225.6371         1.686
2.6000        -1.678249     0.000010885   -180225.4078         1.801
2.7000        -1.451758     0.000024490   -180225.1814         1.830
2.8000        -1.235329     0.000013606   -180224.9649         1.755
2.9000        -1.033072     0.000016327   -180224.7627         1.656
3.0000        -0.848209     0.000019048   -180224.5778         1.533
3.1000        -0.681548     0.000019048   -180224.4111         1.391
3.2000        -0.532815     0.000013606   -180224.2624         1.259
3.3000        -0.400952     0.000021769   -180224.1306         1.124
3.4000        -0.284792     0.000019048   -180224.0144         1.004
3.5000        -0.182972     0.000019048   -180223.9126         0.889
3.6000        -0.093977     0.000024490   -180223.8236         0.780
3.7000        -0.016373     0.000010885   -180223.7460         0.683
3.8000         0.051236     0.000021769   -180223.6784         0.601
3.9000         0.122816     0.000016327   -180223.6068         0.516
4.0000         0.192480     0.000013606   -180223.5371         0.438
5.0000         0.475043     0.000002721   -180223.2546         0.089
6.0000         0.514978     0.000005442   -180223.2146         0.009
7.0000         0.521242     0.000013606   -180223.2084         0.006
8.0000         0.522355     0.000000000   -180223.2073         0.003
9.0000         0.522633     0.000002721   -180223.2070         0.002
10.0000         0.522747     0.000000000   -180223.2069         0.001
100.0000         0.522981     0.000013606   -180223.2066
1000.0000         0.522968     0.000027211   -180223.2066
