0.0020   8555197.324245     0.000019048   8341410.4515
0.0040   4170252.350074     0.000021769   3956465.4750
0.0060   2720321.532621     0.000016327   2506534.6587
0.0080   1995985.673530     0.000010885   1782198.7996
0.0100   1562991.739831     0.000019048   1349204.8660
0.0120   1275395.435386     0.000024490   1061608.5616
0.0140   1070697.740498     0.000016327    856910.8665
0.0160    917894.600116     0.000019048    704107.7262
0.0180    799644.659566     0.000019048    585857.7857
0.0200    705547.055061     0.000013606    491760.1811
0.0400    294085.020562     0.000016327     80298.1467
0.0600    166968.816552     0.000005442    -46818.0573
0.0800    107298.296499     0.000016327   -106488.5774
0.1000     74484.156926     0.000019048   -139302.7170
0.1200     54289.677756     0.000024490   -159497.1961
0.1400     40790.404783     0.000021769   -172996.4691
0.1600     31437.670758     0.000016327   -182349.2032
0.1800     24817.655511     0.000024490   -188969.2184
0.2000     20027.971752     0.000013606   -193758.9021
0.2400     13686.071446     0.000013606   -200100.8025
0.2800      9496.666236     0.000024490   -204290.2077
0.3200      6822.239585     0.000021769   -206964.6343
0.3600      5069.284630     0.000010885   -208717.5893    -35665.816
0.4000      3882.773409     0.000010885   -209904.1005    -24562.627
0.4500      2876.039345     0.000027211   -210910.8346    -16682.794
0.5000      2143.537673     0.000013606   -211643.3362    -12758.864
0.5500      1598.112111     0.000019048   -212188.7618     -9186.475
0.6000      1209.123793     0.000024490   -212577.7501     -6530.172
0.6500       930.915547     0.000027211   -212855.9584     -4706.598
0.7000       728.650770     0.000021769   -213058.2231     -3468.837
0.7500       578.431537     0.000027211   -213208.4424     -2630.845
0.8000       463.029795     0.000016327   -213323.8441     -2034.563
0.8500       372.894239     0.000019048   -213413.9797     -1599.719
0.9000       301.425387     0.000016327   -213485.4485     -1277.466
0.9500       244.010574     0.000010885   -213542.8633     -1031.338
1.0000       197.540027     0.000027211   -213589.3339      -835.472
1.1000       130.036693     0.000024490   -213656.8372      -548.047
1.2000        86.129086     0.000021769   -213700.7448      -349.582
1.3000        58.048376     0.000016327   -213728.8255      -229.706
1.4000        38.598301     0.000008163   -213748.2756      -158.536
1.5000        24.841243     0.000019048   -213762.0327      -111.222
1.6000        15.630163     0.000024490   -213771.2437       -76.588
1.7000         9.339550     0.000016327   -213777.5344       -52.633
1.8000         5.053981     0.000019048   -213781.8199       -35.889
1.9000         2.159831     0.000016327   -213784.7141       -24.251
2.0000         0.237411     0.000013606   -213786.6365       -15.987
2.1000        -0.997175     0.000021769   -213787.8711       -10.196
2.2000        -1.704922     0.000016327   -213788.5788        -6.199
2.3000        -2.099471     0.000016327   -213788.9734        -3.402
2.4000        -2.277545     0.000016327   -213789.1514        -1.468
2.5000        -2.307284     0.000016327   -213789.1812        -0.173
2.6000        -2.238301     0.000024490   -213789.1122         0.745
2.7000        -2.104753     0.000013606   -213788.9787         1.272
2.8000        -1.931005     0.000010885   -213788.8049         1.656
2.9000        -1.734618     0.000010885   -213788.6085         1.863
3.0000        -1.459565     0.000019048   -213788.3335         1.856
3.1000        -1.142688     0.000016327   -213788.0166         1.752
3.2000        -0.857616     0.000008163   -213787.7315         1.630
3.3000        -0.602019     0.000021769   -213787.4759         1.485
3.4000        -0.373572     0.000019048   -213787.2475         1.353
3.5000        -0.170267     0.000024490   -213787.0442         1.223
3.6000         0.010452     0.000027211   -213786.8635         1.099
3.7000         0.170754     0.000013606   -213786.7032         0.983
3.8000         0.312751     0.000016327   -213786.5611         0.879
3.9000         0.438468     0.000016327   -213786.4354         0.787
4.0000         0.563273     0.000021769   -213786.3106         0.682
5.0000         1.196678     0.000019048   -213785.6772         0.152
6.0000         1.337114     0.000005442   -213785.5368         0.033
7.0000         1.385520     0.000013606   -213785.4884         0.018
8.0000         1.411425     0.000016327   -213785.4625         0.011
9.0000         1.428702     0.000016327   -213785.4452         0.008
10.0000         1.441412     0.000016327   -213785.4325         0.006
100.0000         1.521650     0.000010885   -213785.3522         0.000
1000.0000         1.528061     0.000002721   -213785.3459
