0.0020    677786.949127     0.000016327    621155.3052
0.0040    332500.936004     0.000008163    275869.2921
0.0060    217523.712204     0.000024490    160892.0682
0.0080    160141.594327     0.000021769    103509.9504
0.0100    125848.737432     0.000016327     69217.0935
0.0120    103081.847705     0.000008163     46450.2037
0.0140     86882.202864     0.000013606     30250.5589
0.0160     74791.728764     0.000016327     18160.0848
0.0180     65428.943565     0.000013606      8797.2996
0.0200     57965.974216     0.000010885      1334.3302
0.0400     25001.344478     0.000021769    -31630.2995
0.0600     14552.029064     0.000016327    -42079.6149
0.0800      9610.780820     0.000013606    -47020.8631
0.1000      6841.073444     0.000019048    -49790.5705
0.1200      5104.325997     0.000010885    -51527.3180
0.1400      3923.445983     0.000016327    -52708.1980    -49353.521
0.1600      3078.107362     0.000019048    -53553.5366    -36065.438
0.1800      2452.679325     0.000024490    -54178.9646    -27022.854
0.2000      1980.004024     0.000016327    -54651.6399    -20593.370
0.2400      1335.976146     0.000013606    -55295.6678    -12403.830
0.2800       940.546381     0.000019048    -55691.0976     -7786.011
0.3200       687.750643     0.000021769    -55943.8933     -5082.473
0.3600       519.710547     0.000024490    -56111.9334     -3450.756
0.4000       403.319004     0.000024490    -56228.3250     -2448.181
0.4500       301.274383     0.000019048    -56330.3696     -1702.295
0.5000       228.243922     0.000013606    -56403.4000     -1251.726
0.5500       173.817676     0.000013606    -56457.8263      -941.983
0.6000       132.772603     0.000008163    -56498.8714      -710.146
0.6500       101.882721     0.000027211    -56529.7612      -533.390
0.7000        78.704291     0.000021769    -56552.9397      -399.919
0.7500        61.313624     0.000019048    -56570.3303      -300.360
0.8000        48.227579     0.000021769    -56583.4164      -226.603
0.8500        38.321725     0.000016327    -56593.3223      -172.210
0.9000        30.762404     0.000013606    -56600.8816      -132.091
0.9500        24.933908     0.000013606    -56606.7101      -102.466
1.0000        20.385099     0.000021769    -56611.2589       -80.555
1.1000        13.896386     0.000021769    -56617.7476       -51.932
1.2000         9.606736     0.000016327    -56622.0372       -35.292
1.3000         6.899020     0.000013606    -56624.7449       -25.588
1.4000         4.978945     0.000016327    -56626.6650       -19.661
1.5000         3.453757     0.000027211    -56628.1902       -15.184
1.6000         2.236730     0.000008163    -56629.4072       -11.606
1.7000         1.285695     0.000027211    -56630.3583        -8.656
1.8000         0.558786     0.000021769    -56631.0852        -6.396
1.9000         0.016262     0.000013606    -56631.6277        -4.567
2.0000        -0.377335     0.000021769    -56632.0213        -3.164
2.1000        -0.654067     0.000024490    -56632.2980        -2.112
2.2000        -0.840250     0.000016327    -56632.4842        -1.295
2.3000        -0.955710     0.000021769    -56632.5997        -0.681
2.4000        -1.017268     0.000019048    -56632.6613        -0.245
2.5000        -1.038719     0.000008163    -56632.6827         0.098
2.6000        -1.028683     0.000010885    -56632.6727         0.339
2.7000        -0.943308     0.000019048    -56632.5873         0.480
2.8000        -0.837814     0.000021769    -56632.4818         0.556
2.9000        -0.739298     0.000016327    -56632.3833         0.621
3.0000        -0.640779     0.000016327    -56632.2848         0.649
3.1000        -0.542881     0.000024490    -56632.1868         0.661
3.2000        -0.445864     0.000019048    -56632.0898         0.658
3.3000        -0.351299     0.000021769    -56631.9953         0.644
3.4000        -0.259844     0.000016327    -56631.9038         0.620
3.5000        -0.172213     0.000010885    -56631.8162         0.590
3.6000        -0.088951     0.000019048    -56631.7329         0.559
3.7000        -0.010275     0.000021769    -56631.6542         0.518
3.8000         0.063481     0.000013606    -56631.5805         0.484
3.9000         0.132190     0.000008163    -56631.5118         0.447
4.0000         0.195794     0.000013606    -56631.4482         0.418
5.0000         0.587151     0.000010885    -56631.0568         0.159
6.0000         0.710196     0.000019048    -56630.9338         0.038
7.0000         0.746226     0.000010885    -56630.8977         0.017
8.0000         0.758822     0.000010885    -56630.8851         0.008
9.0000         0.764809     0.000008163    -56630.8792         0.005
10.0000         0.768472     0.000008163    -56630.8755         0.004
100.0000         0.787960     0.000016327    -56630.8560
1000.0000         0.789400     0.000016327    -56630.8546
