0.0020   4739583.670270     0.000016327   4670253.5655
0.0040   2325934.389050     0.000008163   2256604.2851
0.0060   1521486.596396     0.000021769   1452156.4924
0.0080   1119866.699320     0.000021769   1050536.5953
0.0100    879347.601923     0.000019048    810017.4980
0.0120    719269.400332     0.000019048    649939.2965
0.0140    605313.840972     0.000021769    535983.7370
0.0160    520215.495175     0.000016327    450885.3913
0.0180    454204.385809     0.000027211    384874.2818
0.0200    401514.997740     0.000010885    332184.8938
0.0400    168919.629039     0.000013606     99589.5251
0.0600     96433.198299     0.000013606     27103.0944
0.0800     62755.751449     0.000013606     -6574.3525
0.1000     43836.656144     0.000024490    -25493.4478
0.1200     32139.554643     0.000010885    -37190.5493
0.1400     24462.985993     0.000013606    -44867.1179
0.1600     19145.773744     0.000021769    -50184.3302
0.1800     15236.230571     0.000010885    -54093.8734
0.2000     12258.376452     0.000024490    -57071.7275
0.2400      8169.249865     0.000013606    -61160.8541
0.2800      5659.879602     0.000019048    -63670.2243    -49201.069
0.3200      4071.034432     0.000010885    -65259.0695    -31782.225
0.3600      3027.862197     0.000024490    -66302.2417    -21258.001
0.4000      2317.414420     0.000021769    -67012.6895    -14917.190
0.4500      1641.121932     0.000027211    -67688.9820    -11917.915
0.5000      1148.470522     0.000024490    -68181.6334     -8048.309
0.5500       816.234101     0.000013606    -68513.8698     -5433.317
0.6000       590.479709     0.000010885    -68739.6242     -3712.299
0.6500       434.864362     0.000019048    -68895.2396     -2580.538
0.7000       325.509125     0.000013606    -69004.5948     -1833.534
0.7500       246.851607     0.000016327    -69083.2523     -1336.190
0.8000       188.817572     0.000024490    -69141.2864      -998.917
0.8500       144.980326     0.000019048    -69185.1236      -762.678
0.9000       111.290150     0.000016327    -69218.8138      -589.680
0.9500        85.180598     0.000019048    -69244.9233      -457.550
1.0000        64.945580     0.000021769    -69265.1583      -354.120
1.1000        37.385737     0.000019048    -69292.7182      -209.706
1.2000        21.303337     0.000019048    -69308.8006      -123.706
1.3000        11.883168     0.000008163    -69318.2208       -73.085
1.4000         6.317675     0.000019048    -69323.7862       -43.656
1.5000         2.994908     0.000021769    -69327.1090       -26.512
1.6000         1.043367     0.000021769    -69329.0606       -16.029
1.7000        -0.123306     0.000019048    -69330.2272        -9.180
1.8000        -0.764439     0.000019048    -69330.8684        -4.655
1.9000        -1.051843     0.000021769    -69331.1558        -1.682
2.0000        -0.869638     0.000019048    -69330.9736        -0.202
2.1000        -0.551074     0.000016327    -69330.6550         0.708
2.2000        -0.193628     0.000024490    -69330.2976         1.252
2.3000         0.158942     0.000008163    -69329.9450         1.557
2.4000         0.506045     0.000013606    -69329.5979         1.694
2.5000         0.898703     0.000024490    -69329.2052         1.619
2.6000         1.227982     0.000027211    -69328.8759         1.578
2.7000         1.511566     0.000021769    -69328.5924         1.511
2.8000         1.762798     0.000010885    -69328.3411         1.455
2.9000         1.988688     0.000021769    -69328.1153         1.389
3.0000         2.195127     0.000021769    -69327.9088         1.307
3.1000         2.394867     0.000010885    -69327.7091         1.217
3.2000         2.597763     0.000019048    -69327.5062         1.105
3.3000         2.779097     0.000016327    -69327.3248         0.994
3.4000         2.941201     0.000005442    -69327.1627         0.890
3.5000         3.085253     0.000013606    -69327.0187         0.792
3.6000         3.212528     0.000016327    -69326.8914         0.701
3.7000         3.324675     0.000010885    -69326.7793         0.616
3.8000         3.423357     0.000016327    -69326.6806         0.540
3.9000         3.509625     0.000005442    -69326.5943         0.472
4.0000         3.584576     0.000005442    -69326.5194         0.410
5.0000         3.941048     0.000027211    -69326.1629         0.089
6.0000         4.009240     0.000010885    -69326.0947         0.017
7.0000         4.021771     0.000002721    -69326.0822         0.004
8.0000         4.024429     0.000019048    -69326.0795         0.001
9.0000         4.025175     0.000005442    -69326.0788         0.000
10.0000         4.025534     0.000024490    -69326.0784         0.000
100.0000         4.027156     0.000021769    -69326.0768
1000.0000         4.027289     0.000008163    -69326.0766
