0.0020         0.000000     0.000016327  26900012.0935
0.0040  13431829.338488     0.000019048  12727970.9277
0.0060   8724225.211918     0.000016327   8020366.8014
0.0080   6382827.104047     0.000021769   5678968.6926
0.0100   4983272.599562     0.000016327   4279414.1895
0.0120   4053641.847584     0.000010885   3349783.4365
0.0140   3392419.831916     0.000013606   2688561.4215
0.0160   2899001.006396     0.000013606   2195142.5959
0.0180   2517949.842600     0.000016327   1814091.4322
0.0200   2215602.894041     0.000016327   1511744.4836
0.0400    900720.599332     0.000019048    196862.1888
0.0600    500537.467051     0.000016327   -203320.9435
0.0800    318338.288917     0.000008163   -385520.1217
0.1000    218780.475336     0.000016327   -485077.9352
0.1200    157779.620046     0.000027211   -546078.7904
0.1400    117218.947700     0.000021769   -586639.4628
0.1600     89706.575339     0.000016327   -614151.8353
0.1800     70608.141549     0.000021769   -633250.2690
0.2000     56553.470928     0.000013606   -647304.9395
0.2400     37296.792606     0.000024490   -666561.6180
0.2800     25441.192732     0.000019048   -678417.2178
0.3200     18103.074794     0.000010885   -685755.3356
0.3600     13186.056529     0.000021769   -690672.3541
0.4000      9693.098985     0.000027211   -694165.3115
0.4500      6837.686221     0.000027211   -697020.7243    -44919.720
0.5000      5013.879880     0.000016327   -698844.5306    -29452.157
0.5500      3784.513352     0.000024490   -700073.8971    -20500.225
0.6000      2906.461953     0.000016327   -700951.9485    -15012.471
0.6500      2254.233871     0.000021769   -701604.1768    -11289.949
0.7000      1760.663979     0.000013606   -702097.7466     -8596.470
0.7500      1383.236890     0.000027211   -702475.1736     -6600.131
0.8000      1092.333940     0.000021769   -702766.0764     -5103.033
0.8500       866.613663     0.000016327   -702991.7969     -3971.599
0.9000       690.269028     0.000016327   -703168.1414     -3113.930
0.9500       551.208217     0.000013606   -703307.2023     -2478.638
1.0000       439.946683     0.000013606   -703418.4640     -1984.725
1.1000       279.991757     0.000008163   -703578.4188     -1266.550
1.2000       178.588966     0.000019048   -703679.8215      -795.899
1.3000       115.016027     0.000016327   -703743.3944      -502.247
1.4000        74.655970     0.000008163   -703783.7546      -322.974
1.5000        48.401501     0.000021769   -703810.0090      -211.015
1.6000        31.094617     0.000027211   -703827.3160      -139.488
1.7000        19.578651     0.000027211   -703838.8319       -92.930
1.8000        11.886207     0.000008163   -703846.5242       -62.138
1.9000         6.771314     0.000010885   -703851.6392       -41.479
2.0000         3.365214     0.000027211   -703855.0452       -27.558
2.1000         1.114905     0.000013606   -703857.2956       -18.100
2.2000        -0.349451     0.000016327   -703858.7598       -11.630
2.3000        -1.277983     0.000019048   -703859.6886        -7.257
2.4000        -1.840462     0.000013606   -703860.2510        -4.249
2.5000        -2.086186     0.000016327   -703860.4968        -2.261
2.6000        -2.175657     0.000016327   -703860.5863        -0.912
2.7000        -2.160579     0.000021769   -703860.5710        -0.048
2.8000        -2.077212     0.000027211   -703860.4878         0.546
2.9000        -1.950665     0.000016327   -703860.3612         0.880
3.0000        -1.772607     0.000016327   -703860.1830         1.081
3.1000        -1.557466     0.000019048   -703859.9680         1.163
3.2000        -1.341661     0.000016327   -703859.7522         1.151
3.3000        -1.132533     0.000013606   -703859.5430         1.109
3.4000        -0.935027     0.000027211   -703859.3454         1.042
3.5000        -0.752357     0.000010885   -703859.1629         0.942
3.6000        -0.586172     0.000010885   -703858.9966         0.845
3.7000        -0.436933     0.000010885   -703858.8475         0.750
3.8000        -0.304691     0.000027211   -703858.7152         0.664
3.9000        -0.188594     0.000024490   -703858.5990         0.574
4.0000        -0.087411     0.000024490   -703858.4978         0.496
5.0000         0.386075     0.000019048   -703858.0243         0.099
6.0000         0.475614     0.000016327   -703857.9348         0.015
7.0000         0.496673     0.000013606   -703857.9138         0.005
8.0000         0.504907     0.000027211   -703857.9057         0.002
9.0000         0.509737     0.000024490   -703857.9008         0.001
10.0000         0.513131     0.000024490   -703857.8975         0.001
100.0000         0.534100     0.000008163   -703857.8763
1000.0000         0.535768     0.000005442   -703857.8747
