0.0020  24857015.609929     0.000016327  24316373.9768
0.0040  12114865.675882     0.000016327  11574224.0424
0.0060   7875195.971663     0.000024490   7334554.3390
0.0080   5761646.048719     0.000021769   5221004.4163
0.0100   4498089.238534     0.000027211   3957447.6050
0.0120   3658930.107207     0.000019048   3118288.4743
0.0140   3062363.372789     0.000027211   2521721.7391
0.0160   2617462.512534     0.000024490   2076820.8791
0.0180   2274064.286963     0.000008163   1733422.6533
0.0200   2001532.860262     0.000013606   1460891.2267
0.0400    816237.042891     0.000024490    275595.4094
0.0600    455992.927634     0.000024490    -84648.7059
0.0800    291465.242530     0.000024490   -249176.3910
0.1000    200601.433503     0.000019048   -340040.1999
0.1200    144699.000487     0.000019048   -395942.6331
0.1400    107510.891957     0.000019048   -433130.7416
0.1600     81975.129760     0.000024490   -458666.5039
0.1800     64099.539440     0.000021769   -476542.0941
0.2000     51259.983219     0.000013606   -489381.6504
0.2400     33716.996116     0.000024490   -506924.6374
0.2800     22981.478989     0.000016327   -517660.1546
0.3200     16081.632867     0.000008163   -524560.0005
0.3600     11679.692559     0.000010885   -528961.9410
0.4000      8695.458249     0.000008163   -531946.1753
0.4500      6024.565370     0.000021769   -534617.0683    -42510.957
0.5000      4308.288602     0.000024490   -536333.3449    -27430.058
0.5500      3179.119730     0.000013606   -537462.5139    -18521.287
0.6000      2396.805540     0.000010885   -538244.8279    -13214.406
0.6500      1826.081054     0.000016327   -538815.5524     -9834.146
0.7000      1397.404038     0.000021769   -539244.2296     -7421.456
0.7500      1073.991255     0.000021769   -539567.6422     -5588.632
0.8000       830.885163     0.000016327   -539810.7482     -4197.873
0.8500       648.170778     0.000013606   -539993.4627     -3160.634
0.9000       510.180847     0.000019048   -540131.4528     -2396.145
0.9500       405.061673     0.000005442   -540236.5718     -1835.088
1.0000       324.073068     0.000021769   -540317.5605     -1422.287
1.1000       210.995284     0.000010885   -540430.6383      -886.041
1.2000       139.105407     0.000021769   -540502.5280      -572.958
1.3000        92.208153     0.000013606   -540549.4253      -377.851
1.4000        61.043931     0.000027211   -540580.5897      -250.910
1.5000        40.229755     0.000016327   -540601.4036      -167.183
1.6000        26.298054     0.000019048   -540615.3356      -111.733
1.7000        16.970466     0.000008163   -540624.6631       -74.975
1.8000        10.956258     0.000021769   -540630.6774       -51.361
1.9000         6.916786     0.000021769   -540634.7167       -35.834
2.0000         4.126328     0.000021769   -540637.5072       -25.318
2.1000         2.178463     0.000024490   -540639.4550       -17.945
2.2000         0.818015     0.000016327   -540640.8155       -12.667
2.3000        -0.122944     0.000013606   -540641.7565        -8.872
2.4000        -0.760319     0.000024490   -540642.3938        -5.995
2.5000        -1.175560     0.000016327   -540642.8091        -3.942
2.6000        -1.428664     0.000010885   -540643.0621        -2.352
2.7000        -1.562348     0.000005442   -540643.1960        -1.264
2.8000        -1.608681     0.000013606   -540643.2423        -0.410
2.9000        -1.591211     0.000010885   -540643.2248         0.150
3.0000        -1.526698     0.000013606   -540643.1604         0.589
3.1000        -1.429570     0.000016327   -540643.0632         0.881
3.2000        -1.308974     0.000021769   -540642.9424         1.044
3.3000        -1.172849     0.000019048   -540642.8063         1.176
3.4000        -0.967648     0.000016327   -540642.6012         1.196
3.5000        -0.753835     0.000016327   -540642.3873         1.147
3.6000        -0.554440     0.000016327   -540642.1881         1.096
3.7000        -0.370214     0.000019048   -540642.0039         1.045
3.8000        -0.200970     0.000016327   -540641.8346         0.979
3.9000        -0.045546     0.000016327   -540641.6790         0.896
4.0000         0.096745     0.000021769   -540641.5369         0.820
5.0000         1.008062     0.000005442   -540640.6253         0.241
6.0000         1.230883     0.000013606   -540640.4027         0.071
7.0000         1.276212     0.000024490   -540640.3573         0.019
8.0000         1.284642     0.000027211   -540640.3489         0.007
9.0000         1.285611     0.000027211   -540640.3481         0.004
10.0000         1.285164     0.000002721   -540640.3483         0.002
100.0000         1.279080     0.000024490   -540640.3546
1000.0000         1.278574     0.000019048   -540640.3549
