0.0020   4171218.557646     0.000010885   3591188.7293
0.0040   2032305.545716     0.000027211   1452275.7167
0.0060   1322393.532539     0.000016327    742363.7037
0.0080    969426.374581     0.000008163    389396.5456
0.0100    758674.709618     0.000013606    178644.8807
0.0120    618692.271343     0.000013606     38662.4424
0.0140    519072.046437     0.000019048    -60957.7825
0.0160    444736.975674     0.000021769   -135292.8532
0.0180    387286.045211     0.000008163   -192743.7837
0.0200    341563.704095     0.000019048   -238466.1248
0.0400    142149.521070     0.000019048   -437880.3079
0.0600     80767.929334     0.000013606   -499261.8996
0.0800     52414.945779     0.000016327   -527614.8830
0.1000     36529.085257     0.000013606   -543500.7436
0.1200     26567.862104     0.000010885   -553461.9668
0.1400     19974.598258     0.000027211   -560055.2307
0.1600     15467.496277     0.000019048   -564562.3325
0.1800     12284.691779     0.000024490   -567745.1372
0.2000      9959.280325     0.000016327   -570070.5485
0.2400      6806.863995     0.000027211   -573222.9650
0.2800      4774.188815     0.000021769   -575255.6400    -40908.035
0.3200      3438.937837     0.000016327   -576590.8910    -26873.193
0.3600      2555.986650     0.000027211   -577473.8423    -18003.514
0.4000      1954.067528     0.000021769   -578075.7613    -12559.886
0.4500      1435.349397     0.000021769   -578594.4794     -8562.435
0.5000      1072.222669     0.000013606   -578957.6062     -6127.212
0.5500       809.694895     0.000008163   -579220.1341     -4470.812
0.6000       617.357554     0.000010885   -579412.4714     -3289.272
0.6500       475.151696     0.000019048   -579554.6773     -2438.888
0.7000       369.187037     0.000021769   -579660.6417     -1822.917
0.7500       289.668266     0.000019048   -579740.1605     -1373.622
0.8000       229.578861     0.000024490   -579800.2501     -1045.363
0.8500       183.735134     0.000016327   -579846.0937      -805.842
0.9000       148.219690     0.000021769   -579881.6092      -632.155
0.9500       120.092927     0.000027211   -579909.7359      -506.419
1.0000        97.242479     0.000005442   -579932.5864      -414.096
1.1000        62.499910     0.000024490   -579967.3289      -284.286
1.2000        38.705171     0.000016327   -579991.1239      -191.170
1.3000        23.116285     0.000016327   -580006.7127      -124.653
1.4000        13.057791     0.000027211   -580016.7712       -79.511
1.5000         6.702186     0.000027211   -580023.1267       -49.676
1.6000         2.770531     0.000016327   -580027.0584       -30.261
1.7000         0.422522     0.000019048   -580029.4065       -17.621
1.8000        -0.904447     0.000019048   -580030.7333        -9.517
1.9000        -1.571518     0.000024490   -580031.4005        -4.261
2.0000        -1.820772     0.000013606   -580031.6498        -0.971
2.1000        -1.804611     0.000027211   -580031.6335         1.089
2.2000        -1.627103     0.000008163   -580031.4561         2.366
2.3000        -1.353685     0.000010885   -580031.1826         3.045
2.4000        -1.028743     0.000019048   -580030.8577         3.403
2.5000        -0.681194     0.000016327   -580030.5102         3.537
2.6000        -0.135096     0.000021769   -580029.9641         3.169
2.7000         0.492401     0.000027211   -580029.3366         2.581
2.8000         0.982666     0.000005442   -580028.8462         2.134
2.9000         1.369392     0.000005442   -580028.4595         1.779
3.0000         1.678657     0.000016327   -580028.1501         1.492
3.1000         1.928869     0.000024490   -580027.9001         1.269
3.2000         2.159447     0.000016327   -580027.6696         1.077
3.3000         2.380831     0.000008163   -580027.4481         0.848
3.4000         2.553384     0.000019048   -580027.2756         0.675
3.5000         2.688363     0.000008163   -580027.1406         0.544
3.6000         2.793721     0.000019048   -580027.0353         0.439
3.7000         2.875771     0.000021769   -580026.9531         0.356
3.8000         2.939617     0.000013606   -580026.8892         0.286
3.9000         2.989332     0.000024490   -580026.8396         0.233
4.0000         3.028256     0.000019048   -580026.8007         0.186
5.0000         3.156813     0.000002721   -580026.6720         0.021
6.0000         3.168400     0.000021769   -580026.6606         0.015
7.0000         3.168900     0.000016327   -580026.6600         0.003
8.0000         3.168522     0.000008163   -580026.6603         0.001
9.0000         3.168130     0.000010885   -580026.6609         0.001
10.0000         3.167790     0.000010885   -580026.6611         0.001
100.0000         3.165496     0.000021769   -580026.6633
1000.0000         3.165314     0.000002721   -580026.6636
