0.0020  11188761.868619     0.000024490  10994508.7558
0.0040   5468966.469144     0.000013606   5274713.3582
0.0060   3565269.308765     0.000027211   3371016.1976
0.0080   2615527.443393     0.000013606   2421274.3315
0.0100   2047253.034997     0.000010885   1852999.9232
0.0120   1670194.823707     0.000021769   1475941.7119
0.0140   1401730.692739     0.000016327   1207477.5811
0.0160   1200907.655856     0.000021769   1006654.5441
0.0180   1045484.108260     0.000016327    851230.9964
0.0200    921944.749559     0.000013606    727691.6376
0.0400    381670.909414     0.000019048    187417.7976
0.0600    214810.744798     0.000016327     20557.6330
0.0800    137897.207113     0.000019048    -56355.9047
0.1000     95616.298882     0.000027211    -98636.8129
0.1200     69361.863433     0.000010885   -124891.2484
0.1400     51960.126185     0.000010885   -142292.9856
0.1600     40037.850298     0.000013606   -154215.2615
0.1800     31690.747484     0.000008163   -162562.3643
0.2000     25714.060186     0.000019048   -168539.0516
0.2400     17327.758825     0.000019048   -176925.3530
0.2800     12040.675363     0.000021769   -182212.4364
0.3200      8578.099117     0.000019048   -185675.0127
0.3600      6325.197684     0.000024490   -187927.9141    -45472.244
0.4000      4813.537424     0.000027211   -189439.5744    -31402.883
0.4500      3437.288274     0.000013606   -190815.8235    -23829.389
0.5000      2455.095730     0.000021769   -191798.0161    -15880.453
0.5500      1802.277708     0.000024490   -192450.8341    -10621.102
0.6000      1360.177795     0.000019048   -192892.9340     -7311.762
0.6500      1050.570983     0.000021769   -193202.5408     -5224.395
0.7000       825.291167     0.000013606   -193427.8207     -3878.371
0.7500       655.289238     0.000013606   -193597.8226     -2977.609
0.8000       523.165720     0.000024490   -193729.9461     -2345.810
0.8500       418.323283     0.000013606   -193834.7885     -1874.056
0.9000       334.780959     0.000019048   -193918.3309     -1499.833
0.9500       268.261398     0.000024490   -193984.8504     -1193.175
1.0000       215.305120     0.000010885   -194037.8067      -947.951
1.1000       139.131334     0.000024490   -194113.9805      -603.897
1.2000        90.270375     0.000005442   -194162.8414      -388.370
1.3000        58.831288     0.000016327   -194194.2805      -254.533
1.4000        38.153243     0.000016327   -194214.9586      -167.966
1.5000        24.414699     0.000021769   -194228.6971      -111.278
1.6000        15.279895     0.000005442   -194237.8319       -73.453
1.7000         9.279516     0.000008163   -194243.8323       -47.973
1.8000         5.495725     0.000019048   -194247.6161       -30.877
1.9000         3.300141     0.000019048   -194249.8117       -19.711
2.0000         1.986769     0.000021769   -194251.1250       -12.325
2.1000         1.244938     0.000019048   -194251.8669        -7.606
2.2000         0.850473     0.000013606   -194252.2613        -4.683
2.3000         0.650717     0.000013606   -194252.4611        -2.916
2.4000         0.548247     0.000013606   -194252.5636        -1.877
2.5000         0.487079     0.000008163   -194252.6247        -1.264
2.6000         0.441826     0.000024490   -194252.6700        -0.866
2.7000         0.460678     0.000024490   -194252.6511        -0.620
2.8000         0.494910     0.000019048   -194252.6169        -0.442
2.9000         0.528312     0.000008163   -194252.5835        -0.278
3.0000         0.564664     0.000013606   -194252.5472        -0.137
3.1000         0.604588     0.000024490   -194252.5072        -0.037
3.2000         0.651054     0.000024490   -194252.4608         0.065
3.3000         0.701956     0.000016327   -194252.4098         0.153
3.4000         0.757037     0.000021769   -194252.3548         0.207
3.5000         0.816388     0.000021769   -194252.2954         0.253
3.6000         0.877475     0.000019048   -194252.2343         0.295
3.7000         0.939912     0.000013606   -194252.1719         0.336
3.8000         1.002305     0.000019048   -194252.1095         0.332
3.9000         1.064382     0.000010885   -194252.0474         0.339
4.0000         1.125746     0.000027211   -194251.9861         0.359
5.0000         1.599570     0.000013606   -194251.5123         0.209
6.0000         1.826919     0.000013606   -194251.2849         0.086
7.0000         1.917032     0.000019048   -194251.1948         0.042
8.0000         1.953280     0.000008163   -194251.1585         0.022
9.0000         1.970486     0.000016327   -194251.1413         0.011
10.0000         1.980571     0.000010885   -194251.1312         0.010
100.0000         2.030675     0.000013606   -194251.0811         0.000
1000.0000         2.034231     0.000008163   -194251.0776
