0.0020  24070163.516957     0.000010885  23405591.3333
0.0040  11712619.034610     0.000013606  11048046.8509
0.0060   7611312.032983     0.000019048   6946739.8497
0.0080   5570182.394853     0.000010885   4905610.2112
0.0100   4350171.957194     0.000027211   3685599.7725
0.0120   3540096.488628     0.000021769   2875524.3042
0.0140   2964102.834561     0.000013606   2299530.6511
0.0160   2534453.190607     0.000024490   1869881.0071
0.0180   2202294.332853     0.000019048   1537722.1494
0.0200   1938618.861157     0.000019048   1274046.6776
0.0400    791027.143510     0.000016327    126454.9600
0.0600    440219.403475     0.000021769   -224352.7800
0.0800    280268.911400     0.000027211   -384303.2722
0.1000    192936.191423     0.000002721   -471635.9921
0.1200    139401.638989     0.000019048   -525170.5445
0.1400    103791.921802     0.000021769   -560780.2617
0.1600     79256.650384     0.000021769   -585315.5331
0.1800     62048.584103     0.000005442   -602523.5995
0.2000     49737.312532     0.000008163   -614834.8710
0.2400     32922.883282     0.000010885   -631649.3004
0.2800     22504.850421     0.000021769   -642067.3330
0.3200     15886.073168     0.000013606   -648686.1102
0.3600     11589.593586     0.000008163   -652982.5899
0.4000      8577.384633     0.000010885   -655994.7989
0.4500      5982.000050     0.000021769   -658590.1835    -41350.858
0.5000      4304.630792     0.000024490   -660267.5527    -26901.265
0.5500      3196.421288     0.000010885   -661375.7621    -18156.418
0.6000      2431.177138     0.000016327   -662141.0065    -12875.576
0.6500      1876.388367     0.000010885   -662695.7951     -9537.932
0.7000      1460.580119     0.000013606   -663111.6035     -7210.999
0.7500      1145.356670     0.000013606   -663426.8268     -5478.656
0.8000       905.305155     0.000024490   -663666.8784     -4184.858
0.8500       721.211947     0.000019048   -663850.9717     -3223.881
0.9000       578.727554     0.000010885   -663993.4560     -2508.112
0.9500       467.354994     0.000027211   -664104.8284     -1970.894
1.0000       379.514559     0.000008163   -664192.6690     -1564.422
1.1000       253.241096     0.000005442   -664318.9424     -1011.569
1.2000       170.530861     0.000016327   -664401.6525      -669.443
1.3000       116.167237     0.000010885   -664456.0163      -450.816
1.4000        79.630235     0.000016327   -664492.5533      -306.426
1.5000        54.481174     0.000024490   -664517.7023      -211.749
1.6000        36.653252     0.000024490   -664535.5301      -148.143
1.7000        23.832143     0.000005442   -664548.3513      -104.719
1.8000        14.593325     0.000016327   -664557.5901       -74.048
1.9000         8.285356     0.000024490   -664563.8980       -51.407
2.0000         4.130954     0.000010885   -664568.0526       -34.967
2.1000         1.347296     0.000005442   -664570.8361       -23.414
2.2000        -0.470107     0.000024490   -664572.6535       -15.163
2.3000        -1.605140     0.000013606   -664573.7885        -9.284
2.4000        -2.260062     0.000016327   -664574.4435        -5.203
2.5000        -2.578644     0.000016327   -664574.7622        -2.264
2.6000        -2.638768     0.000024490   -664574.8223        -0.332
2.7000        -2.279534     0.000016327   -664574.4631         0.667
2.8000        -1.904028     0.000024490   -664574.0876         1.305
2.9000        -1.506232     0.000010885   -664573.6898         1.654
3.0000        -1.091272     0.000010885   -664573.2748         1.844
3.1000        -0.706168     0.000008163   -664572.8897         1.881
3.2000        -0.351647     0.000008163   -664572.5352         1.865
3.3000        -0.027685     0.000013606   -664572.2111         1.823
3.4000         0.267727     0.000019048   -664571.9158         1.741
3.5000         0.566664     0.000005442   -664571.6168         1.611
3.6000         0.859532     0.000021769   -664571.3240         1.465
3.7000         1.122111     0.000013606   -664571.0614         1.321
3.8000         1.355982     0.000013606   -664570.8274         1.173
3.9000         1.563199     0.000016327   -664570.6203         1.033
4.0000         1.745821     0.000019048   -664570.4377         0.910
5.0000         2.652205     0.000019048   -664569.5313         0.207
6.0000         2.844682     0.000010885   -664569.3389         0.037
7.0000         2.891418     0.000008163   -664569.2921         0.014
8.0000         2.908825     0.000013606   -664569.2747         0.006
9.0000         2.918493     0.000016327   -664569.2649         0.004
10.0000         2.925138     0.000019048   -664569.2584         0.002
100.0000         2.964622     0.000008163   -664569.2189
1000.0000         2.967683     0.000005442   -664569.2159
