0.0020    510744.566090     0.000027211    504306.0929
0.0040    251530.031779     0.000021769    245091.5587
0.0060    165173.883513     0.000024490    158735.4104
0.0080    122049.100373     0.000021769    115610.6273
0.0100     96207.560799     0.000019048     89769.0877
0.0120     78995.133905     0.000016327     72556.6608
0.0140     66724.216701     0.000013606     60285.7436
0.0160     57545.794092     0.000013606     51107.3210
0.0180     50417.755255     0.000024490     43979.2821
0.0200     44736.843840     0.000021769     38298.3707
0.0400     19622.470054     0.000021769     13183.9969
0.0600     11644.293025     0.000013606      5205.8199
0.0800      7829.411001     0.000021769      1390.9379
0.1000      5632.093604     0.000008163      -806.3795
0.1200      4230.253045     0.000024490     -2208.2201
0.1400      3281.174195     0.000010885     -3157.2989    -39418.938
0.1600      2611.935688     0.000010885     -3826.5374    -28270.718
0.1800      2125.741042     0.000016327     -4312.7321    -20819.195
0.2000      1764.142920     0.000008163     -4674.3302    -15689.349
0.2400      1265.692919     0.000008163     -5172.7802     -9989.216
0.2800       935.002095     0.000027211     -5503.4710     -6838.463
0.3200       702.402037     0.000021769     -5736.0711     -4924.412
0.3600       533.167157     0.000019048     -5905.3060     -3613.008
0.4000       408.486668     0.000016327     -6029.9865     -2672.463
0.4500       296.747465     0.000005442     -6141.7257     -1851.448
0.5000       218.851824     0.000016327     -6219.6213     -1298.012
0.5500       163.865495     0.000019048     -6274.6076      -921.202
0.6000       124.569466     0.000027211     -6313.9037      -661.628
0.6500        96.150107     0.000024490     -6342.3230      -480.805
0.7000        75.361863     0.000016327     -6363.1113      -353.589
0.7500        59.973778     0.000019048     -6378.4993      -263.474
0.8000        48.431188     0.000008163     -6390.0419      -199.387
0.8500        39.640272     0.000016327     -6398.8329      -153.764
0.9000        32.815352     0.000027211     -6405.6578      -121.286
0.9500        27.394227     0.000021769     -6411.0789       -98.134
1.0000        22.982655     0.000024490     -6415.4905       -81.429
1.1000        16.197461     0.000019048     -6422.2757       -59.352
1.2000        11.228829     0.000021769     -6427.2443       -44.786
1.3000         7.486103     0.000019048     -6430.9870       -33.497
1.4000         4.681590     0.000008163     -6433.7915       -24.090
1.5000         2.744833     0.000010885     -6435.7283       -16.692
1.6000         1.486825     0.000013606     -6436.9863       -11.178
1.7000         0.633065     0.000008163     -6437.8401        -7.115
1.8000         0.083993     0.000019048     -6438.3891        -4.246
1.9000        -0.245479     0.000021769     -6438.7186        -2.250
2.0000        -0.419344     0.000013606     -6438.8925        -0.910
2.1000        -0.483356     0.000013606     -6438.9565        -0.013
2.2000        -0.471669     0.000021769     -6438.9448         0.564
2.3000        -0.406737     0.000024490     -6438.8799         0.917
2.4000        -0.306844     0.000016327     -6438.7800         1.119
2.5000        -0.185574     0.000013606     -6438.6587         1.212
2.6000        -0.052224     0.000008163     -6438.5253         1.231
2.7000         0.085313     0.000019048     -6438.3878         1.203
2.8000         0.220733     0.000019048     -6438.2524         1.142
2.9000         0.350262     0.000016327     -6438.1229         1.061
3.0000         0.471554     0.000024490     -6438.0016         0.973
3.1000         0.582623     0.000010885     -6437.8905         0.880
3.2000         0.682440     0.000019048     -6437.7907         0.789
3.3000         0.770983     0.000027211     -6437.7021         0.701
3.4000         0.848908     0.000019048     -6437.6242         0.619
3.5000         0.916760     0.000005442     -6437.5564         0.544
3.6000         0.975218     0.000027211     -6437.4979         0.477
3.7000         1.025178     0.000019048     -6437.4479         0.417
3.8000         1.067563     0.000021769     -6437.4056         0.364
3.9000         1.103400     0.000013606     -6437.3697         0.316
4.0000         1.133649     0.000016327     -6437.3395         0.274
5.0000         1.260503     0.000027211     -6437.2126         0.068
6.0000         1.278070     0.000024490     -6437.1951         0.026
7.0000         1.279034     0.000008163     -6437.1941         0.011
8.0000         1.277831     0.000005442     -6437.1953         0.007
9.0000         1.276585     0.000021769     -6437.1965         0.005
10.0000         1.275542     0.000002721     -6437.1976         0.004
100.0000         1.267953     0.000024490     -6437.2052         0.000
1000.0000         1.267292     0.000016327     -6437.2058
