0.0020  18827607.872471     0.000013606  18425146.4905
0.0040   9180665.974580     0.000027211   8778204.5909
0.0060   5975888.912649     0.000016327   5573427.5299
0.0080   4376491.228766     0.000013606   3974029.8461
0.0100   3419756.714417     0.000016327   3017295.3318
0.0120   2784647.570444     0.000019048   2382186.1873
0.0140   2333011.341032     0.000008163   1930549.9580
0.0160   1995718.597553     0.000010885   1593257.2146
0.0180   1734941.891793     0.000024490   1332480.5089
0.0200   1527888.993159     0.000016327   1125427.6100
0.0400    626899.062243     0.000010885    224437.6792
0.0600    350460.615133     0.000013606    -52000.7679
0.0800    224203.790740     0.000019048   -178257.5923
0.1000    154586.131075     0.000013606   -247875.2520
0.1200    112066.842941     0.000019048   -290394.5402
0.1400     83985.631634     0.000021769   -318475.7515
0.1600     64188.869536     0.000016327   -338272.5136
0.1800     49926.625098     0.000027211   -352534.7578
0.2000     39523.633309     0.000010885   -362937.7496
0.2400     25978.039275     0.000013606   -376483.3436
0.2800     17956.208166     0.000021769   -384505.1747
0.3200     12574.735396     0.000024490   -389886.6476
0.3600      9095.466026     0.000019048   -393365.9171
0.4000      6746.777532     0.000024490   -395714.6054    -48745.728
0.4500      4768.656417     0.000008163   -397692.7267    -31714.305
0.5000      3458.461020     0.000005442   -399002.9219    -21708.127
0.5500      2524.586748     0.000024490   -399936.7963    -15909.958
0.6000      1857.167877     0.000021769   -400604.2151    -11036.274
0.6500      1393.510939     0.000010885   -401067.8720     -7750.767
0.7000      1066.136030     0.000005442   -401395.2469     -5538.662
0.7500       829.026214     0.000024490   -401632.3569     -4082.957
0.8000       650.117429     0.000008163   -401811.2656     -3151.604
0.8500       510.040630     0.000016327   -401951.3425     -2492.384
0.9000       399.408166     0.000021769   -402061.9748     -1964.225
0.9500       312.002424     0.000027211   -402149.3805     -1544.770
1.0000       242.900205     0.000019048   -402218.4828     -1215.573
1.1000       147.282620     0.000024490   -402314.1004      -742.367
1.2000        88.905892     0.000016327   -402372.4772      -454.906
1.3000        53.055667     0.000027211   -402408.3274      -280.556
1.4000        30.929139     0.000024490   -402430.4538      -173.265
1.5000        17.339025     0.000010885   -402444.0440      -105.914
1.6000         9.186015     0.000016327   -402452.1971       -63.132
1.7000         4.541590     0.000008163   -402456.8415       -36.200
1.8000         2.438217     0.000010885   -402458.9447       -20.452
1.9000         1.379822     0.000013606   -402460.0032       -10.364
2.0000         0.976737     0.000027211   -402460.4062        -4.108
2.1000         0.963673     0.000005442   -402460.4193        -0.401
2.2000         1.485296     0.000021769   -402459.8977         1.056
2.3000         2.124796     0.000024490   -402459.2582         1.466
2.4000         2.672597     0.000010885   -402458.7104         1.462
2.5000         3.117188     0.000024490   -402458.2658         1.305
2.6000         3.467385     0.000002721   -402457.9156         1.118
2.7000         3.741757     0.000019048   -402457.6413         0.995
2.8000         3.959628     0.000002721   -402457.4233         0.915
2.9000         4.140546     0.000010885   -402457.2424         0.872
3.0000         4.296919     0.000013606   -402457.0862         0.885
3.1000         4.437509     0.000002721   -402456.9455         0.874
3.2000         4.569095     0.000019048   -402456.8141         0.883
3.3000         4.693857     0.000021769   -402456.6892         0.891
3.4000         4.813631     0.000010885   -402456.5694         0.883
3.5000         4.929442     0.000005442   -402456.4535         0.856
3.6000         5.041227     0.000013606   -402456.3419         0.847
3.7000         5.148399     0.000008163   -402456.2347         0.828
3.8000         5.250172     0.000010885   -402456.1330         0.794
3.9000         5.347366     0.000013606   -402456.0358         0.743
4.0000         5.439678     0.000010885   -402455.9433         0.707
5.0000         6.058517     0.000005442   -402455.3245         0.295
6.0000         6.308829     0.000013606   -402455.0742         0.112
7.0000         6.408564     0.000005442   -402454.9746         0.037
8.0000         6.446962     0.000010885   -402454.9362         0.016
9.0000         6.464745     0.000010885   -402454.9182         0.009
10.0000         6.475237     0.000008163   -402454.9079         0.006
100.0000         6.529764     0.000010885   -402454.8532         0.000
1000.0000         6.533794     0.000024490   -402454.8491
