0.0020         0.000000     0.000010885  27166688.5526
0.0040  13600001.476523     0.000008163  12798888.0843
0.0060   8832855.064632     0.000008163   8031741.6738
0.0080   6463077.097580     0.000016327   5661963.7062
0.0100   5047483.586444     0.000005442   4246370.1940
0.0120   4108654.552836     0.000027211   3307541.1620
0.0140   3441718.048379     0.000013606   2640604.6566
0.0160   2944690.096114     0.000027211   2143576.7044
0.0180   2560815.990232     0.000016327   1759702.5984
0.0200   2256214.090350     0.000024490   1455100.6985
0.0400    922574.833455     0.000010885    121461.4417
0.0600    510417.023656     0.000027211   -290696.3682
0.0800    322734.995151     0.000019048   -478378.3967
0.1000    220925.663930     0.000016327   -580187.7278
0.1200    158458.112327     0.000019048   -642655.2795
0.1400    117419.652600     0.000016327   -683693.7391
0.1600     89677.657130     0.000005442   -711435.7347
0.1800     70374.974297     0.000021769   -730738.4174
0.2000     55993.282506     0.000019048   -745120.1093
0.2400     36620.356772     0.000019048   -764493.0349
0.2800     24940.241811     0.000002721   -776173.1500
0.3200     17679.658503     0.000021769   -783433.7333
0.3600     12809.430598     0.000021769   -788303.9612
0.4000      9415.860923     0.000010885   -791697.5309
0.4500      6641.596643     0.000008163   -794471.7950    -43785.579
0.5000      4853.383537     0.000024490   -796260.0083    -29086.329
0.5500      3631.192684     0.000013606   -797482.1991    -20573.160
0.6000      2741.998988     0.000021769   -798371.3927    -15281.222
0.6500      2079.620506     0.000019048   -799033.7712    -11345.987
0.7000      1591.001567     0.000027211   -799522.3901     -8352.020
0.7500      1230.886763     0.000016327   -799882.5049     -6227.134
0.8000       959.191823     0.000013606   -800154.1998     -4743.444
0.8500       749.311335     0.000016327   -800364.0805     -3688.828
0.9000       585.976531     0.000010885   -800527.4153     -2895.020
0.9500       457.238804     0.000016327   -800656.1530     -2284.216
1.0000       355.407148     0.000019048   -800757.9845     -1801.670
1.1000       211.995387     0.000024490   -800901.3965     -1108.771
1.2000       124.459086     0.000019048   -800988.9325      -678.093
1.3000        70.944776     0.000019048   -801042.4470      -416.691
1.4000        38.015909     0.000024490   -801075.3758      -257.557
1.5000        17.722565     0.000016327   -801095.6692      -159.206
1.6000         5.252382     0.000027211   -801108.1394       -97.373
1.7000        -2.271512     0.000019048   -801115.6634       -58.036
1.8000        -6.651619     0.000021769   -801120.0433       -32.882
1.9000        -9.031751     0.000019048   -801122.4235       -16.911
2.0000       -10.146071     0.000021769   -801123.5378        -6.864
2.1000       -10.468186     0.000008163   -801123.8600        -0.638
2.2000       -10.024771     0.000010885   -801123.4164         2.366
2.3000        -9.296428     0.000019048   -801122.6883         3.753
2.4000        -8.552708     0.000027211   -801121.9446         4.468
2.5000        -7.831655     0.000019048   -801121.2235         4.699
2.6000        -7.122447     0.000024490   -801120.5143         4.654
2.7000        -6.324084     0.000016327   -801119.7160         4.201
2.8000        -5.571316     0.000013606   -801118.9630         3.686
2.9000        -4.876595     0.000008163   -801118.2683         3.138
3.0000        -4.268799     0.000016327   -801117.6607         2.735
3.1000        -3.758370     0.000010885   -801117.1502         2.393
3.2000        -3.322476     0.000019048   -801116.7143         2.107
3.3000        -2.892367     0.000016327   -801116.2841         1.868
3.4000        -2.518567     0.000005442   -801115.9104         1.677
3.5000        -2.198191     0.000002721   -801115.5899         1.481
3.6000        -1.921043     0.000021769   -801115.3129         1.351
3.7000        -1.679049     0.000013606   -801115.0707         1.242
3.8000        -1.465989     0.000005442   -801114.8576         1.127
3.9000        -1.276108     0.000027211   -801114.6680         1.019
4.0000        -1.105667     0.000021769   -801114.4974         0.934
5.0000        -0.022011     0.000002721   -801113.4138         0.346
6.0000         0.343538     0.000027211   -801113.0484         0.129
7.0000         0.455385     0.000024490   -801112.9365         0.040
8.0000         0.496115     0.000010885   -801112.8957         0.019
9.0000         0.516244     0.000008163   -801112.8756         0.013
10.0000         0.529074     0.000005442   -801112.8628         0.008
100.0000         0.599187     0.000021769   -801112.7926         0.000
1000.0000         0.604392     0.000002721   -801112.7874
