0.0020  22701346.003051     0.000021769  22252105.9549
0.0040  11059537.235088     0.000027211  10610297.1887
0.0060   7192158.009466     0.000019048   6742917.9629
0.0080   5262895.336279     0.000021769   4813655.2904
0.0100   4110043.587773     0.000021769   3660803.5403
0.0120   3343416.683414     0.000027211   2894176.6359
0.0140   2798328.310272     0.000016327   2349088.2635
0.0160   2393083.940434     0.000021769   1943843.8936
0.0180   2079228.842953     0.000013606   1629988.7961
0.0200   1829453.373741     0.000024490   1380213.3269
0.0400    745568.077105     0.000027211    296328.0303
0.0600    414901.123220     0.000024490    -34338.9237
0.0800    263828.434327     0.000016327   -185411.6126
0.1000    180755.894126     0.000016327   -268484.1528
0.1200    130672.452735     0.000019048   -318567.5943
0.1400     97765.191795     0.000013606   -351474.8552
0.1600     74862.443718     0.000019048   -374377.6031
0.1800     58546.724961     0.000024490   -390693.3219
0.2000     46734.737425     0.000002721   -402505.3094
0.2400     31225.764017     0.000024490   -418014.2829
0.2800     21328.833302     0.000027211   -427911.2135
0.3200     15170.033841     0.000027211   -434070.0131
0.3600     11096.238358     0.000013606   -438143.8086
0.4000      8382.966327     0.000013606   -440857.0806
0.4500      6090.457624     0.000019048   -443149.5893    -38992.408
0.5000      4445.076673     0.000021769   -444794.9701    -26891.027
0.5500      3326.093622     0.000019048   -445913.9533    -18492.144
0.6000      2543.460256     0.000016327   -446696.5866    -13153.939
0.6500      1977.035889     0.000027211   -447263.0111     -9976.297
0.7000      1537.627491     0.000016327   -447702.4194     -7734.699
0.7500      1196.921784     0.000010885   -448043.1251     -5948.449
0.8000       936.932175     0.000010885   -448303.1147     -4520.503
0.8500       740.033615     0.000016327   -448500.0134     -3418.557
0.9000       591.013249     0.000016327   -448649.0336     -2591.801
0.9500       477.360336     0.000005442   -448762.6866     -1986.627
1.0000       389.732256     0.000024490   -448850.3147     -1544.241
1.1000       266.583091     0.000013606   -448973.4639      -972.335
1.2000       187.012534     0.000008163   -449053.0344      -640.605
1.3000       134.314642     0.000019048   -449105.7323      -439.010
1.4000        98.303519     0.000008163   -449141.7433      -306.180
1.5000        72.873308     0.000019048   -449167.1737      -213.506
1.6000        54.983524     0.000027211   -449185.0633      -153.987
1.7000        41.509507     0.000016327   -449198.5373      -114.700
1.8000        31.685031     0.000013606   -449208.3620       -85.375
1.9000        24.350006     0.000024490   -449215.6968       -63.853
2.0000        18.841592     0.000019048   -449221.2052       -47.934
2.1000        14.694570     0.000021769   -449225.3522       -35.996
2.2000        11.576490     0.000013606   -449228.4704       -26.962
2.3000         9.239823     0.000016327   -449230.8070       -20.120
2.4000         7.496280     0.000016327   -449232.5507       -14.921
2.5000         6.202019     0.000016327   -449233.8449       -11.027
2.6000         5.245239     0.000016327   -449234.8016        -8.094
2.7000         4.540689     0.000019048   -449235.5061        -5.936
2.8000         4.023224     0.000016327   -449236.0237        -4.329
2.9000         3.643032     0.000021769   -449236.4038        -3.159
3.0000         3.363454     0.000021769   -449236.6836        -2.308
3.1000         3.156663     0.000016327   -449236.8901        -1.686
3.2000         3.002726     0.000016327   -449237.0441        -1.247
3.3000         2.887355     0.000010885   -449237.1595        -0.926
3.4000         2.799704     0.000013606   -449237.2471        -0.694
3.5000         2.732514     0.000002721   -449237.3143        -0.528
3.6000         2.680440     0.000010885   -449237.3666        -0.403
3.7000         2.639818     0.000013606   -449237.4071        -0.313
3.8000         2.607807     0.000013606   -449237.4390        -0.242
3.9000         2.582419     0.000024490   -449237.4645        -0.189
4.0000         2.562437     0.000019048   -449237.4844        -0.140
5.0000         2.505293     0.000021769   -449237.5415         0.006
6.0000         2.521280     0.000010885   -449237.5255         0.015
7.0000         2.532918     0.000010885   -449237.5141         0.006
8.0000         2.536899     0.000019048   -449237.5100         0.001
9.0000         2.537931     0.000019048   -449237.5089        -0.000
10.0000         2.538170     0.000019048   -449237.5086        -0.001
100.0000         2.538235     0.000019048   -449237.5086
1000.0000         2.538235     0.000019048   -449237.5086
