0.0020         0.000000     0.000024490  42225491.3932
0.0040  21030510.278060     0.000024490  20042231.6470
0.0060  13653790.662073     0.000021769  12665512.0309
0.0080   9975599.285626     0.000008163   8987320.6562
0.0100   7775543.733935     0.000013606   6787265.1043
0.0120   6316421.363789     0.000013606   5328142.7328
0.0140   5281052.389674     0.000024490   4292773.7577
0.0160   4510070.211351     0.000021769   3521791.5795
0.0180   3915260.376198     0.000024490   2926981.7452
0.0200   3443331.330909     0.000008163   2455052.7003
0.0400   1397026.046364     0.000019048    408747.4156
0.0600    777032.483358     0.000013606   -211246.1473
0.0800    497052.255873     0.000021769   -491226.3749
0.1000    341906.879179     0.000010885   -646371.7516
0.1200    246935.357501     0.000005442   -741343.2731
0.1400    184151.347915     0.000019048   -804127.2827
0.1600    140125.699643     0.000005442   -848152.9312
0.1800    108796.359708     0.000024490   -879482.2710
0.2000     86046.222547     0.000010885   -902232.4082
0.2400     56409.276992     0.000019048   -931869.3537
0.2800     37939.904541     0.000024490   -950338.7260
0.3200     26322.594061     0.000013606   -961956.0367
0.3600     18786.641413     0.000005442   -969491.9893
0.4000     13782.820090     0.000021769   -974495.8107
0.4500      9432.409417     0.000010885   -978846.2212
0.5000      6594.758840     0.000008163   -981683.8719    -45078.728
0.5500      4755.686791     0.000013606   -983522.9440    -29757.075
0.6000      3517.906306     0.000021769   -984760.7243    -20495.010
0.6500      2649.550020     0.000008163   -985629.0807    -14650.679
0.7000      2021.475718     0.000019048   -986257.1549    -10709.528
0.7500      1559.511037     0.000024490   -986719.1197     -7922.331
0.8000      1216.490895     0.000008163   -987062.1398     -5914.368
0.8500       959.305077     0.000027211   -987319.3256     -4462.165
0.9000       764.129747     0.000019048   -987514.5009     -3409.330
0.9500       614.004846     0.000019048   -987664.6259     -2640.853
1.0000       496.911237     0.000016327   -987781.7196     -2072.962
1.1000       330.674299     0.000024490   -987947.9564     -1315.492
1.2000       224.824102     0.000016327   -988053.8066      -856.433
1.3000       155.957281     0.000005442   -988122.6735      -563.761
1.4000       109.753835     0.000013606   -988168.8768      -380.536
1.5000        77.790241     0.000021769   -988200.8404      -262.629
1.6000        55.408631     0.000013606   -988223.2220      -183.145
1.7000        39.837837     0.000027211   -988238.7929      -128.823
1.8000        28.897869     0.000024490   -988249.7327       -91.126
1.9000        21.204644     0.000013606   -988257.4259       -64.836
2.0000        15.743654     0.000013606   -988262.8870       -46.414
2.1000        11.849178     0.000024490   -988266.7815       -33.357
2.2000         9.090974     0.000024490   -988269.5396       -24.086
2.3000         7.101080     0.000021769   -988271.5296       -17.535
2.4000         5.652362     0.000019048   -988272.9783       -12.870
2.5000         4.579180     0.000010885   -988274.0516        -9.519
2.6000         3.777698     0.000021769   -988274.8529        -7.234
2.7000         3.161828     0.000010885   -988275.4690        -5.492
2.8000         2.682235     0.000013606   -988275.9485        -4.374
2.9000         2.290234     0.000010885   -988276.3406        -3.481
3.0000         1.964965     0.000013606   -988276.6658        -2.916
3.1000         1.681194     0.000024490   -988276.9496        -2.443
3.2000         1.435374     0.000019048   -988277.1953        -2.068
3.3000         1.217993     0.000005442   -988277.4127        -1.793
3.4000         1.028457     0.000010885   -988277.6024        -1.528
3.5000         0.866974     0.000010885   -988277.7637        -1.275
3.6000         0.728139     0.000021769   -988277.9025        -1.089
3.7000         0.615832     0.000027211   -988278.0149        -0.901
3.8000         0.524195     0.000005442   -988278.1066        -0.726
3.9000         0.450855     0.000002721   -988278.1798        -0.582
4.0000         0.397793     0.000016327   -988278.2329        -0.472
5.0000         0.367101     0.000027211   -988278.2636         0.054
6.0000         0.534290     0.000008163   -988278.0965         0.066
7.0000         0.627193     0.000005442   -988278.0035         0.028
8.0000         0.668228     0.000019048   -988277.9624         0.011
9.0000         0.685825     0.000005442   -988277.9450         0.004
10.0000         0.694359     0.000010885   -988277.9363         0.002
100.0000         0.725845     0.000008163   -988277.9050
1000.0000         0.728076     0.000002721   -988277.9025
