0.0020         0.000000     0.000016327  39041882.2268
0.0040  19442169.633556     0.000016327  18539675.9664
0.0060  12623843.039252     0.000019048  11721349.3720
0.0080   9224075.706602     0.000019048   8321582.0378
0.0100   7190479.745970     0.000016327   6287986.0784
0.0120   5841250.676286     0.000021769   4938757.0086
0.0140   4883778.783310     0.000019048   3981285.1172
0.0160   4170333.575338     0.000016327   3267839.9066
0.0180   3619488.658820     0.000024490   2716994.9915
0.0200   3182124.824281     0.000013606   2279631.1567
0.0400   1281797.665967     0.000024490    379303.9986
0.0600    706896.214551     0.000024490   -195597.4529
0.0800    448015.805045     0.000019048   -454477.8624
0.1000    306807.905677     0.000021769   -595685.7618
0.1200    221376.783686     0.000021769   -681116.8838
0.1400    166235.155674     0.000021769   -736258.5119
0.1600    127409.308987     0.000013606   -775084.3584
0.1800     99141.808882     0.000024490   -803351.8586
0.2000     78319.543937     0.000019048   -824174.1236
0.2400     51043.279033     0.000021769   -851450.3886
0.2800     34516.853139     0.000024490   -867976.8144
0.3200     23906.453926     0.000021769   -878587.2136
0.3600     17098.756296     0.000010885   -885394.9112
0.4000     12464.997431     0.000010885   -890028.6701
0.4500      8635.334288     0.000010885   -893858.3332
0.5000      6054.442582     0.000010885   -896439.2250    -42980.197
0.5500      4307.385624     0.000019048   -898186.2817    -27993.369
0.6000      3157.504548     0.000019048   -899336.1630    -18766.764
0.6500      2369.930120     0.000021769   -900123.7372    -13194.713
0.7000      1804.464669     0.000013606   -900689.2028     -9645.177
0.7500      1387.005562     0.000027211   -901106.6618     -7177.545
0.8000      1074.947981     0.000021769   -901418.7194     -5382.776
0.8500       840.304399     0.000021769   -901653.3630     -4060.212
0.9000       662.875786     0.000016327   -901830.7916     -3083.807
0.9500       527.573395     0.000008163   -901966.0940     -2362.811
1.0000       423.415605     0.000013606   -902070.2519     -1828.559
1.1000       278.870133     0.000016327   -902214.7972     -1131.130
1.2000       187.820696     0.000013606   -902305.8468      -731.135
1.3000       128.043186     0.000010885   -902365.6243      -490.807
1.4000        87.680473     0.000010885   -902405.9869      -330.932
1.5000        60.482672     0.000021769   -902433.1847      -223.450
1.6000        42.158284     0.000021769   -902451.5092      -152.445
1.7000        29.613025     0.000021769   -902464.0544      -105.659
1.8000        20.848493     0.000027211   -902472.8189       -74.744
1.9000        14.569474     0.000005442   -902479.0980       -54.142
2.0000         9.969387     0.000019048   -902483.6981       -39.882
2.1000         6.545546     0.000019048   -902487.1218       -29.762
2.2000         4.083214     0.000008163   -902489.5842       -22.382
2.3000         2.314680     0.000005442   -902491.3529       -16.890
2.4000         0.990176     0.000008163   -902492.6773       -12.687
2.5000         0.029992     0.000021769   -902493.6376        -9.435
2.6000        -0.648292     0.000016327   -902494.3157        -7.008
2.7000        -1.137858     0.000016327   -902494.8052        -5.064
2.8000        -1.476509     0.000027211   -902495.1440        -3.595
2.9000        -1.701082     0.000021769   -902495.3685        -2.430
3.0000        -1.838339     0.000013606   -902495.5059        -1.575
3.1000        -1.908449     0.000008163   -902495.5758        -0.899
3.2000        -1.928736     0.000013606   -902495.5962        -0.396
3.3000        -1.904977     0.000005442   -902495.5726        -0.055
3.4000        -1.847186     0.000013606   -902495.5146         0.212
3.5000        -1.769514     0.000019048   -902495.4371         0.393
3.6000        -1.678867     0.000013606   -902495.3464         0.483
3.7000        -1.580419     0.000021769   -902495.2479         0.552
3.8000        -1.478942     0.000010885   -902495.1464         0.588
3.9000        -1.378173     0.000010885   -902495.0458         0.588
4.0000        -1.279681     0.000010885   -902494.9473         0.569
5.0000        -0.614398     0.000019048   -902494.2819         0.233
6.0000        -0.380750     0.000019048   -902494.0482         0.075
7.0000        -0.293399     0.000010885   -902493.9608         0.042
8.0000        -0.250802     0.000024490   -902493.9184         0.024
9.0000        -0.224815     0.000016327   -902493.8923         0.017
10.0000        -0.206578     0.000024490   -902493.8740         0.012
100.0000        -0.099550     0.000024490   -902493.7671         0.000
1000.0000        -0.091482     0.000016327   -902493.7589
