0.0020   2561308.976541     0.000024490   2380005.2377
0.0040   1251467.749776     0.000024490   1070164.0112
0.0060    816658.013789     0.000013606    635354.2750
0.0080    599888.620971     0.000010885    418584.8822
0.0100    470389.176999     0.000027211    289085.4383
0.0120    384432.423993     0.000021769    203128.6853
0.0140    323311.977028     0.000024490    142008.2383
0.0160    277685.684692     0.000016327     96381.9459
0.0180    242367.602143     0.000021769     61063.8634
0.0200    214272.100872     0.000027211     32968.3621
0.0400     90848.447786     0.000013606    -90455.2909
0.0600     52287.120236     0.000021769   -129016.6185
0.0800     34208.130610     0.000013606   -147095.6081
0.1000     24033.544351     0.000016327   -157270.1944
0.1200     17744.617785     0.000008163   -163559.1209
0.1400     13603.476630     0.000019048   -167700.2621
0.1600     10712.562644     0.000013606   -170591.1761
0.1800      8592.031183     0.000021769   -172711.7075
0.2000      6982.198451     0.000024490   -174321.5403
0.2400      4761.582929     0.000010885   -176542.1558    -43067.773
0.2800      3387.240712     0.000019048   -177916.4980    -27050.896
0.3200      2511.931005     0.000021769   -178791.8077    -17612.890
0.3600      1925.273349     0.000010885   -179378.4654    -12265.390
0.4000      1500.630638     0.000016327   -179803.1081     -9158.142
0.4500      1110.215275     0.000024490   -180193.5235     -6622.670
0.5000       826.983413     0.000016327   -180476.7553     -4797.404
0.5500       622.500913     0.000024490   -180681.2378     -3484.698
0.6000       473.197850     0.000008163   -180830.5409     -2545.954
0.6500       363.373393     0.000008163   -180940.3653     -1877.015
0.7000       281.940118     0.000010885   -181021.7986     -1397.530
0.7500       221.106046     0.000021769   -181082.6327     -1051.802
0.8000       175.175724     0.000016327   -181128.5630      -803.277
0.8500       139.887014     0.000021769   -181163.8517      -625.477
0.9000       112.064308     0.000010885   -181191.6744      -498.798
0.9500        89.494436     0.000005442   -181214.2443      -406.311
1.0000        70.800376     0.000019048   -181232.9384      -334.992
1.1000        42.358541     0.000027211   -181261.3802      -226.398
1.2000        23.810265     0.000005442   -181279.9285      -146.555
1.3000        12.059952     0.000010885   -181291.6788       -92.110
1.4000         4.774199     0.000019048   -181298.9645       -56.183
1.5000         0.407730     0.000019048   -181303.3310       -33.016
1.6000        -2.083944     0.000027211   -181305.8227       -18.045
1.7000        -3.373775     0.000021769   -181307.1125        -8.540
1.8000        -3.907303     0.000024490   -181307.6460        -2.651
1.9000        -3.968037     0.000010885   -181307.7068         1.044
2.0000        -3.744084     0.000010885   -181307.4828         3.216
2.1000        -3.352912     0.000019048   -181307.0917         4.436
2.2000        -2.747801     0.000027211   -181306.4865         4.871
2.3000        -1.916575     0.000024490   -181305.6553         4.552
2.4000        -1.209038     0.000013606   -181304.9478         4.216
2.5000        -0.606757     0.000010885   -181304.3455         3.881
2.6000        -0.091109     0.000005442   -181303.8299         3.536
2.7000         0.398127     0.000008163   -181303.3406         3.159
2.8000         0.934067     0.000021769   -181302.8047         2.635
2.9000         1.399746     0.000005442   -181302.3390         2.179
3.0000         1.854930     0.000021769   -181301.8838         1.713
3.1000         2.211963     0.000013606   -181301.5268         1.362
3.2000         2.491475     0.000024490   -181301.2473         1.081
3.3000         2.710288     0.000010885   -181301.0284         0.865
3.4000         2.881828     0.000013606   -181300.8569         0.688
3.5000         3.016710     0.000021769   -181300.7220         0.551
3.6000         3.122649     0.000021769   -181300.6161         0.445
3.7000         3.205788     0.000013606   -181300.5330         0.361
3.8000         3.271049     0.000021769   -181300.4677         0.292
3.9000         3.322326     0.000024490   -181300.4164         0.238
4.0000         3.362795     0.000024490   -181300.3759         0.192
5.0000         3.502912     0.000016327   -181300.2358         0.025
6.0000         3.519628     0.000013606   -181300.2191         0.014
7.0000         3.522926     0.000013606   -181300.2158         0.003
8.0000         3.524355     0.000016327   -181300.2144         0.002
9.0000         3.525253     0.000016327   -181300.2135         0.002
10.0000         3.525919     0.000019048   -181300.2128         0.001
100.0000         3.530374     0.000005442   -181300.2084
1000.0000         3.530747     0.000008163   -181300.2080
