0.0020         0.000000     0.000016327  28053515.6980
0.0040  14000666.514004     0.000013606  13282052.0044
0.0060   9094720.068787     0.000008163   8376105.5583
0.0080   6653997.885948     0.000024490   5935383.3751
0.0100   5194654.479622     0.000019048   4476039.9709
0.0120   4225225.518453     0.000024490   3506611.0084
0.0140   3535406.537190     0.000019048   2816792.0271
0.0160   3020729.897295     0.000019048   2302115.3876
0.0180   2623356.074135     0.000005442   1904741.5644
0.0200   2307934.047431     0.000021769   1589319.5376
0.0400    937008.730306     0.000008163    218394.2205
0.0600    520268.876380     0.000005442   -198345.6334
0.0800    330290.479965     0.000013606   -388324.0297
0.1000    226777.974461     0.000016327   -491836.5352
0.1200    163254.328876     0.000008163   -555360.1810
0.1400    121296.457625     0.000013606   -597318.0521
0.1600     92937.499305     0.000016327   -625677.0104
0.1800     73195.774255     0.000013606   -645418.7356
0.2000     58366.470255     0.000010885   -660248.0394
0.2400     38334.760422     0.000019048   -680279.7494
0.2800     26087.937415     0.000027211   -692526.5724
0.3200     18597.903706     0.000021769   -700016.6060
0.3600     13517.722381     0.000024490   -705096.7875
0.4000      9955.594634     0.000019048   -708658.9151
0.4500      7063.070516     0.000019048   -711551.4392    -45532.972
0.5000      5207.495542     0.000024490   -713407.0142    -30141.699
0.5500      3940.278640     0.000027211   -714674.2312    -21303.688
0.6000      3023.602182     0.000021769   -715590.9075    -15753.520
0.6500      2338.792531     0.000021769   -716275.7171    -11859.762
0.7000      1821.329258     0.000013606   -716793.1805     -8984.107
0.7500      1428.390901     0.000021769   -717186.1187     -6837.515
0.8000      1128.493153     0.000024490   -717486.0166     -5235.128
0.8500       897.908015     0.000019048   -717716.6016     -4068.907
0.9000       715.564382     0.000024490   -717898.9455     -3245.520
0.9500       568.975498     0.000024490   -718045.5344     -2605.522
1.0000       452.429680     0.000016327   -718162.0799     -2072.651
1.1000       286.933006     0.000005442   -718327.5767     -1292.212
1.2000       183.839356     0.000005442   -718430.6703      -805.082
1.3000       119.291454     0.000027211   -718495.2182      -509.125
1.4000        78.074380     0.000024490   -718536.4353      -328.994
1.5000        51.188715     0.000021769   -718563.3210      -216.884
1.6000        33.338031     0.000019048   -718581.1716      -145.146
1.7000        21.323620     0.000021769   -718593.1860       -98.241
1.8000        13.161945     0.000008163   -718601.3478       -66.938
1.9000         7.588992     0.000005442   -718606.9207       -45.756
2.0000         3.784188     0.000010885   -718610.7257       -31.242
2.1000         1.202891     0.000010885   -718613.3069       -21.061
2.2000        -0.420876     0.000019048   -718614.9306       -14.237
2.3000        -1.485443     0.000021769   -718615.9951        -9.534
2.4000        -2.175154     0.000021769   -718616.6850        -6.150
2.5000        -2.605633     0.000016327   -718617.1154        -3.855
2.6000        -2.857812     0.000019048   -718617.3677        -2.196
2.7000        -2.988143     0.000016327   -718617.4980        -1.079
2.8000        -3.035464     0.000021769   -718617.5451        -0.263
2.9000        -3.025575     0.000016327   -718617.5353         0.275
3.0000        -2.976097     0.000013606   -718617.4858         0.665
3.1000        -2.897769     0.000016327   -718617.4074         0.962
3.2000        -2.721651     0.000019048   -718617.2314         1.068
3.3000        -2.468240     0.000008163   -718616.9780         1.114
3.4000        -2.229389     0.000016327   -718616.7391         1.120
3.5000        -2.006264     0.000024490   -718616.5160         1.069
3.6000        -1.799302     0.000016327   -718616.3092         1.024
3.7000        -1.607927     0.000024490   -718616.1176         0.966
3.8000        -1.432177     0.000013606   -718615.9418         0.903
3.9000        -1.271659     0.000021769   -718615.7815         0.824
4.0000        -1.125186     0.000016327   -718615.6349         0.763
5.0000        -0.182308     0.000010885   -718614.6920         0.189
6.0000         0.053789     0.000019048   -718614.4561         0.038
7.0000         0.123787     0.000010885   -718614.3859         0.017
8.0000         0.155146     0.000027211   -718614.3546         0.009
9.0000         0.174286     0.000024490   -718614.3355         0.005
10.0000         0.187818     0.000024490   -718614.3219         0.004
100.0000         0.269175     0.000019048   -718614.2406
1000.0000         0.275461     0.000013606   -718614.2343
