0.0020    269326.950215     0.000024490    252971.7892
0.0040    132551.662521     0.000019048    116196.5015
0.0060     87000.110894     0.000021769     70644.9499
0.0080     64247.981169     0.000021769     47892.8202
0.0100     50605.616461     0.000016327     34250.4555
0.0120     41537.807739     0.000008163     25182.6468
0.0140     35084.273794     0.000019048     18729.1128
0.0160     30260.280026     0.000016327     13905.1190
0.0180     26518.681664     0.000021769     10163.5207
0.0200     23537.879320     0.000021769      7182.7183
0.0400     10363.639438     0.000027211     -5991.5215
0.0600      6168.454389     0.000021769    -10186.7066
0.0800      4151.992988     0.000016327    -12203.1680
0.1000      2991.035352     0.000010885    -13364.1256    -45112.664
0.1200      2258.248026     0.000024490    -14096.9130    -29552.673
0.1400      1767.291257     0.000021769    -14587.8697    -20354.236
0.1600      1421.505055     0.000016327    -14933.6559    -14626.677
0.1800      1167.851907     0.000021769    -15187.3091    -10907.855
0.2000       976.242312     0.000010885    -15378.9187     -8392.234
0.2400       707.359093     0.000013606    -15647.8019     -5382.167
0.2800       527.958969     0.000021769    -15827.2020     -3732.928
0.3200       400.721935     0.000013606    -15954.4391     -2700.086
0.3600       307.730475     0.000016327    -16047.4305     -1990.151
0.4000       238.872905     0.000016327    -16116.2881     -1480.184
0.4500       176.764023     0.000016327    -16178.3970     -1030.315
0.5000       133.333182     0.000021769    -16221.8278      -723.048
0.5500       102.626357     0.000021769    -16252.5346      -513.750
0.6000        80.698056     0.000019048    -16274.4629      -370.157
0.6500        64.756094     0.000021769    -16290.4049      -271.141
0.7000        52.967581     0.000021769    -16302.1934      -203.180
0.7500        43.995761     0.000013606    -16311.1652      -157.553
0.8000        36.921834     0.000013606    -16318.2391      -126.555
0.8500        31.176728     0.000016327    -16323.9843      -103.998
0.9000        26.416453     0.000027211    -16328.7445       -87.041
0.9500        22.407170     0.000016327    -16332.7538       -73.855
1.0000        18.993206     0.000019048    -16336.1678       -63.166
1.1000        13.558160     0.000027211    -16341.6028       -46.478
1.2000         9.571443     0.000021769    -16345.5895       -33.845
1.3000         6.692384     0.000019048    -16348.4686       -24.207
1.4000         4.649587     0.000013606    -16350.5114       -17.001
1.5000         3.224254     0.000027211    -16351.9367       -11.773
1.6000         2.243814     0.000021769    -16352.9172        -8.036
1.7000         1.577700     0.000016327    -16353.5833        -5.430
1.8000         1.129972     0.000024490    -16354.0310        -3.632
1.9000         0.831542     0.000019048    -16354.3294        -2.412
2.0000         0.633672     0.000013606    -16354.5273        -1.598
2.1000         0.502633     0.000005442    -16354.6584        -1.058
2.2000         0.415404     0.000024490    -16354.7456        -0.710
2.3000         0.356396     0.000024490    -16354.8046        -0.488
2.4000         0.315402     0.000016327    -16354.8456        -0.345
2.5000         0.285782     0.000013606    -16354.8752        -0.255
2.6000         0.263463     0.000010885    -16354.8975        -0.196
2.7000         0.245730     0.000010885    -16354.9153        -0.159
2.8000         0.231079     0.000010885    -16354.9299        -0.134
2.9000         0.218586     0.000013606    -16354.9424        -0.115
3.0000         0.207756     0.000013606    -16354.9532        -0.100
3.1000         0.198262     0.000013606    -16354.9627        -0.089
3.2000         0.189895     0.000024490    -16354.9711        -0.078
3.3000         0.182518     0.000019048    -16354.9785        -0.068
3.4000         0.176052     0.000016327    -16354.9849        -0.057
3.5000         0.170485     0.000010885    -16354.9905        -0.051
3.6000         0.165647     0.000008163    -16354.9953        -0.044
3.7000         0.161527     0.000024490    -16354.9995        -0.037
3.8000         0.158030     0.000021769    -16355.0030        -0.031
3.9000         0.155080     0.000019048    -16355.0059        -0.026
4.0000         0.152648     0.000016327    -16355.0083        -0.021
5.0000         0.144539     0.000008163    -16355.0164        -0.000
6.0000         0.145605     0.000002721    -16355.0154         0.002
7.0000         0.146601     0.000010885    -16355.0144         0.001
8.0000         0.146985     0.000021769    -16355.0140         0.000
9.0000         0.147080     0.000021769    -16355.0139         0.000
10.0000         0.147113     0.000024490    -16355.0139         0.000
100.0000         0.147129     0.000024490    -16355.0139
1000.0000         0.147135     0.000024490    -16355.0138
