0.0020  13334267.148556     0.000021769  13085298.5117
0.0040   6508973.576228     0.000016327   6260004.9400
0.0060   4241707.924937     0.000016327   3992739.2890
0.0080   3110071.015207     0.000016327   2861102.3786
0.0100   2432793.131444     0.000021769   2183824.4960
0.0120   1983157.332076     0.000013606   1734188.6966
0.0140   1662973.179396     0.000019048   1414004.5438
0.0160   1423831.300817     0.000008163   1174862.6652
0.0180   1238677.508075     0.000024490    989708.8725
0.0200   1091547.517683     0.000021769    842578.8822
0.0400    450008.625903     0.000010885    201039.9904
0.0600    252428.126695     0.000013606      3459.4912
0.0800    161738.798690     0.000013606    -87229.8368
0.1000    111614.975539     0.000010885   -137353.6600
0.1200     80600.594163     0.000021769   -168368.0414
0.1400     60396.916215     0.000016327   -188571.7193
0.1600     46784.157538     0.000019048   -202184.4780
0.1800     37080.983509     0.000005442   -211887.6520
0.2000     29786.863593     0.000019048   -219181.7719
0.2400     19892.419717     0.000021769   -229076.2158
0.2800     13808.599475     0.000016327   -235160.0361
0.3200      9991.312720     0.000027211   -238977.3228
0.3600      7468.738876     0.000013606   -241499.8966
0.4000      5573.317751     0.000021769   -243395.3178    -40087.911
0.4500      3957.351021     0.000024490   -245011.2845    -25634.981
0.5000      2912.379626     0.000010885   -246056.2559    -16931.443
0.5500      2205.211668     0.000027211   -246763.4239    -11785.377
0.6000      1701.677612     0.000021769   -247266.9579     -8600.895
0.6500      1325.666292     0.000010885   -247642.9692     -6580.813
0.7000      1033.277632     0.000013606   -247935.3579     -5152.701
0.7500       806.008676     0.000013606   -248162.6268     -3966.427
0.8000       632.363125     0.000013606   -248336.2724     -3011.852
0.8500       500.605075     0.000016327   -248468.0304     -2287.445
0.9000       400.156874     0.000024490   -248568.4786     -1752.278
0.9500       322.756338     0.000013606   -248645.8792     -1358.635
1.0000       262.345074     0.000016327   -248706.2904     -1067.109
1.1000       176.421516     0.000019048   -248792.2140      -682.015
1.2000       120.460502     0.000019048   -248848.1750      -452.401
1.3000        82.763809     0.000010885   -248885.8717      -307.272
1.4000        56.850255     0.000021769   -248911.7853      -211.401
1.5000        38.874121     0.000010885   -248929.7614      -146.201
1.6000        26.723215     0.000021769   -248941.9123      -100.774
1.7000        18.365428     0.000016327   -248950.2701       -69.568
1.8000        12.608681     0.000019048   -248956.0268       -48.301
1.9000         8.630170     0.000024490   -248960.0054       -33.866
2.0000         5.945181     0.000019048   -248962.6903       -24.302
2.1000         4.106768     0.000021769   -248964.5288       -17.827
2.2000         2.758482     0.000013606   -248965.8770       -13.256
2.3000         1.754343     0.000024490   -248966.8812        -9.832
2.4000         1.005467     0.000016327   -248967.6300        -7.292
2.5000         0.452115     0.000013606   -248968.1834        -5.264
2.6000         0.050570     0.000021769   -248968.5849        -3.776
2.7000        -0.232442     0.000016327   -248968.8680        -2.550
2.8000        -0.423330     0.000016327   -248969.0589        -1.652
2.9000        -0.542734     0.000019048   -248969.1783        -0.964
3.0000        -0.606890     0.000024490   -248969.2424        -0.406
3.1000        -0.629527     0.000021769   -248969.2650        -0.036
3.2000        -0.619974     0.000019048   -248969.2555         0.252
3.3000        -0.587064     0.000016327   -248969.2226         0.482
3.4000        -0.537493     0.000021769   -248969.1730         0.613
3.5000        -0.475723     0.000027211   -248969.1112         0.704
3.6000        -0.405921     0.000019048   -248969.0414         0.769
3.7000        -0.331987     0.000019048   -248968.9675         0.798
3.8000        -0.256135     0.000016327   -248968.8916         0.799
3.9000        -0.179862     0.000016327   -248968.8154         0.791
4.0000        -0.104723     0.000021769   -248968.7402         0.777
5.0000         0.427750     0.000008163   -248968.2078         0.384
6.0000         0.683986     0.000013606   -248967.9515         0.124
7.0000         0.758801     0.000021769   -248967.8767         0.044
8.0000         0.775130     0.000027211   -248967.8604         0.019
9.0000         0.778738     0.000016327   -248967.8568         0.011
10.0000         0.779677     0.000016327   -248967.8558         0.007
100.0000         0.778777     0.000013606   -248967.8567         0.000
1000.0000         0.778572     0.000013606   -248967.8570
