0.0020  23685477.182598     0.000021769  23200250.1554
0.0040  11543937.865908     0.000019048  11058710.8392
0.0060   7504482.458111     0.000027211   7019255.4309
0.0080   5490836.468213     0.000027211   5005609.4412
0.0100   4286899.111780     0.000027211   3801672.0856
0.0120   3486472.094840     0.000016327   3001245.0681
0.0140   2917573.372359     0.000027211   2432346.3454
0.0160   2493637.126526     0.000016327   2008410.0995
0.0180   2165817.191851     0.000008163   1680590.1650
0.0200   1905555.034144     0.000027211   1420328.0071
0.0400    775223.074126     0.000024490    289996.0473
0.0600    431248.474520     0.000016327    -53978.5525
0.0800    274065.273947     0.000016327   -211161.7530
0.1000    188084.252835     0.000016327   -297142.7743
0.1200    136058.672304     0.000021769   -349168.3547
0.1400    101644.496881     0.000013606   -383582.5302
0.1600     77708.296795     0.000024490   -407518.7302
0.1800     60755.879822     0.000021769   -424471.1472
0.2000     48502.761907     0.000016327   -436724.2652
0.2400     32099.825491     0.000021769   -453127.2016
0.2800     21866.563334     0.000021769   -463360.4637
0.3200     15372.723081     0.000016327   -469854.3039
0.3600     11127.479501     0.000016327   -474099.5475
0.4000      8330.065672     0.000021769   -476896.9612
0.4500      5890.946142     0.000024490   -479336.0808    -40721.586
0.5000      4239.846093     0.000019048   -480987.1810    -26375.369
0.5500      3154.858484     0.000021769   -482072.1685    -17753.025
0.6000      2405.169136     0.000019048   -482821.8579    -12706.601
0.6500      1850.335374     0.000010885   -483376.6918     -9662.623
0.7000      1426.065831     0.000016327   -483800.9612     -7402.237
0.7500      1102.549934     0.000021769   -484124.4770     -5616.415
0.8000       858.191173     0.000027211   -484368.8359     -4230.047
0.8500       674.312363     0.000024490   -484552.7147     -3185.709
0.9000       535.446188     0.000019048   -484691.5807     -2423.306
0.9500       429.175275     0.000021769   -484797.8518     -1867.097
1.0000       346.643399     0.000016327   -484880.3837     -1454.151
1.1000       230.701704     0.000013606   -484996.3252      -907.962
1.2000       157.420734     0.000021769   -485069.6063      -592.101
1.3000       109.051893     0.000016327   -485117.9751      -399.730
1.4000        76.401649     0.000008163   -485150.6252      -272.179
1.5000        54.098070     0.000010885   -485172.9288      -184.767
1.6000        38.899126     0.000005442   -485188.1280      -126.132
1.7000        28.448412     0.000008163   -485198.5785       -87.608
1.8000        21.088100     0.000010885   -485205.9389       -62.454
1.9000        15.746389     0.000002721   -485211.2805       -45.705
2.0000        11.780107     0.000016327   -485215.2469       -34.019
2.1000         8.881117     0.000008163   -485218.1460       -25.526
2.2000         6.760375     0.000021769   -485220.2666       -19.154
2.3000         5.175986     0.000024490   -485221.8511       -14.250
2.4000         4.140957     0.000016327   -485222.8859       -10.714
2.5000         3.385914     0.000002721   -485223.6410        -8.038
2.6000         2.827250     0.000024490   -485224.1997        -5.854
2.7000         2.428492     0.000013606   -485224.5986        -4.199
2.8000         2.158201     0.000019048   -485224.8688        -2.863
2.9000         1.989779     0.000021769   -485225.0373        -1.881
3.0000         1.901279     0.000024490   -485225.1257        -1.116
3.1000         1.873439     0.000005442   -485225.1534        -0.543
3.2000         1.891521     0.000019048   -485225.1355        -0.142
3.3000         1.943283     0.000008163   -485225.0838         0.166
3.4000         2.018267     0.000005442   -485225.0087         0.373
3.5000         2.108889     0.000019048   -485224.9181         0.498
3.6000         2.209340     0.000019048   -485224.8177         0.579
3.7000         2.314307     0.000013606   -485224.7126         0.621
3.8000         2.419784     0.000013606   -485224.6073         0.636
3.9000         2.523351     0.000005442   -485224.5036         0.620
4.0000         2.623666     0.000024490   -485224.4032         0.598
5.0000         3.284258     0.000024490   -485223.7428         0.250
6.0000         3.519903     0.000005442   -485223.5072         0.113
7.0000         3.612038     0.000024490   -485223.4149         0.048
8.0000         3.659029     0.000013606   -485223.3678         0.028
9.0000         3.688507     0.000016327   -485223.3384         0.020
10.0000         3.709379     0.000008163   -485223.3175         0.014
100.0000         3.833982     0.000008163   -485223.1931         0.000
1000.0000         3.843474     0.000027211   -485223.1836
