0.0020  17484542.574505     0.000019048  17155017.6046
0.0040   8524712.890624     0.000016327   8195187.9198
0.0060   5546802.349494     0.000024490   5217277.3803
0.0080   4062209.579812     0.000019048   3732684.6088
0.0100   3175154.907209     0.000021769   2845629.9380
0.0120   2585833.127331     0.000013606   2256308.1576
0.0140   2166045.024263     0.000010885   1836520.0547
0.0160   1853203.973768     0.000019048   1523679.0040
0.0180   1611608.039639     0.000024490   1282083.0698
0.0200   1419239.698956     0.000010885   1089714.7292
0.0400    581400.651806     0.000027211    251875.6821
0.0600    324613.602240     0.000019048     -4911.3674
0.0800    207380.958182     0.000005442   -122144.0115
0.1000    142396.720790     0.000024490   -187128.2489
0.1200    102860.742136     0.000010885   -226664.2275
0.1400     77319.899321     0.000013606   -252205.0704
0.1600     59618.589594     0.000019048   -269906.3801
0.1800     46727.306532     0.000016327   -282797.6632
0.2000     37270.366278     0.000019048   -292254.6035
0.2400     25011.086035     0.000016327   -304513.8838
0.2800     17893.486080     0.000019048   -311631.4837
0.3200     12847.817206     0.000008163   -316677.1525
0.3600      9438.770549     0.000016327   -320086.1991
0.4000      7161.226729     0.000021769   -322363.7429    -46788.455
0.4500      5266.597929     0.000019048   -324258.3717    -30592.523
0.5000      3980.706902     0.000021769   -325544.2629    -21705.524
0.5500      3038.636136     0.000024490   -326486.3336    -16298.127
0.6000      2330.464910     0.000019048   -327194.5048    -12201.381
0.6500      1801.654902     0.000021769   -327723.3147     -9102.861
0.7000      1405.776177     0.000019048   -328119.1935     -6846.767
0.7500      1106.389755     0.000024490   -328418.5800     -5209.504
0.8000       877.132348     0.000019048   -328647.8374     -4014.313
0.8500       699.034997     0.000013606   -328825.9346     -3158.304
0.9000       556.397444     0.000021769   -328968.5721     -2550.769
0.9500       440.864665     0.000019048   -329084.1049     -2055.838
1.0000       348.890345     0.000021769   -329176.0794     -1631.706
1.1000       219.203839     0.000016327   -329305.7660     -1008.495
1.2000       139.063888     0.000016327   -329385.9057      -625.088
1.3000        89.005970     0.000010885   -329435.9638      -394.150
1.4000        57.141488     0.000013606   -329467.8281      -253.542
1.5000        36.473818     0.000019048   -329488.4959      -165.953
1.6000        22.866482     0.000021769   -329502.1033      -109.979
1.7000        13.817667     0.000016327   -329511.1521       -73.391
1.8000         7.773069     0.000024490   -329517.1966       -49.043
1.9000         3.739061     0.000024490   -329521.2307       -32.658
2.0000         1.067802     0.000010885   -329523.9018       -21.491
2.1000        -0.674943     0.000010885   -329525.6447       -13.857
2.2000        -1.704138     0.000027211   -329526.6738        -8.685
2.3000        -2.279518     0.000021769   -329527.2493        -5.194
2.4000        -2.575950     0.000016327   -329527.5456        -2.833
2.5000        -2.684380     0.000019048   -329527.6540        -1.266
2.6000        -2.668804     0.000008163   -329527.6384        -0.235
2.7000        -2.573959     0.000013606   -329527.5437         0.403
2.8000        -2.430750     0.000010885   -329527.4003         0.806
2.9000        -2.261093     0.000019048   -329527.2308         1.009
3.0000        -2.079511     0.000021769   -329527.0493         1.112
3.1000        -1.896370     0.000021769   -329526.8662         1.136
3.2000        -1.717964     0.000016327   -329526.6877         1.103
3.3000        -1.548375     0.000021769   -329526.5181         1.050
3.4000        -1.390301     0.000021769   -329526.3600         0.980
3.5000        -1.244668     0.000016327   -329526.2145         0.893
3.6000        -1.093833     0.000019048   -329526.0634         0.796
3.7000        -0.951275     0.000019048   -329525.9209         0.694
3.8000        -0.827365     0.000019048   -329525.7970         0.600
3.9000        -0.720258     0.000016327   -329525.6898         0.514
4.0000        -0.628213     0.000013606   -329525.5979         0.443
5.0000        -0.208717     0.000027211   -329525.1785         0.089
6.0000        -0.117551     0.000019048   -329525.0874         0.018
7.0000        -0.084989     0.000019048   -329525.0547         0.010
8.0000        -0.066872     0.000019048   -329525.0365         0.006
9.0000        -0.054540     0.000019048   -329525.0242         0.004
10.0000        -0.045429     0.000024490   -329525.0150         0.003
100.0000         0.013032     0.000016327   -329524.9568
1000.0000         0.017742     0.000005442   -329524.9519
