0.0020   4821813.268320     0.000019048   4224907.5320
0.0040   2349532.883205     0.000024490   1752627.1475
0.0060   1528809.633109     0.000016327    931903.8975
0.0080   1120609.719149     0.000016327    523703.9833
0.0100    876764.225948     0.000021769    279858.4901
0.0120    714821.678752     0.000016327    117915.9430
0.0140    599639.444898     0.000005442      2733.7092
0.0160    513830.168608     0.000013606    -83075.5671
0.0180    447392.213801     0.000010885   -149513.5219
0.0200    394594.100456     0.000008163   -202311.6353
0.0400    164016.112372     0.000008163   -432889.6233
0.0600     93275.935293     0.000013606   -503629.8005
0.0800     60534.921760     0.000019048   -536370.8139
0.1000     42109.740667     0.000027211   -554795.9952
0.1200     30580.800404     0.000027211   -566324.9352
0.1400     22991.005745     0.000016327   -573914.7299
0.1600     17824.190179     0.000010885   -579081.5457
0.1800     14178.277944     0.000021769   -582727.4578
0.2000     11498.930967     0.000016327   -585406.8047
0.2400      7811.189587     0.000024490   -589094.5462
0.2800      5448.190884     0.000013606   -591457.5449    -46961.629
0.3200      3925.079630     0.000016327   -592980.6560    -30481.003
0.3600      2922.878272     0.000010885   -593982.8574    -20442.541
0.4000      2236.207579     0.000013606   -594669.5280    -14392.044
0.4500      1638.638588     0.000019048   -595267.0971     -9896.037
0.5000      1219.367779     0.000008163   -595686.3678     -7060.027
0.5500       917.981535     0.000008163   -595987.7542     -5108.909
0.6000       698.912684     0.000021769   -596206.8231     -3730.644
0.6500       538.238058     0.000021769   -596367.4976     -2750.386
0.7000       419.088979     0.000027211   -596486.6468     -2051.154
0.7500       329.590453     0.000010885   -596576.1454     -1550.387
0.8000       261.382267     0.000008163   -596644.3535     -1191.279
0.8500       208.510922     0.000008163   -596697.2249      -933.251
0.9000       166.704405     0.000008163   -596739.0314      -746.106
0.9500       133.030548     0.000024490   -596772.7053      -604.822
1.0000       105.666670     0.000010885   -596800.0690      -492.296
1.1000        65.444553     0.000013606   -596840.2913      -321.516
1.2000        39.505039     0.000010885   -596866.2308      -204.535
1.3000        23.152367     0.000008163   -596882.5832      -127.802
1.4000        12.994799     0.000008163   -596892.7410       -78.790
1.5000         6.769052     0.000013606   -596898.9667       -47.864
1.6000         3.033684     0.000027211   -596902.7020       -28.257
1.7000         0.868789     0.000021769   -596904.8669       -15.945
1.8000        -0.193321     0.000008163   -596905.9290        -8.286
1.9000        -0.406446     0.000024490   -596906.1421        -4.232
2.0000        -0.368565     0.000013606   -596906.1042        -1.919
2.1000        -0.228116     0.000024490   -596905.9638        -0.728
2.2000        -0.060662     0.000013606   -596905.7965        -0.078
2.3000         0.101050     0.000024490   -596905.6346         0.282
2.4000         0.247689     0.000013606   -596905.4882         0.463
2.5000         0.377857     0.000016327   -596905.3578         0.611
2.6000         0.493593     0.000005442   -596905.2422         0.653
2.7000         0.597837     0.000016327   -596905.1380         0.673
2.8000         0.692291     0.000008163   -596905.0435         0.708
2.9000         0.777650     0.000010885   -596904.9581         0.671
3.0000         0.855083     0.000027211   -596904.8805         0.632
3.1000         0.925677     0.000010885   -596904.8101         0.593
3.2000         0.989229     0.000016327   -596904.7464         0.547
3.3000         1.045840     0.000027211   -596904.6898         0.503
3.4000         1.113806     0.000021769   -596904.6220         0.432
3.5000         1.174953     0.000013606   -596904.5608         0.363
3.6000         1.225620     0.000008163   -596904.5102         0.302
3.7000         1.267243     0.000005442   -596904.4686         0.253
3.8000         1.301921     0.000021769   -596904.4337         0.214
3.9000         1.332722     0.000010885   -596904.4030         0.176
4.0000         1.356387     0.000021769   -596904.3793         0.141
5.0000         1.433080     0.000027211   -596904.3026         0.014
6.0000         1.441799     0.000013606   -596904.2939         0.021
7.0000         1.443562     0.000021769   -596904.2922         0.005
8.0000         1.444517     0.000019048   -596904.2911         0.003
9.0000         1.445154     0.000021769   -596904.2906         0.002
10.0000         1.445603     0.000013606   -596904.2900         0.002
100.0000         1.448816     0.000002721   -596904.2871
1000.0000         1.449097     0.000016327   -596904.2865
