0.0020   4772054.560117     0.000013606   4428565.6769
0.0040   2327973.664890     0.000016327   1984484.7805
0.0060   1515936.936260     0.000019048   1172448.0517
0.0080   1111718.685604     0.000021769    768229.8012
0.0100    870316.876190     0.000010885    526827.9917
0.0120    710131.349834     0.000010885    366642.4653
0.0140    596269.010178     0.000021769    252780.1257
0.0160    511362.046511     0.000010885    167873.1620
0.0180    445689.686818     0.000016327    102200.8023
0.0200    393447.999202     0.000013606     49959.1147
0.0400    164576.067149     0.000016327   -178912.8173
0.0600     93363.953528     0.000019048   -250124.9310
0.0800     60326.514070     0.000021769   -283162.3705
0.1000     42137.569030     0.000024490   -301351.3155
0.1200     30901.706465     0.000021769   -312587.1781
0.1400     23312.197485     0.000013606   -320176.6871
0.1600     17954.978094     0.000010885   -325533.9065
0.1800     14094.121129     0.000024490   -329394.7633
0.2000     11268.799619     0.000027211   -332220.0850
0.2400      7565.828190     0.000021769   -335923.0564
0.2800      5306.150442     0.000008163   -338182.7340    -45465.218
0.3200      3792.558456     0.000013606   -339696.3260    -31241.073
0.3600      2750.002997     0.000019048   -340738.8816    -21420.390
0.4000      2034.881146     0.000013606   -341454.0034    -14726.902
0.4500      1440.976316     0.000019048   -342047.9081     -9486.819
0.5000      1049.850200     0.000010885   -342439.0344     -6427.846
0.5500       777.254438     0.000024490   -342711.6300     -4619.700
0.6000       578.007674     0.000008163   -342910.8767     -3415.544
0.6500       430.570654     0.000016327   -343058.3138     -2521.282
0.7000       322.512059     0.000027211   -343166.3724     -1831.701
0.7500       244.189160     0.000019048   -343244.6953     -1327.779
0.8000       187.173615     0.000016327   -343301.7108      -970.561
0.8500       145.381909     0.000024490   -343343.5026      -713.735
0.9000       114.729768     0.000010885   -343374.1548      -529.995
0.9500        92.012239     0.000008163   -343396.8723      -398.160
1.0000        74.925545     0.000010885   -343413.9589      -303.345
1.1000        51.559331     0.000024490   -343437.3253      -188.238
1.2000        36.273482     0.000008163   -343452.6110      -130.297
1.3000        25.294149     0.000024490   -343463.5903       -95.016
1.4000        17.337831     0.000021769   -343471.5466       -68.780
1.5000        11.604224     0.000021769   -343477.2803       -48.109
1.6000         7.623708     0.000016327   -343481.2608       -32.859
1.7000         4.930193     0.000024490   -343483.9542       -21.989
1.8000         3.138108     0.000010885   -343485.7463       -14.550
1.9000         1.960614     0.000016327   -343486.9238        -9.518
2.0000         1.193712     0.000005442   -343487.6909        -6.192
2.1000         0.697553     0.000008163   -343488.1869        -4.000
2.2000         0.377569     0.000024490   -343488.5069        -2.586
2.3000         0.171244     0.000024490   -343488.7132        -1.668
2.4000         0.037511     0.000027211   -343488.8471        -1.090
2.5000        -0.050504     0.000008163   -343488.9350        -0.725
2.6000        -0.108979     0.000008163   -343488.9935        -0.494
2.7000        -0.148857     0.000008163   -343489.0335        -0.343
2.8000        -0.176986     0.000005442   -343489.0615        -0.245
2.9000        -0.197081     0.000005442   -343489.0816        -0.175
3.0000        -0.211803     0.000005442   -343489.0963        -0.133
3.1000        -0.222831     0.000002721   -343489.1072        -0.099
3.2000        -0.231188     0.000021769   -343489.1156        -0.074
3.3000        -0.237283     0.000021769   -343489.1219        -0.056
3.4000        -0.241618     0.000013606   -343489.1260        -0.042
3.5000        -0.244649     0.000010885   -343489.1293        -0.028
3.6000        -0.246679     0.000010885   -343489.1312        -0.017
3.7000        -0.247814     0.000008163   -343489.1322        -0.008
3.8000        -0.248209     0.000008163   -343489.1328        -0.002
3.9000        -0.248032     0.000008163   -343489.1325         0.002
4.0000        -0.247387     0.000008163   -343489.1320         0.007
5.0000        -0.234184     0.000024490   -343489.1186         0.012
6.0000        -0.226358     0.000013606   -343489.1107         0.004
7.0000        -0.224086     0.000027211   -343489.1086         0.001
8.0000        -0.223599     0.000016327   -343489.1080         0.000
9.0000        -0.223487     0.000016327   -343489.1080        -0.000
10.0000        -0.223484     0.000016327   -343489.1080
100.0000        -0.223474     0.000016327   -343489.1080
1000.0000        -0.223471     0.000016327   -343489.1080
