0.0020  18918529.476432     0.000024490  18556947.8367
0.0040   9229749.089772     0.000019048   8868167.4498
0.0060   6007171.975063     0.000008163   5645590.3371
0.0080   4400423.679986     0.000021769   4038842.0416
0.0100   3439924.908176     0.000010885   3078343.2688
0.0120   2801060.555155     0.000019048   2439478.9166
0.0140   2345654.195195     0.000024490   1984072.5564
0.0160   2006688.330578     0.000016327   1645106.6918
0.0180   1744533.201128     0.000019048   1382951.5623
0.0200   1535688.514453     0.000027211   1174106.8758
0.0400    627622.352058     0.000016327    266040.7133
0.0600    350024.527660     0.000019048    -11557.1111
0.0800    223263.017397     0.000008163   -138318.6214
0.1000    153297.762023     0.000013606   -208283.8767
0.1200    111076.722068     0.000019048   -250504.9167
0.1400     83600.549748     0.000027211   -277981.0891
0.1600     64401.469952     0.000016327   -297180.1687
0.1800     50542.854258     0.000024490   -311038.7844
0.2000     40355.440182     0.000019048   -321226.1985
0.2400     26977.146107     0.000021769   -334604.4925
0.2800     18935.296643     0.000016327   -342646.3420
0.3200     13418.316553     0.000010885   -348163.3222
0.3600      9862.177304     0.000013606   -351719.4614
0.4000      7484.550759     0.000019048   -354097.0879    -49149.021
0.4500      5483.337319     0.000016327   -356098.3013    -32435.523
0.5000      4116.017093     0.000021769   -357465.6217    -23229.461
0.5500      3100.128084     0.000021769   -358481.5107    -17521.678
0.6000      2351.381235     0.000021769   -359230.2576    -12698.251
0.6500      1808.145669     0.000027211   -359773.4931     -9234.147
0.7000      1409.878368     0.000019048   -360171.7605     -6853.574
0.7500      1110.010719     0.000010885   -360471.6279     -5244.576
0.8000       876.404272     0.000027211   -360705.2345     -4165.190
0.8500       689.461682     0.000027211   -360892.1770     -3303.285
0.9000       542.885046     0.000016327   -361038.7537     -2581.502
0.9500       428.665573     0.000016327   -361152.9732     -1998.275
1.0000       340.435125     0.000016327   -361241.2037     -1540.011
1.1000       219.949249     0.000021769   -361361.6895      -923.024
1.2000       146.724990     0.000019048   -361434.9138      -573.121
1.3000       100.375833     0.000019048   -361481.2629      -371.237
1.4000        69.838772     0.000027211   -361511.8001      -248.945
1.5000        49.110662     0.000016327   -361532.5281      -171.065
1.6000        34.741595     0.000013606   -361546.8971      -119.568
1.7000        24.637040     0.000024490   -361557.0018       -84.615
1.8000        17.467830     0.000019048   -361564.1709       -60.187
1.9000        12.356363     0.000013606   -361569.2823       -42.996
2.0000         8.760116     0.000024490   -361572.8785       -30.854
2.1000         6.178981     0.000019048   -361575.4598       -22.224
2.2000         4.322084     0.000016327   -361577.3167       -16.072
2.3000         2.984516     0.000019048   -361578.6541       -11.710
2.4000         2.022452     0.000019048   -361579.6163        -8.558
2.5000         1.328643     0.000021769   -361580.3102        -6.366
2.6000         0.827618     0.000021769   -361580.8112        -4.746
2.7000         0.456561     0.000021769   -361581.1821        -3.613
2.8000         0.179356     0.000016327   -361581.4594        -2.706
2.9000        -0.021181     0.000016327   -361581.6599        -2.057
3.0000        -0.166058     0.000016327   -361581.8047        -1.514
3.1000        -0.273042     0.000013606   -361581.9119        -1.083
3.2000        -0.346548     0.000016327   -361581.9854        -0.776
3.3000        -0.395964     0.000024490   -361582.0346        -0.509
3.4000        -0.425861     0.000021769   -361582.0646        -0.307
3.5000        -0.439524     0.000016327   -361582.0782        -0.160
3.6000        -0.442389     0.000013606   -361582.0811        -0.035
3.7000        -0.434765     0.000019048   -361582.0735         0.055
3.8000        -0.420900     0.000016327   -361582.0597         0.131
3.9000        -0.402304     0.000016327   -361582.0411         0.169
4.0000        -0.378053     0.000024490   -361582.0167         0.207
5.0000        -0.099996     0.000027211   -361581.7388         0.213
6.0000         0.088089     0.000021769   -361581.5505         0.121
7.0000         0.173908     0.000021769   -361581.4648         0.050
8.0000         0.207125     0.000010885   -361581.4316         0.021
9.0000         0.219259     0.000008163   -361581.4194         0.010
10.0000         0.224154     0.000019048   -361581.4145         0.006
100.0000         0.234415     0.000019048   -361581.4044         0.000
1000.0000         0.234894     0.000019048   -361581.4039
