0.0020   3446515.733995     0.000024490   3286906.0066
0.0040   1683989.893543     0.000010885   1524380.1669
0.0060   1098588.070129     0.000024490    938978.3434
0.0080    806894.427707     0.000013606    647284.7010
0.0100    632631.893867     0.000024490    473022.1670
0.0120    516903.927175     0.000019048    357294.2005
0.0140    434648.619407     0.000016327    275038.8925
0.0160    373264.114076     0.000010885    213654.3873
0.0180    325774.871770     0.000013606    166165.1450
0.0200    287979.771745     0.000024490    128370.0450
0.0400    121619.482066     0.000013606    -37990.2447
0.0600     70024.178939     0.000019048    -89585.5478
0.0800     45835.211638     0.000021769   -113774.5152
0.1000     32174.566616     0.000016327   -127435.1602
0.1200     23717.381705     0.000024490   -135892.3451
0.1400     18129.806570     0.000005442   -141479.9202
0.1600     14219.978225     0.000010885   -145389.7485
0.1800     11342.909192     0.000021769   -148266.8176
0.2000      9161.894793     0.000016327   -150447.8320
0.2400      6186.776799     0.000019048   -153422.9500
0.2800      4377.098750     0.000013606   -155232.6280    -35345.921
0.3200      3235.891741     0.000013606   -156373.8350    -22870.724
0.3600      2474.380645     0.000016327   -157135.3461    -15954.798
0.4000      1920.886861     0.000010885   -157688.8399    -12027.014
0.4500      1409.474273     0.000027211   -158200.2525     -8594.643
0.5000      1044.856617     0.000021769   -158564.8702     -6118.734
0.5500       784.224264     0.000019048   -158825.5025     -4395.750
0.6000       595.937529     0.000010885   -159013.7893     -3195.451
0.6500       458.333834     0.000016327   -159151.3930     -2347.901
0.7000       356.799060     0.000010885   -159252.9277     -1745.318
0.7500       281.006946     0.000010885   -159328.7198     -1308.493
0.8000       223.992511     0.000024490   -159385.7343      -993.985
0.8500       180.273558     0.000019048   -159429.4532      -775.377
0.9000       145.653876     0.000010885   -159464.0729      -625.322
0.9500       117.313458     0.000008163   -159492.4133      -513.309
1.0000        93.842369     0.000021769   -159515.8844      -420.294
1.1000        58.775222     0.000019048   -159550.9515      -274.250
1.2000        36.724824     0.000019048   -159573.0019      -171.355
1.3000        23.093514     0.000021769   -159586.6333      -105.985
1.4000        14.661027     0.000013606   -159595.0658       -65.653
1.5000         9.419766     0.000024490   -159600.3070       -41.023
1.6000         6.129536     0.000019048   -159603.5972       -25.952
1.7000         4.038087     0.000021769   -159605.6887       -16.623
1.8000         2.689664     0.000021769   -159607.0371       -10.802
1.9000         1.808861     0.000019048   -159607.9179        -7.107
2.0000         1.225841     0.000016327   -159608.5010        -4.731
2.1000         0.836555     0.000013606   -159608.8902        -3.175
2.2000         0.583284     0.000027211   -159609.1435        -2.159
2.3000         0.433380     0.000013606   -159609.2934        -1.522
2.4000         0.327876     0.000019048   -159609.3989        -1.091
2.5000         0.251850     0.000021769   -159609.4749        -0.779
2.6000         0.196815     0.000013606   -159609.5300        -0.562
2.7000         0.156871     0.000013606   -159609.5699        -0.400
2.8000         0.127896     0.000016327   -159609.5989        -0.284
2.9000         0.107316     0.000021769   -159609.6195        -0.198
3.0000         0.093047     0.000019048   -159609.6337        -0.133
3.1000         0.083463     0.000021769   -159609.6433        -0.084
3.2000         0.077419     0.000016327   -159609.6494        -0.044
3.3000         0.074010     0.000021769   -159609.6528        -0.026
3.4000         0.072529     0.000013606   -159609.6543        -0.008
3.5000         0.072401     0.000010885   -159609.6544         0.004
3.6000         0.073185     0.000013606   -159609.6536         0.014
3.7000         0.074597     0.000016327   -159609.6522         0.017
3.8000         0.076407     0.000019048   -159609.6504         0.020
3.9000         0.078399     0.000019048   -159609.6484         0.021
4.0000         0.080489     0.000019048   -159609.6463         0.021
5.0000         0.095702     0.000008163   -159609.6311         0.009
6.0000         0.100426     0.000002721   -159609.6264         0.002
7.0000         0.101520     0.000002721   -159609.6252         0.000
8.0000         0.101757     0.000002721   -159609.6250         0.000
9.0000         0.101806     0.000002721   -159609.6250        -0.000
10.0000         0.101814     0.000002721   -159609.6250        -0.000
100.0000         0.101817     0.000002721   -159609.6250
1000.0000         0.101820     0.000002721   -159609.6250
