0.0020  12616290.553779     0.000010885  12315414.7134
0.0040   6150174.430209     0.000013606   5849298.5918
0.0060   4006637.340681     0.000010885   3705761.5013
0.0080   2937961.188719     0.000016327   2637085.3494
0.0100   2298957.957547     0.000016327   1998082.1181
0.0120   1874010.895872     0.000027211   1573135.0564
0.0140   1571920.708011     0.000013606   1271044.8685
0.0160   1346347.640692     0.000008163   1045471.8013
0.0180   1171666.286419     0.000008163    870790.4469
0.0200   1032655.967394     0.000019048    731780.1278
0.0400    427091.502029     0.000019048    126215.6626
0.0600    240121.732793     0.000013606    -60754.1067
0.0800    153910.874838     0.000010885   -146964.9646
0.1000    106172.163841     0.000024490   -194703.6756
0.1200     76864.207686     0.000019048   -224011.6318
0.1400     57809.793110     0.000016327   -243066.0463
0.1600     44843.872147     0.000019048   -256031.9673
0.1800     35462.906579     0.000024490   -265412.9329
0.2000     28370.556429     0.000008163   -272505.2830
0.2400     18632.493491     0.000016327   -282243.3458
0.2800     12784.185239     0.000013606   -288091.6542
0.3200      9173.360810     0.000021769   -291702.4785
0.3600      6786.083550     0.000016327   -294089.7558    -50383.065
0.4000      5036.527905     0.000024490   -295839.3117    -37184.298
0.4500      3524.954823     0.000019048   -297350.8846    -24162.374
0.5000      2535.849936     0.000024490   -298339.9894    -16075.954
0.5500      1866.520350     0.000013606   -299009.3190    -11114.010
0.6000      1396.889966     0.000027211   -299478.9494     -7909.758
0.6500      1057.608035     0.000016327   -299818.2314     -5825.706
0.7000       803.733858     0.000019048   -300072.1056     -4414.769
0.7500       611.511585     0.000013606   -300264.3279     -3339.621
0.8000       466.851377     0.000013606   -300408.9881     -2490.651
0.8500       359.326958     0.000024490   -300516.5125     -1841.563
0.9000       279.757364     0.000019048   -300596.0822     -1362.100
0.9500       220.661863     0.000010885   -300655.1775     -1014.940
1.0000       176.350132     0.000016327   -300699.4893      -765.442
1.1000       117.277005     0.000010885   -300758.5625      -459.602
1.2000        80.791598     0.000019048   -300795.0479      -293.746
1.3000        56.744164     0.000024490   -300819.0954      -195.002
1.4000        40.531290     0.000019048   -300835.3082      -132.989
1.5000        29.358247     0.000024490   -300846.4812       -90.802
1.6000        21.876343     0.000013606   -300853.9630       -61.946
1.7000        16.733795     0.000010885   -300859.1057       -42.782
1.8000        13.143417     0.000013606   -300862.6959       -30.093
1.9000        10.582691     0.000013606   -300865.2568       -21.626
2.0000         8.709995     0.000016327   -300867.1295       -15.958
2.1000         7.307356     0.000016327   -300868.5322       -11.993
2.2000         6.234460     0.000016327   -300869.6049        -9.160
2.3000         5.399484     0.000024490   -300870.4400        -7.090
2.4000         4.741335     0.000019048   -300871.0980        -5.516
2.5000         4.217843     0.000010885   -300871.6215        -4.313
2.6000         3.800153     0.000010885   -300872.0392        -3.372
2.7000         3.466740     0.000008163   -300872.3728        -2.626
2.8000         3.202539     0.000019048   -300872.6368        -2.047
2.9000         2.994590     0.000024490   -300872.8450        -1.566
3.0000         2.832965     0.000016327   -300873.0066        -1.195
3.1000         2.709158     0.000021769   -300873.1304        -0.898
3.2000         2.615804     0.000021769   -300873.2237        -0.657
3.3000         2.546627     0.000019048   -300873.2929        -0.471
3.4000         2.496670     0.000021769   -300873.3427        -0.330
3.5000         2.461535     0.000016327   -300873.3780        -0.218
3.6000         2.437853     0.000013606   -300873.4017        -0.134
3.7000         2.422832     0.000019048   -300873.4167        -0.070
3.8000         2.414288     0.000005442   -300873.4251        -0.025
3.9000         2.410628     0.000013606   -300873.4289         0.012
4.0000         2.410581     0.000016327   -300873.4289         0.036
5.0000         2.469461     0.000010885   -300873.3699         0.066
6.0000         2.514994     0.000016327   -300873.3244         0.029
7.0000         2.532448     0.000010885   -300873.3070         0.009
8.0000         2.537697     0.000010885   -300873.3018         0.002
9.0000         2.539060     0.000013606   -300873.3005         0.000
10.0000         2.539403     0.000010885   -300873.2999        -0.000
100.0000         2.539498     0.000013606   -300873.2999
1000.0000         2.539501     0.000013606   -300873.2999
