0.0020  16170796.134552     0.000005442  15745736.8452
0.0040   7878151.143277     0.000019048   7453091.8549
0.0060   5126233.535794     0.000005442   4701174.2476
0.0080   3755327.547753     0.000016327   3330268.2587
0.0100   2935864.713975     0.000019048   2510805.4245
0.0120   2391437.034395     0.000021769   1966377.7448
0.0140   2004563.737027     0.000024490   1579504.4474
0.0160   1715955.061990     0.000016327   1290895.7724
0.0180   1492831.260150     0.000010885   1067771.9705
0.0200   1315425.212838     0.000019048    890365.9233
0.0400    543309.087921     0.000027211    118249.7984
0.0600    305261.104046     0.000021769   -119798.1855
0.0800    194747.272795     0.000016327   -230312.0167
0.1000    133562.735235     0.000013606   -291496.5544
0.1200     96519.175472     0.000010885   -328540.1140
0.1400     72330.349199     0.000016327   -352728.9403
0.1600     55394.714196     0.000021769   -369664.5754
0.1800     43132.017633     0.000019048   -381927.2719
0.2000     34143.925036     0.000005442   -390915.3644
0.2400     22408.520858     0.000021769   -402650.7687
0.2800     15478.374776     0.000010885   -409580.9148
0.3200     10971.361210     0.000016327   -414087.9283
0.3600      7832.258233     0.000010885   -417227.0314
0.4000      5747.074289     0.000008163   -419312.2153    -42696.088
0.4500      4026.235960     0.000024490   -421033.0537    -27493.143
0.5000      2897.165609     0.000008163   -422162.1239    -18385.491
0.5500      2128.932813     0.000016327   -422930.3566    -12879.883
0.6000      1570.678662     0.000019048   -423488.6109     -9655.259
0.6500      1156.738142     0.000010885   -423902.5514     -6939.424
0.7000       863.276014     0.000013606   -424196.0136     -4910.254
0.7500       654.596591     0.000019048   -424404.6929     -3511.867
0.8000       504.312301     0.000010885   -424554.9773     -2554.818
0.8500       393.908239     0.000019048   -424665.3813     -1900.517
0.9000       310.994645     0.000016327   -424748.2950     -1444.405
0.9500       247.513465     0.000019048   -424811.7762     -1112.812
1.0000       198.300697     0.000016327   -424860.9888      -866.276
1.1000       129.413647     0.000016327   -424929.8758      -540.266
1.2000        85.988749     0.000013606   -424973.3008      -343.681
1.3000        58.230322     0.000013606   -425001.0592      -221.858
1.4000        40.179947     0.000024490   -425019.1096      -145.778
1.5000        28.209374     0.000013606   -425031.0801       -97.984
1.6000        20.099423     0.000005442   -425039.1900       -67.547
1.7000        14.474969     0.000016327   -425044.8146       -47.927
1.8000        10.468717     0.000008163   -425048.8209       -34.989
1.9000         7.533380     0.000016327   -425051.7562       -26.167
2.0000         5.616889     0.000010885   -425053.6727       -20.284
2.1000         4.073045     0.000010885   -425055.2164       -15.471
2.2000         2.858707     0.000010885   -425056.4308       -11.662
2.3000         1.925149     0.000024490   -425057.3644        -8.608
2.4000         1.225533     0.000013606   -425058.0641        -6.229
2.5000         0.714963     0.000019048   -425058.5745        -4.368
2.6000         0.357158     0.000024490   -425058.9324        -2.961
2.7000         0.119613     0.000021769   -425059.1699        -1.864
2.8000        -0.023056     0.000008163   -425059.3125        -1.079
2.9000        -0.092785     0.000008163   -425059.3822        -0.465
3.0000        -0.108239     0.000021769   -425059.3977        -0.029
3.1000        -0.082478     0.000016327   -425059.3721         0.258
3.2000        -0.028069     0.000021769   -425059.3177         0.472
3.3000         0.045125     0.000024490   -425059.2445         0.601
3.4000         0.130609     0.000024490   -425059.1588         0.655
3.5000         0.222657     0.000024490   -425059.0668         0.684
3.6000         0.315859     0.000021769   -425058.9737         0.684
3.7000         0.407363     0.000019048   -425058.8820         0.663
3.8000         0.495291     0.000027211   -425058.7941         0.619
3.9000         0.578411     0.000027211   -425058.7111         0.574
4.0000         0.655196     0.000016327   -425058.6344         0.530
5.0000         1.097003     0.000010885   -425058.1925         0.185
6.0000         1.221677     0.000016327   -425058.0679         0.086
7.0000         1.258113     0.000008163   -425058.0314         0.034
8.0000         1.272212     0.000010885   -425058.0172         0.019
9.0000         1.279594     0.000013606   -425058.0099         0.014
10.0000         1.284413     0.000008163   -425058.0050         0.010
100.0000         1.311339     0.000019048   -425057.9781         0.000
1000.0000         1.313342     0.000005442   -425057.9762
