0.0020         0.000000     0.000024490  50596767.9246
0.0040  25206425.888170     0.000024490  24016420.3532
0.0060  16361060.274655     0.000019048  15171054.7390
0.0080  11952920.300355     0.000016327  10762914.7631
0.0100   9316371.977945     0.000019048   8126366.4407
0.0120   7569139.709561     0.000010885   6379134.1732
0.0140   6326214.999951     0.000024490   5136209.4641
0.0160   5400278.263126     0.000027211   4210272.7262
0.0180   4685361.634284     0.000027211   3495356.0975
0.0200   4117445.537806     0.000010885   2927440.0014
0.0400   1651504.469637     0.000024490    461498.9337
0.0600    908291.370785     0.000021769   -281714.1653
0.0800    574719.828360     0.000016327   -615285.7078
0.1000    396611.516002     0.000013606   -793394.0199
0.1200    288218.905188     0.000021769   -901786.6308
0.1400    215775.253412     0.000016327   -974230.2827
0.1600    164036.699138     0.000021769  -1025968.8368
0.1800    127638.726512     0.000019048  -1062366.8096
0.2000    101445.487550     0.000005442  -1088560.0485
0.2400     65893.202939     0.000010885  -1124112.3330
0.2800     44135.648338     0.000005442  -1145869.8877
0.3200     30782.020008     0.000002721  -1159223.5159
0.3600     22159.801887     0.000002721  -1167845.7341
0.4000     16036.531842     0.000016327  -1173969.0041
0.4500     11135.548646     0.000010885  -1178869.9874
0.5000      8041.119524     0.000016327  -1181964.4164    -49632.418
0.5500      5988.688141     0.000024490  -1184016.8480    -33825.973
0.6000      4559.021447     0.000021769  -1185446.5146    -24094.015
0.6500      3524.865912     0.000021769  -1186480.6701    -17715.246
0.7000      2755.802755     0.000021769  -1187249.7332    -13338.995
0.7500      2170.289926     0.000005442  -1187835.2460    -10261.409
0.8000      1715.974306     0.000010885  -1188289.5618     -8005.645
0.8500      1361.050323     0.000008163  -1188644.4857     -6273.038
0.9000      1082.938408     0.000021769  -1188922.5976     -4914.982
0.9500       865.214592     0.000021769  -1189140.3214     -3841.967
1.0000       695.082038     0.000021769  -1189310.4539     -3000.076
1.1000       457.922678     0.000024490  -1189547.6134     -1841.867
1.2000       310.792864     0.000027211  -1189694.7430     -1157.628
1.3000       216.790253     0.000019048  -1189788.7459      -752.384
1.4000       154.531406     0.000027211  -1189851.0047      -506.599
1.5000       111.868106     0.000019048  -1189893.6678      -351.828
1.6000        81.973307     0.000010885  -1189923.5628      -251.831
1.7000        60.772626     0.000024490  -1189944.7635      -182.618
1.8000        45.293382     0.000010885  -1189960.2427      -134.278
1.9000        33.792366     0.000019048  -1189971.7436       -99.896
2.0000        25.101073     0.000013606  -1189980.4349       -75.131
2.1000        18.433677     0.000027211  -1189987.1023       -57.058
2.2000        13.256810     0.000024490  -1189992.2792       -43.655
2.3000         9.218535     0.000021769  -1189996.3174       -33.500
2.4000         6.077886     0.000024490  -1189999.4581       -25.705
2.5000         3.647824     0.000024490  -1190001.8881       -19.741
2.6000         1.790869     0.000010885  -1190003.7450       -15.067
2.7000         0.378140     0.000005442  -1190005.1578       -11.451
2.8000        -0.680552     0.000016327  -1190006.2166        -8.648
2.9000        -1.470781     0.000024490  -1190007.0068        -6.478
3.0000        -2.045930     0.000021769  -1190007.5818        -4.800
3.1000        -2.458531     0.000024490  -1190007.9946        -3.503
3.2000        -2.716821     0.000019048  -1190008.2529        -2.506
3.3000        -2.865308     0.000005442  -1190008.4014        -1.776
3.4000        -2.943609     0.000013606  -1190008.4795        -1.201
3.5000        -2.977408     0.000019048  -1190008.5135        -0.751
3.6000        -2.981615     0.000008163  -1190008.5176        -0.414
3.7000        -2.957389     0.000013606  -1190008.4934        -0.165
3.8000        -2.916022     0.000021769  -1190008.4520         0.030
3.9000        -2.863238     0.000008163  -1190008.3993         0.175
4.0000        -2.797966     0.000024490  -1190008.3339         0.264
5.0000        -2.065669     0.000005442  -1190007.6017         0.337
6.0000        -1.627963     0.000008163  -1190007.1639         0.175
7.0000        -1.414435     0.000019048  -1190006.9505         0.074
8.0000        -1.293015     0.000019048  -1190006.8292         0.044
9.0000        -1.215264     0.000010885  -1190006.7513         0.029
10.0000        -1.160542     0.000021769  -1190006.6966         0.025
100.0000        -0.843472     0.000013606  -1190006.3794         0.000
1000.0000        -0.819849     0.000010885  -1190006.3559
