0.0020   4636455.572062     0.000027211   4379529.5712
0.0040   2263674.641047     0.000027211   2006748.6399
0.0060   1474960.325460     0.000019048   1218034.3243
0.0080   1082322.354873     0.000013606    825396.3539
0.0100    847733.908966     0.000016327    590807.9079
0.0120    692051.470715     0.000016327    435125.4697
0.0140    581461.989343     0.000021769    324535.9884
0.0160    498968.956467     0.000019048    242042.9554
0.0180    435186.384536     0.000019048    178260.3835
0.0200    384401.370386     0.000013606    127475.3693
0.0400    161629.932924     0.000010885    -95296.0681
0.0600     92206.703482     0.000019048   -164719.2976
0.0800     59766.270613     0.000019048   -197159.7304
0.1000     41842.439690     0.000019048   -215083.5613
0.1200     30836.843148     0.000021769   -226089.1579
0.1400     23441.557389     0.000010885   -233484.4436
0.1600     18174.663035     0.000013606   -238751.3380
0.1800     14334.480381     0.000019048   -242591.5207
0.2000     11495.700416     0.000019048   -245430.3006
0.2400      7739.245216     0.000016327   -249186.7558
0.2800      5468.623826     0.000021769   -251457.3772    -45125.385
0.3200      3969.464228     0.000010885   -252956.5368    -31099.959
0.3600      2919.813238     0.000019048   -254006.1878    -21896.887
0.4000      2180.881330     0.000024490   -254745.1197    -15451.991
0.4500      1550.785208     0.000024490   -255375.2158    -10107.981
0.5000      1135.971686     0.000016327   -255790.0294     -6750.391
0.5500       853.515156     0.000021769   -256072.4859     -4716.368
0.6000       649.952430     0.000013606   -256276.0486     -3506.404
0.6500       496.215795     0.000021769   -256429.7852     -2679.871
0.7000       379.128620     0.000024490   -256546.8724     -2028.600
0.7500       291.126786     0.000013606   -256634.8743     -1514.240
0.8000       225.707545     0.000013606   -256700.2935     -1122.552
0.8500       177.241392     0.000027211   -256748.7596      -832.423
0.9000       141.431772     0.000027211   -256784.5693      -621.236
0.9500       115.030280     0.000024490   -256810.9708      -469.292
1.0000        94.982659     0.000005442   -256831.0184      -359.245
1.1000        67.355000     0.000021769   -256858.6460      -221.572
1.2000        49.503799     0.000013606   -256876.4973      -149.395
1.3000        36.894637     0.000016327   -256889.1064      -109.261
1.4000        27.536183     0.000010885   -256898.4648       -81.834
1.5000        20.552191     0.000019048   -256905.4488       -60.003
1.6000        15.506705     0.000021769   -256910.4943       -43.003
1.7000        11.943563     0.000013606   -256914.0575       -30.366
1.8000         9.448795     0.000016327   -256916.5522       -21.410
1.9000         7.698643     0.000013606   -256918.3024       -15.059
2.0000         6.455945     0.000019048   -256919.5451       -10.855
2.1000         5.554336     0.000024490   -256920.4467        -7.870
2.2000         4.880524     0.000021769   -256921.1205        -5.967
2.3000         4.359951     0.000010885   -256921.6411        -4.600
2.4000         3.944488     0.000027211   -256922.0566        -3.690
2.5000         3.605314     0.000019048   -256922.3957        -3.048
2.6000         3.325015     0.000021769   -256922.6760        -2.504
2.7000         3.092083     0.000010885   -256922.9090        -2.120
2.8000         2.900479     0.000010885   -256923.1005        -1.773
2.9000         2.744188     0.000008163   -256923.2569        -1.468
3.0000         2.619040     0.000008163   -256923.3820        -1.201
3.1000         2.520975     0.000013606   -256923.4801        -0.998
3.2000         2.447105     0.000010885   -256923.5539        -0.788
3.3000         2.393226     0.000013606   -256923.6078        -0.612
3.4000         2.356101     0.000024490   -256923.6449        -0.464
3.5000         2.333181     0.000016327   -256923.6679        -0.342
3.6000         2.322332     0.000010885   -256923.6787        -0.246
3.7000         2.321159     0.000016327   -256923.6799        -0.146
3.8000         2.327206     0.000005442   -256923.6738        -0.092
3.9000         2.338741     0.000016327   -256923.6623        -0.032
4.0000         2.354534     0.000021769   -256923.6465         0.014
5.0000         2.571561     0.000008163   -256923.4295         0.094
6.0000         2.701675     0.000010885   -256923.2994         0.057
7.0000         2.750645     0.000005442   -256923.2504         0.023
8.0000         2.766517     0.000024490   -256923.2345         0.009
9.0000         2.771029     0.000019048   -256923.2300         0.004
10.0000         2.771990     0.000010885   -256923.2290         0.002
100.0000         2.768196     0.000002721   -256923.2329
1000.0000         2.767829     0.000013606   -256923.2332
