0.0020   1787974.712477     0.000021769   1209218.1822
0.0040    871168.697575     0.000019048    292412.1672
0.0060    566928.493098     0.000021769    -11828.0373
0.0080    415565.952352     0.000021769   -163190.5780
0.0100    325224.887015     0.000013606   -253531.6433
0.0120    265273.246519     0.000016327   -313483.2837
0.0140    222703.054664     0.000016327   -356053.4757
0.0160    190886.791596     0.000027211   -387869.7387
0.0180    166264.699161     0.000019048   -412491.8313
0.0200    146661.087837     0.000016327   -432095.4426
0.0400     60971.879614     0.000021769   -517784.6508
0.0600     34721.572953     0.000019048   -544034.9575
0.0800     22478.181675     0.000013606   -556278.3488
0.1000     15703.916225     0.000016327   -563052.6141
0.1200     11493.973595     0.000024490   -567262.5566
0.1400      8679.599273     0.000016327   -570076.9312
0.1600      6722.005488     0.000019048   -572034.5247
0.1800      5324.820738     0.000016327   -573431.7097
0.2000      4304.768688     0.000019048   -574451.7618    -43761.864
0.2400      2956.782286     0.000021769   -575799.7482    -25789.677
0.2800      2123.575572     0.000016327   -576632.9549    -16787.922
0.3200      1563.765713     0.000024490   -577192.7646    -11577.510
0.3600      1174.255619     0.000008163   -577582.2748     -8098.328
0.4000       901.379444     0.000024490   -577855.1509     -5693.886
0.4500       669.207369     0.000010885   -578087.3229     -3760.496
0.5000       512.242404     0.000024490   -578244.2880     -2623.705
0.5500       398.527640     0.000013606   -578358.0028     -1961.058
0.6000       310.970609     0.000016327   -578445.5598     -1528.547
0.6500       243.262144     0.000013606   -578513.2683     -1192.200
0.7000       190.613358     0.000013606   -578565.9169      -923.743
0.7500       149.890946     0.000021769   -578606.6393      -712.772
0.8000       118.525556     0.000027211   -578638.0048      -548.777
0.8500        94.363695     0.000021769   -578662.1666      -422.889
0.9000        75.716360     0.000016327   -578680.8141      -327.165
0.9500        61.262888     0.000021769   -578695.2674      -254.236
1.0000        49.983938     0.000021769   -578706.5465      -199.266
1.1000        34.005741     0.000021769   -578722.5245      -127.037
1.2000        23.516532     0.000013606   -578733.0137       -86.535
1.3000        16.142342     0.000016327   -578740.3880       -62.925
1.4000        10.678497     0.000024490   -578745.8517       -47.289
1.5000         6.558306     0.000016327   -578749.9721       -35.562
1.6000         3.469818     0.000016327   -578753.0606       -26.495
1.7000         1.185029     0.000010885   -578755.3453       -19.343
1.8000        -0.478382     0.000005442   -578757.0087       -14.043
1.9000        -1.666703     0.000010885   -578758.1970        -9.888
2.0000        -2.497527     0.000005442   -578759.0278        -6.790
2.1000        -3.061641     0.000008163   -578759.5919        -4.609
2.2000        -3.427539     0.000005442   -578759.9579        -2.866
2.3000        -3.647475     0.000005442   -578760.1777        -1.584
2.4000        -3.760286     0.000008163   -578760.2907        -0.748
2.5000        -3.794656     0.000008163   -578760.3249        -0.074
2.6000        -3.772580     0.000013606   -578760.3029         0.452
2.7000        -3.709833     0.000021769   -578760.2400         0.799
2.8000        -3.618454     0.000016327   -578760.1489         1.007
2.9000        -3.272739     0.000027211   -578759.8030         1.029
3.0000        -3.061097     0.000013606   -578759.5913         1.048
3.1000        -2.868416     0.000005442   -578759.3987         1.038
3.2000        -2.687022     0.000008163   -578759.2174         1.040
3.3000        -2.516181     0.000008163   -578759.0466         1.009
3.4000        -2.355437     0.000019048   -578758.8857         0.984
3.5000        -2.204354     0.000016327   -578758.7347         0.913
3.6000        -2.063089     0.000002721   -578758.5935         0.825
3.7000        -1.931171     0.000024490   -578758.4615         0.757
3.8000        -1.808750     0.000016327   -578758.3391         0.712
3.9000        -1.695142     0.000016327   -578758.2256         0.665
4.0000        -1.578111     0.000021769   -578758.1086         0.620
5.0000        -0.892022     0.000021769   -578757.4223         0.251
6.0000        -0.657147     0.000021769   -578757.1875         0.016
7.0000        -0.556059     0.000016327   -578757.0865         0.032
8.0000        -0.500026     0.000010885   -578757.0305         0.021
9.0000        -0.463206     0.000010885   -578756.9935         0.012
10.0000        -0.436803     0.000027211   -578756.9671         0.011
100.0000        -0.276990     0.000010885   -578756.8073         0.000
1000.0000        -0.264650     0.000027211   -578756.7951
