0.0020         0.000000     0.000027211  38697733.2797
0.0040  19264168.737566     0.000024490  18381001.0292
0.0060  12507995.827815     0.000010885  11624828.1177
0.0080   9139736.836277     0.000013606   8256569.1256
0.0100   7125107.884446     0.000019048   6241940.1759
0.0120   5788414.968356     0.000016327   4905247.2602
0.0140   4839967.078394     0.000027211   3956799.3697
0.0160   4132971.457658     0.000027211   3249803.7471
0.0180   3587132.059990     0.000019048   2703964.3505
0.0200   3153808.038264     0.000021769   2270640.3289
0.0400   1270761.843512     0.000010885    387594.1341
0.0600    701333.492079     0.000010885   -181834.2173
0.0800    444498.590465     0.000027211   -438669.1189
0.1000    304532.064079     0.000016327   -578635.6453
0.1200    219816.705095     0.000013606   -663351.0042
0.1400    165214.955224     0.000021769   -717952.7541
0.1600    126861.940913     0.000024490   -756305.7683
0.1800     98857.083738     0.000019048   -784310.6255
0.2000     78171.288374     0.000008163   -804996.4210
0.2400     50954.118116     0.000005442   -832213.5912
0.2800     34473.992510     0.000016327   -848693.7169
0.3200     23875.326310     0.000024490   -859292.3831
0.3600     17065.795356     0.000021769   -866101.9139
0.4000     12419.045318     0.000024490   -870748.6641
0.4500      8577.461562     0.000027211   -874590.2479
0.5000      6006.947981     0.000005442   -877160.7612    -43235.116
0.5500      4247.690597     0.000008163   -878920.0188    -28180.990
0.6000      3093.488041     0.000027211   -880074.2212    -18772.058
0.6500      2309.903723     0.000010885   -880857.8057    -13044.988
0.7000      1753.829496     0.000021769   -881413.8799     -9441.034
0.7500      1346.225285     0.000008163   -881821.4840     -6993.680
0.8000      1042.485090     0.000010885   -882125.2241     -5241.586
0.8500       813.988837     0.000021769   -882353.7204     -3959.153
0.9000       640.829747     0.000005442   -882526.8796     -3011.829
0.9500       508.648878     0.000019048   -882659.0605     -2308.787
1.0000       406.932133     0.000019048   -882760.7773     -1785.049
1.1000       265.978468     0.000016327   -882901.7310     -1098.628
1.2000       177.519528     0.000013606   -882990.1898      -703.616
1.3000       120.100857     0.000024490   -883047.6085      -464.137
1.4000        82.002785     0.000019048   -883085.7067      -310.737
1.5000        56.411316     0.000010885   -883111.2979      -209.625
1.6000        39.138306     0.000024490   -883128.5711      -142.529
1.7000        27.382109     0.000027211   -883140.3273       -97.852
1.8000        19.278504     0.000010885   -883148.4308       -68.009
1.9000        13.623277     0.000024490   -883154.0862       -47.865
2.0000         9.614926     0.000013606   -883158.0944       -34.291
2.1000         6.739436     0.000016327   -883160.9698       -24.983
2.2000         4.642177     0.000005442   -883163.0670       -18.517
2.3000         3.079089     0.000019048   -883164.6303       -13.894
2.4000         1.901179     0.000016327   -883165.8080       -10.535
2.5000         1.057946     0.000005442   -883166.6513        -7.976
2.6000         0.481092     0.000002721   -883167.2282        -6.125
2.7000         0.031413     0.000016327   -883167.6780        -4.682
2.8000        -0.315260     0.000010885   -883168.0247        -3.558
2.9000        -0.577771     0.000019048   -883168.2870        -2.633
3.0000        -0.771911     0.000016327   -883168.4813        -1.936
3.1000        -0.910110     0.000021769   -883168.6195        -1.361
3.2000        -1.003551     0.000005442   -883168.7128        -0.919
3.3000        -1.060763     0.000013606   -883168.7700        -0.600
3.4000        -1.089060     0.000002721   -883168.7983        -0.326
3.5000        -1.095090     0.000005442   -883168.8046        -0.127
3.6000        -1.083618     0.000021769   -883168.7928        -0.001
3.7000        -1.058937     0.000010885   -883168.7684         0.105
3.8000        -1.024827     0.000002721   -883168.7341         0.188
3.9000        -0.984448     0.000005442   -883168.6938         0.235
4.0000        -0.940020     0.000005442   -883168.6494         0.259
5.0000        -0.539047     0.000002721   -883168.2483         0.173
6.0000        -0.373879     0.000013606   -883168.0832         0.059
7.0000        -0.325138     0.000005442   -883168.0345         0.029
8.0000        -0.311160     0.000019048   -883168.0206         0.014
9.0000        -0.306651     0.000008163   -883168.0160         0.009
10.0000        -0.304833     0.000010885   -883168.0141         0.005
100.0000        -0.299954     0.000008163   -883168.0092         0.000
1000.0000        -0.299758     0.000002721   -883168.0092
