0.0020         0.000000     0.000016327  51815610.9509
0.0040  25824449.857519     0.000021769  24601552.1688
0.0060  16769778.730670     0.000013606  15546881.0409
0.0080  12252744.156250     0.000027211  11029846.4651
0.0100   9550701.030400     0.000019048   8327803.3412
0.0120   7760860.500414     0.000021769   6537962.8113
0.0140   6487972.581340     0.000008163   5265074.8912
0.0160   5539242.786388     0.000021769   4316345.0961
0.0180   4805930.205069     0.000010885   3583032.5161
0.0200   4223151.349679     0.000019048   3000253.6590
0.0400   1691268.364348     0.000021769    468370.6744
0.0600    928860.289619     0.000002721   -294037.4002
0.0800    588311.688892     0.000027211   -634586.0010
0.1000    406432.802132     0.000021769   -816464.8878
0.1200    295399.285042     0.000021769   -927498.4049
0.1400    221206.740154     0.000024490  -1001690.9498
0.1600    168192.732145     0.000021769  -1054704.9578
0.1800    131047.204200     0.000021769  -1091850.4859
0.2000    104244.500258     0.000024490  -1118653.1898
0.2400     67599.922472     0.000010885  -1155297.7676
0.2800     45230.424318     0.000019048  -1177667.2657
0.3200     31695.817680     0.000002721  -1191201.8723
0.3600     22722.440638     0.000005442  -1200175.2492
0.4000     16521.184607     0.000021769  -1206376.5054
0.4500     11544.859058     0.000002721  -1211352.8308
0.5000      8380.755904     0.000016327  -1214516.9341    -50762.181
0.5500      6278.050090     0.000021769  -1216619.6398    -34723.296
0.6000      4805.613825     0.000002721  -1218092.0761    -24915.799
0.6500      3731.178069     0.000008163  -1219166.5119    -18495.798
0.7000      2924.582326     0.000005442  -1219973.1077    -14043.909
0.7500      2306.895939     0.000013606  -1220590.7941    -10841.828
0.8000      1827.295563     0.000024490  -1221070.3945     -8455.079
0.8500      1452.623735     0.000010885  -1221445.0663     -6608.850
0.9000      1159.993773     0.000021769  -1221737.6963     -5156.101
0.9500       932.079836     0.000002721  -1221965.6102     -4018.267
1.0000       754.396672     0.000016327  -1222143.2933     -3132.940
1.1000       506.870292     0.000024490  -1222390.8196     -1926.180
1.2000       352.693089     0.000010885  -1222544.9969     -1219.730
1.3000       253.144942     0.000010885  -1222644.5451      -804.653
1.4000       185.960868     0.000008163  -1222711.7290      -554.499
1.5000       138.486998     0.000008163  -1222759.2031      -397.507
1.6000       103.805405     0.000013606  -1222793.8846      -292.681
1.7000        78.043892     0.000008163  -1222819.6461      -218.543
1.8000        59.040182     0.000016327  -1222838.6497      -163.848
1.9000        44.796037     0.000005442  -1222852.8938      -122.992
2.0000        34.362630     0.000002721  -1222863.3272       -92.832
2.1000        26.479616     0.000005442  -1222871.2104       -70.369
2.2000        20.475773     0.000021769  -1222877.2143       -53.722
2.3000        15.876105     0.000010885  -1222881.8138       -41.192
2.4000        12.339895     0.000027211  -1222885.3499       -31.743
2.5000         9.600442     0.000021769  -1222888.0896       -24.589
2.6000         7.487877     0.000019048  -1222890.2020       -19.012
2.7000         5.843849     0.000013606  -1222891.8461       -14.749
2.8000         4.579120     0.000021769  -1222893.1109       -11.406
2.9000         3.592881     0.000008163  -1222894.0970        -8.856
3.0000         2.838244     0.000013606  -1222894.8516        -6.840
3.1000         2.246815     0.000008163  -1222895.4432        -5.333
3.2000         1.795187     0.000008163  -1222895.8949        -4.136
3.3000         1.440095     0.000008163  -1222896.2497        -3.227
3.4000         1.162683     0.000005442  -1222896.5273        -2.550
3.5000         0.947767     0.000005442  -1222896.7423        -2.012
3.6000         0.770703     0.000002721  -1222896.9191        -1.623
3.7000         0.634208     0.000021769  -1222897.0557        -1.343
3.8000         0.521403     0.000024490  -1222897.1687        -1.078
3.9000         0.426013     0.000021769  -1222897.2639        -0.894
4.0000         0.352905     0.000019048  -1222897.3371        -0.772
5.0000         0.046319     0.000005442  -1222897.6435        -0.154
6.0000         0.054815     0.000010885  -1222897.6351         0.003
7.0000         0.109863     0.000005442  -1222897.5801         0.041
8.0000         0.149181     0.000002721  -1222897.5406         0.031
9.0000         0.168267     0.000000000  -1222897.5216        -0.004
10.0000         0.176550     0.000008163  -1222897.5134         0.012
100.0000         0.182267     0.000000000  -1222897.5077        -0.000
1000.0000         0.182270     0.000000000  -1222897.5077
