0.0020   8877143.649271     0.000016327   8732357.9465
0.0040   4343353.261989     0.000024490   4198567.5591
0.0060   2833961.718027     0.000021769   2689176.0161
0.0080   2081030.530642     0.000005442   1936244.8288
0.0100   1630454.153011     0.000010885   1485668.4512
0.0120   1331644.125598     0.000013606   1186858.4238
0.0140   1119119.226136     0.000005442    974333.5244
0.0160    960088.529307     0.000019048    815302.8275
0.0180    836673.605945     0.000016327    691887.9040
0.0200    738543.315793     0.000021769    593757.6140
0.0400    307654.992489     0.000021769    162869.2906
0.0600    173927.967169     0.000010885     29142.2653
0.0800    111894.561625     0.000016327    -32891.1402
0.1000     77726.694417     0.000024490    -67059.0074
0.1200     56706.226175     0.000008163    -88079.4757
0.1400     42662.668944     0.000019048   -102123.0329
0.1600     32864.460625     0.000021769   -111921.2412
0.1800     25902.225724     0.000005442   -118883.4761
0.2000     20864.372681     0.000016327   -123921.3292
0.2400     14344.214457     0.000016327   -130441.4874
0.2800     10050.008839     0.000027211   -134735.6930
0.3200      7268.953783     0.000010885   -137516.7481
0.3600      5351.158630     0.000010885   -139434.5432    -40525.535
0.4000      3988.963101     0.000013606   -140796.7388    -28209.699
0.4500      2851.789292     0.000027211   -141933.9126    -18090.870
0.5000      2112.031731     0.000024490   -142673.6701    -12005.475
0.5500      1583.357178     0.000019048   -143202.3447     -9892.913
0.6000      1159.879760     0.000024490   -143625.8221     -7065.425
0.6500       863.285514     0.000019048   -143922.4163     -4915.743
0.7000       655.876234     0.000024490   -144129.8256     -3459.028
0.7500       508.642644     0.000024490   -144277.0592     -2479.880
0.8000       402.217345     0.000021769   -144383.4845     -1819.883
0.8500       323.123357     0.000019048   -144462.5785     -1372.081
0.9000       262.710790     0.000027211   -144522.9911     -1062.698
0.9500       215.374218     0.000019048   -144570.3276      -842.500
1.0000       177.512600     0.000024490   -144608.1892      -679.606
1.1000       121.670271     0.000019048   -144664.0316      -454.490
1.2000        84.090444     0.000024490   -144701.6114      -306.793
1.3000        58.798904     0.000021769   -144726.9029      -207.743
1.4000        41.608646     0.000016327   -144744.0932      -142.574
1.5000        29.273255     0.000024490   -144756.4286      -101.908
1.6000        20.320091     0.000024490   -144765.3818       -73.075
1.7000        14.164495     0.000013606   -144771.5374       -51.352
1.8000         9.826740     0.000005442   -144775.8751       -36.268
1.9000         6.759708     0.000021769   -144778.9421       -25.646
2.0000         4.593403     0.000016327   -144781.1084       -18.083
2.1000         3.070950     0.000013606   -144782.6309       -12.639
2.2000         2.012517     0.000021769   -144783.6893        -8.735
2.3000         1.288054     0.000013606   -144784.4138        -5.916
2.4000         0.887282     0.000010885   -144784.8146        -4.194
2.5000         0.649163     0.000005442   -144785.0527        -3.082
2.6000         0.467595     0.000021769   -144785.2343        -2.235
2.7000         0.333190     0.000008163   -144785.3687        -1.585
2.8000         0.236783     0.000024490   -144785.4651        -1.100
2.9000         0.170036     0.000019048   -144785.5318        -0.737
3.0000         0.126201     0.000013606   -144785.5757        -0.474
3.1000         0.099226     0.000010885   -144785.6026        -0.287
3.2000         0.084489     0.000024490   -144785.6174        -0.153
3.3000         0.078404     0.000021769   -144785.6234        -0.063
3.4000         0.078127     0.000019048   -144785.6237        -0.005
3.5000         0.081561     0.000016327   -144785.6203         0.032
3.6000         0.087199     0.000024490   -144785.6147         0.053
3.7000         0.093964     0.000019048   -144785.6079         0.064
3.8000         0.101107     0.000016327   -144785.6007         0.067
3.9000         0.108165     0.000010885   -144785.5937         0.065
4.0000         0.114813     0.000008163   -144785.5870         0.061
5.0000         0.149927     0.000010885   -144785.5519         0.013
6.0000         0.155938     0.000002721   -144785.5459         0.001
7.0000         0.156716     0.000010885   -144785.5451        -0.000
8.0000         0.156808     0.000010885   -144785.5450        -0.000
9.0000         0.156819     0.000010885   -144785.5450        -0.000
10.0000         0.156819     0.000010885   -144785.5450        -0.000
100.0000         0.156819     0.000010885   -144785.5450
1000.0000         0.156819     0.000010885   -144785.5450
