0.0020  15180475.859281     0.000024490  14871707.2737
0.0040   7406772.422093     0.000021769   7098003.8368
0.0060   4826375.468047     0.000021769   4517606.8831
0.0080   3538047.795211     0.000008163   3229279.2088
0.0100   2766738.284750     0.000024490   2457969.6991
0.0120   2254431.405679     0.000027211   1945662.8198
0.0140   1889774.592119     0.000010885   1581006.0063
0.0160   1617403.941200     0.000019048   1308635.3555
0.0180   1406373.544154     0.000021769   1097604.9584
0.0200   1238686.992047     0.000005442    929918.4063
0.0400    509345.440074     0.000005442    200576.8543
0.0600    285346.821205     0.000016327    -23421.7645
0.0800    182581.390461     0.000008163   -126187.1953
0.1000    125753.108333     0.000019048   -183015.4774
0.1200     91144.678909     0.000016327   -217623.9068
0.1400     68880.769323     0.000005442   -239887.8164
0.1600     53643.646779     0.000021769   -255124.9390
0.1800     42430.003726     0.000019048   -266338.5820
0.2000     33968.203381     0.000010885   -274800.3825
0.2400     22697.757758     0.000016327   -286070.8279
0.2800     16050.363332     0.000019048   -292718.2225
0.3200     11697.941073     0.000027211   -297070.6448
0.3600      8606.985265     0.000021769   -300161.6006
0.4000      6466.506406     0.000016327   -302302.0795    -44036.811
0.4500      4687.076252     0.000027211   -304081.5094    -28548.262
0.5000      3500.842489     0.000021769   -305267.7434    -19694.564
0.5500      2654.924099     0.000010885   -306113.6616    -14583.380
0.6000      2016.855419     0.000010885   -306751.7305    -11051.738
0.6500      1538.905526     0.000016327   -307229.6801     -8139.997
0.7000      1190.014658     0.000016327   -307578.5710     -5926.672
0.7500       935.356463     0.000027211   -307833.2292     -4350.804
0.8000       746.909236     0.000016327   -308021.6765     -3252.162
0.8500       604.566962     0.000024490   -308164.0188     -2486.502
0.9000       494.588872     0.000016327   -308273.9969     -1945.544
0.9500       407.682392     0.000008163   -308360.9033     -1553.700
1.0000       337.691239     0.000021769   -308430.8946     -1260.266
1.1000       233.577793     0.000019048   -308535.0081      -851.316
1.2000       162.556997     0.000024490   -308606.0287      -583.540
1.3000       114.568317     0.000024490   -308654.0174      -409.182
1.4000        80.673068     0.000016327   -308687.9127      -289.015
1.5000        56.536405     0.000016327   -308712.0492      -204.865
1.6000        39.290668     0.000027211   -308729.2950      -145.311
1.7000        26.987229     0.000024490   -308741.5986      -102.739
1.8000        18.268060     0.000016327   -308750.3177       -72.150
1.9000        12.151118     0.000016327   -308756.4346       -50.196
2.0000         8.024801     0.000019048   -308760.5609       -34.672
2.1000         5.248956     0.000021769   -308763.3367       -23.733
2.2000         3.370882     0.000013606   -308765.2149       -16.024
2.3000         2.126723     0.000016327   -308766.4590       -10.618
2.4000         1.359623     0.000013606   -308767.2260        -6.997
2.5000         0.880792     0.000010885   -308767.7050        -4.542
2.6000         0.580327     0.000013606   -308768.0054        -3.015
2.7000         0.385273     0.000016327   -308768.2005        -1.998
2.8000         0.248130     0.000021769   -308768.3376        -1.407
2.9000         0.140525     0.000027211   -308768.4451        -1.037
3.0000         0.049568     0.000021769   -308768.5363        -0.731
3.1000        -0.029459     0.000021769   -308768.6152        -0.560
3.2000        -0.095776     0.000013606   -308768.6816        -0.368
3.3000        -0.148103     0.000024490   -308768.7338        -0.196
3.4000        -0.185748     0.000010885   -308768.7714        -0.059
3.5000        -0.208292     0.000021769   -308768.7940         0.073
3.6000        -0.216709     0.000024490   -308768.8024         0.188
3.7000        -0.212948     0.000024490   -308768.7986         0.281
3.8000        -0.198888     0.000010885   -308768.7847         0.350
3.9000        -0.175919     0.000013606   -308768.7616         0.405
4.0000        -0.145695     0.000016327   -308768.7314         0.440
5.0000         0.224611     0.000024490   -308768.3610         0.390
6.0000         0.461070     0.000019048   -308768.1246         0.176
7.0000         0.588727     0.000021769   -308767.9969         0.060
8.0000         0.619677     0.000016327   -308767.9662         0.018
9.0000         0.624616     0.000021769   -308767.9610         0.005
10.0000         0.623819     0.000027211   -308767.9618         0.002
100.0000         0.606278     0.000024490   -308767.9795
1000.0000         0.604888     0.000013606   -308767.9809
