0.0020  26579859.072403     0.000019048  26022369.5506
0.0040  12943387.747696     0.000013606  12385898.2237
0.0060   8410551.643663     0.000021769   7853062.1209
0.0080   6152281.567417     0.000010885   5594792.0459
0.0100   4802508.354490     0.000019048   4245018.8326
0.0120   3905436.973900     0.000019048   3347947.4510
0.0140   3267994.264481     0.000013606   2710504.7418
0.0160   2793237.108538     0.000013606   2235747.5860
0.0180   2426209.654534     0.000024490   1868720.1320
0.0200   2134965.909845     0.000019048   1577476.3873
0.0400    869390.787180     0.000021769    311901.2646
0.0600    483657.993661     0.000013606    -73831.5290
0.0800    307236.084125     0.000021769   -250253.4385
0.1000    211251.009939     0.000013606   -346238.5126
0.1200    152645.418051     0.000016327   -404844.1047
0.1400    113988.594474     0.000019048   -443500.9281
0.1600     87620.965422     0.000005442   -469868.5572
0.1800     69013.836211     0.000024490   -488475.6864
0.2000     55492.637455     0.000021769   -501996.8851
0.2400     36426.357502     0.000021769   -521063.1653
0.2800     24777.691184     0.000021769   -532711.8314
0.3200     17444.739493     0.000024490   -540044.7831
0.3600     12711.249911     0.000016327   -544778.2727
0.4000      9361.665845     0.000024490   -548127.8567
0.4500      6482.299708     0.000021769   -551007.2230    -45519.107
0.5000      4631.764583     0.000016327   -552857.7582    -29853.483
0.5500      3393.325708     0.000010885   -554096.1970    -20451.719
0.6000      2525.958131     0.000024490   -554963.5646    -14629.988
0.6500      1894.700360     0.000021769   -555594.8222    -10774.050
0.7000      1429.110308     0.000019048   -556060.4124     -7942.375
0.7500      1088.599203     0.000027211   -556400.9233     -5811.062
0.8000       839.616241     0.000019048   -556649.9065     -4252.345
0.8500       656.681580     0.000013606   -556832.8411     -3140.743
0.9000       520.536060     0.000016327   -556968.9865     -2356.174
0.9500       417.355543     0.000005442   -557072.1672     -1802.038
1.0000       337.467676     0.000010885   -557152.0550     -1406.465
1.1000       224.832029     0.000019048   -557264.6906      -892.008
1.2000       152.717922     0.000021769   -557336.8048      -579.216
1.3000       105.512602     0.000019048   -557384.0101      -377.974
1.4000        74.118939     0.000024490   -557415.4036      -252.180
1.5000        52.634639     0.000016327   -557436.8881      -173.693
1.6000        37.838448     0.000016327   -557451.6843      -122.830
1.7000        27.277909     0.000019048   -557462.2448       -88.927
1.8000        19.621427     0.000024490   -557469.9012       -65.068
1.9000        14.041197     0.000013606   -557475.4815       -47.651
2.0000         9.982637     0.000013606   -557479.5400       -34.735
2.1000         7.049991     0.000021769   -557482.4726       -25.136
2.2000         4.989857     0.000021769   -557484.5328       -18.290
2.3000         3.507791     0.000010885   -557486.0147       -13.268
2.4000         2.443779     0.000021769   -557487.0790        -9.628
2.5000         1.683411     0.000021769   -557487.8393        -7.098
2.6000         1.143711     0.000024490   -557488.3789        -5.287
2.7000         0.742449     0.000021769   -557488.7802        -4.105
2.8000         0.435510     0.000016327   -557489.0872        -3.239
2.9000         0.183013     0.000008163   -557489.3397        -2.675
3.0000        -0.029611     0.000021769   -557489.5522        -2.253
3.1000        -0.216075     0.000019048   -557489.7386        -1.905
3.2000        -0.376840     0.000016327   -557489.8994        -1.652
3.3000        -0.517245     0.000010885   -557490.0398        -1.399
3.4000        -0.637509     0.000010885   -557490.1601        -1.204
3.5000        -0.738076     0.000019048   -557490.2608        -1.024
3.6000        -0.823322     0.000021769   -557490.3460        -0.857
3.7000        -0.890683     0.000019048   -557490.4135        -0.724
3.8000        -0.944984     0.000010885   -557490.4676        -0.579
3.9000        -0.987722     0.000024490   -557490.5103        -0.487
4.0000        -1.017412     0.000008163   -557490.5400        -0.395
5.0000        -1.000373     0.000021769   -557490.5231         0.029
6.0000        -0.853341     0.000019048   -557490.3759         0.058
7.0000        -0.766869     0.000016327   -557490.2896         0.043
8.0000        -0.729298     0.000016327   -557490.2518         0.022
9.0000        -0.715173     0.000024490   -557490.2379         0.001
10.0000        -0.709902     0.000010885   -557490.2325         0.007
100.0000        -0.701496     0.000008163   -557490.2241        -0.000
1000.0000        -0.701017     0.000024490   -557490.2238
