0.0020   7828204.046572     0.000024490   7540921.6505
0.0040   3817584.658379     0.000016327   3530302.2620
0.0060   2486195.464366     0.000021769   2198913.0678
0.0080   1823332.919011     0.000010885   1536050.5226
0.0100   1427229.980351     0.000016327   1139947.5840
0.0120   1164556.517607     0.000019048    877274.1212
0.0140    977687.342837     0.000008163    690404.9463
0.0160    838096.381110     0.000027211    550813.9848
0.0180    730023.202711     0.000019048    442740.8063
0.0200    643969.131796     0.000013606    356686.7352
0.0400    268199.647573     0.000005442    -19082.7489
0.0600    152010.669335     0.000019048   -135271.7271
0.0800     98099.090612     0.000016327   -189183.3058
0.1000     68373.005406     0.000013606   -218909.3910
0.1200     49891.894696     0.000010885   -237390.5017
0.1400     37535.190942     0.000016327   -249747.2055
0.1600     28955.673113     0.000021769   -258326.7233
0.1800     22825.869372     0.000019048   -264456.5271
0.2000     18347.973184     0.000013606   -268934.4233
0.2400     12371.933202     0.000005442   -274910.4632
0.2800      8513.614215     0.000024490   -278768.7823
0.3200      6049.238882     0.000008163   -281233.1576    -49349.770
0.3600      4426.805666     0.000019048   -282855.5908    -33027.077
0.4000      3327.060367     0.000021769   -283955.3361    -22738.458
0.4500      2398.775177     0.000019048   -284883.6213    -15194.900
0.5000      1754.846073     0.000024490   -285527.5504    -10895.852
0.5500      1291.345415     0.000008163   -285991.0511     -7810.163
0.6000       960.117206     0.000021769   -286322.2791     -5546.748
0.6500       725.085878     0.000016327   -286557.3105     -3925.874
0.7000       559.059910     0.000013606   -286723.3365     -2798.532
0.7500       439.787328     0.000005442   -286842.6092     -2037.146
0.8000       351.705111     0.000013606   -286930.6914     -1527.712
0.8500       284.193784     0.000024490   -286998.2026     -1191.061
0.9000       230.444006     0.000013606   -287051.9524      -959.134
0.9500       187.356051     0.000016327   -287095.0403      -782.513
1.0000       152.291944     0.000019048   -287130.1044      -631.481
1.1000       102.723317     0.000019048   -287179.6732      -392.939
1.2000        72.615646     0.000019048   -287209.7807      -238.769
1.3000        54.225885     0.000019048   -287228.1704      -146.592
1.4000        42.563655     0.000021769   -287239.8327      -102.764
1.5000        33.809928     0.000024490   -287248.5866       -79.620
1.6000        26.859071     0.000010885   -287255.5375       -62.331
1.7000        21.437255     0.000013606   -287260.9591       -48.172
1.8000        17.268047     0.000024490   -287265.1284       -36.693
1.9000        14.110959     0.000010885   -287268.2855       -27.450
2.0000        11.759141     0.000024490   -287270.6374       -20.259
2.1000        10.033089     0.000016327   -287272.3634       -14.731
2.2000         8.784024     0.000019048   -287273.6124       -10.594
2.3000         7.889792     0.000021769   -287274.5066        -7.531
2.4000         7.256248     0.000013606   -287275.1403        -5.324
2.5000         6.810275     0.000013606   -287275.5863        -3.713
2.6000         6.498062     0.000021769   -287275.8984        -2.597
2.7000         6.279549     0.000013606   -287276.1169        -1.806
2.8000         6.126387     0.000021769   -287276.2701        -1.261
2.9000         6.018176     0.000016327   -287276.3782        -0.888
3.0000         5.940781     0.000010885   -287276.4557        -0.633
3.1000         5.884647     0.000013606   -287276.5118        -0.460
3.2000         5.843149     0.000027211   -287276.5534        -0.339
3.3000         5.811864     0.000008163   -287276.5847        -0.245
3.4000         5.787733     0.000021769   -287276.6086        -0.192
3.5000         5.769072     0.000010885   -287276.6274        -0.150
3.6000         5.754486     0.000008163   -287276.6418        -0.112
3.7000         5.743025     0.000005442   -287276.6535        -0.088
3.8000         5.733915     0.000010885   -287276.6625        -0.071
3.9000         5.726992     0.000013606   -287276.6696        -0.052
4.0000         5.721849     0.000002721   -287276.6745        -0.038
5.0000         5.717735     0.000013606   -287276.6788         0.015
6.0000         5.731408     0.000010885   -287276.6650         0.010
7.0000         5.737477     0.000019048   -287276.6590         0.003
8.0000         5.739172     0.000021769   -287276.6573         0.000
9.0000         5.739561     0.000021769   -287276.6568        -0.000
10.0000         5.739629     0.000021769   -287276.6568        -0.000
100.0000         5.739656     0.000021769   -287276.6568
1000.0000         5.739659     0.000021769   -287276.6568
