0.0020   9849009.707461     0.000019048   9416845.6004
0.0040   4798451.611905     0.000013606   4366287.5046
0.0060   3121311.530683     0.000008163   2689147.4243
0.0080   2286651.390183     0.000010885   1854487.2837
0.0100   1788201.631372     0.000027211   1356037.5248
0.0120   1457699.663705     0.000027211   1025535.5573
0.0140   1222729.512858     0.000013606    790565.4065
0.0160   1047442.354228     0.000016327    615278.2478
0.0180    911605.902174     0.000005442    479441.7957
0.0200    803543.970187     0.000021769    371379.8637
0.0400    333335.873613     0.000019048    -98828.2329
0.0600    187839.532386     0.000021769   -244324.5741
0.0800    120943.994288     0.000019048   -311220.1122
0.1000     83878.603015     0.000021769   -348285.5035
0.1200     60945.956577     0.000019048   -371218.1500
0.1400     45848.332103     0.000019048   -386315.7745
0.1600     35534.818271     0.000008163   -396629.2882
0.1800     28079.650489     0.000016327   -404084.4561
0.2000     22428.969226     0.000013606   -409735.1373
0.2400     14791.101399     0.000021769   -417373.0050
0.2800     10157.223375     0.000013606   -422006.8831
0.3200      7241.199476     0.000024490   -424922.9070
0.3600      5312.192457     0.000027211   -426851.9141    -39833.038
0.4000      3955.640232     0.000013606   -428208.4661    -28776.444
0.4500      2769.729477     0.000008163   -429394.3769    -19238.159
0.5000      1980.660066     0.000019048   -430183.4464    -12795.932
0.5500      1451.878690     0.000024490   -430712.2278     -8667.738
0.6000      1088.891631     0.000016327   -431075.2147     -6041.891
0.6500       832.187367     0.000024490   -431331.9192     -4355.070
0.7000       643.994797     0.000021769   -431520.1118     -3252.399
0.7500       501.636466     0.000013606   -431662.4701     -2496.338
0.8000       391.544421     0.000024490   -431772.5620     -1939.375
0.8500       305.853133     0.000013606   -431858.2534     -1497.343
0.9000       240.421655     0.000027211   -431923.6848     -1145.474
0.9500       190.553014     0.000027211   -431973.5535      -879.487
1.0000       152.036668     0.000021769   -432012.0699      -681.184
1.1000        98.294841     0.000021769   -432065.8116      -423.907
1.2000        64.321650     0.000024490   -432099.7848      -272.713
1.3000        42.138390     0.000021769   -432121.9680      -179.245
1.4000        27.425122     0.000024490   -432136.6812      -119.356
1.5000        17.602002     0.000021769   -432146.5045       -79.664
1.6000        11.064970     0.000010885   -432153.0415       -52.707
1.7000         6.809306     0.000021769   -432157.2971       -34.302
1.8000         4.271210     0.000019048   -432159.8354       -22.117
1.9000         2.710421     0.000016327   -432161.3960       -13.977
2.0000         1.792491     0.000013606   -432162.3141        -8.864
2.1000         1.270057     0.000013606   -432162.8366        -5.597
2.2000         0.966998     0.000027211   -432163.1394        -3.759
2.3000         0.770371     0.000019048   -432163.3362        -2.617
2.4000         0.617092     0.000019048   -432163.4894        -2.020
2.5000         0.483302     0.000021769   -432163.6232        -1.550
2.6000         0.426212     0.000008163   -432163.6804        -1.292
2.7000         0.372755     0.000021769   -432163.7337        -1.006
2.8000         0.330983     0.000019048   -432163.7756        -0.756
2.9000         0.303347     0.000016327   -432163.8031        -0.554
3.0000         0.292803     0.000013606   -432163.8137        -0.351
3.1000         0.297924     0.000019048   -432163.8085        -0.180
3.2000         0.318147     0.000005442   -432163.7884        -0.039
3.3000         0.350491     0.000016327   -432163.7560         0.058
3.4000         0.392788     0.000013606   -432163.7136         0.157
3.5000         0.442656     0.000013606   -432163.6638         0.222
3.6000         0.497294     0.000027211   -432163.6091         0.279
3.7000         0.556122     0.000013606   -432163.5503         0.311
3.8000         0.616512     0.000024490   -432163.4899         0.329
3.9000         0.677079     0.000019048   -432163.4295         0.336
4.0000         0.737807     0.000021769   -432163.3688         0.335
5.0000         1.216513     0.000016327   -432162.8899         0.205
6.0000         1.438822     0.000010885   -432162.6676         0.070
7.0000         1.522902     0.000021769   -432162.5835         0.037
8.0000         1.555934     0.000010885   -432162.5506         0.019
9.0000         1.571687     0.000024490   -432162.5348         0.009
10.0000         1.581102     0.000010885   -432162.5253         0.010
100.0000         1.628812     0.000008163   -432162.4776         0.000
1000.0000         1.632251     0.000019048   -432162.4741
