0.0020   5045226.057300     0.000008163   4380495.9078
0.0040   2458572.020009     0.000002721   1793841.8716
0.0060   1599857.020618     0.000008163    935126.8724
0.0080   1172881.983187     0.000010885    508151.8349
0.0100    917801.101302     0.000019048    253070.9530
0.0120    748412.567198     0.000024490     83682.4189
0.0140    627939.623931     0.000016327    -36790.5244
0.0160    538177.400749     0.000019048   -126552.7476
0.0180    468700.153546     0.000024490   -196029.9948
0.0200    413505.511588     0.000019048   -251224.6367
0.0400    172301.448564     0.000016327   -492428.6998
0.0600     97804.119235     0.000024490   -566926.0290
0.0800     63170.546470     0.000016327   -601559.6018
0.1000     43785.857878     0.000021769   -620944.2904
0.1200     31766.076162     0.000008163   -632964.0723
0.1400     23916.929280     0.000016327   -640813.2191
0.1600     18581.899525     0.000013606   -646148.2489
0.1800     14797.804374     0.000021769   -649932.3440
0.2000     11990.347842     0.000019048   -652739.8006
0.2400      8098.091977     0.000010885   -656632.0564
0.2800      5650.997682     0.000016327   -659079.1505    -48202.141
0.3200      4093.630451     0.000016327   -660636.5178    -31134.650
0.3600      3067.055652     0.000016327   -661663.0927    -21076.023
0.4000      2352.755313     0.000013606   -662377.3930    -15107.205
0.4500      1721.154327     0.000013606   -663008.9939    -10501.172
0.5000      1277.017565     0.000019048   -663453.1307     -7459.804
0.5500       960.023814     0.000013606   -663770.1244     -5351.459
0.6000       731.505055     0.000024490   -663998.6433     -3877.525
0.6500       564.960525     0.000021769   -664165.1877     -2844.622
0.7000       441.765441     0.000019048   -664288.3829     -2122.517
0.7500       348.730739     0.000021769   -664381.4176     -1620.999
0.8000       276.545793     0.000016327   -664453.6026     -1273.045
0.8500       218.796196     0.000021769   -664511.3520     -1024.527
0.9000       171.829340     0.000024490   -664558.3189      -833.867
0.9500       133.901193     0.000008163   -664596.2472      -674.314
1.0000       103.500741     0.000021769   -664626.6475      -538.484
1.1000        60.511881     0.000016327   -664669.6363      -336.229
1.2000        33.724844     0.000019048   -664696.4235      -208.677
1.3000        17.015909     0.000027211   -664713.1324      -130.573
1.4000         6.475292     0.000021769   -664723.6730       -82.907
1.5000        -0.248339     0.000005442   -664730.3966       -52.955
1.6000        -4.521192     0.000010885   -664734.6694       -33.244
1.7000        -7.160039     0.000005442   -664737.3083       -20.019
1.8000        -8.674585     0.000021769   -664738.8229       -10.646
1.9000        -9.410275     0.000019048   -664739.5585        -4.340
2.0000        -9.614749     0.000024490   -664739.7631         0.036
2.1000        -9.468975     0.000013606   -664739.6172         2.775
2.2000        -9.099330     0.000019048   -664739.2477         4.490
2.3000        -8.535497     0.000005442   -664738.6839         5.337
2.4000        -7.925548     0.000008163   -664738.0738         5.658
2.5000        -7.162556     0.000008163   -664737.3108         5.524
2.6000        -6.206985     0.000019048   -664736.3554         4.823
2.7000        -5.414360     0.000021769   -664735.5627         4.205
2.8000        -4.754054     0.000008163   -664734.9023         3.720
2.9000        -4.169322     0.000027211   -664734.3175         3.246
3.0000        -3.658684     0.000016327   -664733.8071         2.799
3.1000        -3.225457     0.000016327   -664733.3738         2.423
3.2000        -2.857605     0.000013606   -664733.0060         2.113
3.3000        -2.545030     0.000021769   -664732.6933         1.840
3.4000        -2.262609     0.000010885   -664732.4108         1.584
3.5000        -1.988190     0.000024490   -664732.1365         1.324
3.6000        -1.756278     0.000021769   -664731.9047         1.130
3.7000        -1.560522     0.000002721   -664731.7088         0.972
3.8000        -1.395243     0.000008163   -664731.5436         0.840
3.9000        -1.255447     0.000016327   -664731.4037         0.730
4.0000        -1.136691     0.000013606   -664731.2851         0.616
5.0000        -0.558947     0.000013606   -664730.7071         0.145
6.0000        -0.378908     0.000008163   -664730.5273         0.115
7.0000        -0.293717     0.000013606   -664730.4421         0.042
8.0000        -0.240323     0.000016327   -664730.3888         0.028
9.0000        -0.202668     0.000013606   -664730.3509         0.021
10.0000        -0.174240     0.000010885   -664730.3226         0.017
100.0000         0.015309     0.000016327   -664730.1330         0.000
1000.0000         0.031173     0.000002721   -664730.1172
