0.0020  10699109.563558     0.000010885  10517712.6751
0.0040   5230983.035141     0.000019048   5049586.1483
0.0060   3410396.808866     0.000027211   3228999.9219
0.0080   2502181.230500     0.000019048   2320784.3433
0.0100   1958777.006439     0.000010885   1777380.1193
0.0120   1598811.626581     0.000019048   1417414.7396
0.0140   1342377.544090     0.000027211   1160980.6570
0.0160   1150508.971726     0.000024490    969112.0847
0.0180   1001900.381622     0.000010885    820503.4946
0.0200    884048.589729     0.000013606    702651.7026
0.0400    366449.683919     0.000010885    185052.7968
0.0600    206318.173926     0.000016327     24921.2868
0.0800    132539.196338     0.000019048    -48857.6908
0.1000     92024.766630     0.000024490    -89372.1205
0.1200     66867.927449     0.000021769   -114528.9597
0.1400     50135.392700     0.000010885   -131261.4944
0.1600     38646.157902     0.000024490   -142750.7292
0.1800     30577.968245     0.000027211   -150818.9189
0.2000     24793.601810     0.000013606   -156603.2853
0.2400     16826.238585     0.000013606   -164570.6485
0.2800     11766.980118     0.000019048   -169629.9070
0.3200      8378.798221     0.000024490   -173018.0889
0.3600      6166.673267     0.000024490   -175230.2139    -44693.652
0.4000      4686.771199     0.000013606   -176710.1159    -30398.102
0.4500      3401.432821     0.000024490   -177995.4543    -23048.527
0.5000      2428.597686     0.000013606   -178968.2894    -15910.630
0.5500      1773.416055     0.000019048   -179623.4711    -10666.557
0.6000      1330.742075     0.000016327   -180066.1450     -7284.693
0.6500      1024.538159     0.000021769   -180372.3490     -5121.658
0.7000       805.679976     0.000013606   -180591.2072     -3732.691
0.7500       643.318643     0.000013606   -180753.5685     -2822.633
0.8000       518.626546     0.000024490   -180878.2606     -2201.984
0.8500       420.484543     0.000016327   -180976.4026     -1754.566
0.9000       341.837320     0.000013606   -181055.0498     -1411.960
0.9500       278.411344     0.000024490   -181118.4758     -1138.457
1.0000       227.210503     0.000019048   -181169.6766      -917.715
1.1000       152.309027     0.000010885   -181244.5781      -608.012
1.2000       102.080254     0.000010885   -181294.8069      -411.549
1.3000        68.265809     0.000010885   -181328.6213      -276.835
1.4000        45.469933     0.000013606   -181351.4172      -186.883
1.5000        29.986531     0.000027211   -181366.9006      -126.362
1.6000        19.478657     0.000013606   -181377.4085       -85.183
1.7000        12.420108     0.000016327   -181384.4670       -57.041
1.8000         7.924897     0.000008163   -181388.9622       -38.013
1.9000         4.990279     0.000019048   -181391.8969       -25.009
2.0000         3.165434     0.000016327   -181393.7217       -16.242
2.1000         2.059247     0.000016327   -181394.8279       -10.438
2.2000         1.390535     0.000019048   -181395.4966        -6.696
2.3000         0.990919     0.000016327   -181395.8962        -4.345
2.4000         0.741516     0.000008163   -181396.1456        -2.935
2.5000         0.566296     0.000016327   -181396.3208        -2.063
2.6000         0.424849     0.000021769   -181396.4623        -1.553
2.7000         0.301875     0.000024490   -181396.5852        -1.138
2.8000         0.194741     0.000024490   -181396.6924        -0.814
2.9000         0.107093     0.000010885   -181396.7800        -0.508
3.0000         0.040771     0.000021769   -181396.8464        -0.249
3.1000        -0.002514     0.000024490   -181396.8897        -0.032
3.2000        -0.022768     0.000013606   -181396.9099         0.165
3.3000        -0.023356     0.000013606   -181396.9105         0.327
3.4000        -0.006553     0.000013606   -181396.8937         0.448
3.5000         0.025587     0.000010885   -181396.8615         0.537
3.6000         0.068845     0.000010885   -181396.8183         0.608
3.7000         0.119907     0.000024490   -181396.7672         0.658
3.8000         0.176681     0.000019048   -181396.7104         0.678
3.9000         0.238062     0.000019048   -181396.6491         0.685
4.0000         0.301355     0.000010885   -181396.5858         0.688
5.0000         0.819885     0.000019048   -181396.0672         0.398
6.0000         1.129336     0.000021769   -181395.7578         0.135
7.0000         1.224390     0.000019048   -181395.6627         0.041
8.0000         1.246543     0.000013606   -181395.6406         0.013
9.0000         1.251800     0.000019048   -181395.6353         0.006
10.0000         1.253191     0.000005442   -181395.6339         0.003
100.0000         1.254075     0.000010885   -181395.6331
1000.0000         1.254070     0.000005442   -181395.6331
