0.0020   7780718.458166     0.000019048   7355580.3398
0.0040   3793146.735679     0.000008163   3368008.6173
0.0060   2467629.012780     0.000013606   2042490.8951
0.0080   1808194.719706     0.000016327   1383056.6021
0.0100   1414337.549088     0.000024490    989199.4314
0.0120   1153218.050359     0.000024490    728079.9328
0.0140    967710.972520     0.000019048    542572.8549
0.0160    829464.542575     0.000016327    404326.4250
0.0180    722415.648531     0.000010885    297277.5308
0.0200    637324.588151     0.000019048    212186.4705
0.0400    265217.048407     0.000013606   -159921.0692
0.0600    149708.365692     0.000019048   -275429.7519
0.0800     96645.708700     0.000024490   -328492.4089
0.1000     67337.741039     0.000016327   -357800.3766
0.1200     48940.450964     0.000027211   -376197.6667
0.1400     36722.674056     0.000008163   -388415.4436
0.1600     28372.187869     0.000019048   -396765.9299
0.1800     22476.137264     0.000019048   -402661.9804
0.2000     18144.417190     0.000019048   -406993.7004
0.2400     12002.107911     0.000013606   -413136.0097
0.2800      8239.594834     0.000019048   -416898.5229
0.3200      5860.082724     0.000027211   -419278.0348    -47604.951
0.3600      4294.649875     0.000024490   -420843.4678    -31935.112
0.4000      3222.134900     0.000021769   -421915.9827    -22530.615
0.4500      2282.794612     0.000019048   -422855.3230    -15528.999
0.5000      1633.735491     0.000021769   -423504.3821    -10703.573
0.5500      1188.149486     0.000013606   -423949.9681     -7335.604
0.6000       881.897216     0.000019048   -424256.2204     -5072.829
0.6500       668.258274     0.000021769   -424469.8593     -3578.730
0.7000       515.658847     0.000013606   -424622.4589     -2593.032
0.7500       403.455099     0.000021769   -424734.6626     -1938.248
0.8000       318.286439     0.000016327   -424819.8313     -1494.864
0.8500       251.812982     0.000021769   -424886.3046     -1179.024
0.9000       199.075509     0.000016327   -424939.0422      -938.087
0.9500       157.057301     0.000024490   -424981.0604      -745.869
1.0000       123.643726     0.000016327   -425014.4738      -590.754
1.1000        76.894629     0.000024490   -425061.2230      -372.048
1.2000        47.443755     0.000021769   -425090.6739      -236.013
1.3000        28.467684     0.000010885   -425109.6501      -153.105
1.4000        15.933622     0.000024490   -425122.1839      -102.061
1.5000         7.598140     0.000019048   -425130.5196       -67.924
1.6000         2.070915     0.000013606   -425136.0467       -44.463
1.7000        -1.498333     0.000016327   -425139.6161       -28.075
1.8000        -3.698736     0.000016327   -425141.8164       -16.664
1.9000        -4.948765     0.000019048   -425143.0665        -8.823
2.0000        -5.540031     0.000008163   -425143.6578        -3.341
2.1000        -5.592815     0.000010885   -425143.7106         0.097
2.2000        -5.359219     0.000013606   -425143.4768         2.433
2.3000        -4.838137     0.000008163   -425142.9557         3.558
2.4000        -3.941990     0.000016327   -425142.0596         3.812
2.5000        -3.145297     0.000024490   -425141.2629         3.794
2.6000        -2.443806     0.000010885   -425140.5614         3.649
2.7000        -1.832138     0.000016327   -425139.9497         3.482
2.8000        -1.297869     0.000013606   -425139.4155         3.259
2.9000        -0.781721     0.000021769   -425138.8993         2.979
3.0000        -0.257496     0.000013606   -425138.3752         2.686
3.1000         0.215746     0.000021769   -425137.9020         2.384
3.2000         0.628257     0.000021769   -425137.4895         2.082
3.3000         0.987910     0.000024490   -425137.1298         1.822
3.4000         1.300169     0.000021769   -425136.8174         1.593
3.5000         1.570386     0.000019048   -425136.5472         1.384
3.6000         1.804077     0.000008163   -425136.3137         1.186
3.7000         2.005891     0.000008163   -425136.1118         1.017
3.8000         2.179070     0.000021769   -425135.9384         0.865
3.9000         2.326928     0.000016327   -425135.7907         0.749
4.0000         2.452645     0.000019048   -425135.6650         0.639
5.0000         3.008783     0.000024490   -425135.1088         0.117
6.0000         3.106559     0.000016327   -425135.0111         0.038
7.0000         3.127389     0.000010885   -425134.9901         0.010
8.0000         3.134984     0.000010885   -425134.9828         0.005
9.0000         3.139319     0.000008163   -425134.9784         0.003
10.0000         3.142348     0.000027211   -425134.9752         0.002
100.0000         3.161112     0.000019048   -425134.9567
1000.0000         3.162604     0.000027211   -425134.9550
