0.0020         0.000000     0.000021769  35401927.9901
0.0040  17641622.652570     0.000019048  16800431.4735
0.0060  11463418.493620     0.000019048  10622227.3124
0.0080   8383376.942231     0.000013606   7542185.7614
0.0100   6539502.431177     0.000019048   5698311.2522
0.0120   5314597.787714     0.000010885   4473406.6071
0.0140   4443987.867590     0.000013606   3602796.6863
0.0160   3795465.174678     0.000016327   2954273.9944
0.0180   3294869.383342     0.000024490   2453678.2031
0.0200   2897451.547262     0.000013606   2056260.3671
0.0400   1169136.473970     0.000019048    327945.2939
0.0600    644769.636426     0.000013606   -196421.5438
0.0800    408496.322673     0.000024490   -432694.8574
0.1000    280014.721758     0.000008163   -561176.4585
0.1200    201468.206296     0.000024490   -639722.9738
0.1400    150853.519466     0.000019048   -690337.6607
0.1600    116166.238132     0.000010885   -725024.9420
0.1800     90618.229996     0.000027211   -750572.9503
0.2000     71555.657120     0.000019048   -769635.5232
0.2400     46539.982814     0.000019048   -794651.1973
0.2800     31871.758531     0.000010885   -809319.4217
0.3200     22068.733601     0.000008163   -819122.4466
0.3600     15753.319739     0.000019048   -825437.8606
0.4000     11609.614751     0.000021769   -829581.5654
0.4500      8150.214737     0.000008163   -833040.9654
0.5000      5855.405501     0.000010885   -835335.7748    -37713.537
0.5500      4265.821444     0.000010885   -836925.3587    -26514.153
0.6000      3159.813508     0.000013606   -838031.3667    -18212.546
0.6500      2396.679110     0.000008163   -838794.5011    -12709.674
0.7000      1854.283962     0.000010885   -839336.8963     -9387.196
0.7500      1444.558713     0.000016327   -839746.6216     -7132.676
0.8000      1132.219204     0.000024490   -840058.9610     -5453.980
0.8500       893.248942     0.000019048   -840297.9313     -4169.733
0.9000       710.328749     0.000019048   -840480.8514     -3192.186
0.9500       570.344389     0.000010885   -840620.8358     -2453.399
1.0000       462.486873     0.000016327   -840728.6934     -1902.208
1.1000       311.878155     0.000005442   -840879.3019     -1182.604
1.2000       216.078721     0.000019048   -840975.1015      -765.539
1.3000       153.404264     0.000024490   -841037.7759      -514.917
1.4000       111.116511     0.000021769   -841080.0638      -359.952
1.5000        81.147118     0.000024490   -841110.0331      -254.460
1.6000        59.763091     0.000021769   -841131.4171      -179.559
1.7000        44.477359     0.000024490   -841146.7029      -128.229
1.8000        33.472695     0.000010885   -841157.7074       -94.151
1.9000        25.292647     0.000013606   -841165.8874       -70.832
2.0000        18.999457     0.000024490   -841172.1806       -53.987
2.1000        14.272932     0.000008163   -841176.9072       -41.268
2.2000        10.729764     0.000019048   -841180.4504       -31.316
2.3000         8.042736     0.000016327   -841183.1376       -23.590
2.4000         6.019585     0.000016327   -841185.1607       -17.684
2.5000         4.511176     0.000013606   -841186.6691       -13.100
2.6000         3.400004     0.000008163   -841187.7801        -9.555
2.7000         2.594479     0.000010885   -841188.5858        -6.883
2.8000         2.022403     0.000008163   -841189.1578        -4.816
2.9000         1.628651     0.000021769   -841189.5516        -3.245
3.0000         1.369013     0.000019048   -841189.8112        -2.090
3.1000         1.210586     0.000013606   -841189.9695        -1.188
3.2000         1.151605     0.000005442   -841190.0286        -0.570
3.3000         1.181522     0.000027211   -841189.9986        -0.154
3.4000         1.241370     0.000019048   -841189.9388         0.160
3.5000         1.320702     0.000024490   -841189.8596         0.361
3.6000         1.412454     0.000005442   -841189.7676         0.495
3.7000         1.511324     0.000016327   -841189.6688         0.577
3.8000         1.613307     0.000002721   -841189.5668         0.631
3.9000         1.714737     0.000021769   -841189.4656         0.642
4.0000         1.814086     0.000016327   -841189.3660         0.643
5.0000         2.568320     0.000013606   -841188.6119         0.292
6.0000         2.880563     0.000024490   -841188.2996         0.100
7.0000         3.011012     0.000021769   -841188.1692         0.060
8.0000         3.080940     0.000013606   -841188.0993         0.036
9.0000         3.125866     0.000002721   -841188.0544         0.024
10.0000         3.157983     0.000019048   -841188.0223         0.021
100.0000         3.350689     0.000024490   -841187.8296         0.000
1000.0000         3.365424     0.000002721   -841187.8147
