0.0020   1604002.308702     0.000013606   1379997.3819
0.0040    783972.093858     0.000010885    559967.1670
0.0060    511319.444221     0.000008163    287314.5174
0.0080    375455.625693     0.000024490    151450.6989
0.0100    294398.488995     0.000016327     70393.5622
0.0120    240656.295152     0.000024490     16651.3684
0.0140    202432.019025     0.000021769    -21572.9078
0.0160    173894.234556     0.000027211    -50110.6922
0.0180    151791.401835     0.000021769    -72213.5250
0.0200    134193.482178     0.000008163    -89811.4446
0.0400     56865.965946     0.000024490   -167138.9609
0.0600     32817.813358     0.000013606   -191187.1134
0.0800     21549.322920     0.000008163   -202455.6039
0.1000     15238.277859     0.000010885   -208766.6489
0.1200     11335.563754     0.000021769   -212669.3630
0.1400      8764.120247     0.000016327   -215240.8066
0.1600      6964.523254     0.000024490   -217040.4035
0.1800      5636.162881     0.000019048   -218368.7639
0.2000      4615.967266     0.000019048   -219388.9595    -44963.423
0.2400      3186.463119     0.000019048   -220818.4637    -27889.707
0.2800      2298.405864     0.000024490   -221706.5209    -17395.613
0.3200      1731.809937     0.000021769   -222273.1168    -11504.241
0.3600      1341.207937     0.000008163   -222663.7189     -8277.005
0.4000      1052.938040     0.000013606   -222951.9887     -6268.557
0.4500       785.161130     0.000013606   -223219.7657     -4560.331
0.5000       589.408538     0.000019048   -223415.5182     -3330.340
0.5500       446.193862     0.000019048   -223558.7329     -2431.628
0.6000       341.306164     0.000019048   -223663.6206     -1779.916
0.6500       264.247173     0.000021769   -223740.6796     -1310.117
0.7000       207.474538     0.000021769   -223797.4523      -972.512
0.7500       165.095926     0.000010885   -223839.8309      -732.307
0.8000       132.950334     0.000027211   -223871.9765      -562.090
0.8500       108.041969     0.000010885   -223896.8848      -441.265
0.9000        88.356110     0.000024490   -223916.5707      -354.101
0.9500        72.398319     0.000024490   -223932.5285      -289.288
1.0000        59.274576     0.000013606   -223945.6522      -238.773
1.1000        39.375483     0.000016327   -223965.5513      -164.243
1.2000        25.824344     0.000016327   -223979.1024      -111.906
1.3000        16.762617     0.000027211   -223988.1642       -74.985
1.4000        10.829496     0.000016327   -223994.0973       -49.258
1.5000         7.221913     0.000027211   -223997.7049       -32.753
1.6000         4.948131     0.000021769   -223999.9786       -22.413
1.7000         3.346321     0.000013606   -224001.5805       -15.733
1.8000         2.143844     0.000027211   -224002.7829       -11.355
1.9000         1.182177     0.000021769   -224003.7446        -8.524
2.0000         0.389254     0.000013606   -224004.5375        -6.460
2.1000        -0.227259     0.000013606   -224005.1540        -4.989
2.2000        -0.680086     0.000019048   -224005.6069        -3.778
2.3000        -0.881494     0.000024490   -224005.8083        -2.584
2.4000        -1.006890     0.000010885   -224005.9337        -1.711
2.5000        -1.071187     0.000008163   -224005.9980        -1.046
2.6000        -1.090001     0.000010885   -224006.0168        -0.463
2.7000        -1.076926     0.000010885   -224006.0037        -0.051
2.8000        -1.038877     0.000013606   -224005.9657         0.253
2.9000        -0.980897     0.000013606   -224005.9077         0.470
3.0000        -0.910561     0.000010885   -224005.8373         0.637
3.1000        -0.833488     0.000010885   -224005.7603         0.742
3.2000        -0.752844     0.000016327   -224005.6796         0.807
3.3000        -0.670315     0.000024490   -224005.5971         0.821
3.4000        -0.587611     0.000019048   -224005.5144         0.813
3.5000        -0.507531     0.000021769   -224005.4343         0.797
3.6000        -0.431592     0.000019048   -224005.3584         0.768
3.7000        -0.360714     0.000021769   -224005.2875         0.728
3.8000        -0.295045     0.000016327   -224005.2219         0.682
3.9000        -0.234230     0.000021769   -224005.1610         0.624
4.0000        -0.177952     0.000019048   -224005.1048         0.567
5.0000         0.156735     0.000010885   -224004.7701         0.196
6.0000         0.266870     0.000008163   -224004.6599         0.065
7.0000         0.298022     0.000024490   -224004.6288         0.016
8.0000         0.309704     0.000008163   -224004.6171         0.004
9.0000         0.312104     0.000005442   -224004.6147         0.001
10.0000         0.312507     0.000024490   -224004.6143        -0.000
100.0000         0.311687     0.000016327   -224004.6151
1000.0000         0.311625     0.000024490   -224004.6152
