0.0020  24411603.080353     0.000027211  23628243.4136
0.0040  11871317.066673     0.000021769  11087957.3999
0.0060   7708399.313287     0.000019048   6925039.6485
0.0080   5639133.070930     0.000019048   4855773.4048
0.0100   4403123.339155     0.000016327   3619763.6720
0.0120   3581973.439209     0.000008163   2798613.7724
0.0140   2998799.130105     0.000013606   2215439.4643
0.0160   2563751.453247     0.000024490   1780391.7874
0.0180   2227815.587349     0.000027211   1444455.9215
0.0200   1960770.631116     0.000008163   1177410.9651
0.0400    798410.282134     0.000005442     15050.6162
0.0600    444174.312923     0.000013606   -339185.3531
0.0800    282186.866363     0.000016327   -501172.7994
0.1000    193676.921078     0.000013606   -589682.7447
0.1200    139188.008338     0.000021769   -644171.6574
0.1400    103114.436805     0.000005442   -680245.2290
0.1600     78496.129143     0.000021769   -704863.5368
0.1800     61334.359368     0.000021769   -722025.3066
0.2000     49050.223196     0.000027211   -734309.4426
0.2400     32099.396460     0.000021769   -751260.2694
0.2800     21943.867773     0.000016327   -761415.7980
0.3200     15565.520801     0.000010885   -767794.1451
0.3600     11380.347556     0.000019048   -771979.3182
0.4000      8422.812910     0.000013606   -774936.8530
0.4500      5887.477402     0.000024490   -777472.1886    -40357.495
0.5000      4243.760439     0.000013606   -779115.9055    -26514.755
0.5500      3142.871611     0.000019048   -780216.7942    -18184.732
0.6000      2371.291784     0.000021769   -780988.3742    -13071.767
0.6500      1806.101842     0.000013606   -781553.5641     -9748.760
0.7000      1383.036092     0.000019048   -781976.6298     -7331.717
0.7500      1065.597478     0.000013606   -782294.0684     -5495.465
0.8000       827.050016     0.000005442   -782532.6160     -4103.988
0.8500       647.607831     0.000027211   -782712.0580     -3078.095
0.9000       512.639435     0.000021769   -782847.0265     -2325.920
0.9500       410.810845     0.000019048   -782948.8551     -1776.990
1.0000       332.179634     0.000021769   -783027.4863     -1404.879
1.1000       215.595308     0.000013606   -783144.0705      -931.430
1.2000       140.284611     0.000027211   -783219.3813      -601.396
1.3000        92.162136     0.000019048   -783267.5038      -387.693
1.4000        61.019697     0.000021769   -783298.6462      -253.460
1.5000        40.863960     0.000008163   -783318.8019      -171.487
1.6000        27.378088     0.000016327   -783332.2879      -118.691
1.7000        18.009596     0.000005442   -783341.6562       -82.141
1.8000        11.632273     0.000016327   -783348.0335       -56.961
1.9000         7.368258     0.000016327   -783352.2975       -39.653
2.0000         4.418567     0.000027211   -783355.2472       -27.271
2.1000         2.506831     0.000005442   -783357.1591       -18.626
2.2000         1.229620     0.000027211   -783358.4362       -12.575
2.3000         0.390693     0.000013606   -783359.2751        -8.225
2.4000        -0.112220     0.000024490   -783359.7782        -5.221
2.5000        -0.405194     0.000010885   -783360.0710        -3.105
2.6000        -0.559812     0.000010885   -783360.2256        -1.819
2.7000        -0.631664     0.000024490   -783360.2977        -0.933
2.8000        -0.663079     0.000024490   -783360.3290        -0.451
2.9000        -0.680622     0.000021769   -783360.3464        -0.214
3.0000        -0.700963     0.000016327   -783360.3668        -0.026
3.1000        -0.730819     0.000016327   -783360.3967        -0.057
3.2000        -0.769103     0.000024490   -783360.4351         0.005
3.3000        -0.814494     0.000016327   -783360.4803         0.072
3.4000        -0.862109     0.000019048   -783360.5279         0.070
3.5000        -0.907516     0.000016327   -783360.5733         0.110
3.6000        -0.949286     0.000016327   -783360.6152         0.170
3.7000        -0.984974     0.000019048   -783360.6509         0.221
3.8000        -1.013502     0.000010885   -783360.6795         0.248
3.9000        -1.033908     0.000005442   -783360.6999         0.280
4.0000        -1.046795     0.000005442   -783360.7127         0.328
5.0000        -0.937169     0.000024490   -783360.6030         0.361
6.0000        -0.740164     0.000013606   -783360.4060         0.191
7.0000        -0.606284     0.000024490   -783360.2721         0.061
8.0000        -0.564841     0.000010885   -783360.2307         0.017
9.0000        -0.550963     0.000016327   -783360.2169         0.004
10.0000        -0.545243     0.000010885   -783360.2111         0.001
100.0000        -0.526094     0.000013606   -783360.1921
1000.0000        -0.524755     0.000019048   -783360.1907
