0.0020   6561101.494888     0.000019048   6460462.1677
0.0040   3214563.738994     0.000013606   3113924.4112
0.0060   2100014.657504     0.000024490   1999375.3310
0.0080   1543762.716188     0.000008163   1443123.3895
0.0100   1210796.300471     0.000013606   1110156.9738
0.0120    989414.624922     0.000008163    888775.2983
0.0140    832366.021321     0.000027211    731726.6947
0.0160    714865.929167     0.000002721    614226.6024
0.0180    623676.819809     0.000016327    523037.4933
0.0200    550892.614957     0.000013606    450253.2883
0.0400    231084.015361     0.000016327    130444.6887
0.0600    131389.175041     0.000024490     30749.8484
0.0800     84918.972878     0.000021769    -15720.3537
0.1000     59102.119195     0.000021769    -41537.2074
0.1200     43277.910898     0.000005442    -57361.4157
0.1400     32791.901674     0.000013606    -67847.4249
0.1600     25393.588354     0.000016327    -75245.7383
0.1800     19997.016419     0.000021769    -80642.3102
0.2000     15993.176279     0.000016327    -84646.1503
0.2400     10665.525844     0.000019048    -89973.8008
0.2800      7501.829849     0.000010885    -93137.4968
0.3200      5504.540216     0.000002721    -95134.7864    -42951.342
0.3600      3996.358897     0.000021769    -96642.9677    -31465.524
0.4000      2947.300718     0.000019048    -97692.0259    -21621.220
0.4500      2079.466139     0.000010885    -98559.8605    -13769.192
0.5000      1513.303333     0.000016327    -99126.0233     -9282.562
0.5500      1120.136822     0.000019048    -99519.1898     -6583.171
0.6000       840.072634     0.000027211    -99799.2540     -4751.129
0.6500       634.896743     0.000008163   -100004.4299     -3500.868
0.7000       484.277119     0.000016327   -100155.0495     -2577.639
0.7500       372.927690     0.000010885   -100266.3989     -1914.408
0.8000       289.953044     0.000024490   -100349.3736     -1438.488
0.8500       226.628419     0.000016327   -100412.6982     -1145.311
0.9000       175.787153     0.000016327   -100463.5395      -902.953
0.9500       135.868212     0.000027211   -100503.4584      -694.129
1.0000       105.652553     0.000027211   -100533.6741      -523.266
1.1000        65.430014     0.000010885   -100573.8966      -303.515
1.2000        41.612796     0.000013606   -100597.7138      -183.516
1.3000        26.924106     0.000024490   -100612.4025      -114.819
1.4000        17.572428     0.000016327   -100621.7542       -73.618
1.5000        11.469427     0.000024490   -100627.8572       -48.035
1.6000         7.408822     0.000013606   -100631.9178       -31.691
1.7000         4.661081     0.000019048   -100634.6655       -21.051
1.8000         2.770210     0.000016327   -100636.5564       -14.046
1.9000         1.443975     0.000013606   -100637.8827        -9.366
2.0000         0.571714     0.000013606   -100638.7549        -6.191
2.1000         0.073180     0.000013606   -100639.2534        -3.921
2.2000        -0.236870     0.000010885   -100639.5635        -2.374
2.3000        -0.409763     0.000013606   -100639.7364        -1.351
2.4000        -0.476784     0.000019048   -100639.8034        -0.698
2.5000        -0.500129     0.000008163   -100639.8267        -0.270
2.6000        -0.494638     0.000013606   -100639.8212         0.013
2.7000        -0.471380     0.000024490   -100639.7980         0.200
2.8000        -0.437037     0.000021769   -100639.7637         0.308
2.9000        -0.396783     0.000024490   -100639.7234         0.378
3.0000        -0.353876     0.000024490   -100639.6805         0.406
3.1000        -0.310229     0.000024490   -100639.6369         0.412
3.2000        -0.267491     0.000024490   -100639.5941         0.409
3.3000        -0.226706     0.000024490   -100639.5533         0.392
3.4000        -0.188126     0.000021769   -100639.5147         0.368
3.5000        -0.152161     0.000016327   -100639.4788         0.343
3.6000        -0.119175     0.000021769   -100639.4458         0.314
3.7000        -0.089106     0.000016327   -100639.4157         0.286
3.8000        -0.061734     0.000013606   -100639.3883         0.257
3.9000        -0.037002     0.000016327   -100639.3636         0.232
4.0000        -0.014847     0.000019048   -100639.3415         0.207
5.0000         0.104949     0.000019048   -100639.2217         0.056
6.0000         0.135717     0.000010885   -100639.1909         0.013
7.0000         0.142906     0.000019048   -100639.1837         0.003
8.0000         0.144593     0.000027211   -100639.1820         0.001
9.0000         0.144988     0.000024490   -100639.1816
10.0000         0.145083     0.000024490   -100639.1815        -0.000
100.0000         0.145113     0.000024490   -100639.1815
1000.0000         0.145113     0.000024490   -100639.1815
