0.0020  17200554.377222     0.000021769  16880622.2140
0.0040   8388067.157611     0.000019048   8068134.9948
0.0060   5457419.450282     0.000013606   5137487.2868
0.0080   3998273.002857     0.000024490   3678340.8415
0.0100   3126804.854535     0.000024490   2806872.6923
0.0120   2547520.094000     0.000010885   2227587.9314
0.0140   2134669.425492     0.000016327   1814737.2631
0.0160   1826962.612987     0.000010885   1507030.4504
0.0180   1589240.176939     0.000021769   1269308.0144
0.0200   1399748.534539     0.000010885   1079816.3720
0.0400    573116.188640     0.000021769    253184.0261
0.0600    320334.819874     0.000019048       402.6573
0.0800    204775.360449     0.000016327   -115156.8021
0.1000    140518.456176     0.000024490   -179413.7064
0.1200    101400.394011     0.000024490   -218531.7685
0.1400     76205.857604     0.000019048   -243726.3049
0.1600     58838.885851     0.000013606   -261093.2767
0.1800     46123.338825     0.000027211   -273808.8237
0.2000     36770.477603     0.000016327   -283161.6850
0.2400     24648.772613     0.000027211   -295283.3899
0.2800     17607.218113     0.000013606   -302324.9444
0.3200     12631.127360     0.000019048   -307301.0352
0.3600      9250.346323     0.000021769   -310681.8163
0.4000      7003.432883     0.000021769   -312928.7296    -46023.768
0.4500      5143.173015     0.000008163   -314788.9896    -29966.261
0.5000      3886.272474     0.000016327   -316045.8900    -21139.419
0.5500      2970.186617     0.000021769   -316961.9758    -15857.475
0.6000      2277.137371     0.000002721   -317655.0253    -12028.180
0.6500      1753.127372     0.000016327   -318179.0351     -9069.462
0.7000      1358.049437     0.000016327   -318574.1130     -6835.407
0.7500      1059.622443     0.000019048   -318872.5401     -5172.919
0.8000       833.156621     0.000013606   -319099.0059     -3937.969
0.8500       660.166364     0.000021769   -319271.9961     -3020.360
0.9000       526.970406     0.000008163   -319405.1921     -2361.008
0.9500       420.733320     0.000013606   -319511.4292     -1896.280
1.0000       335.774828     0.000013606   -319596.3878     -1520.247
1.1000       212.992674     0.000016327   -319719.1699      -970.163
1.2000       135.725564     0.000024490   -319796.4370      -606.763
1.3000        87.153089     0.000013606   -319845.0093      -383.183
1.4000        56.238062     0.000024490   -319875.9244      -245.276
1.5000        36.268285     0.000013606   -319895.8943      -159.250
1.6000        23.229835     0.000008163   -319908.9327      -104.570
1.7000        14.662121     0.000010885   -319917.5005       -69.255
1.8000         9.164175     0.000019048   -319922.9983       -46.658
1.9000         5.523005     0.000024490   -319926.6394       -31.873
2.0000         3.042125     0.000013606   -319929.1203       -21.895
2.1000         1.344921     0.000019048   -319930.8177       -15.057
2.2000         0.186229     0.000016327   -319931.9764       -10.281
2.3000        -0.597981     0.000016327   -319932.7606        -6.944
2.4000        -1.118614     0.000019048   -319933.2812        -4.553
2.5000        -1.453176     0.000013606   -319933.6156        -2.859
2.6000        -1.655476     0.000021769   -319933.8181        -1.635
2.7000        -1.763663     0.000013606   -319933.9261        -0.784
2.8000        -1.804763     0.000024490   -319933.9672        -0.149
2.9000        -1.798469     0.000019048   -319933.9609         0.271
3.0000        -1.757970     0.000016327   -319933.9204         0.579
3.1000        -1.694230     0.000019048   -319933.8567         0.789
3.2000        -1.613611     0.000021769   -319933.7761         0.915
3.3000        -1.521710     0.000016327   -319933.6842         1.008
3.4000        -1.357944     0.000024490   -319933.5204         1.003
3.5000        -1.176422     0.000016327   -319933.3389         0.949
3.6000        -1.010612     0.000013606   -319933.1731         0.902
3.7000        -0.859918     0.000013606   -319933.0224         0.846
3.8000        -0.723094     0.000021769   -319932.8855         0.791
3.9000        -0.598705     0.000019048   -319932.7612         0.728
4.0000        -0.485517     0.000024490   -319932.6480         0.675
5.0000         0.263934     0.000019048   -319931.8986         0.218
6.0000         0.504412     0.000019048   -319931.6580         0.047
7.0000         0.556979     0.000013606   -319931.6055         0.012
8.0000         0.570405     0.000013606   -319931.5922         0.003
9.0000         0.575287     0.000013606   -319931.5873         0.001
10.0000         0.577899     0.000013606   -319931.5845         0.001
100.0000         0.591252     0.000013606   -319931.5712
1000.0000         0.592264     0.000021769   -319931.5704
