0.0020   2283451.141915     0.000016327   2205918.7430
0.0040   1118040.285333     0.000021769   1040507.8865
0.0060    730167.648496     0.000005442    652635.2495
0.0080    537122.910913     0.000016327    459590.5120
0.0100    421776.680934     0.000016327    344244.2820
0.0120    345099.300111     0.000010885    267566.9013
0.0140    290492.299287     0.000019048    212959.9004
0.0160    249793.132554     0.000021769    172260.7337
0.0180    218319.346973     0.000016327    140786.9481
0.0200    193222.587387     0.000010885    115690.1885
0.0400     82285.549058     0.000013606      4753.1502
0.0600     47357.691688     0.000005442    -30174.7072
0.0800     31131.459912     0.000024490    -46400.9390
0.1000     21983.183873     0.000024490    -55549.2150
0.1200     16208.741652     0.000021769    -61323.6572
0.1400     12340.093417     0.000019048    -65192.3054
0.1600      9658.443561     0.000016327    -67873.9553
0.1800      7745.458857     0.000027211    -69786.9400
0.2000      6344.938630     0.000016327    -71187.4602
0.2400      4428.319781     0.000013606    -73104.0791    -38813.808
0.2800      3150.414703     0.000013606    -74381.9842    -26029.074
0.3200      2286.767446     0.000024490    -75245.6314    -17735.523
0.3600      1693.471257     0.000024490    -75838.9276    -12287.668
0.4000      1279.036234     0.000021769    -76253.3626     -8649.484
0.4500       925.524727     0.000016327    -76606.8741     -5707.547
0.5000       688.944796     0.000010885    -76843.4541     -3891.342
0.5500       524.579077     0.000013606    -77007.8198     -2769.704
0.6000       404.702946     0.000024490    -77127.6959     -2078.471
0.6500       312.846573     0.000021769    -77219.5523     -1620.543
0.7000       240.883933     0.000008163    -77291.5149     -1269.002
0.7500       184.848118     0.000005442    -77347.5507      -981.237
0.8000       141.770818     0.000019048    -77390.6280      -750.035
0.8500       108.947567     0.000005442    -77423.4513      -569.954
0.9000        84.019419     0.000010885    -77448.3794      -432.618
0.9500        65.081324     0.000008163    -77467.3175      -328.932
1.0000        50.653265     0.000005442    -77481.7456      -250.958
1.1000        31.132017     0.000027211    -77501.2668      -148.248
1.2000        19.457944     0.000024490    -77512.9409       -89.938
1.3000        12.259262     0.000019048    -77520.1396       -56.561
1.4000         7.653611     0.000027211    -77524.7453       -36.886
1.5000         4.619793     0.000021769    -77527.7791       -24.499
1.6000         2.604272     0.000008163    -77529.7946       -16.208
1.7000         1.285134     0.000021769    -77531.1137       -10.457
1.8000         0.451804     0.000013606    -77531.9471        -6.432
1.9000        -0.044178     0.000013606    -77532.4430        -3.670
2.0000        -0.310539     0.000021769    -77532.7094        -1.804
2.1000        -0.308406     0.000013606    -77532.7073        -1.065
2.2000        -0.282574     0.000019048    -77532.6814        -0.564
2.3000        -0.250720     0.000013606    -77532.6496        -0.203
2.4000        -0.212189     0.000024490    -77532.6110         0.044
2.5000        -0.168439     0.000021769    -77532.5673         0.205
2.6000        -0.122304     0.000008163    -77532.5212         0.303
2.7000        -0.075697     0.000016327    -77532.4746         0.348
2.8000        -0.030349     0.000005442    -77532.4292         0.363
2.9000         0.012215     0.000019048    -77532.3867         0.358
3.0000         0.051285     0.000010885    -77532.3476         0.335
3.1000         0.086747     0.000010885    -77532.3121         0.308
3.2000         0.127755     0.000002721    -77532.2711         0.262
3.3000         0.161173     0.000016327    -77532.2377         0.221
3.4000         0.188365     0.000024490    -77532.2105         0.185
3.5000         0.210633     0.000021769    -77532.1882         0.154
3.6000         0.229017     0.000013606    -77532.1698         0.127
3.7000         0.245803     0.000013606    -77532.1530         0.102
3.8000         0.259080     0.000013606    -77532.1398         0.083
3.9000         0.269102     0.000019048    -77532.1298         0.067
4.0000         0.276770     0.000019048    -77532.1221         0.054
5.0000         0.303723     0.000005442    -77532.0951         0.009
6.0000         0.309644     0.000002721    -77532.0892         0.010
7.0000         0.312520     0.000002721    -77532.0864         0.003
8.0000         0.314515     0.000008163    -77532.0843         0.002
9.0000         0.315973     0.000010885    -77532.0829         0.002
10.0000         0.317103     0.000000000    -77532.0818         0.001
100.0000         0.325124     0.000016327    -77532.0737
1000.0000         0.325827     0.000013606    -77532.0730
