0.0020    638123.905972     0.000021769    631937.4584
0.0040    314048.123017     0.000024490    307861.6754
0.0060    206197.363355     0.000019048    200010.9158
0.0080    152315.439805     0.000016327    146128.9922
0.0100    120026.400466     0.000013606    113839.9529
0.0120     98528.512638     0.000010885     92342.0650
0.0140     83177.292653     0.000008163     76990.8450
0.0160     71694.344166     0.000005442     65507.8966
0.0180     62793.697752     0.000002721     56607.2501
0.0200     55701.102164     0.000027211     49514.6546
0.0400     24335.531425     0.000021769     18149.0838
0.0600     14391.692196     0.000024490      8205.2446
0.0800      9643.616117     0.000019048      3457.1685
0.1000      6907.440939     0.000027211       720.9933
0.1200      5169.139694     0.000013606     -1017.3079
0.1400      3999.110097     0.000016327     -2187.3375    -48406.175
0.1600      3179.703735     0.000019048     -3006.7439    -34506.968
0.1800      2587.397782     0.000021769     -3599.0498    -25338.413
0.2000      2144.162569     0.000019048     -4042.2850    -19423.964
0.2400      1524.066123     0.000016327     -4662.3815    -12344.817
0.2800      1114.582979     0.000013606     -5071.8646     -8453.998
0.3200       830.596853     0.000010885     -5355.8508     -6012.045
0.3600       625.490493     0.000016327     -5560.9571     -4397.552
0.4000       473.343765     0.000024490     -5713.1038     -3240.923
0.4500       337.041978     0.000016327     -5849.4056     -2230.068
0.5000       243.869739     0.000021769     -5942.5779     -1539.046
0.5500       179.249452     0.000021769     -6007.1982     -1072.588
0.6000       133.921228     0.000024490     -6052.5264      -756.247
0.6500       101.721466     0.000016327     -6084.7261      -538.734
0.7000        78.545501     0.000021769     -6107.9021      -388.335
0.7500        61.622125     0.000024490     -6124.8255      -282.643
0.8000        49.409492     0.000024490     -6137.0381      -206.059
0.8500        40.488601     0.000021769     -6145.9590      -151.823
0.9000        33.805999     0.000021769     -6152.6416      -118.171
0.9500        28.283857     0.000016327     -6158.1637      -106.127
1.0000        23.171674     0.000024490     -6163.2759       -98.496
1.1000        14.670230     0.000010885     -6171.7774       -70.348
1.2000         8.989505     0.000010885     -6177.4581       -44.607
1.3000         5.453409     0.000021769     -6180.9942       -27.319
1.4000         3.310772     0.000024490     -6183.1368       -16.357
1.5000         2.042830     0.000019048     -6184.4048        -9.536
1.6000         1.462942     0.000024490     -6184.9847        -6.456
1.7000         1.051693     0.000024490     -6185.3959        -4.257
1.8000         0.769835     0.000013606     -6185.6778        -2.719
1.9000         0.585728     0.000019048     -6185.8619        -1.686
2.0000         0.470471     0.000008163     -6185.9771        -1.008
2.1000         0.401567     0.000005442     -6186.0460        -0.577
2.2000         0.362899     0.000005442     -6186.0847        -0.307
2.3000         0.343187     0.000005442     -6186.1044        -0.144
2.4000         0.334999     0.000027211     -6186.1126        -0.049
2.5000         0.333476     0.000019048     -6186.1141         0.004
2.6000         0.335571     0.000027211     -6186.1120         0.031
2.7000         0.339389     0.000019048     -6186.1082         0.043
2.8000         0.343816     0.000010885     -6186.1038         0.045
2.9000         0.348211     0.000005442     -6186.0994         0.044
3.0000         0.352295     0.000005442     -6186.0953         0.039
3.1000         0.355882     0.000005442     -6186.0917         0.034
3.2000         0.358946     0.000027211     -6186.0887         0.029
3.3000         0.361503     0.000024490     -6186.0861         0.024
3.4000         0.363610     0.000021769     -6186.0840         0.020
3.5000         0.365302     0.000019048     -6186.0823         0.016
3.6000         0.366701     0.000016327     -6186.0809         0.013
3.7000         0.367808     0.000013606     -6186.0798         0.010
3.8000         0.368562     0.000013606     -6186.0790         0.009
3.9000         0.369357     0.000010885     -6186.0782         0.007
4.0000         0.369928     0.000008163     -6186.0777         0.007
5.0000         0.371678     0.000002721     -6186.0759         0.001
6.0000         0.371817     0.000002721     -6186.0758         0.000
7.0000         0.371827     0.000002721     -6186.0758
8.0000         0.371827     0.000002721     -6186.0758
9.0000         0.371827     0.000002721     -6186.0758
10.0000         0.371827     0.000002721     -6186.0758
100.0000         0.371827     0.000002721     -6186.0758
1000.0000         0.371827     0.000002721     -6186.0758
