0.0020    956090.670842     0.000010885    944141.6030
0.0040    470066.506598     0.000019048    458117.4389
0.0060    308236.118800     0.000008163    296287.0510
0.0080    227397.796303     0.000024490    215448.7284
0.0100    179004.225119     0.000016327    167055.1573
0.0120    146829.243782     0.000027211    134880.1759
0.0140    123882.194252     0.000021769    111933.1264
0.0160    106747.218012     0.000016327     94798.1502
0.0180     93486.958088     0.000010885     81537.8902
0.0200     82906.010613     0.000010885     70956.9428
0.0400     36237.521778     0.000008163     24288.4539
0.0600     21389.793036     0.000010885      9440.7252
0.0800     14260.206734     0.000016327      2311.1389
0.1000     10189.719128     0.000008163     -1759.3487
0.1200      7639.297342     0.000002721     -4309.7705
0.1400      5933.397087     0.000008163     -6015.6708
0.1600      4728.885566     0.000010885     -7220.1823    -51226.864
0.1800      3837.794588     0.000019048     -8111.2733    -38729.344
0.2000      3153.427418     0.000016327     -8795.6404    -30190.959
0.2400      2183.563234     0.000021769     -9765.5046    -19297.332
0.2800      1552.463925     0.000016327    -10396.6039    -12761.552
0.3200      1130.660849     0.000008163    -10818.4070     -8621.019
0.3600       843.108421     0.000016327    -11105.9594     -5933.508
0.4000       643.468586     0.000016327    -11305.5993     -4157.177
0.4500       473.891645     0.000010885    -11475.1762     -2731.723
0.5000       360.900609     0.000016327    -11588.1672     -1849.858
0.5500       282.998080     0.000013606    -11666.0698     -1305.537
0.6000       226.472854     0.000016327    -11722.5950     -1066.572
0.6500       175.796881     0.000013606    -11773.2710      -958.627
0.7000       131.789996     0.000019048    -11817.2778      -777.295
0.7500        97.539910     0.000010885    -11851.5279      -596.176
0.8000        71.469382     0.000005442    -11877.5985      -450.581
0.8500        51.814645     0.000019048    -11897.2532      -338.603
0.9000        37.051450     0.000024490    -11912.0164      -253.801
0.9500        25.985501     0.000005442    -11923.0823      -189.950
1.0000        17.698836     0.000005442    -11931.3690      -142.061
1.1000         6.861188     0.000016327    -11942.2067       -79.181
1.2000         0.837730     0.000010885    -11948.2301       -43.510
1.3000        -2.434478     0.000024490    -11951.5023       -23.005
1.4000        -4.113027     0.000016327    -11953.1809       -11.114
1.5000        -4.862358     0.000027211    -11953.9302        -4.174
1.6000        -5.068620     0.000021769    -11954.1365        -0.132
1.7000        -4.959574     0.000019048    -11954.0274         2.202
1.8000        -4.669802     0.000024490    -11953.7376         3.507
1.9000        -4.282791     0.000021769    -11953.3506         4.178
2.0000        -3.849011     0.000027211    -11952.9169         4.454
2.1000        -3.400763     0.000016327    -11952.4686         4.482
2.2000        -2.908019     0.000016327    -11951.9759         4.257
2.3000        -2.401754     0.000016327    -11951.4696         3.873
2.4000        -1.959449     0.000010885    -11951.0273         3.502
2.5000        -1.445736     0.000019048    -11950.5136         2.915
2.6000        -0.969727     0.000016327    -11950.0376         2.335
2.7000        -0.596602     0.000021769    -11949.6644         1.897
2.8000        -0.299935     0.000019048    -11949.3678         1.558
2.9000        -0.061256     0.000010885    -11949.1291         1.292
3.0000         0.141750     0.000016327    -11948.9261         1.068
3.1000         0.335008     0.000027211    -11948.7328         0.846
3.2000         0.485674     0.000013606    -11948.5822         0.678
3.3000         0.603745     0.000019048    -11948.4641         0.549
3.4000         0.697023     0.000002721    -11948.3708         0.447
3.5000         0.771495     0.000013606    -11948.2963         0.366
3.6000         0.831458     0.000010885    -11948.2364         0.303
3.7000         0.880128     0.000021769    -11948.1877         0.254
3.8000         0.919759     0.000021769    -11948.1481         0.215
3.9000         0.952557     0.000027211    -11948.1153         0.183
4.0000         0.979907     0.000013606    -11948.0879         0.157
5.0000         1.115158     0.000019048    -11947.9527         0.048
6.0000         1.168275     0.000008163    -11947.8996         0.030
7.0000         1.199693     0.000027211    -11947.8682         0.018
8.0000         1.221345     0.000008163    -11947.8465         0.012
9.0000         1.237294     0.000013606    -11947.8306         0.009
10.0000         1.249539     0.000008163    -11947.8183         0.007
100.0000         1.335606     0.000021769    -11947.7322         0.000
1000.0000         1.343149     0.000016327    -11947.7247
