0.0020         0.000000     0.000016327  45987551.1094
0.0040  22909373.611133     0.000024490  21813166.7330
0.0060  14869445.483079     0.000019048  13773238.6033
0.0080  10860568.983175     0.000013606   9764362.1047
0.0100   8462652.668636     0.000010885   7366445.7903
0.0120   6872732.397585     0.000027211   5776525.5174
0.0140   5744166.157147     0.000024490   4647959.2769
0.0160   4903709.205067     0.000008163   3807502.3258
0.0180   4255139.257057     0.000019048   3158932.3786
0.0200   3740404.152362     0.000010885   2644197.2733
0.0400   1513103.307987     0.000008163    416896.4290
0.0600    838552.699802     0.000019048   -257654.1792
0.0800    529103.638668     0.000021769   -567103.2405
0.1000    360150.944145     0.000016327   -736055.9348
0.1200    258959.589534     0.000021769   -837247.2894
0.1400    192521.692549     0.000013606   -903685.1865
0.1600    146444.523063     0.000024490   -949762.3560
0.1800    113656.775949     0.000010885   -982550.1031
0.2000     89804.540979     0.000013606  -1006402.3380
0.2400     58290.821135     0.000019048  -1037916.0579
0.2800     39026.886133     0.000016327  -1057179.9929
0.3200     26985.345951     0.000008163  -1069221.5330
0.3600     19258.419728     0.000024490  -1076948.4593
0.4000     14095.827023     0.000027211  -1082111.0521
0.4500      9583.996564     0.000013606  -1086622.8825
0.5000      6740.482840     0.000021769  -1089466.3961    -45301.571
0.5500      4879.254094     0.000019048  -1091327.6249    -30464.805
0.6000      3598.930986     0.000008163  -1092607.9480    -21464.757
0.6500      2682.028764     0.000010885  -1093524.8501    -15546.973
0.7000      2013.161091     0.000024490  -1094193.7180    -11355.891
0.7500      1525.521293     0.000019048  -1094681.3579     -8314.506
0.8000      1167.666538     0.000016327  -1095039.2125     -6136.975
0.8500       902.605186     0.000021769  -1095304.2738     -4585.782
0.9000       701.668279     0.000019048  -1095505.2106     -3525.898
0.9500       545.851684     0.000019048  -1095661.0274     -2742.236
1.0000       424.311102     0.000010885  -1095782.5680     -2140.213
1.1000       255.119611     0.000021769  -1095951.7594     -1306.891
1.2000       150.590108     0.000021769  -1096056.2890      -806.215
1.3000        86.649403     0.000024490  -1096120.2296      -495.884
1.4000        47.316658     0.000021769  -1096159.5623      -306.417
1.5000        23.052107     0.000008163  -1096183.8269      -189.829
1.6000         8.090881     0.000013606  -1096198.7880      -116.815
1.7000        -1.003420     0.000027211  -1096207.8824       -70.222
1.8000        -5.859699     0.000005442  -1096212.7388       -41.584
1.9000        -8.260076     0.000005442  -1096215.1391       -23.817
2.0000        -9.395975     0.000005442  -1096216.2749       -12.277
2.1000        -9.757141     0.000010885  -1096216.6363        -4.835
2.2000        -9.642206     0.000010885  -1096216.5212        -0.123
2.3000        -9.124457     0.000021769  -1096216.0036         2.418
2.4000        -8.251249     0.000021769  -1096215.1304         3.500
2.5000        -7.348473     0.000010885  -1096214.2275         3.818
2.6000        -6.528735     0.000016327  -1096213.4079         3.698
2.7000        -5.806063     0.000027211  -1096212.6852         3.516
2.8000        -5.180647     0.000013606  -1096212.0596         3.176
2.9000        -4.642408     0.000016327  -1096211.5213         2.918
3.0000        -4.179477     0.000008163  -1096211.0585         2.666
3.1000        -3.767589     0.000013606  -1096210.6465         2.439
3.2000        -3.340019     0.000013606  -1096210.2190         2.222
3.3000        -2.967950     0.000008163  -1096209.8470         2.007
3.4000        -2.638901     0.000013606  -1096209.5180         1.858
3.5000        -2.346232     0.000027211  -1096209.2252         1.731
3.6000        -2.082513     0.000019048  -1096208.9616         1.573
3.7000        -1.787696     0.000013606  -1096208.6669         1.436
3.8000        -1.526140     0.000021769  -1096208.4051         1.320
3.9000        -1.294969     0.000010885  -1096208.1741         1.195
4.0000        -1.087797     0.000021769  -1096207.9667         1.076
5.0000         0.202042     0.000008163  -1096206.6769         0.392
6.0000         0.627353     0.000010885  -1096206.2516         0.135
7.0000         0.753745     0.000027211  -1096206.1253         0.039
8.0000         0.798083     0.000008163  -1096206.0810         0.016
9.0000         0.819376     0.000021769  -1096206.0597         0.010
10.0000         0.832788     0.000010885  -1096206.0461         0.006
100.0000         0.905851     0.000016327  -1096205.9732         0.000
1000.0000         0.911274     0.000010885  -1096205.9678
