0.0020    467109.999285     0.000019048    443853.8501
0.0040    229718.278819     0.000021769    206462.1298
0.0060    150624.211102     0.000016327    127368.0620
0.0080    111093.764100     0.000024490     87837.6150
0.0100     87415.494960     0.000010885     64159.3459
0.0120     71682.730546     0.000002721     48426.5815
0.0140     60492.866484     0.000021769     37236.7174
0.0160     52118.208026     0.000019048     28862.0590
0.0180     45642.978206     0.000013606     22386.8292
0.0200     40488.820105     0.000005442     17232.6711
0.0400     17718.035761     0.000008163     -5538.1133
0.0600     10484.982895     0.000016327    -12771.1662
0.0800      7002.263101     0.000016327    -16253.8860
0.1000      5024.011812     0.000010885    -18232.1372
0.1200      3785.051248     0.000010885    -19471.0978    -49916.153
0.1400      2952.843842     0.000013606    -20303.3052    -34486.244
0.1600      2364.619386     0.000027211    -20891.5297    -24998.937
0.1800      1929.662822     0.000016327    -21326.4862    -18873.595
0.2000      1596.036214     0.000019048    -21660.1128    -14719.567
0.2400      1120.816176     0.000013606    -22135.3329     -9535.699
0.2800       805.875977     0.000019048    -22450.2731     -6446.228
0.3200       590.713863     0.000010885    -22665.4352     -4449.556
0.3600       441.196369     0.000021769    -22814.9527     -3116.221
0.4000       335.921620     0.000016327    -22920.2274     -2211.437
0.4500       245.510317     0.000027211    -23010.6387     -1469.473
0.5000       184.745787     0.000019048    -23071.4033     -1003.796
0.5500       142.523768     0.000024490    -23113.6253      -711.270
0.6000       111.967474     0.000016327    -23144.1816      -525.931
0.6500        88.907313     0.000016327    -23167.2417      -404.927
0.7000        70.859183     0.000010885    -23185.2899      -321.211
0.7500        56.416021     0.000013606    -23199.7330      -258.770
0.8000        44.751369     0.000010885    -23211.3977      -209.044
0.8500        35.441398     0.000013606    -23220.7077      -168.329
0.9000        28.120387     0.000021769    -23228.0287      -134.835
0.9500        22.292308     0.000013606    -23233.8567      -107.207
1.0000        17.687576     0.000021769    -23238.4615       -84.665
1.1000        11.250797     0.000010885    -23244.8983       -51.967
1.2000         7.472013     0.000013606    -23248.6770       -31.603
1.3000         5.251432     0.000019048    -23250.8976       -19.278
1.4000         3.938058     0.000019048    -23252.2110       -12.133
1.5000         3.124538     0.000013606    -23253.0245        -8.210
1.6000         2.542388     0.000008163    -23253.6067        -6.219
1.7000         2.041407     0.000010885    -23254.1076        -5.052
1.8000         1.569488     0.000024490    -23254.5796        -4.282
1.9000         1.128726     0.000016327    -23255.0203        -3.580
2.0000         0.761271     0.000010885    -23255.3878        -2.934
2.1000         0.538541     0.000008163    -23255.6105        -2.409
2.2000         0.336564     0.000027211    -23255.8125        -1.882
2.3000         0.181783     0.000010885    -23255.9673        -1.410
2.4000         0.072788     0.000019048    -23256.0763        -1.024
2.5000         0.004661     0.000013606    -23256.1444        -0.689
2.6000        -0.028953     0.000016327    -23256.1780        -0.400
2.7000        -0.034496     0.000019048    -23256.1835        -0.180
2.8000        -0.017228     0.000019048    -23256.1663        -0.012
2.9000         0.017304     0.000013606    -23256.1318         0.124
3.0000         0.064486     0.000027211    -23256.0846         0.229
3.1000         0.120718     0.000027211    -23256.0283         0.299
3.2000         0.183236     0.000013606    -23255.9658         0.348
3.3000         0.249667     0.000013606    -23255.8994         0.378
3.4000         0.318137     0.000013606    -23255.8309         0.399
3.5000         0.386690     0.000013606    -23255.7624         0.405
3.6000         0.454090     0.000024490    -23255.6950         0.401
3.7000         0.519670     0.000010885    -23255.6294         0.392
3.8000         0.582882     0.000010885    -23255.5662         0.380
3.9000         0.643155     0.000008163    -23255.5059         0.362
4.0000         0.700195     0.000013606    -23255.4489         0.344
5.0000         1.076287     0.000016327    -23255.0728         0.146
6.0000         1.207133     0.000019048    -23254.9419         0.045
7.0000         1.245155     0.000024490    -23254.9039         0.014
8.0000         1.256579     0.000021769    -23254.8925         0.004
9.0000         1.260739     0.000019048    -23254.8883         0.002
10.0000         1.262805     0.000019048    -23254.8863         0.001
100.0000         1.271910     0.000024490    -23254.8771
1000.0000         1.272587     0.000008163    -23254.8765
