0.0020   1043721.644656     0.000002721    963426.5479
0.0040    511499.789718     0.000019048    431204.6931
0.0060    334272.804707     0.000010885    253977.7080
0.0080    245921.822961     0.000016327    165626.7262
0.0100    193179.615447     0.000016327    112884.5187
0.0120    158134.659701     0.000013606     77839.5630
0.0140    133215.176265     0.000021769     52920.0795
0.0160    114608.476507     0.000008163     34313.3798
0.0180    100190.876471     0.000024490     19895.7797
0.0200     88702.310777     0.000019048      8407.2140
0.0400     38029.613242     0.000021769    -42265.4835
0.0600     22031.098907     0.000021769    -58263.9978
0.0800     14545.098188     0.000010885    -65749.9986
0.1000     10334.359690     0.000024490    -69960.7371
0.1200      7669.718448     0.000016327    -72625.3783
0.1400      5866.478626     0.000010885    -74428.6181
0.1600      4593.652776     0.000019048    -75701.4440
0.1800      3670.825040     0.000010885    -76624.2717    -39405.097
0.2000      2987.910347     0.000013606    -77307.1864    -29458.925
0.2400      2077.074157     0.000019048    -78218.0226    -17392.315
0.2800      1520.879231     0.000024490    -78774.2175    -11071.074
0.3200      1151.580534     0.000019048    -79143.5162     -7735.867
0.3600       883.511918     0.000019048    -79411.5848     -5796.391
0.4000       681.541672     0.000021769    -79613.5551     -4362.756
0.4500       498.787727     0.000024490    -79796.3090     -3026.288
0.5000       372.016538     0.000016327    -79923.0802     -2104.243
0.5500       283.453044     0.000024490    -80011.6437     -1480.102
0.6000       220.673409     0.000024490    -80074.4233     -1059.246
0.6500       175.241431     0.000027211    -80119.8553      -776.038
0.7000       141.427949     0.000024490    -80153.6688      -585.958
0.7500       115.425836     0.000019048    -80179.6709      -457.218
0.8000        94.828406     0.000019048    -80200.2683      -366.806
0.8500        78.157859     0.000008163    -80216.9389      -299.628
0.9000        64.499330     0.000013606    -80230.5974      -246.823
0.9500        53.254460     0.000024490    -80241.8423      -203.711
1.0000        43.999733     0.000019048    -80251.0970      -167.800
1.1000        30.190366     0.000021769    -80264.9064      -112.610
1.2000        21.010406     0.000019048    -80274.0863       -74.574
1.3000        14.965707     0.000019048    -80280.1310       -49.051
1.4000        10.992865     0.000016327    -80284.1039       -32.189
1.5000         8.357006     0.000016327    -80286.7397       -21.319
1.6000         6.597757     0.000019048    -80288.4990       -14.464
1.7000         5.347167     0.000008163    -80289.7496       -10.331
1.8000         4.349467     0.000019048    -80290.7473        -7.865
1.9000         3.472555     0.000008163    -80291.6242        -6.499
2.0000         2.654578     0.000010885    -80292.4422        -5.581
2.1000         2.079756     0.000024490    -80293.0170        -4.708
2.2000         1.658984     0.000010885    -80293.4378        -3.905
2.3000         1.306435     0.000024490    -80293.7903        -3.186
2.4000         1.012669     0.000016327    -80294.0841        -2.570
2.5000         0.770629     0.000024490    -80294.3261        -2.075
2.6000         0.572139     0.000008163    -80294.5246        -1.610
2.7000         0.409815     0.000019048    -80294.6869        -1.223
2.8000         0.278838     0.000013606    -80294.8179        -0.915
2.9000         0.175429     0.000010885    -80294.9213        -0.661
3.0000         0.094113     0.000024490    -80295.0026        -0.455
3.1000         0.030705     0.000010885    -80295.0660        -0.280
3.2000        -0.017726     0.000027211    -80295.1145        -0.145
3.3000        -0.050858     0.000024490    -80295.1476        -0.055
3.4000        -0.067158     0.000027211    -80295.1639         0.020
3.5000        -0.076752     0.000016327    -80295.1735         0.073
3.6000        -0.081161     0.000019048    -80295.1779         0.120
3.7000        -0.081338     0.000019048    -80295.1781         0.153
3.8000        -0.078023     0.000010885    -80295.1748         0.171
3.9000        -0.071522     0.000013606    -80295.1683         0.176
4.0000        -0.061985     0.000013606    -80295.1587         0.179
5.0000         0.074722     0.000024490    -80295.0220         0.124
6.0000         0.160615     0.000019048    -80294.9361         0.059
7.0000         0.191517     0.000019048    -80294.9052         0.018
8.0000         0.199079     0.000010885    -80294.8977         0.006
9.0000         0.199449     0.000016327    -80294.8973         0.003
10.0000         0.198167     0.000002721    -80294.8986         0.001
100.0000         0.185446     0.000002721    -80294.9113
1000.0000         0.184428     0.000002721    -80294.9123
