0.0020  17387047.958807     0.000021769  16960184.3957
0.0040   8471115.359118     0.000016327   8044251.7974
0.0060   5511961.334802     0.000019048   5085097.7738
0.0080   4036968.117624     0.000019048   3610104.5543
0.0100   3154561.835240     0.000027211   2727698.2730
0.0120   2568489.914533     0.000013606   2141626.3526
0.0140   2151968.466172     0.000013606   1725104.9043
0.0160   1840987.324544     0.000019048   1414123.7626
0.0180   1600440.377432     0.000024490   1173576.8155
0.0200   1409374.990350     0.000013606    982511.4284
0.0400    578678.652660     0.000019048    151815.0907
0.0600    323332.432142     0.000021769   -103531.1298
0.0800    206437.362279     0.000027211   -220426.1997
0.1000    142277.306235     0.000010885   -284586.2557
0.1200    103229.475904     0.000021769   -323634.0860
0.1400     77613.908743     0.000016327   -349249.6531
0.1600     59699.060933     0.000019048   -367164.5009
0.1800     46645.074991     0.000019048   -380218.4871
0.2000     37027.855443     0.000016327   -389835.7065
0.2400     24448.109469     0.000019048   -402415.4525
0.2800     17062.269387     0.000016327   -409801.2926
0.3200     12003.730725     0.000024490   -414859.8312
0.3600      8670.457833     0.000024490   -418193.1042
0.4000      6408.903381     0.000021769   -420454.6586    -46990.254
0.4500      4496.379665     0.000010885   -422367.1822    -30747.230
0.5000      3231.388247     0.000019048   -423632.1736    -20726.186
0.5500      2348.873107     0.000019048   -424514.6889    -15103.359
0.6000      1706.533864     0.000024490   -425157.0281    -10701.226
0.6500      1259.691827     0.000019048   -425603.8702     -7393.441
0.7000       949.987519     0.000016327   -425913.5743     -5156.603
0.7500       731.900885     0.000019048   -426131.6611     -3674.232
0.8000       574.320848     0.000021769   -426289.2412     -2694.025
0.8500       456.747755     0.000010885   -426406.8143     -2039.358
0.9000       366.139080     0.000021769   -426497.4228     -1586.156
0.9500       295.533492     0.000013606   -426568.0285     -1247.173
1.0000       239.990289     0.000008163   -426623.5716      -986.278
1.1000       160.818975     0.000024490   -426702.7429      -627.119
1.2000       109.566479     0.000016327   -426753.9955      -406.561
1.3000        76.225545     0.000005442   -426787.3363      -267.601
1.4000        54.055963     0.000027211   -426809.5060      -182.529
1.5000        38.666537     0.000024490   -426824.8954      -129.106
1.6000        27.669211     0.000021769   -426835.8929       -93.118
1.7000        19.791398     0.000005442   -426843.7706       -68.208
1.8000        14.013746     0.000027211   -426849.5481       -49.758
1.9000         9.803597     0.000027211   -426853.7582       -36.113
2.0000         6.785099     0.000016327   -426856.7768       -26.128
2.1000         4.607257     0.000024490   -426858.9548       -18.787
2.2000         3.044757     0.000019048   -426860.5173       -13.455
2.3000         1.933321     0.000021769   -426861.6286        -9.558
2.4000         1.144022     0.000010885   -426862.4180        -6.796
2.5000         0.585347     0.000008163   -426862.9766        -4.797
2.6000         0.190899     0.000016327   -426863.3709        -3.410
2.7000        -0.087866     0.000016327   -426863.6498        -2.410
2.8000        -0.285867     0.000016327   -426863.8479        -1.728
2.9000        -0.427311     0.000010885   -426863.9892        -1.249
3.0000        -0.529164     0.000021769   -426864.0912        -0.904
3.1000        -0.603682     0.000016327   -426864.1655        -0.675
3.2000        -0.658850     0.000013606   -426864.2207        -0.504
3.3000        -0.700141     0.000016327   -426864.2621        -0.383
3.4000        -0.731472     0.000019048   -426864.2934        -0.291
3.5000        -0.755797     0.000013606   -426864.3176        -0.218
3.6000        -0.774300     0.000019048   -426864.3361        -0.165
3.7000        -0.788393     0.000010885   -426864.3503        -0.133
3.8000        -0.799280     0.000019048   -426864.3611        -0.101
3.9000        -0.807670     0.000016327   -426864.3696        -0.072
4.0000        -0.813705     0.000013606   -426864.3756        -0.056
5.0000        -0.817237     0.000027211   -426864.3791         0.017
6.0000        -0.801563     0.000008163   -426864.3636         0.010
7.0000        -0.794845     0.000008163   -426864.3568         0.003
8.0000        -0.793014     0.000008163   -426864.3549         0.000
9.0000        -0.792611     0.000008163   -426864.3546        -0.000
10.0000        -0.792524     0.000008163   -426864.3543        -0.000
100.0000        -0.792507     0.000008163   -426864.3543
1000.0000        -0.792505     0.000008163   -426864.3543
