0.0020         0.000000     0.000021769  46730066.8938
0.0040  23271170.515695     0.000027211  22165293.3675
0.0060  15103476.329032     0.000021769  13997599.1810
0.0080  11030899.068841     0.000010885   9925021.9201
0.0100   8595118.693198     0.000027211   7489241.5441
0.0120   6980736.667273     0.000024490   5874859.5187
0.0140   5835120.552492     0.000013606   4729243.4039
0.0160   4981877.702692     0.000016327   3876000.5553
0.0180   4323587.672363     0.000013606   3217710.5232
0.0200   3801095.936766     0.000027211   2695218.7888
0.0400   1539560.507766     0.000019048    433683.3596
0.0600    854339.151007     0.000027211   -251537.9971
0.0800    539214.221389     0.000016327   -566662.9266
0.1000    367774.998226     0.000019048   -738102.1498
0.1200    265039.501066     0.000008163   -840837.6470
0.1400    197546.572483     0.000024490   -908330.5756
0.1600    150564.537172     0.000019048   -955312.6108
0.1800    117125.719019     0.000024490   -988751.4290
0.2000     92814.935243     0.000019048  -1013062.2129
0.2400     60385.992176     0.000016327  -1045491.1560
0.2800     40595.065017     0.000016327  -1065282.0832
0.3200     28088.538240     0.000019048  -1077788.6098
0.3600     20125.107075     0.000016327  -1085752.0409
0.4000     14654.435172     0.000019048  -1091222.7130
0.4500     10012.706818     0.000024490  -1095864.4413
0.5000      7104.343472     0.000010885  -1098772.8046    -46325.090
0.5500      5198.714163     0.000005442  -1100678.4339    -31204.415
0.6000      3885.986661     0.000013606  -1101991.1614    -21995.896
0.6500      2948.261253     0.000019048  -1102928.8868    -15915.407
0.7000      2265.013111     0.000013606  -1103612.1350    -11688.982
0.7500      1759.980796     0.000021769  -1104117.1674     -8700.471
0.8000      1381.561381     0.000016327  -1104495.5868     -6566.484
0.8500      1093.926131     0.000016327  -1104783.2218     -5028.955
0.9000       871.711667     0.000019048  -1105005.4363     -3915.131
0.9500       696.787180     0.000010885  -1105180.3610     -3100.447
1.0000       557.543022     0.000021769  -1105319.6050     -2476.638
1.1000       357.799065     0.000027211  -1105519.3489     -1585.490
1.2000       229.630383     0.000016327  -1105647.5178     -1019.766
1.3000       146.746076     0.000013606  -1105730.4021      -663.685
1.4000        92.526083     0.000016327  -1105784.6219      -436.655
1.5000        56.668279     0.000019048  -1105820.4797      -289.361
1.6000        32.817161     0.000019048  -1105844.3310      -192.197
1.7000        17.045534     0.000021769  -1105860.1025      -127.073
1.8000         6.654637     0.000010885  -1105870.4934       -83.152
1.9000        -0.105806     0.000021769  -1105877.2538       -53.410
2.0000        -4.403819     0.000019048  -1105881.5519       -33.258
2.1000        -7.028709     0.000024490  -1105884.1767       -19.636
2.2000        -8.520068     0.000013606  -1105885.6681       -10.516
2.3000        -9.013761     0.000016327  -1105886.1617        -5.008
2.4000        -8.944968     0.000016327  -1105886.0929        -1.611
2.5000        -8.577380     0.000019048  -1105885.7256         0.515
2.6000        -8.109799     0.000016327  -1105885.2578         1.775
2.7000        -7.604938     0.000016327  -1105884.7530         2.587
2.8000        -7.094269     0.000005442  -1105884.2423         2.963
2.9000        -6.358264     0.000008163  -1105883.5065         2.820
3.0000        -5.634441     0.000005442  -1105882.7826         2.548
3.1000        -5.014209     0.000016327  -1105882.1622         2.282
3.2000        -4.494784     0.000005442  -1105881.6428         2.075
3.3000        -4.056577     0.000021769  -1105881.2046         1.859
3.4000        -3.683778     0.000008163  -1105880.8319         1.688
3.5000        -3.358882     0.000021769  -1105880.5069         1.550
3.6000        -3.056798     0.000027211  -1105880.2049         1.376
3.7000        -2.791955     0.000016327  -1105879.9401         1.244
3.8000        -2.559602     0.000016327  -1105879.7078         1.136
3.9000        -2.355062     0.000021769  -1105879.5031         1.024
4.0000        -2.173042     0.000021769  -1105879.3211         0.910
5.0000        -1.161848     0.000021769  -1105878.3099         0.277
6.0000        -0.877685     0.000002721  -1105878.0258         0.076
7.0000        -0.807495     0.000024490  -1105877.9556         0.016
8.0000        -0.788684     0.000024490  -1105877.9368         0.003
9.0000        -0.781851     0.000008163  -1105877.9300         0.000
10.0000        -0.778164     0.000010885  -1105877.9262        -0.001
100.0000        -0.759075     0.000021769  -1105877.9072
1000.0000        -0.757644     0.000016327  -1105877.9058
