0.0020  16905872.780139     0.000019048  16483894.2429
0.0040   8235747.196333     0.000016327   7813768.6583
0.0060   5359029.453634     0.000016327   4937050.9167
0.0080   3925217.639848     0.000010885   3503239.1028
0.0100   3067686.325503     0.000008163   2645707.7885
0.0120   2497870.070786     0.000016327   2075891.5338
0.0140   2092998.778713     0.000010885   1671020.2416
0.0160   1790736.504969     0.000008163   1368757.9678
0.0180   1556975.599164     0.000019048   1134997.0620
0.0200   1371205.281877     0.000019048    949226.7448
0.0400    563758.681091     0.000024490    141780.1439
0.0600    315024.658644     0.000027211   -106953.8785
0.0800    201067.476304     0.000016327   -220911.0608
0.1000    138548.575273     0.000019048   -283429.9619
0.1200    100624.902983     0.000013606   -321353.6341
0.1400     75684.585383     0.000013606   -346293.9518
0.1600     58245.275067     0.000016327   -363733.2620
0.1800     45517.113807     0.000010885   -376461.4232
0.2000     36106.354413     0.000008163   -385872.1828
0.2400     23787.035191     0.000013606   -398191.5020
0.2800     16576.809258     0.000027211   -405401.7279
0.3200     11706.679025     0.000010885   -410271.8581
0.3600      8445.127033     0.000010885   -413533.4101
0.4000      6241.723595     0.000013606   -415736.8134    -45657.287
0.4500      4382.153846     0.000010885   -417596.3833    -29957.893
0.5000      3148.667718     0.000016327   -418829.8694    -20182.567
0.5500      2295.826980     0.000016327   -419682.7102    -14560.240
0.6000      1669.978747     0.000019048   -420308.5584    -10537.712
0.6500      1227.815766     0.000010885   -420750.7213     -7336.032
0.7000       919.984027     0.000024490   -421058.5532     -5124.073
0.7500       703.262992     0.000021769   -421275.2740     -3642.492
0.8000       547.326283     0.000008163   -421431.2108     -2654.533
0.8500       431.906284     0.000024490   -421546.6310     -1991.672
0.9000       343.797403     0.000010885   -421634.7398     -1536.953
0.9500       274.776195     0.000024490   -421703.7610     -1209.916
1.0000       220.840022     0.000027211   -421757.6972      -957.552
1.1000       144.074146     0.000021769   -421834.4630      -604.507
1.2000        95.475572     0.000016327   -421883.0615      -384.029
1.3000        64.423260     0.000013606   -421914.1138      -247.512
1.4000        44.403262     0.000024490   -421934.1338      -164.482
1.5000        30.984419     0.000016327   -421947.5528      -113.680
1.6000        21.507934     0.000019048   -421957.0291       -82.050
1.7000        14.564834     0.000024490   -421963.9724       -61.517
1.8000         9.321296     0.000005442   -421969.2158       -46.324
1.9000         5.415930     0.000019048   -421973.1212       -34.699
2.0000         2.513138     0.000013606   -421976.0241       -25.603
2.1000         0.388119     0.000013606   -421978.1490       -18.477
2.2000        -1.137123     0.000013606   -421979.6742       -13.114
2.3000        -2.208665     0.000016327   -421980.7458        -9.054
2.4000        -2.941092     0.000021769   -421981.4783        -6.088
2.5000        -3.423411     0.000013606   -421981.9605        -3.890
2.6000        -3.720873     0.000005442   -421982.2579        -2.327
2.7000        -3.883659     0.000010885   -421982.4209        -1.191
2.8000        -3.947125     0.000013606   -421982.4843        -0.415
2.9000        -3.937688     0.000013606   -421982.4748         0.124
3.0000        -3.879044     0.000008163   -421982.4163         0.483
3.1000        -3.787717     0.000016327   -421982.3249         0.698
3.2000        -3.665925     0.000010885   -421982.2030         0.811
3.3000        -3.539514     0.000016327   -421982.0767         0.869
3.4000        -3.412856     0.000013606   -421981.9499         0.873
3.5000        -3.288666     0.000013606   -421981.8258         0.863
3.6000        -3.169937     0.000019048   -421981.7072         0.831
3.7000        -3.057815     0.000019048   -421981.5951         0.789
3.8000        -2.952739     0.000013606   -421981.4900         0.739
3.9000        -2.854296     0.000024490   -421981.3915         0.677
4.0000        -2.763244     0.000005442   -421981.3004         0.625
5.0000        -2.163047     0.000021769   -421980.7001         0.224
6.0000        -1.942807     0.000019048   -421980.4799         0.120
7.0000        -1.839471     0.000024490   -421980.3765         0.054
8.0000        -1.777478     0.000002721   -421980.3148         0.036
9.0000        -1.734876     0.000008163   -421980.2720         0.026
10.0000        -1.703463     0.000019048   -421980.2407         0.020
100.0000        -1.503356     0.000019048   -421980.0405         0.000
1000.0000        -1.487391     0.000005442   -421980.0244
