0.0020   8600198.768633     0.000013606   8412822.2459
0.0040   4197443.522957     0.000021769   4010066.9999
0.0060   2737599.289309     0.000027211   2550222.7659
0.0080   2009692.654632     0.000027211   1822316.1310
0.0100   1574328.363711     0.000027211   1386951.8403
0.0120   1284954.082064     0.000016327   1097577.5585
0.0140   1078856.171136     0.000016327    891479.6476
0.0160    925122.606092     0.000016327    737746.0827
0.0180    806067.545566     0.000019048    618691.0221
0.0200    711232.882840     0.000021769    523856.3593
0.0400    296326.082762     0.000019048    108949.5593
0.0600    168277.458081     0.000013606    -19099.0654
0.0800    108530.909060     0.000021769    -78845.6144
0.1000     75430.580139     0.000005442   -111945.9434
0.1200     55006.150237     0.000013606   -132370.3732
0.1400     41346.862124     0.000002721   -146029.6614
0.1600     31866.090816     0.000024490   -155510.4327
0.1800     25134.794723     0.000019048   -162241.7288
0.2000     20248.762015     0.000019048   -167127.7615
0.2400     13827.984517     0.000013606   -173548.5390
0.2800      9592.259712     0.000013606   -177784.2638
0.3200      6875.795612     0.000005442   -180500.7279
0.3600      5080.696967     0.000016327   -182295.8265    -36721.553
0.4000      3854.846446     0.000016327   -183521.6770    -25403.801
0.4500      2822.517933     0.000016327   -184554.0056    -16787.889
0.5000      2102.418641     0.000010885   -185274.1048    -12620.307
0.5500      1552.256830     0.000019048   -185824.2667     -9400.730
0.6000      1153.088916     0.000021769   -186223.4346     -6699.230
0.6500       868.847235     0.000008163   -186507.6763     -4779.513
0.7000       664.789420     0.000024490   -186711.7341     -3456.472
0.7500       516.042966     0.000019048   -186860.4805     -2542.244
0.8000       405.771703     0.000013606   -186970.7518     -1902.233
0.8500       322.912880     0.000008163   -187053.6106     -1451.044
0.9000       259.439028     0.000019048   -187117.0844     -1134.313
0.9500       209.309089     0.000021769   -187167.2144      -898.568
1.0000       169.262489     0.000024490   -187207.2610      -717.523
1.1000       111.087501     0.000027211   -187265.4360      -461.961
1.2000        73.589699     0.000021769   -187302.9338      -302.049
1.3000        48.844916     0.000016327   -187327.6786      -198.546
1.4000        32.613179     0.000027211   -187343.9103      -131.410
1.5000        21.888243     0.000024490   -187354.6353       -87.621
1.6000        14.763815     0.000024490   -187361.7597       -58.622
1.7000        10.126139     0.000013606   -187366.3974       -39.217
1.8000         7.065355     0.000019048   -187369.4581       -26.191
1.9000         5.047061     0.000013606   -187371.4764       -17.350
2.0000         3.777116     0.000024490   -187372.7464       -11.341
2.1000         3.018247     0.000016327   -187373.5052        -7.255
2.2000         2.581749     0.000019048   -187373.9417        -4.468
2.3000         2.357171     0.000021769   -187374.1663        -2.577
2.4000         2.269482     0.000005442   -187374.2540        -1.293
2.5000         2.270062     0.000008163   -187374.2534        -0.457
2.6000         2.325894     0.000002721   -187374.1976         0.130
2.7000         2.415779     0.000024490   -187374.1077         0.476
2.8000         2.526537     0.000016327   -187373.9970         0.703
2.9000         2.647919     0.000024490   -187373.8756         0.842
3.0000         2.775162     0.000016327   -187373.7483         0.889
3.1000         2.904147     0.000019048   -187373.6193         0.922
3.2000         3.031516     0.000005442   -187373.4920         0.921
3.3000         3.155896     0.000005442   -187373.3676         0.887
3.4000         3.276429     0.000021769   -187373.2471         0.844
3.5000         3.400736     0.000021769   -187373.1228         0.793
3.6000         3.539258     0.000024490   -187372.9842         0.736
3.7000         3.666434     0.000027211   -187372.8570         0.666
3.8000         3.782877     0.000027211   -187372.7406         0.598
3.9000         3.888479     0.000008163   -187372.6350         0.540
4.0000         3.983463     0.000008163   -187372.5400         0.483
5.0000         4.501573     0.000019048   -187372.0219         0.131
6.0000         4.633791     0.000019048   -187371.8897         0.034
7.0000         4.664980     0.000005442   -187371.8585         0.007
8.0000         4.673326     0.000024490   -187371.8502         0.001
9.0000         4.676502     0.000016327   -187371.8470
10.0000         4.678178     0.000016327   -187371.8453        -0.000
100.0000         4.687177     0.000019048   -187371.8363
1000.0000         4.687862     0.000013606   -187371.8356
