0.0020         0.000000     0.000010885  44134892.3018
0.0040  22008849.937854     0.000010885  20951699.3596
0.0060  14292500.648181     0.000021769  13235350.0678
0.0080  10444217.553834     0.000008163   9387066.9752
0.0100   8142788.365568     0.000016327   7085637.7866
0.0120   6616393.630246     0.000008163   5559243.0509
0.0140   5533227.850288     0.000010885   4476077.2696
0.0160   4726854.048443     0.000024490   3669703.4682
0.0180   4104669.705532     0.000013606   3047519.1273
0.0200   3610974.417187     0.000021769   2553823.8377
0.0400   1471204.332094     0.000024490    414053.7527
0.0600    818534.455425     0.000013606   -238616.1240
0.0800    520486.198227     0.000016327   -536664.3813
0.1000    355504.476735     0.000021769   -701646.1027
0.1200    254810.073632     0.000013606   -802340.5057
0.1400    188480.815788     0.000016327   -868669.7638
0.1600    142766.135761     0.000008163   -914384.4437
0.1800    110518.695258     0.000024490   -946631.8841
0.2000     87180.573435     0.000005442   -969970.0059
0.2400     56762.214583     0.000016327  -1000388.3648
0.2800     37979.268424     0.000010885  -1019171.3109
0.3200     26310.878831     0.000019048  -1030839.7006
0.3600     18792.408457     0.000019048  -1038358.1710
0.4000     13805.656707     0.000010885  -1043344.9227
0.4500      9431.623584     0.000024490  -1047718.9559
0.5000      6619.955836     0.000010885  -1050530.6235    -44809.112
0.5500      4780.862960     0.000019048  -1052369.7166    -30006.054
0.6000      3522.638112     0.000024490  -1053627.9413    -21014.620
0.6500      2626.913189     0.000016327  -1054523.6662    -15182.236
0.7000      1975.090176     0.000010885  -1055175.4893    -11112.062
0.7500      1497.345449     0.000019048  -1055653.2341     -8145.969
0.8000      1146.701131     0.000024490  -1056003.8783     -6023.098
0.8500       886.136240     0.000008163  -1056264.4432     -4480.053
0.9000       691.078216     0.000005442  -1056459.5012     -3368.256
0.9500       543.150368     0.000010885  -1056607.4289     -2587.394
1.0000       427.661494     0.000016327  -1056722.9179     -2033.550
1.1000       266.490592     0.000010885  -1056884.0888     -1243.048
1.2000       168.632006     0.000016327  -1056981.9475      -765.608
1.3000       107.717726     0.000013606  -1057042.8616      -481.707
1.4000        68.688200     0.000027211  -1057081.8912      -309.557
1.5000        43.558267     0.000013606  -1057107.0212      -202.791
1.6000        27.306791     0.000021769  -1057123.2726      -136.976
1.7000        16.482832     0.000010885  -1057134.0965       -93.949
1.8000         9.234155     0.000024490  -1057141.3454       -64.690
1.9000         4.263593     0.000005442  -1057146.3158       -43.759
2.0000         0.975836     0.000019048  -1057149.6035       -28.722
2.1000        -1.047007     0.000005442  -1057151.6264       -18.060
2.2000        -2.113939     0.000013606  -1057152.6933       -10.796
2.3000        -2.610803     0.000002721  -1057153.1902        -6.126
2.4000        -2.762343     0.000019048  -1057153.3418        -3.165
2.5000        -2.706802     0.000005442  -1057153.2863        -1.481
2.6000        -2.599464     0.000019048  -1057153.1788        -0.548
2.7000        -2.488575     0.000010885  -1057153.0680         0.025
2.8000        -2.390742     0.000021769  -1057152.9701         0.290
2.9000        -2.309597     0.000016327  -1057152.8890         0.504
3.0000        -2.242796     0.000019048  -1057152.8223         0.560
3.1000        -2.185067     0.000021769  -1057152.7646         0.640
3.2000        -2.132296     0.000008163  -1057152.7118         0.708
3.3000        -2.080219     0.000010885  -1057152.6596         0.711
3.4000        -2.024536     0.000008163  -1057152.6041         0.776
3.5000        -1.965460     0.000016327  -1057152.5447         0.823
3.6000        -1.901364     0.000013606  -1057152.4808         0.800
3.7000        -1.818004     0.000024490  -1057152.3975         0.828
3.8000        -1.703169     0.000016327  -1057152.2827         0.816
3.9000        -1.594495     0.000013606  -1057152.1739         0.796
4.0000        -1.490123     0.000008163  -1057152.0696         0.750
5.0000        -0.586825     0.000016327  -1057151.1662         0.388
6.0000        -0.104641     0.000002721  -1057150.6840         0.121
7.0000         0.034975     0.000005442  -1057150.5444         0.031
8.0000         0.075721     0.000005442  -1057150.5036         0.008
9.0000         0.090426     0.000013606  -1057150.4889         0.002
10.0000         0.097662     0.000005442  -1057150.4819         0.000
100.0000         0.131241     0.000002721  -1057150.4481
1000.0000         0.133766     0.000010885  -1057150.4457
