0.0020  16635810.738087     0.000005442  16016284.1581
0.0040   8097696.992689     0.000013606   7478170.4135
0.0060   5261735.060930     0.000021769   4642208.4831
0.0080   3851756.429669     0.000016327   3232229.8493
0.0100   3010370.817624     0.000019048   2390844.2386
0.0120   2451853.471690     0.000013606   1832326.8926
0.0140   2054494.076565     0.000010885   1434967.4974
0.0160   1757973.737470     0.000019048   1138447.1582
0.0180   1528648.323984     0.000019048    909121.7448
0.0200   1346502.685738     0.000016327    726976.1066
0.0400    551860.652180     0.000027211    -67665.9270
0.0600    309302.725819     0.000005442   -310223.8534
0.0800    198268.104637     0.000019048   -421258.4745
0.1000    136979.973050     0.000016327   -482546.6062
0.1200     99283.994535     0.000021769   -520242.5847
0.1400     74260.314244     0.000021769   -545266.2650
0.1600     56774.675952     0.000016327   -562751.9031
0.1800     44253.227376     0.000016327   -575273.3519
0.2000     35136.916575     0.000021769   -584389.6626
0.2400     23280.563483     0.000021769   -596246.0156
0.2800     16132.850404     0.000016327   -603393.7288
0.3200     11351.792064     0.000019048   -608174.7871
0.3600      8247.323077     0.000019048   -611279.2561
0.4000      6156.721017     0.000019048   -613369.8581    -43230.969
0.4500      4396.139328     0.000021769   -615130.4398    -28625.808
0.5000      3186.166020     0.000010885   -616340.4130    -20360.429
0.5500      2325.886035     0.000027211   -617200.6932    -14333.366
0.6000      1723.829185     0.000013606   -617802.7499    -10012.407
0.6500      1300.832375     0.000016327   -618225.7467     -7093.971
0.7000       997.958813     0.000021769   -618528.6205     -5138.426
0.7500       776.136996     0.000010885   -618750.4423     -3806.191
0.8000       609.905754     0.000016327   -618916.6735     -2887.697
0.8500       482.017281     0.000024490   -619044.5619     -2264.741
0.9000       380.540859     0.000024490   -619146.0383     -1809.541
0.9500       299.529270     0.000005442   -619227.0499     -1440.120
1.0000       235.451502     0.000008163   -619291.1276     -1131.067
1.1000       146.443115     0.000024490   -619380.1361      -684.117
1.2000        92.468999     0.000013606   -619434.1101      -418.310
1.3000        59.117890     0.000019048   -619467.4612      -270.793
1.4000        36.747861     0.000016327   -619489.8314      -180.689
1.5000        21.982427     0.000013606   -619504.5969      -118.975
1.6000        12.255825     0.000024490   -619514.3233       -78.527
1.7000         5.875120     0.000021769   -619520.7041       -51.823
1.8000         1.676617     0.000021769   -619524.9026       -33.967
1.9000        -1.052657     0.000021769   -619527.6319       -21.856
2.0000        -2.787163     0.000008163   -619529.3663       -13.665
2.1000        -3.848881     0.000019048   -619530.4281        -8.167
2.2000        -4.323632     0.000010885   -619530.9027        -4.528
2.3000        -4.489758     0.000024490   -619531.0690        -2.202
2.4000        -4.490569     0.000019048   -619531.0698        -0.595
2.5000        -4.383889     0.000016327   -619530.9631         0.371
2.6000        -4.209061     0.000008163   -619530.7881         1.025
2.7000        -3.994606     0.000008163   -619530.5737         1.400
2.8000        -3.759097     0.000024490   -619530.3383         1.568
2.9000        -3.517081     0.000021769   -619530.0962         1.651
3.0000        -3.277926     0.000010885   -619529.8572         1.625
3.1000        -3.015393     0.000005442   -619529.5946         1.502
3.2000        -2.763410     0.000013606   -619529.3427         1.369
3.3000        -2.541294     0.000016327   -619529.1204         1.235
3.4000        -2.345609     0.000016327   -619528.9247         1.095
3.5000        -2.173861     0.000013606   -619528.7530         0.973
3.6000        -2.023565     0.000008163   -619528.6028         0.863
3.7000        -1.891812     0.000005442   -619528.4711         0.763
3.8000        -1.776254     0.000021769   -619528.3554         0.667
3.9000        -1.663052     0.000005442   -619528.2422         0.570
4.0000        -1.559953     0.000021769   -619528.1391         0.476
5.0000        -1.132043     0.000005442   -619527.7113         0.081
6.0000        -1.058806     0.000005442   -619527.6379         0.008
7.0000        -1.037541     0.000010885   -619527.6166         0.005
8.0000        -1.026833     0.000016327   -619527.6060         0.003
9.0000        -1.019693     0.000019048   -619527.5990         0.002
10.0000        -1.014438     0.000016327   -619527.5935         0.001
100.0000        -0.980723     0.000019048   -619527.5601
1000.0000        -0.977994     0.000002721   -619527.5571
