0.0020  10912971.657295     0.000021769  10365554.1243
0.0040   5319311.494627     0.000019048   4771893.9637
0.0060   3460778.416335     0.000024490   2913360.8850
0.0080   2535986.822453     0.000021769   1988569.2905
0.0100   1983629.117907     0.000021769   1436211.5861
0.0120   1617025.775937     0.000019048   1069608.2440
0.0140   1356180.620392     0.000013606    808763.0885
0.0160   1161300.389795     0.000008163    613882.8580
0.0180   1010532.834496     0.000019048    463115.3026
0.0200    890653.314305     0.000019048    343235.7824
0.0400    367669.408108     0.000024490   -179748.1238
0.0600    206970.874493     0.000019048   -340446.6574
0.0800    133377.584750     0.000010885   -414039.9472
0.1000     92299.663927     0.000019048   -455117.8679
0.1200     66938.319932     0.000010885   -480479.2120
0.1400     50493.333672     0.000008163   -496924.1982
0.1600     39076.219444     0.000010885   -508341.3124
0.1800     30715.459366     0.000021769   -516702.0724
0.2000     24462.827974     0.000021769   -522954.7040
0.2400     16128.367324     0.000024490   -531289.1646
0.2800     11165.410361     0.000010885   -536252.1216
0.3200      8035.299196     0.000013606   -539382.2327
0.3600      5919.739709     0.000016327   -541497.7922    -44233.191
0.4000      4419.574164     0.000016327   -542997.9578    -31494.402
0.4500      3138.444279     0.000016327   -544279.0875    -20565.824
0.5000      2298.557369     0.000016327   -545118.9746    -13607.829
0.5500      1734.425499     0.000019048   -545683.1063     -9335.701
0.6000      1337.158914     0.000021769   -546080.3731     -6824.106
0.6500      1035.176182     0.000010885   -546382.3556     -5285.914
0.7000       804.289487     0.000021769   -546613.2424     -3997.391
0.7500       630.696553     0.000019048   -546786.8353     -2995.080
0.8000       500.296980     0.000021769   -546917.2348     -2256.978
0.8500       401.410467     0.000008163   -547016.1213     -1722.359
0.9000       325.344221     0.000016327   -547092.1877     -1334.934
0.9500       265.903152     0.000008163   -547151.6289     -1051.271
1.0000       218.731963     0.000019048   -547198.7998      -839.971
1.1000       149.860483     0.000021769   -547267.6713      -555.615
1.2000       103.444231     0.000024490   -547314.0877      -379.865
1.3000        71.470857     0.000008163   -547346.0611      -263.565
1.4000        49.501263     0.000016327   -547368.0305      -181.803
1.5000        34.370431     0.000010885   -547383.1614      -124.895
1.6000        23.983439     0.000016327   -547393.5485       -85.726
1.7000        16.850937     0.000021769   -547400.6809       -59.166
1.8000        11.932015     0.000019048   -547405.5999       -41.150
1.9000         8.513564     0.000010885   -547409.0182       -28.975
2.0000         6.112327     0.000027211   -547411.4196       -20.866
2.1000         4.396328     0.000019048   -547413.1355       -15.330
2.2000         3.134005     0.000024490   -547414.3979       -11.565
2.3000         2.178427     0.000021769   -547415.3535        -8.795
2.4000         1.441260     0.000016327   -547416.0907        -6.807
2.5000         0.867363     0.000010885   -547416.6646        -5.185
2.6000         0.422503     0.000008163   -547417.1095        -3.968
2.7000         0.079414     0.000008163   -547417.4524        -2.966
2.8000        -0.180259     0.000016327   -547417.7122        -2.164
2.9000        -0.367871     0.000013606   -547417.8997        -1.587
3.0000        -0.468360     0.000019048   -547418.0001        -1.108
3.1000        -0.531365     0.000019048   -547418.0632        -0.723
3.2000        -0.563660     0.000021769   -547418.0956        -0.439
3.3000        -0.572745     0.000021769   -547418.1046        -0.236
3.4000        -0.563670     0.000024490   -547418.0956        -0.067
3.5000        -0.540538     0.000013606   -547418.0725         0.065
3.6000        -0.507846     0.000019048   -547418.0398         0.161
3.7000        -0.467075     0.000024490   -547417.9990         0.209
3.8000        -0.421518     0.000019048   -547417.9533         0.268
3.9000        -0.373251     0.000016327   -547417.9052         0.292
4.0000        -0.322659     0.000013606   -547417.8545         0.313
5.0000         0.116125     0.000013606   -547417.4156         0.209
6.0000         0.332387     0.000019048   -547417.1996         0.072
7.0000         0.415660     0.000021769   -547417.1163         0.044
8.0000         0.448335     0.000021769   -547417.0836         0.024
9.0000         0.463644     0.000021769   -547417.0681         0.013
10.0000         0.472588     0.000021769   -547417.0591         0.013
100.0000         0.515123     0.000019048   -547417.0167         0.000
1000.0000         0.518075     0.000019048   -547417.0137
