0.0020   6652002.105701     0.000019048   6544495.4892
0.0040   3259284.951648     0.000010885   3151778.3339
0.0060   2129391.424382     0.000013606   2021884.8075
0.0080   1565477.438626     0.000005442   1457970.8219
0.0100   1227882.911160     0.000021769   1120376.2943
0.0120   1003400.229252     0.000027211    895893.6125
0.0140    843624.155477     0.000008163    736117.5386
0.0160    724243.927433     0.000013606    616737.3106
0.0180    631626.240697     0.000016327    524119.6238
0.0200    557784.555257     0.000016327    450277.9385
0.0400    233279.293019     0.000024490    125772.6762
0.0600    132902.020942     0.000019048     25395.4041
0.0800     86028.297756     0.000008163    -21478.3191
0.1000     59900.745637     0.000019048    -47605.8712
0.1200     43860.578951     0.000021769    -63646.0379
0.1400     33210.151135     0.000010885    -74296.4657
0.1600     25698.428426     0.000016327    -81808.1884
0.1800     20232.024429     0.000021769    -87274.5924
0.2000     16185.699654     0.000008163    -91320.9172
0.2400     10813.914762     0.000005442    -96692.7021
0.2800      7636.174402     0.000008163    -99870.4425
0.3200      5596.524304     0.000008163   -101910.0926    -45793.593
0.3600      4056.581491     0.000008163   -103450.0354    -31650.310
0.4000      3004.157390     0.000013606   -104502.4595    -21663.996
0.4500      2133.561883     0.000024490   -105373.0550    -13860.936
0.5000      1557.671321     0.000013606   -105948.9455     -9510.341
0.5500      1152.997532     0.000019048   -106353.6193     -6775.672
0.6000       864.768279     0.000005442   -106641.8486     -4863.521
0.6500       656.580936     0.000021769   -106850.0359     -3547.629
0.7000       502.919122     0.000024490   -107003.6977     -2655.545
0.7500       386.496345     0.000016327   -107120.1205     -2036.170
0.8000       296.275720     0.000016327   -107210.3411     -1588.922
0.8500       226.367334     0.000027211   -107280.2495     -1214.814
0.9000       174.166603     0.000013606   -107332.4502      -911.137
0.9500       135.231065     0.000027211   -107371.3858      -682.610
1.0000       105.822450     0.000019048   -107400.7944      -518.109
1.1000        65.315751     0.000008163   -107441.3011      -314.368
1.2000        39.947372     0.000019048   -107466.6695      -199.540
1.3000        23.817392     0.000010885   -107482.7995      -129.935
1.4000        13.335345     0.000019048   -107493.2815       -84.920
1.5000         6.536240     0.000027211   -107500.0806       -55.173
1.6000         2.163638     0.000027211   -107504.4532       -35.344
1.7000        -0.602289     0.000005442   -107507.2191       -22.106
1.8000        -2.300966     0.000010885   -107508.9178       -13.289
1.9000        -3.222442     0.000019048   -107509.8393        -7.495
2.0000        -3.610569     0.000021769   -107510.2274        -3.739
2.1000        -3.733659     0.000010885   -107510.3505        -1.324
2.2000        -3.685909     0.000019048   -107510.3028         0.263
2.3000        -3.531313     0.000013606   -107510.1482         1.214
2.4000        -3.312944     0.000019048   -107509.9298         1.799
2.5000        -3.059579     0.000019048   -107509.6764         2.085
2.6000        -2.790341     0.000016327   -107509.4072         2.216
2.7000        -2.518230     0.000027211   -107509.1351         2.213
2.8000        -2.233873     0.000005442   -107508.8507         2.112
2.9000        -1.905451     0.000027211   -107508.5223         1.887
3.0000        -1.619426     0.000016327   -107508.2363         1.667
3.1000        -1.370412     0.000016327   -107507.9873         1.472
3.2000        -1.154041     0.000021769   -107507.7709         1.297
3.3000        -0.966269     0.000016327   -107507.5831         1.136
3.4000        -0.803180     0.000024490   -107507.4200         0.993
3.5000        -0.661539     0.000008163   -107507.2784         0.870
3.6000        -0.531542     0.000021769   -107507.1484         0.754
3.7000        -0.403899     0.000021769   -107507.0208         0.627
3.8000        -0.297540     0.000016327   -107506.9144         0.524
3.9000        -0.208940     0.000013606   -107506.8258         0.439
4.0000        -0.135301     0.000016327   -107506.7522         0.368
5.0000         0.177377     0.000010885   -107506.4395         0.074
6.0000         0.248652     0.000016327   -107506.3682         0.019
7.0000         0.279472     0.000010885   -107506.3374         0.013
8.0000         0.298482     0.000013606   -107506.3184         0.009
9.0000         0.311897     0.000010885   -107506.3050         0.006
10.0000         0.321992     0.000010885   -107506.2949         0.005
100.0000         0.388581     0.000016327   -107506.2283         0.000
1000.0000         0.394092     0.000019048   -107506.2228
