0.0020         0.000000     0.000021769  39491124.1975
0.0040  19678057.683643     0.000013606  18696311.4395
0.0060  12775592.350465     0.000019048  11793846.1065
0.0080   9338007.968764     0.000019048   8356261.7239
0.0100   7281349.069849     0.000019048   6299602.8247
0.0120   5914860.490628     0.000024490   4933114.2468
0.0140   4943691.563524     0.000024490   3961945.3195
0.0160   4220324.430302     0.000021769   3238578.1864
0.0180   3661857.651371     0.000008163   2680111.4065
0.0200   3218587.008846     0.000021769   2236840.7638
0.0400   1294915.569712     0.000021769    313169.3249
0.0600    713219.971898     0.000019048   -268526.2730
0.0800    451265.805710     0.000019048   -530480.4392
0.1000    308132.775554     0.000024490   -673613.4693
0.1200    221253.657515     0.000010885   -760492.5874
0.1400    165495.714427     0.000016327   -816250.5305
0.1600    126493.518361     0.000008163   -855252.7265
0.1800     98133.210190     0.000008163   -883613.0347
0.2000     77490.103275     0.000019048   -904256.1417
0.2400     50696.902972     0.000013606   -931049.3418
0.2800     34326.869341     0.000024490   -947419.3756
0.3200     23806.934466     0.000019048   -957939.3106
0.3600     17086.367944     0.000024490   -964659.8769
0.4000     12567.633377     0.000008163   -969178.6114
0.4500      8804.938960     0.000016327   -972941.3058
0.5000      6236.205293     0.000013606   -975510.0396    -42158.794
0.5500      4498.336085     0.000024490   -977247.9087    -28424.498
0.6000      3307.237483     0.000021769   -978439.0076    -19860.976
0.6500      2460.221461     0.000016327   -979286.0235    -14355.875
0.7000      1841.157038     0.000019048   -979905.0879    -10587.859
0.7500      1383.628359     0.000021769   -980362.6165     -7838.178
0.8000      1045.561869     0.000016327   -980700.6830     -5788.049
0.8500       796.129394     0.000008163   -980950.1155     -4269.703
0.9000       611.832729     0.000010885   -981134.4123     -3160.218
0.9500       474.834449     0.000013606   -981271.4105     -2359.407
1.0000       371.764476     0.000021769   -981374.4805     -1786.923
1.1000       231.393896     0.000019048   -981514.8510     -1080.049
1.2000       145.131883     0.000024490   -981601.1130      -666.833
1.3000        92.422394     0.000008163   -981653.8226      -408.941
1.4000        60.421305     0.000013606   -981685.8237      -256.057
1.5000        40.412836     0.000021769   -981705.8320      -160.755
1.6000        28.049564     0.000019048   -981718.1955      -102.364
1.7000        20.218440     0.000005442   -981726.0264       -66.831
1.8000        15.107661     0.000016327   -981731.1372       -44.596
1.9000        12.232472     0.000019048   -981734.0124       -31.776
2.0000        10.395942     0.000019048   -981735.8489       -23.315
2.1000         9.383077     0.000010885   -981736.8620       -17.536
2.2000         8.685905     0.000019048   -981737.5591       -12.943
2.3000         8.163378     0.000005442   -981738.0816        -9.378
2.4000         8.075893     0.000024490   -981738.1689        -7.047
2.5000         8.033117     0.000010885   -981738.2119        -5.251
2.6000         7.979298     0.000010885   -981738.2655        -3.938
2.7000         7.916190     0.000024490   -981738.3287        -3.011
2.8000         7.839018     0.000008163   -981738.4059        -2.402
2.9000         7.743457     0.000019048   -981738.5015        -1.961
3.0000         7.629714     0.000019048   -981738.6152        -1.777
3.1000         7.537578     0.000013606   -981738.7074        -1.551
3.2000         7.428164     0.000005442   -981738.8168        -1.414
3.3000         7.308780     0.000016327   -981738.9360        -1.270
3.4000         7.191060     0.000005442   -981739.0539        -1.073
3.5000         7.081415     0.000008163   -981739.1635        -0.926
3.6000         6.984292     0.000010885   -981739.2607        -0.796
3.7000         6.902835     0.000016327   -981739.3420        -0.643
3.8000         6.836716     0.000005442   -981739.4081        -0.511
3.9000         6.785496     0.000016327   -981739.4596        -0.412
4.0000         6.749169     0.000019048   -981739.4958        -0.322
5.0000         6.838085     0.000021769   -981739.4068         0.071
6.0000         7.056718     0.000016327   -981739.1883         0.061
7.0000         7.158214     0.000016327   -981739.0868         0.027
8.0000         7.194840     0.000008163   -981739.0500         0.009
9.0000         7.207853     0.000008163   -981739.0370         0.001
10.0000         7.213074     0.000016327   -981739.0318         0.000
100.0000         7.228906     0.000024490   -981739.0160
1000.0000         7.230011     0.000008163   -981739.0149
