0.0020         0.000000     0.000005442  29346798.4097
0.0040  14655922.004191     0.000024490  13871526.2826
0.0060   9515995.492087     0.000010885   8731599.7717
0.0080   6959380.109441     0.000013606   6174984.3890
0.0100   5430950.845073     0.000021769   4646555.1226
0.0120   4416018.339770     0.000016327   3631622.6188
0.0140   3694316.722164     0.000016327   2909920.9999
0.0160   3156115.396127     0.000024490   2371719.6743
0.0180   2740704.216781     0.000016327   1956308.4951
0.0200   2411169.010323     0.000008163   1626773.2886
0.0400    977859.823106     0.000010885    193464.1014
0.0600    542360.476378     0.000016327   -242035.2453
0.0800    344609.099604     0.000008163   -439786.6221
0.1000    236668.608021     0.000027211   -547727.1137
0.1200    170120.901458     0.000021769   -614274.8202
0.1400    126348.833124     0.000010885   -658046.8887
0.1600     96933.346176     0.000019048   -687462.3754
0.1800     76354.560256     0.000010885   -708041.1615
0.2000     60734.428379     0.000016327   -723661.2933
0.2400     39864.494483     0.000027211   -744531.2272
0.2800     27466.058900     0.000013606   -756929.6628
0.3200     19643.269618     0.000010885   -764752.4520
0.3600     14173.960230     0.000010885   -770221.7614
0.4000     10494.102057     0.000016327   -773901.6197
0.4500      7515.312676     0.000016327   -776880.4090    -47048.357
0.5000      5585.381466     0.000010885   -778810.3403    -31617.916
0.5500      4245.399310     0.000024490   -780150.3222    -22677.759
0.6000      3266.475873     0.000019048   -781129.2457    -16817.380
0.6500      2535.966543     0.000013606   -781859.7552    -12629.368
0.7000      1985.095695     0.000027211   -782410.6259     -9560.343
0.7500      1567.012095     0.000021769   -782828.7095     -7332.560
0.8000      1242.694822     0.000008163   -783153.0268     -5761.899
0.8500       985.658157     0.000021769   -783410.0635     -4576.311
0.9000       781.673840     0.000013606   -783614.0478     -3614.712
0.9500       621.066878     0.000010885   -783774.6549     -2831.002
1.0000       495.536830     0.000005442   -783900.1848     -2206.865
1.1000       321.212206     0.000008163   -784074.5095     -1347.677
1.2000       213.631078     0.000027211   -784182.0905      -844.053
1.3000       145.220717     0.000005442   -784250.5008      -546.118
1.4000       100.271377     0.000019048   -784295.4502      -364.284
1.5000        69.861088     0.000019048   -784325.8606      -249.043
1.6000        48.842948     0.000008163   -784346.8787      -173.345
1.7000        34.221612     0.000024490   -784361.5002      -122.004
1.8000        23.873165     0.000021769   -784371.8484       -86.570
1.9000        16.510531     0.000021769   -784379.2113       -61.587
2.0000        11.258299     0.000027211   -784384.4633       -43.981
2.1000         7.565440     0.000019048   -784388.1562       -31.407
2.2000         4.944324     0.000016327   -784390.7775       -22.442
2.3000         3.105862     0.000010885   -784392.6159       -16.091
2.4000         1.907829     0.000024490   -784393.8137       -11.710
2.5000         1.047054     0.000013606   -784394.6747        -8.606
2.6000         0.426868     0.000021769   -784395.2948        -6.239
2.7000        -0.018384     0.000027211   -784395.7400        -4.555
2.8000        -0.334303     0.000010885   -784396.0559        -3.192
2.9000        -0.552881     0.000016327   -784396.2744        -2.208
3.0000        -0.697175     0.000024490   -784396.4189        -1.424
3.1000        -0.786170     0.000024490   -784396.5079        -0.825
3.2000        -0.831939     0.000010885   -784396.5536        -0.399
3.3000        -0.843341     0.000027211   -784396.5651        -0.055
3.4000        -0.808598     0.000013606   -784396.5302         0.203
3.5000        -0.758085     0.000024490   -784396.4796         0.352
3.6000        -0.696582     0.000016327   -784396.4181         0.491
3.7000        -0.627957     0.000021769   -784396.3495         0.585
3.8000        -0.555428     0.000021769   -784396.2772         0.648
3.9000        -0.480246     0.000021769   -784396.2018         0.664
4.0000        -0.403199     0.000024490   -784396.1248         0.679
5.0000         0.332681     0.000021769   -784395.3890         0.437
6.0000         0.747685     0.000013606   -784394.9740         0.166
7.0000         0.884629     0.000016327   -784394.8371         0.048
8.0000         0.920491     0.000016327   -784394.8012         0.017
9.0000         0.930072     0.000024490   -784394.7917         0.009
10.0000         0.932790     0.000024490   -784394.7890         0.004
100.0000         0.933639     0.000010885   -784394.7882
1000.0000         0.933514     0.000008163   -784394.7882
