0.0020   1052697.808356     0.000027211    623215.0574
0.0040    513535.446381     0.000019048     84052.6953
0.0060    334294.239102     0.000021769    -95188.5119
0.0080    245175.593531     0.000013606   -184307.1575
0.0100    192061.700006     0.000024490   -237421.0510
0.0120    156769.401954     0.000013606   -272713.3490
0.0140    131667.458282     0.000008163   -297815.2928
0.0160    112980.214049     0.000016327   -316502.5369
0.0180     98480.445764     0.000019048   -331002.3054
0.0200     86984.423899     0.000016327   -342498.3272
0.0400     36372.087772     0.000010885   -393110.6634
0.0600     20711.786898     0.000008163   -408770.9641
0.0800     13477.088697     0.000016327   -416005.6623
0.1000      9432.892612     0.000019048   -420049.8583
0.1200      6932.377819     0.000010885   -422550.3731
0.1400      5258.618702     0.000021769   -424224.1325
0.1600      4076.153184     0.000016327   -425406.5980    -50153.156
0.1800      3214.529729     0.000013606   -426268.2212    -36887.926
0.2000      2574.353798     0.000024490   -426908.3973    -27620.542
0.2400      1721.137241     0.000008163   -427761.6139    -16195.573
0.2800      1207.949382     0.000008163   -428274.8015    -10059.538
0.3200       880.131126     0.000021769   -428602.6200     -6645.870
0.3600       657.653400     0.000024490   -428825.0976     -4638.816
0.4000       499.473038     0.000013606   -428983.2780     -3355.871
0.4500       360.080436     0.000008163   -429122.6705     -2295.815
0.5000       263.904720     0.000010885   -429218.8462     -1598.058
0.5500       196.339001     0.000016327   -429286.4121     -1133.094
0.6000       148.027537     0.000027211   -429334.7235      -817.825
0.6500       112.870310     0.000027211   -429369.8806      -599.976
0.7000        86.884910     0.000013606   -429395.8662      -447.144
0.7500        67.393939     0.000019048   -429415.3571      -337.890
0.8000        52.569622     0.000010885   -429430.1814      -258.908
0.8500        41.148918     0.000027211   -429441.6023      -200.602
0.9000        32.262541     0.000019048   -429450.4884      -156.894
0.9500        25.358341     0.000019048   -429457.3928      -123.503
1.0000        19.938125     0.000008163   -429462.8130       -97.479
1.1000        12.301437     0.000016327   -429470.4496       -60.882
1.2000         7.589427     0.000019048   -429475.1615       -37.463
1.3000         4.735648     0.000005442   -429478.0155       -22.566
1.4000         3.064213     0.000027211   -429479.6868       -13.077
1.5000         2.172988     0.000013606   -429480.5780        -7.316
1.6000         1.906743     0.000008163   -429480.8444        -4.165
1.7000         1.812619     0.000027211   -429480.9385        -2.328
1.8000         1.808083     0.000024490   -429480.9429        -1.304
1.9000         1.843180     0.000010885   -429480.9078        -0.754
2.0000         1.886011     0.000005442   -429480.8650        -0.466
2.1000         1.923125     0.000005442   -429480.8280        -0.337
2.2000         1.950309     0.000008163   -429480.8008        -0.262
2.3000         1.966633     0.000008163   -429480.7845        -0.211
2.4000         1.974538     0.000010885   -429480.7766        -0.183
2.5000         1.977433     0.000024490   -429480.7736        -0.159
2.6000         1.977384     0.000021769   -429480.7736        -0.124
2.7000         1.975471     0.000016327   -429480.7755        -0.099
2.8000         1.972932     0.000013606   -429480.7782        -0.076
2.9000         1.970647     0.000024490   -429480.7804        -0.061
3.0000         1.968913     0.000019048   -429480.7820        -0.044
3.1000         1.967738     0.000021769   -429480.7834        -0.031
3.2000         1.966946     0.000027211   -429480.7842        -0.013
3.3000         1.966641     0.000021769   -429480.7845        -0.010
3.4000         1.966777     0.000021769   -429480.7842        -0.005
3.5000         1.967270     0.000016327   -429480.7837        -0.000
3.6000         1.967999     0.000016327   -429480.7831         0.006
3.7000         1.968924     0.000008163   -429480.7820         0.007
3.8000         1.969912     0.000005442   -429480.7812         0.009
3.9000         1.970913     0.000005442   -429480.7801         0.009
4.0000         1.971923     0.000027211   -429480.7790         0.010
5.0000         1.979107     0.000021769   -429480.7720         0.005
6.0000         1.981096     0.000019048   -429480.7701         0.001
7.0000         1.981447     0.000019048   -429480.7695         0.000
8.0000         1.981498     0.000019048   -429480.7695         0.000
9.0000         1.981509     0.000019048   -429480.7695
10.0000         1.981509     0.000019048   -429480.7695
100.0000         1.981509     0.000019048   -429480.7695
1000.0000         1.981509     0.000019048   -429480.7695
