0.0020         0.000000     0.000002721  42108284.6724
0.0040  20927400.588822     0.000005442  19969902.7142
0.0060  13578473.884896     0.000019048  12620976.0098
0.0080   9916458.262538     0.000005442   8958960.3869
0.0100   7726108.855976     0.000019048   6768610.9821
0.0120   6274967.764321     0.000019048   5317469.8900
0.0140   5244740.513306     0.000013606   4287242.6387
0.0160   4476271.457905     0.000016327   3518773.5827
0.0180   3883812.460252     0.000021769   2926314.5844
0.0200   3413497.848279     0.000016327   2455999.9733
0.0400   1376807.976774     0.000019048    419310.1018
0.0600    761501.555213     0.000019048   -195996.3198
0.0800    483038.719612     0.000010885   -474459.1554
0.1000    332298.050554     0.000021769   -625199.8245
0.1200    242414.057171     0.000027211   -715083.8180
0.1400    182836.153346     0.000008163   -774661.7216
0.1600    140166.348682     0.000024490   -817331.5264
0.1800    108897.867631     0.000013606   -848600.0074
0.2000     86016.008496     0.000024490   -871481.8664
0.2400     56266.972420     0.000016327   -901230.9025
0.2800     37905.394150     0.000024490   -919592.4810
0.3200     26388.978262     0.000016327   -931108.8967
0.3600     18711.622228     0.000008163   -938786.2528
0.4000     13651.697442     0.000002721   -943846.1776
0.4500      9357.997498     0.000021769   -948139.8776
0.5000      6476.772287     0.000019048   -951021.1027    -45591.924
0.5500      4624.849569     0.000008163   -952873.0254    -29802.861
0.6000      3394.413854     0.000024490   -954103.4613    -20187.781
0.6500      2546.511201     0.000016327   -954951.3638    -14173.323
0.7000      1942.244280     0.000008163   -955555.6306    -10254.046
0.7500      1500.103297     0.000016327   -955997.7718     -7588.505
0.8000      1170.132132     0.000024490   -956327.7429     -5712.216
0.8500       919.843227     0.000024490   -956578.0319     -4360.105
0.9000       727.318342     0.000024490   -956770.5566     -3369.544
0.9500       578.080001     0.000021769   -956919.7951     -2628.624
1.0000       461.431038     0.000013606   -957036.4441     -2067.492
1.1000       296.187781     0.000019048   -957201.6872     -1305.367
1.2000       190.942431     0.000019048   -957306.9327      -835.609
1.3000       123.246581     0.000024490   -957374.6284      -538.425
1.4000        79.483260     0.000027211   -957418.3917      -349.257
1.5000        51.050579     0.000021769   -957446.8246      -228.525
1.6000        32.464589     0.000008163   -957465.4105      -150.388
1.7000        20.258792     0.000016327   -957477.6162       -98.992
1.8000        12.230026     0.000019048   -957485.6449       -65.055
1.9000         6.966234     0.000024490   -957490.9087       -43.030
2.0000         3.460536     0.000024490   -957494.4146       -28.449
2.1000         1.122892     0.000016327   -957496.7520       -18.671
2.2000        -0.410604     0.000016327   -957498.2857       -12.123
2.3000        -1.406965     0.000016327   -957499.2819        -7.723
2.4000        -2.040025     0.000013606   -957499.9151        -4.688
2.5000        -2.419501     0.000013606   -957500.2944        -2.646
2.6000        -2.616841     0.000021769   -957500.4920        -1.283
2.7000        -2.699003     0.000019048   -957500.5742        -0.365
2.8000        -2.706497     0.000016327   -957500.5815         0.193
2.9000        -2.667256     0.000013606   -957500.5423         0.555
3.0000        -2.600824     0.000010885   -957500.4759         0.742
3.1000        -2.519582     0.000024490   -957500.3946         0.846
3.2000        -2.410451     0.000024490   -957500.2854         0.881
3.3000        -2.261033     0.000016327   -957500.1361         0.836
3.4000        -2.118266     0.000024490   -957499.9932         0.791
3.5000        -1.981055     0.000021769   -957499.8560         0.725
3.6000        -1.854032     0.000013606   -957499.7290         0.640
3.7000        -1.739622     0.000016327   -957499.6147         0.564
3.8000        -1.638164     0.000013606   -957499.5132         0.498
3.9000        -1.549104     0.000021769   -957499.4242         0.431
4.0000        -1.471361     0.000016327   -957499.3464         0.366
5.0000        -1.110551     0.000008163   -957498.9856         0.067
6.0000        -1.050431     0.000024490   -957498.9254         0.011
7.0000        -1.042216     0.000013606   -957498.9173         0.000
8.0000        -1.041394     0.000010885   -957498.9164        -0.001
9.0000        -1.041454     0.000002721   -957498.9164        -0.001
10.0000        -1.041614     0.000027211   -957498.9167        -0.001
100.0000        -1.042684     0.000021769   -957498.9178
1000.0000        -1.042771     0.000027211   -957498.9178
