0.0020         0.000000     0.000016327  44482986.8469
0.0040  22147223.528517     0.000024490  21103062.0370
0.0060  14372875.640796     0.000024490  13328714.1498
0.0080  10496950.646455     0.000019048   9452789.1551
0.0100   8179136.453041     0.000010885   7134974.9619
0.0120   6642377.002800     0.000027211   5598215.5116
0.0140   5551449.821834     0.000010885   4507288.3299
0.0160   4738622.531417     0.000008163   3694461.0384
0.0180   4111183.704502     0.000013606   3067022.2124
0.0200   3613051.118082     0.000019048   2568889.6257
0.0400   1451905.533547     0.000024490    407744.0414
0.0600    800889.260179     0.000010885   -243272.2321
0.0800    507363.981222     0.000021769   -536797.5112
0.1000    347509.067132     0.000024490   -696652.4252
0.1200    251675.483912     0.000024490   -792486.0083
0.1400    188336.727468     0.000013606   -855824.7647
0.1600    143791.212055     0.000024490   -900370.2804
0.1800    111878.843637     0.000005442   -932282.6486
0.2000     88603.094882     0.000010885   -955558.3975
0.2400     57934.704112     0.000021769   -986226.7883
0.2800     38979.320716     0.000027211  -1005182.1716
0.3200     27018.591523     0.000021769  -1017142.9008
0.3600     19280.177264     0.000008163  -1024881.3151
0.4000     14146.704785     0.000024490  -1030014.7874
0.4500      9621.639408     0.000019048  -1034539.8529
0.5000      6762.226789     0.000016327  -1037399.2656    -45347.850
0.5500      4909.265314     0.000024490  -1039252.2270    -30103.413
0.6000      3651.227363     0.000024490  -1040510.2650    -20949.908
0.6500      2760.624547     0.000008163  -1041400.8676    -15075.851
0.7000      2113.763244     0.000013606  -1042047.7290    -11044.502
0.7500      1636.791764     0.000019048  -1042524.7005     -8191.767
0.8000      1280.676543     0.000021769  -1042880.8157     -6154.060
0.8500      1011.148264     0.000016327  -1043150.3441     -4686.808
0.9000       804.241233     0.000024490  -1043357.2511     -3618.954
0.9500       643.848857     0.000024490  -1043517.6435     -2827.744
1.0000       517.946185     0.000008163  -1043643.5460     -2234.581
1.1000       338.317300     0.000024490  -1043823.1749     -1427.773
1.2000       222.997839     0.000010885  -1043938.4944      -925.404
1.3000       147.591959     0.000013606  -1044013.9004      -607.527
1.4000        97.573274     0.000016327  -1044063.9191      -404.803
1.5000        64.394248     0.000010885  -1044097.0979      -273.132
1.6000        41.886766     0.000013606  -1044119.6055      -185.653
1.7000        26.472196     0.000016327  -1044135.0200      -126.870
1.8000        15.880220     0.000016327  -1044145.6120       -86.644
1.9000         8.634336     0.000016327  -1044152.8579       -58.458
2.0000         4.007327     0.000010885  -1044157.4849       -38.980
2.1000         1.082758     0.000019048  -1044160.4096       -25.402
2.2000        -0.720286     0.000027211  -1044162.2126       -15.970
2.3000        -1.751540     0.000016327  -1044163.2439        -9.604
2.4000        -2.276350     0.000024490  -1044163.7686        -5.364
2.5000        -2.444032     0.000021769  -1044163.9364        -2.684
2.6000        -2.355337     0.000019048  -1044163.8477        -1.137
2.7000        -2.195157     0.000008163  -1044163.6875        -0.155
2.8000        -2.007932     0.000019048  -1044163.5002         0.384
2.9000        -1.816848     0.000016327  -1044163.3092         0.745
3.0000        -1.631753     0.000019048  -1044163.1239         0.940
3.1000        -1.454585     0.000016327  -1044162.9468         1.079
3.2000        -1.284427     0.000024490  -1044162.7767         1.192
3.3000        -1.119226     0.000027211  -1044162.6115         1.219
3.4000        -0.924031     0.000016327  -1044162.4164         1.251
3.5000        -0.700718     0.000021769  -1044162.1930         1.233
3.6000        -0.492319     0.000008163  -1044161.9846         1.176
3.7000        -0.295516     0.000002721  -1044161.7878         1.154
3.8000        -0.111232     0.000027211  -1044161.6036         1.114
3.9000         0.076333     0.000016327  -1044161.4159         1.064
4.0000         0.273298     0.000008163  -1044161.2191         0.973
5.0000         1.526121     0.000027211  -1044159.9660         0.404
6.0000         1.963446     0.000019048  -1044159.5287         0.135
7.0000         2.093073     0.000019048  -1044159.3992         0.040
8.0000         2.138484     0.000027211  -1044159.3538         0.016
9.0000         2.159118     0.000024490  -1044159.3331         0.009
10.0000         2.171148     0.000016327  -1044159.3211         0.005
100.0000         2.232113     0.000021769  -1044159.2602         0.000
1000.0000         2.236518     0.000027211  -1044159.2558
