0.0020   5955385.166528     0.000024490   5373339.0629
0.0040   2901965.878728     0.000027211   2319919.7757
0.0060   1887761.519571     0.000021769   1305715.4165
0.0080   1383262.172255     0.000024490    801216.0691
0.0100   1081863.404818     0.000019048    499817.3018
0.0120    881815.869199     0.000024490    299769.7660
0.0140    739733.513135     0.000024490    157687.4100
0.0160    633672.592262     0.000024490     51626.4892
0.0180    551629.925972     0.000019048    -30416.1771
0.0200    486397.904077     0.000013606    -95648.1990
0.0400    201457.730907     0.000021769   -380588.3721
0.0600    114005.039877     0.000021769   -468041.0633
0.0800     73928.859770     0.000013606   -508117.2432
0.1000     51468.834183     0.000024490   -530577.2690
0.1200     37401.316210     0.000027211   -544644.7869
0.1400     28109.854600     0.000024490   -553936.2484
0.1600     21798.231405     0.000010885   -560247.8718
0.1800     17355.024554     0.000019048   -564691.0786
0.2000     14068.638245     0.000016327   -567977.4648
0.2400      9448.893874     0.000016327   -572597.2093
0.2800      6548.094515     0.000021769   -575498.0086
0.3200      4709.945509     0.000010885   -577336.1575    -36669.857
0.3600      3504.143427     0.000024490   -578541.9598    -24657.829
0.4000      2672.459751     0.000019048   -579373.6434    -17503.632
0.4500      1945.127281     0.000013606   -580100.9757    -12020.182
0.5000      1439.370544     0.000005442   -580606.7325     -8438.631
0.5500      1081.881643     0.000024490   -580964.2214     -6003.877
0.6000       825.771113     0.000013606   -581220.3320     -4334.619
0.6500       639.377010     0.000016327   -581406.7260     -3182.864
0.7000       501.609731     0.000016327   -581544.4935     -2362.223
0.7500       398.116438     0.000019048   -581647.9866     -1796.545
0.8000       318.628701     0.000016327   -581727.4743     -1403.679
0.8500       255.558903     0.000021769   -581790.5441     -1132.787
0.9000       204.208517     0.000016327   -581841.8945      -925.526
0.9500       162.441895     0.000024490   -581883.6612      -747.171
1.0000       128.951870     0.000013606   -581917.1511      -594.334
1.1000        81.565697     0.000010885   -581964.5373      -367.953
1.2000        52.342546     0.000013606   -581993.7604      -226.308
1.3000        34.293975     0.000019048   -582011.8092      -140.593
1.4000        22.990846     0.000013606   -582023.1123       -89.111
1.5000        15.743806     0.000024490   -582030.3592       -57.986
1.6000        10.962326     0.000019048   -582035.1408       -38.963
1.7000         7.716216     0.000016327   -582038.3869       -26.825
1.8000         5.459945     0.000016327   -582040.6432       -18.811
1.9000         3.918566     0.000008163   -582042.1845       -13.430
2.0000         2.901584     0.000010885   -582043.2016        -9.918
2.1000         2.142519     0.000027211   -582043.9606        -7.365
2.2000         1.571455     0.000019048   -582044.5317        -5.456
2.3000         1.143300     0.000016327   -582044.9598        -4.023
2.4000         0.824723     0.000013606   -582045.2784        -2.937
2.5000         0.589551     0.000010885   -582045.5135        -2.124
2.6000         0.418756     0.000005442   -582045.6844        -1.512
2.7000         0.296389     0.000005442   -582045.8066        -1.069
2.8000         0.210102     0.000027211   -582045.8931        -0.739
2.9000         0.150699     0.000021769   -582045.9524        -0.500
3.0000         0.110930     0.000019048   -582045.9922        -0.329
3.1000         0.085104     0.000016327   -582046.0180        -0.205
3.2000         0.069199     0.000024490   -582046.0338        -0.121
3.3000         0.060213     0.000019048   -582046.0428        -0.064
3.4000         0.055900     0.000027211   -582046.0471        -0.025
3.5000         0.054646     0.000019048   -582046.0485        -0.001
3.6000         0.055299     0.000010885   -582046.0477         0.013
3.7000         0.057084     0.000010885   -582046.0460         0.022
3.8000         0.059487     0.000013606   -582046.0436         0.027
3.9000         0.062132     0.000016327   -582046.0409         0.027
4.0000         0.064793     0.000016327   -582046.0384         0.026
5.0000         0.080121     0.000005442   -582046.0229         0.006
6.0000         0.082804     0.000002721   -582046.0202         0.001
7.0000         0.083136     0.000002721   -582046.0199        -0.000
8.0000         0.083174     0.000002721   -582046.0199        -0.000
9.0000         0.083177     0.000002721   -582046.0199        -0.000
10.0000         0.083177     0.000002721   -582046.0199        -0.000
100.0000         0.083177     0.000002721   -582046.0199
1000.0000         0.083177     0.000002721   -582046.0199
