0.0020   2559188.660581     0.000005442   2494043.6331
0.0040   1253603.493180     0.000021769   1188458.4656
0.0060    819219.105046     0.000019048    754074.0776
0.0080    602739.860389     0.000024490    537594.8328
0.0100    473391.471581     0.000021769    408246.4440
0.0120    387425.185234     0.000019048    322280.1577
0.0140    326282.930841     0.000019048    261137.9033
0.0160    280666.681396     0.000016327    215521.6539
0.0180    245344.681423     0.000021769    180199.6539
0.0200    217193.855313     0.000016327    152048.8278
0.0400     92571.368579     0.000016327     27426.3411
0.0600     53350.558604     0.000024490    -11794.4689
0.0800     35113.930017     0.000021769    -30031.0975
0.1000     24781.077221     0.000016327    -40363.9503
0.1200     18223.230269     0.000013606    -46921.7972
0.1400     13832.093824     0.000013606    -51312.9337
0.1600     10795.291018     0.000024490    -54349.7365
0.1800      8638.348467     0.000019048    -56506.6790
0.2000      7065.338371     0.000019048    -58079.6891
0.2400      4903.328402     0.000013606    -60241.6991    -43621.127
0.2800      3468.763374     0.000024490    -61676.2641    -29136.428
0.3200      2504.658735     0.000024490    -62640.3688    -19734.081
0.3600      1845.161989     0.000016327    -63299.8655    -13647.246
0.4000      1385.647006     0.000024490    -63759.3805     -9579.723
0.4500       995.478241     0.000008163    -64149.5493     -6272.869
0.5000       737.206830     0.000021769    -64407.8207     -4214.895
0.5500       561.333733     0.000013606    -64583.6938     -2949.373
0.6000       434.300661     0.000021769    -64710.7269     -2195.285
0.6500       336.088102     0.000013606    -64808.9394     -1733.570
0.7000       259.281803     0.000010885    -64885.7457     -1358.878
0.7500       199.512968     0.000016327    -64945.5145     -1046.890
0.8000       153.793518     0.000021769    -64991.2340      -794.960
0.8500       119.182445     0.000019048    -65025.8451      -600.045
0.9000        93.055674     0.000010885    -65051.9718      -453.019
0.9500        73.290445     0.000002721    -65071.7371      -343.324
1.0000        58.265101     0.000005442    -65086.7624      -261.809
1.1000        37.893118     0.000016327    -65107.1344      -155.978
1.2000        25.551275     0.000024490    -65119.4762       -96.863
1.3000        17.766816     0.000008163    -65127.2607       -63.152
1.4000        12.638891     0.000013606    -65132.3886       -43.400
1.5000         9.088625     0.000019048    -65135.9389       -31.382
1.6000         6.497020     0.000016327    -65138.5305       -23.527
1.7000         4.531065     0.000019048    -65140.4965       -17.847
1.8000         3.020587     0.000019048    -65142.0069       -13.525
1.9000         1.866400     0.000024490    -65143.1611       -10.085
2.0000         0.998215     0.000021769    -65144.0293        -7.398
2.1000         0.359465     0.000016327    -65144.6680        -5.262
2.2000        -0.097267     0.000016327    -65145.1248        -3.656
2.3000        -0.411899     0.000016327    -65145.4394        -2.398
2.4000        -0.616281     0.000016327    -65145.6438        -1.454
2.5000        -0.737012     0.000016327    -65145.7645        -0.754
2.6000        -0.794306     0.000019048    -65145.8218        -0.233
2.7000        -0.789060     0.000019048    -65145.8166         0.140
2.8000        -0.683322     0.000010885    -65145.7108         0.355
2.9000        -0.569864     0.000019048    -65145.5974         0.509
3.0000        -0.450210     0.000021769    -65145.4777         0.605
3.1000        -0.327666     0.000024490    -65145.3552         0.646
3.2000        -0.205190     0.000010885    -65145.2327         0.671
3.3000        -0.085457     0.000024490    -65145.1130         0.668
3.4000         0.030256     0.000013606    -65144.9973         0.649
3.5000         0.140677     0.000019048    -65144.8868         0.622
3.6000         0.244538     0.000013606    -65144.7830         0.586
3.7000         0.341435     0.000013606    -65144.6861         0.551
3.8000         0.431325     0.000016327    -65144.5962         0.507
3.9000         0.514178     0.000016327    -65144.5133         0.464
4.0000         0.590014     0.000019048    -65144.4375         0.426
5.0000         1.037225     0.000024490    -65143.9903         0.155
6.0000         1.182444     0.000019048    -65143.8451         0.047
7.0000         1.236271     0.000013606    -65143.7912         0.025
8.0000         1.262633     0.000016327    -65143.7649         0.014
9.0000         1.278925     0.000013606    -65143.7486         0.010
10.0000         1.290318     0.000013606    -65143.7372         0.008
100.0000         1.359245     0.000010885    -65143.6683         0.000
1000.0000         1.364573     0.000010885    -65143.6629
