0.0020         0.000000     0.000010885  38588094.0481
0.0040  19213788.640540     0.000021769  18327099.8932
0.0060  12475897.906355     0.000024490  11589209.1568
0.0080   9116420.742953     0.000016327   8229731.9952
0.0100   7106911.051683     0.000019048   6220222.3036
0.0120   5773513.223935     0.000010885   4886824.4757
0.0140   4827411.073973     0.000016327   3940722.3246
0.0160   4122280.604762     0.000019048   3235591.8554
0.0180   3577850.155190     0.000016327   2691161.4069
0.0200   3145619.198970     0.000019048   2258930.4505
0.0400   1267475.437746     0.000024490    380786.6893
0.0600    699202.817642     0.000024490   -187485.9308
0.0800    443131.438221     0.000024490   -443557.3101
0.1000    303516.870406     0.000013606   -583171.8781
0.1200    218985.160211     0.000027211   -667703.5881
0.1400    164463.560277     0.000019048   -722225.1882
0.1600    126179.589493     0.000005442   -760509.1589
0.1800     98243.491635     0.000019048   -788445.2567
0.2000     77627.995734     0.000024490   -809060.7526
0.2400     50557.629278     0.000008163   -836131.1190
0.2800     34226.676973     0.000013606   -852462.0715
0.3200     23684.006089     0.000010885   -863004.7424
0.3600     16943.659775     0.000016327   -869745.0885
0.4000     12350.166137     0.000019048   -874338.5822
0.4500      8539.377382     0.000005442   -878149.3711
0.5000      5999.533036     0.000010885   -880689.2153    -42735.050
0.5500      4254.743867     0.000021769   -882434.0046    -27978.920
0.6000      3107.535578     0.000019048   -883581.2128    -18671.588
0.6500      2326.826232     0.000016327   -884361.9222    -13030.830
0.7000      1769.599722     0.000019048   -884919.1488     -9488.180
0.7500      1359.098485     0.000019048   -885329.6498     -7053.808
0.8000      1052.500307     0.000008163   -885636.2480     -5291.829
0.8500       821.874838     0.000005442   -885866.8735     -3994.290
0.9000       647.340490     0.000021769   -886041.4080     -3034.289
0.9500       514.255969     0.000010885   -886174.4924     -2322.934
1.0000       411.927231     0.000027211   -886276.8211     -1794.470
1.1000       270.254956     0.000008163   -886418.4934     -1103.255
1.2000       181.497189     0.000021769   -886507.2513      -706.452
1.3000       123.870041     0.000010885   -886564.8785      -472.170
1.4000        85.067583     0.000027211   -886603.6808      -319.455
1.5000        58.791666     0.000016327   -886629.9567      -216.862
1.6000        40.933736     0.000016327   -886647.8147      -147.938
1.7000        28.769861     0.000005442   -886659.9785      -101.932
1.8000        20.374859     0.000013606   -886668.3735       -71.141
1.9000        14.496417     0.000021769   -886674.2520       -50.472
2.0000        10.303791     0.000005442   -886678.4447       -36.499
2.1000         7.252678     0.000005442   -886681.4956       -26.887
2.2000         4.992352     0.000021769   -886683.7561       -19.981
2.3000         3.325905     0.000024490   -886685.4225       -15.002
2.4000         2.237601     0.000016327   -886686.5107       -11.517
2.5000         1.422440     0.000019048   -886687.3259        -8.735
2.6000         0.797479     0.000024490   -886687.9510        -6.621
2.7000         0.326183     0.000019048   -886688.4223        -4.905
2.8000        -0.020877     0.000010885   -886688.7692        -3.602
2.9000        -0.267559     0.000016327   -886689.0160        -2.547
3.0000        -0.434193     0.000021769   -886689.1826        -1.764
3.1000        -0.536432     0.000008163   -886689.2849        -1.125
3.2000        -0.588759     0.000008163   -886689.3371        -0.641
3.3000        -0.602237     0.000005442   -886689.3507        -0.308
3.4000        -0.585842     0.000024490   -886689.3341        -0.029
3.5000        -0.547978     0.000021769   -886689.2963         0.196
3.6000        -0.494224     0.000024490   -886689.2427         0.283
3.7000        -0.429614     0.000008163   -886689.1780         0.378
3.8000        -0.358663     0.000010885   -886689.1069         0.437
3.9000        -0.284800     0.000008163   -886689.0332         0.457
4.0000        -0.210042     0.000024490   -886688.9584         0.459
5.0000         0.347046     0.000013606   -886688.4013         0.216
6.0000         0.550995     0.000016327   -886688.1973         0.069
7.0000         0.618594     0.000005442   -886688.1298         0.036
8.0000         0.646018     0.000008163   -886688.1023         0.019
9.0000         0.660551     0.000010885   -886688.0879         0.013
10.0000         0.670032     0.000010885   -886688.0783         0.009
100.0000         0.721965     0.000010885   -886688.0264         0.000
1000.0000         0.725752     0.000024490   -886688.0226
