0.0020   1652295.397423     0.000024490   1615278.7160
0.0040    810226.488323     0.000021769    773209.8070
0.0060    530042.359845     0.000008163    493025.6784
0.0080    390296.680902     0.000019048    353279.9996
0.0100    306775.935998     0.000016327    269759.2546
0.0120    251370.890318     0.000005442    214354.2089
0.0140    211839.815840     0.000013606    174823.1344
0.0160    182346.650366     0.000021769    145329.9690
0.0180    159550.040066     0.000021769    122533.3587
0.0200    141404.985316     0.000019048    104388.3039
0.0400     60947.887029     0.000016327     23931.2056
0.0600     35292.641620     0.000024490     -1724.0398
0.0800     23246.810663     0.000008163    -13769.8707
0.1000     16490.500386     0.000021769    -20526.1810
0.1200     12254.190436     0.000016327    -24762.4910
0.1400      9379.319153     0.000016327    -27637.3622
0.1600      7326.832556     0.000019048    -29689.8489
0.1800      5819.572629     0.000008163    -31197.1088
0.2000      4693.523513     0.000008163    -32323.1579    -48751.120
0.2400      3184.420191     0.000008163    -33832.2612    -28785.887
0.2800      2270.937200     0.000021769    -34745.7442    -17956.121
0.3200      1683.962055     0.000024490    -35332.7193    -11996.630
0.3600      1274.752377     0.000019048    -35741.9290     -8961.884
0.4000       952.758249     0.000021769    -36063.9232     -7053.467
0.4500       661.373573     0.000008163    -36355.3078     -4747.574
0.5000       465.833921     0.000024490    -36550.8475     -3186.930
0.5500       333.925506     0.000024490    -36682.7559     -2161.594
0.6000       243.759734     0.000024490    -36772.9217     -1489.420
0.6500       181.050588     0.000013606    -36835.6308     -1045.911
0.7000       136.541599     0.000016327    -36880.1398      -750.484
0.7500       104.236842     0.000027211    -36912.4446      -551.799
0.8000        80.167241     0.000019048    -36936.5142      -416.898
0.8500        61.734475     0.000027211    -36954.9469      -323.534
0.9000        47.280266     0.000019048    -36969.4011      -256.125
0.9500        35.791786     0.000021769    -36980.8896      -204.519
1.0000        26.691881     0.000024490    -36989.9895      -163.603
1.1000        13.928621     0.000019048    -37002.7528      -104.188
1.2000         5.912487     0.000024490    -37010.7689       -63.794
1.3000         1.087841     0.000024490    -37015.5936       -37.336
1.4000        -1.669354     0.000021769    -37018.3508       -20.545
1.5000        -3.057783     0.000021769    -37019.7392       -10.250
1.6000        -3.557188     0.000021769    -37020.2386        -4.168
1.7000        -3.649573     0.000010885    -37020.3310        -0.541
1.8000        -3.503924     0.000019048    -37020.1853         1.546
1.9000        -3.227851     0.000013606    -37019.9092         2.676
2.0000        -2.886612     0.000021769    -37019.5680         3.224
2.1000        -2.520681     0.000024490    -37019.2021         3.415
2.2000        -2.152500     0.000021769    -37018.8339         3.389
2.3000        -1.796736     0.000024490    -37018.4781         3.249
2.4000        -1.460476     0.000008163    -37018.1419         3.027
2.5000        -1.072567     0.000016327    -37017.7540         2.644
2.6000        -0.717597     0.000010885    -37017.3990         2.268
2.7000        -0.416838     0.000024490    -37017.0983         1.943
2.8000        -0.160866     0.000013606    -37016.8423         1.670
2.9000         0.057593     0.000013606    -37016.6238         1.438
3.0000         0.244459     0.000010885    -37016.4369         1.239
3.1000         0.415254     0.000024490    -37016.2662         1.052
3.2000         0.570530     0.000024490    -37016.1109         0.884
3.3000         0.700092     0.000021769    -37015.9813         0.744
3.4000         0.808383     0.000021769    -37015.8730         0.629
3.5000         0.899432     0.000010885    -37015.7820         0.532
3.6000         0.976397     0.000013606    -37015.7050         0.452
3.7000         1.041513     0.000008163    -37015.6399         0.388
3.8000         1.096728     0.000016327    -37015.5847         0.337
3.9000         1.143635     0.000024490    -37015.5378         0.292
4.0000         1.183900     0.000016327    -37015.4975         0.254
5.0000         1.401273     0.000016327    -37015.2801         0.084
6.0000         1.493397     0.000010885    -37015.1880         0.058
7.0000         1.548018     0.000013606    -37015.1334         0.032
8.0000         1.585507     0.000016327    -37015.0959         0.023
9.0000         1.612994     0.000013606    -37015.0684         0.017
10.0000         1.634017     0.000013606    -37015.0474         0.014
100.0000         1.780164     0.000005442    -37014.9012         0.000
1000.0000         1.792826     0.000002721    -37014.8886
