0.0020   2598706.555099     0.000021769   2493931.5312
0.0040   1271373.149155     0.000019048   1166598.1251
0.0060    829911.118914     0.000005442    725136.0949
0.0080    610204.339579     0.000016327    505429.3157
0.0100    478836.435302     0.000016327    374061.4113
0.0120    391560.744299     0.000019048    286785.7202
0.0140    329455.826290     0.000013606    224680.8023
0.0160    283158.421461     0.000019048    178383.3975
0.0180    247309.171863     0.000010885    142534.1479
0.0200    218756.565445     0.000016327    113981.5415
0.0400     92734.817638     0.000021769    -12040.2063
0.0600     53375.825887     0.000024490    -51399.1981
0.0800     35059.868783     0.000021769    -69715.1552
0.1000     24691.305813     0.000021769    -80083.7182
0.1200     18196.553811     0.000010885    -86578.4702
0.1400     13894.764472     0.000019048    -90880.2595
0.1600     10933.083965     0.000019048    -93841.9400
0.1800      8808.563472     0.000010885    -95966.4605
0.2000      7194.992452     0.000024490    -97580.0315
0.2400      4928.882143     0.000019048    -99846.1418    -44877.245
0.2800      3468.544418     0.000013606   -101306.4796    -29359.387
0.3200      2504.189581     0.000019048   -102270.8344    -19570.642
0.3600      1855.843504     0.000024490   -102919.1805    -13288.463
0.4000      1410.957036     0.000021769   -103364.0669     -9239.011
0.4500      1033.384856     0.000019048   -103741.6391     -6143.812
0.5000       774.433682     0.000002721   -104000.5903     -4377.757
0.5500       584.074125     0.000024490   -104190.9499     -3309.640
0.6000       439.174304     0.000005442   -104335.8497     -2531.322
0.6500       329.449620     0.000005442   -104445.5744     -1901.669
0.7000       247.404755     0.000024490   -104527.6192     -1408.595
0.7500       186.608088     0.000019048   -104588.4159     -1042.521
0.8000       141.487588     0.000010885   -104633.5364      -775.017
0.8500       107.831418     0.000008163   -104667.1926      -580.061
0.9000        82.539971     0.000021769   -104692.4840      -438.011
0.9500        63.344073     0.000013606   -104711.6799      -334.623
1.0000        48.581294     0.000027211   -104726.4427      -259.310
1.1000        27.938650     0.000024490   -104747.0853      -162.253
1.2000        14.792300     0.000021769   -104760.2317      -104.421
1.3000         6.431449     0.000010885   -104768.5925       -66.737
1.4000         1.530783     0.000019048   -104773.4932       -42.490
1.5000        -1.520869     0.000024490   -104776.5449       -25.789
1.6000        -3.301730     0.000027211   -104778.3257       -14.499
1.7000        -4.230371     0.000016327   -104779.2544        -7.092
1.8000        -4.604266     0.000021769   -104779.6283        -2.358
1.9000        -4.630901     0.000027211   -104779.6549         0.565
2.0000        -4.428061     0.000010885   -104779.4520         2.269
2.1000        -4.065638     0.000024490   -104779.0896         3.127
2.2000        -3.666834     0.000010885   -104778.6908         3.528
2.3000        -3.260853     0.000024490   -104778.2848         3.660
2.4000        -2.863537     0.000016327   -104777.8875         3.610
2.5000        -2.484131     0.000027211   -104777.5081         3.464
2.6000        -2.128805     0.000021769   -104777.1528         3.286
2.7000        -1.795182     0.000013606   -104776.8192         3.045
2.8000        -1.363438     0.000019048   -104776.3874         2.604
2.9000        -0.999608     0.000021769   -104776.0236         2.245
3.0000        -0.690761     0.000019048   -104775.7147         1.933
3.1000        -0.426264     0.000002721   -104775.4502         1.663
3.2000        -0.198956     0.000010885   -104775.2229         1.441
3.3000        -0.003777     0.000024490   -104775.0278         1.256
3.4000         0.181685     0.000024490   -104774.8423         1.069
3.5000         0.340104     0.000010885   -104774.6839         0.907
3.6000         0.475584     0.000013606   -104774.5484         0.774
3.7000         0.591032     0.000016327   -104774.4329         0.669
3.8000         0.689504     0.000010885   -104774.3345         0.581
3.9000         0.773462     0.000008163   -104774.2505         0.504
4.0000         0.845684     0.000010885   -104774.1783         0.438
5.0000         1.223008     0.000019048   -104773.8010         0.129
6.0000         1.364700     0.000010885   -104773.6593         0.086
7.0000         1.441594     0.000008163   -104773.5824         0.043
8.0000         1.492463     0.000016327   -104773.5315         0.030
9.0000         1.529131     0.000010885   -104773.4949         0.022
10.0000         1.557020     0.000010885   -104773.4670         0.017
100.0000         1.747127     0.000008163   -104773.2769         0.000
1000.0000         1.763429     0.000013606   -104773.2606
