0.0020  14614140.625777     0.000019048  14179974.5040
0.0040   7119599.737232     0.000021769   6685433.6140
0.0060   4632449.808485     0.000016327   4198283.6871
0.0080   3393532.448849     0.000021769   2959366.3269
0.0100   2653759.241501     0.000024490   2219593.1195
0.0120   2162086.598038     0.000019048   1727920.4761
0.0140   1812224.829945     0.000016327   1378058.7082
0.0160   1551194.090385     0.000021769   1117027.9685
0.0180   1349292.989457     0.000013606    915126.8675
0.0200   1188757.487215     0.000016327    754591.3655
0.0400    490049.110011     0.000019048     55882.9881
0.0600    274436.270455     0.000013606   -159729.8514
0.0800    175662.129784     0.000021769   -258503.9921
0.1000    121105.313343     0.000013606   -313060.8085
0.1200     88030.969544     0.000010885   -346135.1523
0.1400     66408.857092     0.000021769   -367757.2647
0.1600     51181.368566     0.000027211   -382984.7532
0.1800     40001.341443     0.000019048   -394164.7803
0.2000     31675.866069     0.000021769   -402490.2558
0.2400     20712.392797     0.000013606   -413453.7291
0.2800     14279.283103     0.000024490   -419886.8387
0.3200     10222.654847     0.000013606   -423943.4670
0.3600      7361.117385     0.000024490   -426805.0044
0.4000      5401.263942     0.000027211   -428764.8578    -40219.467
0.4500      3780.260856     0.000013606   -430385.8611    -25897.818
0.5000      2714.228428     0.000013606   -431451.8934    -17417.837
0.5500      1984.804218     0.000016327   -432181.3177    -12192.445
0.6000      1462.208261     0.000013606   -432703.9137     -9014.554
0.6500      1072.029534     0.000019048   -433094.0924     -6665.227
0.7000       788.073629     0.000024490   -433378.0482     -4769.711
0.7500       585.512065     0.000016327   -433580.6099     -3398.868
0.8000       440.628043     0.000021769   -433725.4940     -2443.402
0.8500       335.774869     0.000008163   -433830.3471     -1783.064
0.9000       258.659982     0.000010885   -433907.4620     -1325.115
0.9500       200.841153     0.000016327   -433965.2808     -1003.250
1.0000       156.724501     0.000013606   -434009.3973      -771.717
1.1000        96.015843     0.000021769   -434070.1062      -469.940
1.2000        58.805076     0.000021769   -434107.3169      -289.634
1.3000        35.895630     0.000024490   -434130.2262      -178.255
1.4000        21.795727     0.000013606   -434144.3261      -110.000
1.5000        13.070053     0.000021769   -434153.0519       -68.646
1.6000         7.591106     0.000010885   -434158.5307       -43.572
1.7000         4.084014     0.000016327   -434162.0380       -28.087
1.8000         1.806488     0.000016327   -434164.3153       -18.308
1.9000         0.320090     0.000016327   -434165.8018       -11.823
2.0000        -0.603505     0.000021769   -434166.7254        -7.584
2.1000        -1.186118     0.000019048   -434167.3080        -4.705
2.2000        -1.534339     0.000013606   -434167.6563        -2.644
2.3000        -1.718868     0.000027211   -434167.8408        -1.300
2.4000        -1.788080     0.000016327   -434167.9099        -0.316
2.5000        -1.777457     0.000019048   -434167.8993         0.350
2.6000        -1.710908     0.000024490   -434167.8329         0.824
2.7000        -1.607592     0.000013606   -434167.7295         1.119
2.8000        -1.398690     0.000019048   -434167.5205         1.254
2.9000        -1.181181     0.000021769   -434167.3031         1.323
3.0000        -0.970143     0.000008163   -434167.0919         1.319
3.1000        -0.767193     0.000016327   -434166.8889         1.294
3.2000        -0.567496     0.000013606   -434166.6895         1.247
3.3000        -0.376813     0.000024490   -434166.4987         1.177
3.4000        -0.198284     0.000019048   -434166.3202         1.087
3.5000        -0.032474     0.000019048   -434166.1542         1.005
3.6000         0.120258     0.000010885   -434166.0016         0.926
3.7000         0.264168     0.000013606   -434165.8576         0.835
3.8000         0.395284     0.000019048   -434165.7265         0.740
3.9000         0.513114     0.000013606   -434165.6086         0.663
4.0000         0.618028     0.000010885   -434165.5039         0.581
5.0000         1.162125     0.000013606   -434164.9596         0.145
6.0000         1.282508     0.000005442   -434164.8394         0.039
7.0000         1.308457     0.000016327   -434164.8135         0.009
8.0000         1.315962     0.000019048   -434164.8059         0.003
9.0000         1.319334     0.000016327   -434164.8026         0.002
10.0000         1.321394     0.000005442   -434164.8005         0.001
100.0000         1.333269     0.000002721   -434164.7885
1000.0000         1.334199     0.000002721   -434164.7877
