0.0020   9514680.299856     0.000010885   9351850.4980
0.0040   4655002.260609     0.000019048   4492172.4593
0.0060   3036855.896016     0.000021769   2874026.0964
0.0080   2229347.869395     0.000021769   2066518.0688
0.0100   1746192.631424     0.000019048   1583362.8307
0.0120   1425283.961432     0.000024490   1262454.1609
0.0140   1196989.755296     0.000024490   1034159.9546
0.0160   1026208.781623     0.000008163    863378.9810
0.0180    893854.612274     0.000019048    731024.8116
0.0200    788472.351669     0.000013606    625642.5509
0.0400    327406.470903     0.000013606    164576.6702
0.0600    185048.136875     0.000016327     22218.3362
0.0800    118995.379453     0.000019048    -43834.4212
0.1000     82662.321280     0.000016327    -80167.4794
0.1200     60246.634461     0.000013606   -102583.1662
0.1400     45238.232405     0.000013606   -117591.5683
0.1600     34819.750986     0.000021769   -128010.0497
0.1800     27438.214172     0.000027211   -135391.5865
0.2000     22094.848029     0.000016327   -140734.9526
0.2400     15001.106379     0.000019048   -147828.6943
0.2800     10410.956975     0.000013606   -152418.8437
0.3200      7481.356248     0.000005442   -155348.4444
0.3600      5466.447018     0.000016327   -157363.3537    -41633.515
0.4000      4081.911964     0.000010885   -158747.8887    -28437.157
0.4500      2939.456320     0.000016327   -159890.3443    -18170.945
0.5000      2174.480040     0.000021769   -160655.3206    -13535.546
0.5500      1575.954427     0.000019048   -161253.8462    -10101.058
0.6000      1154.662688     0.000008163   -161675.1380     -6932.925
0.6500       864.475721     0.000016327   -161965.3249     -4810.092
0.7000       661.040154     0.000027211   -162168.7605     -3414.062
0.7500       514.785418     0.000016327   -162315.0152     -2491.014
0.8000       406.597495     0.000016327   -162423.2032     -1871.260
0.8500       324.309771     0.000024490   -162505.4909     -1443.718
0.9000       260.453708     0.000021769   -162569.3469     -1137.823
0.9500       209.824911     0.000010885   -162619.9758      -908.832
1.0000       169.266277     0.000021769   -162660.5344      -731.183
1.1000       110.265981     0.000010885   -162719.5347      -477.088
1.2000        71.904479     0.000016327   -162757.8962      -314.968
1.3000        46.452103     0.000016327   -162783.3486      -208.921
1.4000        29.341956     0.000013606   -162800.4587      -139.444
1.5000        17.712072     0.000016327   -162812.0886       -94.033
1.6000         9.759694     0.000024490   -162820.0410       -63.445
1.7000         4.390806     0.000021769   -162825.4098       -42.217
1.8000         0.866463     0.000016327   -162828.9342       -27.286
1.9000        -1.350763     0.000024490   -162831.1514       -16.782
2.0000        -2.655288     0.000013606   -162832.4559        -9.511
2.1000        -3.328068     0.000027211   -162833.1287        -4.431
2.2000        -3.460413     0.000013606   -162833.2611        -1.282
2.3000        -3.290149     0.000021769   -162833.0908         0.730
2.4000        -2.742286     0.000013606   -162832.5429         1.764
2.5000        -2.123343     0.000024490   -162831.9240         2.288
2.6000        -1.545409     0.000016327   -162831.3461         2.547
2.7000        -0.986353     0.000016327   -162830.7870         2.629
2.8000        -0.475070     0.000024490   -162830.2757         2.587
2.9000        -0.011883     0.000024490   -162829.8125         2.515
3.0000         0.454185     0.000021769   -162829.3465         2.354
3.1000         0.890697     0.000024490   -162828.9100         2.149
3.2000         1.278778     0.000008163   -162828.5219         1.956
3.3000         1.622825     0.000027211   -162828.1778         1.764
3.4000         1.928080     0.000024490   -162827.8726         1.574
3.5000         2.198324     0.000027211   -162827.6023         1.399
3.6000         2.436391     0.000024490   -162827.3643         1.239
3.7000         2.645473     0.000021769   -162827.1552         1.091
3.8000         2.828840     0.000024490   -162826.9718         0.949
3.9000         2.989052     0.000019048   -162826.8116         0.825
4.0000         3.128298     0.000013606   -162826.6723         0.720
5.0000         3.791486     0.000008163   -162826.0092         0.160
6.0000         3.924071     0.000016327   -162825.8766         0.042
7.0000         3.953506     0.000013606   -162825.8472         0.012
8.0000         3.963372     0.000019048   -162825.8373         0.005
9.0000         3.968496     0.000019048   -162825.8322         0.003
10.0000         3.971925     0.000019048   -162825.8287         0.002
100.0000         3.992364     0.000024490   -162825.8083
1000.0000         3.993950     0.000024490   -162825.8067
