0.0020         0.000000     0.000021769  37446511.3044
0.0040  18649749.965825     0.000013606  17786375.0785
0.0060  12111994.403679     0.000016327  11248619.5174
0.0080   8851884.040656     0.000027211   7988509.1548
0.0100   6901632.413757     0.000016327   6038257.5271
0.0120   5607082.536668     0.000021769   4743707.6487
0.0140   4688419.850714     0.000021769   3825044.9631
0.0160   4003881.203356     0.000027211   3140506.3179
0.0180   3475337.329857     0.000008163   2611962.4432
0.0200   3055751.602778     0.000021769   2192376.7161
0.0400   1232089.026042     0.000024490    368714.1393
0.0600    679576.011340     0.000019048   -183798.8753
0.0800    430644.392258     0.000019048   -432730.4943
0.1000    294997.297086     0.000019048   -568377.5896
0.1200    212664.180990     0.000008163   -650710.7056
0.1400    159606.662935     0.000024490   -703768.2237
0.1600    122618.905364     0.000016327   -740755.9812
0.1800     95473.299377     0.000002721   -767901.5872
0.2000     75431.816506     0.000021769   -787943.0701
0.2400     49067.250926     0.000005442   -814307.6358
0.2800     33355.202257     0.000021769   -830019.6844
0.3200     23026.510968     0.000019048   -840348.3757
0.3600     16463.815308     0.000021769   -846911.0714
0.4000     12044.285169     0.000021769   -851330.6016
0.4500      8338.951442     0.000027211   -855035.9352
0.5000      5901.777078     0.000016327   -857473.1097    -40419.046
0.5500      4205.479218     0.000019048   -859169.4074    -27613.957
0.6000      3072.316385     0.000010885   -860302.5703    -18422.885
0.6500      2303.868630     0.000021769   -861071.0179    -12781.124
0.7000      1757.247931     0.000013606   -861617.6388     -9326.144
0.7500      1352.883606     0.000016327   -862022.0031     -6971.579
0.8000      1049.661317     0.000024490   -862325.2254     -5245.965
0.8500       821.189016     0.000019048   -862553.6977     -3961.844
0.9000       648.273612     0.000010885   -862726.6131     -3007.332
0.9500       516.556091     0.000016327   -862858.3307     -2300.104
1.0000       415.568679     0.000013606   -862959.3179     -1780.250
1.1000       274.488631     0.000019048   -863100.3981     -1104.849
1.2000       185.544202     0.000021769   -863189.3424      -706.275
1.3000       127.976896     0.000019048   -863246.9097      -468.452
1.4000        89.581328     0.000016327   -863285.3052      -320.450
1.5000        63.215023     0.000019048   -863311.6717      -221.606
1.6000        44.919179     0.000010885   -863329.9676      -152.971
1.7000        32.276977     0.000016327   -863342.6097      -105.966
1.8000        23.496929     0.000016327   -863351.3898       -74.039
1.9000        17.336391     0.000027211   -863357.5501       -52.438
2.0000        12.951054     0.000010885   -863361.9355       -37.785
2.1000         9.855383     0.000021769   -863365.0314       -27.825
2.2000         7.576232     0.000010885   -863367.3103       -20.762
2.3000         5.864897     0.000013606   -863369.0216       -15.612
2.4000         4.696682     0.000024490   -863370.1898       -11.961
2.5000         3.844119     0.000013606   -863371.0426        -9.139
2.6000         3.187826     0.000016327   -863371.6987        -6.947
2.7000         2.689939     0.000008163   -863372.1967        -5.190
2.8000         2.320411     0.000019048   -863372.5662        -3.829
2.9000         2.054645     0.000016327   -863372.8321        -2.736
3.0000         1.871975     0.000005442   -863373.0146        -1.920
3.1000         1.756128     0.000008163   -863373.1306        -1.253
3.2000         1.692494     0.000024490   -863373.1942        -0.751
3.3000         1.669705     0.000002721   -863373.2168        -0.390
3.4000         1.678500     0.000002721   -863373.2081        -0.089
3.5000         1.710195     0.000019048   -863373.1766         0.119
3.6000         1.759053     0.000019048   -863373.1276         0.246
3.7000         1.819879     0.000002721   -863373.0669         0.351
3.8000         1.888158     0.000013606   -863372.9986         0.419
3.9000         1.960178     0.000024490   -863372.9265         0.445
4.0000         2.033967     0.000019048   -863372.8527         0.454
5.0000         2.599464     0.000019048   -863372.2873         0.225
6.0000         2.813601     0.000021769   -863372.0731         0.072
7.0000         2.886141     0.000005442   -863372.0005         0.038
8.0000         2.915960     0.000024490   -863371.9708         0.020
9.0000         2.931865     0.000010885   -863371.9548         0.014
10.0000         2.942270     0.000019048   -863371.9444         0.009
100.0000         2.999194     0.000005442   -863371.8876         0.000
1000.0000         3.003335     0.000010885   -863371.8832
