0.0020   3883385.778776     0.000008163   3829073.2593
0.0040   1907140.408435     0.000024490   1852827.8900
0.0060   1248334.313706     0.000013606   1194021.7953
0.0080    919442.159217     0.000019048    865129.6406
0.0100    722465.661434     0.000016327    668153.1429
0.0120    591345.921002     0.000013606    537033.4024
0.0140    497887.214596     0.000005442    443574.6960
0.0160    428130.564507     0.000005442    373818.0459
0.0180    374064.364439     0.000010885    319751.8459
0.0200    330903.524164     0.000024490    276591.0055
0.0400    139924.323914     0.000021769     85611.8054
0.0600     80055.156362     0.000024490     25742.6378
0.0800     52243.689275     0.000024490     -2068.8292
0.1000     36597.143576     0.000021769    -17715.3749
0.1200     26829.810580     0.000019048    -27482.7079
0.1400     20387.635932     0.000016327    -33924.8826
0.1600     15977.930329     0.000024490    -38334.5882
0.1800     12792.834498     0.000024490    -41519.6840
0.2000     10397.173241     0.000016327    -43915.3453
0.2400      7039.131500     0.000024490    -47273.3870
0.2800      4878.317891     0.000010885    -49434.2006    -43143.263
0.3200      3474.175914     0.000016327    -50838.3426    -28247.461
0.3600      2547.433814     0.000010885    -51765.0847    -18840.432
0.4000      1923.169592     0.000019048    -52389.3489    -12857.535
0.4500      1403.778539     0.000021769    -52908.7400     -8392.445
0.5000      1043.490407     0.000005442    -53269.0281     -6495.462
0.5500       749.186772     0.000019048    -53563.3317     -5044.049
0.6000       536.378200     0.000002721    -53776.1403     -3544.820
0.6500       387.431361     0.000024490    -53925.0872     -2482.993
0.7000       282.599433     0.000016327    -54029.9191     -1754.926
0.7500       208.119676     0.000024490    -54104.3988     -1253.441
0.8000       154.575475     0.000024490    -54157.9430      -907.648
0.8500       115.484367     0.000010885    -54197.0341      -668.790
0.9000        86.424384     0.000021769    -54226.0941      -502.281
0.9500        64.416452     0.000021769    -54248.1020      -383.995
1.0000        47.480691     0.000016327    -54265.0378      -297.436
1.1000        24.084322     0.000021769    -54288.4342      -180.025
1.2000        10.099877     0.000027211    -54302.4186      -105.227
1.3000         2.175848     0.000010885    -54310.3427       -57.163
1.4000        -1.741742     0.000019048    -54314.2602       -28.629
1.5000        -3.435012     0.000002721    -54315.9535       -12.431
1.6000        -4.004486     0.000016327    -54316.5230        -3.745
1.7000        -4.009689     0.000021769    -54316.5282         0.708
1.8000        -3.555068     0.000027211    -54316.0736         2.732
1.9000        -2.924956     0.000019048    -54315.4435         3.676
2.0000        -2.070197     0.000021769    -54314.5887         3.516
2.1000        -1.169551     0.000024490    -54313.6881         3.114
2.2000        -0.156901     0.000016327    -54312.6754         2.511
2.3000         0.696946     0.000027211    -54311.8216         2.061
2.4000         1.409382     0.000008163    -54311.1091         1.690
2.5000         1.955438     0.000002721    -54310.5631         1.488
2.6000         2.382129     0.000008163    -54310.1364         1.387
2.7000         2.725776     0.000005442    -54309.7927         1.302
2.8000         3.010378     0.000010885    -54309.5081         1.273
2.9000         3.251297     0.000024490    -54309.2672         1.232
3.0000         3.460579     0.000010885    -54309.0579         1.191
3.1000         3.676670     0.000024490    -54308.8418         1.146
3.2000         3.888440     0.000021769    -54308.6301         1.083
3.3000         4.081103     0.000027211    -54308.4374         1.008
3.4000         4.256676     0.000024490    -54308.2618         0.940
3.5000         4.415961     0.000008163    -54308.1026         0.869
3.6000         4.559898     0.000013606    -54307.9586         0.796
3.7000         4.690047     0.000019048    -54307.8285         0.722
3.8000         4.807641     0.000024490    -54307.7109         0.656
3.9000         4.913099     0.000013606    -54307.6054         0.590
4.0000         5.007079     0.000005442    -54307.5114         0.529
5.0000         5.504789     0.000005442    -54307.0137         0.142
6.0000         5.619213     0.000021769    -54306.8993         0.031
7.0000         5.642207     0.000013606    -54306.8763         0.007
8.0000         5.647206     0.000013606    -54306.8713         0.002
9.0000         5.648659     0.000019048    -54306.8698         0.000
10.0000         5.649298     0.000010885    -54306.8692         0.000
100.0000         5.652250     0.000024490    -54306.8663
1000.0000         5.652455     0.000013606    -54306.8661
