0.0020         0.000000     0.000024490  32126676.0121
0.0040  15976751.081986     0.000010885  15283235.6864
0.0060  10379547.620251     0.000008163   9686032.2237
0.0080   7589075.120476     0.000016327   6895559.7228
0.0100   5920461.028017     0.000008163   5226945.6328
0.0120   4811590.100734     0.000016327   4118074.7042
0.0140   4026238.236187     0.000013606   3332722.8409
0.0160   3439916.578455     0.000027211   2746401.1825
0.0180   2986572.242569     0.000027211   2293056.8461
0.0200   2627325.070210     0.000016327   1933809.6739
0.0400   1067457.024696     0.000005442    373941.6284
0.0600    597391.881397     0.000024490    -96123.5150
0.0800    379877.600669     0.000024490   -313637.7957
0.1000    260642.738112     0.000024490   -432872.6583
0.1200    187607.345319     0.000016327   -505908.0512
0.1400    140296.333768     0.000013606   -553219.0627
0.1600    108409.160246     0.000021769   -585106.2361
0.1800     85217.176695     0.000021769   -608298.2197
0.2000     67592.453935     0.000021769   -625922.9423
0.2400     44134.603298     0.000013606   -649380.7932
0.2800     30110.329359     0.000024490   -663405.0670
0.3200     21058.656075     0.000013606   -672456.7403
0.3600     14894.058987     0.000021769   -678621.3373
0.4000     10788.850132     0.000024490   -682726.5462
0.4500      7444.957242     0.000016327   -686070.4393
0.5000      5268.555999     0.000019048   -688246.8405    -35852.866
0.5500      3762.979195     0.000021769   -689752.4173    -25045.818
0.6000      2707.792797     0.000019048   -690807.6037    -17586.777
0.6500      1969.603548     0.000021769   -691545.7928    -12243.775
0.7000      1455.614602     0.000008163   -692059.7818     -8548.574
0.7500      1095.113347     0.000019048   -692420.2830     -6051.308
0.8000       837.746936     0.000016327   -692677.6495     -4400.696
0.8500       646.852116     0.000019048   -692868.5442     -3296.659
0.9000       502.156821     0.000013606   -693013.2395     -2503.931
0.9500       392.446051     0.000019048   -693122.9504     -1912.211
1.0000       308.323852     0.000016327   -693207.0725     -1467.253
1.1000       193.833166     0.000019048   -693321.5634      -878.114
1.2000       124.578106     0.000024490   -693390.8183      -538.484
1.3000        81.527171     0.000010885   -693433.8691      -339.734
1.4000        54.181359     0.000021769   -693461.2150      -220.268
1.5000        36.385035     0.000027211   -693479.0115      -145.690
1.6000        24.640673     0.000016327   -693490.7557       -97.159
1.7000        16.870570     0.000010885   -693498.5259       -64.749
1.8000        12.005965     0.000021769   -693503.3904       -43.416
1.9000         8.841818     0.000024490   -693506.5546       -29.037
2.0000         6.976066     0.000016327   -693508.4205       -19.750
2.1000         5.925959     0.000027211   -693509.4706       -13.800
2.2000         5.189137     0.000013606   -693510.2072        -9.793
2.3000         4.659421     0.000024490   -693510.7370        -7.112
2.4000         4.263805     0.000005442   -693511.1326        -5.428
2.5000         3.955225     0.000027211   -693511.4412        -4.288
2.6000         3.703204     0.000013606   -693511.6932        -3.559
2.7000         3.534211     0.000013606   -693511.8622        -3.070
2.8000         3.362714     0.000008163   -693512.0336        -2.712
2.9000         3.194419     0.000016327   -693512.2020        -2.300
3.0000         3.035548     0.000016327   -693512.3610        -1.962
3.1000         2.891072     0.000016327   -693512.5054        -1.614
3.2000         2.763211     0.000021769   -693512.6331        -1.318
3.3000         2.653751     0.000002721   -693512.7427        -1.059
3.4000         2.562089     0.000013606   -693512.8344        -0.822
3.5000         2.486792     0.000027211   -693512.9095        -0.621
3.6000         2.426903     0.000005442   -693512.9694        -0.468
3.7000         2.380513     0.000013606   -693513.0159        -0.319
3.8000         2.345206     0.000024490   -693513.0513        -0.204
3.9000         2.319644     0.000019048   -693513.0769        -0.107
4.0000         2.302650     0.000005442   -693513.0938        -0.040
5.0000         2.517242     0.000027211   -693512.8791         0.122
6.0000         2.704753     0.000019048   -693512.6916         0.051
7.0000         2.768169     0.000008163   -693512.6282         0.019
8.0000         2.787525     0.000005442   -693512.6089         0.006
9.0000         2.793612     0.000021769   -693512.6029         0.001
10.0000         2.795865     0.000016327   -693512.6004         0.000
100.0000         2.802341     0.000021769   -693512.5942
1000.0000         2.802798     0.000005442   -693512.5936
