0.0020         0.000000     0.000024490  26989931.5420
0.0040  13435250.145785     0.000016327  12835925.0691
0.0060   8726340.730425     0.000016327   8127015.6529
0.0080   6379460.340332     0.000016327   5780135.2614
0.0100   4976592.826857     0.000010885   4377267.7491
0.0120   4044797.047493     0.000019048   3445471.9704
0.0140   3382725.254884     0.000010885   2783400.1775
0.0160   2889819.378976     0.000010885   2290494.3014
0.0180   2509093.399302     0.000016327   1909768.3218
0.0200   2207031.587790     0.000021769   1607706.5102
0.0400    895964.429599     0.000019048    296639.3520
0.0600    497644.492487     0.000024490   -101680.5851
0.0800    315485.902647     0.000016327   -283839.1750
0.1000    216391.806701     0.000008163   -382933.2709
0.1200    156136.474035     0.000021769   -443188.6036
0.1400    116233.249822     0.000016327   -483091.8276
0.1600     89075.317132     0.000021769   -510249.7606
0.1800     70050.705509     0.000016327   -529274.3722
0.2000     56065.037240     0.000010885   -543260.0403
0.2400     36735.026354     0.000024490   -562590.0511
0.2800     24860.646831     0.000016327   -574464.4308
0.3200     17555.684531     0.000016327   -581769.3930
0.3600     12861.814239     0.000019048   -586463.2633
0.4000      9434.915390     0.000021769   -589890.1622
0.4500      6612.896454     0.000016327   -592712.1810    -44293.411
0.5000      4812.115349     0.000024490   -594512.9621    -29164.490
0.5500      3589.292288     0.000008163   -595735.7854    -20505.297
0.6000      2708.111910     0.000019048   -596616.9657    -15091.796
0.6500      2054.572974     0.000010885   -597270.5046    -11227.407
0.7000      1569.274549     0.000010885   -597755.8029     -8318.865
0.7500      1209.893791     0.000010885   -598115.1838     -6166.296
0.8000       942.699382     0.000013606   -598382.3782     -4604.862
0.8500       742.263361     0.000008163   -598582.8141     -3480.462
0.9000       589.855562     0.000005442   -598735.2219     -2667.655
0.9500       472.223331     0.000019048   -598852.8543     -2073.332
1.0000       380.213282     0.000024490   -598944.8642     -1630.817
1.1000       249.641902     0.000019048   -599075.4356     -1030.378
1.2000       166.845564     0.000021769   -599158.2320      -660.407
1.3000       113.691027     0.000024490   -599211.3865      -437.276
1.4000        77.292762     0.000010885   -599247.7847      -298.440
1.5000        52.605917     0.000021769   -599272.4717      -202.958
1.6000        35.927195     0.000016327   -599289.1504      -138.443
1.7000        24.525223     0.000013606   -599300.5522       -95.067
1.8000        16.695821     0.000016327   -599308.3818       -65.469
1.9000        11.314145     0.000010885   -599313.7634       -45.046
2.0000         7.625950     0.000008163   -599317.4516       -30.801
2.1000         5.117160     0.000016327   -599319.9605       -20.831
2.2000         3.503124     0.000021769   -599321.5744       -13.978
2.3000         2.480917     0.000021769   -599322.5967        -9.216
2.4000         1.834935     0.000019048   -599323.2427        -5.941
2.5000         1.446011     0.000024490   -599323.6316        -3.728
2.6000         1.227441     0.000010885   -599323.8501        -2.229
2.7000         1.117763     0.000024490   -599323.9598        -1.302
2.8000         1.073792     0.000027211   -599324.0038        -0.670
2.9000         1.066632     0.000013606   -599324.0109        -0.303
3.0000         1.077239     0.000013606   -599324.0003        -0.096
3.1000         1.095297     0.000013606   -599323.9823         0.026
3.2000         1.114508     0.000013606   -599323.9630         0.085
3.3000         1.132522     0.000024490   -599323.9451         0.114
3.4000         1.148721     0.000024490   -599323.9287         0.133
3.5000         1.162844     0.000021769   -599323.9149         0.135
3.6000         1.175350     0.000019048   -599323.9023         0.127
3.7000         1.186722     0.000016327   -599323.8909         0.126
3.8000         1.197193     0.000013606   -599323.8803         0.121
3.9000         1.206918     0.000027211   -599323.8708         0.114
4.0000         1.216088     0.000016327   -599323.8615         0.107
5.0000         1.282596     0.000008163   -599323.7949         0.043
6.0000         1.308577     0.000005442   -599323.7690         0.011
7.0000         1.315304     0.000010885   -599323.7622         0.001
8.0000         1.316691     0.000010885   -599323.7608        -0.001
9.0000         1.316947     0.000010885   -599323.7606        -0.001
10.0000         1.316993     0.000010885   -599323.7606        -0.001
100.0000         1.316999     0.000010885   -599323.7606
1000.0000         1.316999     0.000010885   -599323.7606
