0.0020   1312942.280188     0.000027211   1259626.3953
0.0040    643621.389521     0.000010885    590305.5047
0.0060    420817.672568     0.000019048    367501.7878
0.0080    309767.895403     0.000024490    256452.0107
0.0100    243410.426232     0.000010885    190094.5415
0.0120    199348.698008     0.000019048    146032.8133
0.0140    167968.077915     0.000016327    114652.1932
0.0160    144528.131250     0.000016327     91212.2465
0.0180    126362.988598     0.000024490     73047.1038
0.0200    111914.452759     0.000008163     58598.5680
0.0400     48131.529963     0.000021769     -5184.3548
0.0600     27846.007807     0.000005442    -25469.8769
0.0800     18345.049847     0.000013606    -34970.8349
0.1000     13022.618922     0.000021769    -40293.2658
0.1200      9673.378870     0.000016327    -43642.5059
0.1400      7394.469316     0.000005442    -45921.4154
0.1600      5771.342832     0.000016327    -47544.5419
0.1800      4582.860526     0.000021769    -48733.0242    -51002.634
0.2000      3696.007527     0.000010885    -49619.8772    -38383.952
0.2400      2507.839494     0.000019048    -50808.0453    -22651.727
0.2800      1790.144269     0.000016327    -51525.7405    -14079.200
0.3200      1331.031642     0.000019048    -51984.8531     -9345.348
0.3600      1014.182963     0.000024490    -52301.7018     -6769.923
0.4000       775.182899     0.000024490    -52540.7019     -5252.480
0.4500       551.522599     0.000024490    -52764.3622     -3759.827
0.5000       394.509870     0.000024490    -52921.3749     -2586.663
0.5500       286.612581     0.000024490    -53029.2722     -1781.435
0.6000       211.900186     0.000016327    -53103.9846     -1241.765
0.6500       159.383527     0.000008163    -53156.5012      -880.922
0.7000       121.757449     0.000021769    -53194.1273      -637.954
0.7500        94.220550     0.000019048    -53221.6642      -472.304
0.8000        73.626987     0.000019048    -53242.2578      -357.421
0.8500        57.899004     0.000019048    -53257.9857      -276.156
0.9000        45.655528     0.000008163    -53270.2292      -217.255
0.9500        35.960276     0.000021769    -53279.9245      -173.444
1.0000        28.180922     0.000019048    -53287.7038      -139.916
1.1000        16.731033     0.000010885    -53299.1537       -92.445
1.2000         9.077028     0.000021769    -53306.8077       -61.174
1.3000         4.077032     0.000021769    -53311.8077       -39.378
1.4000         1.249659     0.000021769    -53314.6351       -25.419
1.5000        -0.530731     0.000021769    -53316.4155       -15.784
1.6000        -1.602555     0.000016327    -53317.4873        -9.328
1.7000        -2.198357     0.000013606    -53318.0831        -4.982
1.8000        -2.481668     0.000016327    -53318.3664        -2.223
1.9000        -2.567050     0.000024490    -53318.4518        -0.423
2.0000        -2.530007     0.000021769    -53318.4147         0.657
2.1000        -2.419365     0.000013606    -53318.3041         1.318
2.2000        -2.267841     0.000016327    -53318.1526         1.680
2.3000        -2.093060     0.000016327    -53317.9778         1.865
2.4000        -1.907848     0.000010885    -53317.7926         1.944
2.5000        -1.720190     0.000019048    -53317.6049         1.946
2.6000        -1.533057     0.000019048    -53317.4178         1.903
2.7000        -1.350186     0.000021769    -53317.2349         1.839
2.8000        -1.174044     0.000013606    -53317.0588         1.758
2.9000        -0.970960     0.000008163    -53316.8557         1.627
3.0000        -0.716838     0.000016327    -53316.6016         1.427
3.1000        -0.497647     0.000019048    -53316.3824         1.260
3.2000        -0.308150     0.000021769    -53316.1929         1.111
3.3000        -0.143665     0.000027211    -53316.0284         0.983
3.4000        -0.000259     0.000021769    -53315.8850         0.863
3.5000         0.125542     0.000016327    -53315.7592         0.765
3.6000         0.235825     0.000010885    -53315.6489         0.680
3.7000         0.332570     0.000024490    -53315.5522         0.604
3.8000         0.417545     0.000008163    -53315.4672         0.536
3.9000         0.493871     0.000010885    -53315.3909         0.474
4.0000         0.581717     0.000027211    -53315.3030         0.395
5.0000         0.963286     0.000019048    -53314.9215         0.077
6.0000         1.043799     0.000024490    -53314.8410         0.032
7.0000         1.069805     0.000005442    -53314.8149         0.011
8.0000         1.083019     0.000002721    -53314.8017         0.007
9.0000         1.091678     0.000027211    -53314.7931         0.005
10.0000         1.098067     0.000024490    -53314.7867         0.004
100.0000         1.139322     0.000008163    -53314.7454         0.000
1000.0000         1.142696     0.000005442    -53314.7421
