0.0020         0.000000     0.000013606  38016467.6537
0.0040  18910844.752434     0.000010885  18065553.0571
0.0060  12278196.292886     0.000021769  11432904.5961
0.0080   8971112.233264     0.000024490   8125820.5366
0.0100   6992449.886073     0.000008163   6147158.1896
0.0120   5680208.202688     0.000008163   4834916.5065
0.0140   4749068.233905     0.000019048   3903776.5360
0.0160   4053915.887661     0.000016327   3208624.1919
0.0180   3517606.565831     0.000024490   2672314.8692
0.0200   3092302.052129     0.000019048   2247010.3556
0.0400   1247188.796028     0.000010885    401897.0996
0.0600    690545.311301     0.000008163   -154746.3852
0.0800    437875.113837     0.000024490   -407416.5827
0.1000    300174.897111     0.000024490   -545116.7993
0.1200    217865.978824     0.000027211   -627425.7178
0.1400    164595.487073     0.000021769   -680696.2095
0.1600    126883.617370     0.000019048   -718408.0791
0.1800     98981.562446     0.000013606   -746310.1341
0.2000     78220.339013     0.000013606   -767071.3574
0.2400     50873.782847     0.000005442   -794417.9138
0.2800     34465.011217     0.000019048   -810826.6854
0.3200     23885.433137     0.000002721   -821406.2634
0.3600     17113.942114     0.000021769   -828177.7545
0.4000     12428.537428     0.000019048   -832863.1591
0.4500      8529.120650     0.000024490   -836762.5758
0.5000      5972.160420     0.000002721   -839319.5363    -43943.842
0.5500      4160.948174     0.000021769   -841130.7483    -29058.984
0.6000      2970.664512     0.000013606   -842321.0322    -19298.954
0.6500      2170.170016     0.000024490   -843121.5267    -13188.704
0.7000      1614.587270     0.000021769   -843677.1093     -9311.592
0.7500      1216.721346     0.000021769   -844074.9751     -6757.300
0.8000       925.143082     0.000005442   -844366.5533     -4996.274
0.8500       708.134893     0.000016327   -844583.5618     -3743.437
0.9000       544.736648     0.000019048   -844746.9599     -2834.373
0.9500       420.511379     0.000019048   -844871.1851     -2165.152
1.0000       325.281779     0.000019048   -844966.4147     -1666.576
1.1000       194.628634     0.000016327   -845097.0680     -1006.019
1.2000       115.022408     0.000021769   -845176.6741      -618.062
1.3000        65.788219     0.000013606   -845225.9083      -382.580
1.4000        35.485745     0.000024490   -845256.2109      -235.343
1.5000        16.934076     0.000010885   -845274.7625      -142.910
1.6000         5.713819     0.000024490   -845285.9826       -85.135
1.7000        -0.939316     0.000016327   -845292.6358       -49.271
1.8000        -4.740750     0.000010885   -845296.4372       -27.052
1.9000        -6.737882     0.000024490   -845298.4345       -13.280
2.0000        -7.578885     0.000019048   -845299.2754        -4.690
2.1000        -7.332307     0.000021769   -845299.0288        -0.187
2.2000        -6.538188     0.000008163   -845298.2348         2.071
2.3000        -5.681152     0.000021769   -845297.3776         3.289
2.4000        -4.869539     0.000008163   -845296.5662         4.082
2.5000        -4.108521     0.000021769   -845295.8051         4.469
2.6000        -3.336569     0.000027211   -845295.0331         4.472
2.7000        -2.321184     0.000024490   -845294.0178         3.875
2.8000        -1.486395     0.000005442   -845293.1830         3.357
2.9000        -0.810061     0.000013606   -845292.5065         2.993
3.0000        -0.240157     0.000016327   -845291.9367         2.653
3.1000         0.290095     0.000021769   -845291.4064         2.342
3.2000         0.737178     0.000010885   -845290.9593         2.084
3.3000         1.119028     0.000013606   -845290.5775         1.831
3.4000         1.447742     0.000016327   -845290.2488         1.635
3.5000         1.731412     0.000013606   -845289.9653         1.463
3.6000         1.978497     0.000019048   -845289.7182         1.278
3.7000         2.194795     0.000010885   -845289.5018         1.142
3.8000         2.383414     0.000021769   -845289.3130         1.012
3.9000         2.548198     0.000005442   -845289.1484         0.895
4.0000         2.693022     0.000024490   -845289.0036         0.777
5.0000         3.421166     0.000005442   -845288.2754         0.184
6.0000         3.573450     0.000013606   -845288.1230         0.033
7.0000         3.599426     0.000024490   -845288.0972         0.004
8.0000         3.603657     0.000008163   -845288.0928        -0.001
9.0000         3.604343     0.000008163   -845288.0923        -0.001
10.0000         3.604454     0.000010885   -845288.0920        -0.001
100.0000         3.604373     0.000005442   -845288.0923
1000.0000         3.604364     0.000008163   -845288.0923
