0.0020   1584492.010379     0.000021769   1456389.2359
0.0040    775354.314678     0.000019048    647251.5404
0.0060    506095.371783     0.000005442    377992.5973
0.0080    372014.857296     0.000024490    243912.0829
0.0100    291922.004161     0.000024490    163819.2298
0.0120    238758.138003     0.000027211    110655.3637
0.0140    200957.326649     0.000010885     72854.5523
0.0160    172710.623283     0.000013606     44607.8489
0.0180    150832.196366     0.000021769     22729.4220
0.0200    133404.275518     0.000016327      5301.5012
0.0400     56734.552752     0.000027211    -71368.2216
0.0600     32706.406012     0.000016327    -95396.3683
0.0800     21518.404369     0.000013606   -106584.3700
0.1000     15170.597748     0.000024490   -112932.1766
0.1200     11193.326818     0.000019048   -116909.4475
0.1400      8552.883127     0.000024490   -119549.8912
0.1600      6729.061575     0.000008163   -121373.7128
0.1800      5425.377821     0.000021769   -122677.3965
0.2000      4459.443191     0.000027211   -123643.3312    -41974.333
0.2400      3115.437950     0.000024490   -124987.3364    -27020.543
0.2800      2219.257736     0.000016327   -125883.5166    -18342.981
0.3200      1609.668748     0.000019048   -126493.1056    -12532.438
0.3600      1191.474071     0.000013606   -126911.3003     -8654.941
0.4000       900.667710     0.000019048   -127202.1066     -6075.223
0.4500       652.809496     0.000021769   -127449.9649     -4021.789
0.5000       485.672248     0.000016327   -127617.1021     -2775.453
0.5500       367.709945     0.000013606   -127735.0644     -2008.171
0.6000       280.632430     0.000021769   -127822.1419     -1510.612
0.6500       214.450081     0.000010885   -127888.3243     -1156.584
0.7000       163.371529     0.000016327   -127939.4028      -906.949
0.7500       122.921367     0.000024490   -127979.8530      -704.927
0.8000        91.677084     0.000016327   -128011.0973      -540.635
0.8500        67.588084     0.000016327   -128035.1863      -412.731
0.9000        49.044868     0.000021769   -128053.7295      -314.822
0.9500        35.021565     0.000016327   -128067.7528      -239.449
1.0000        24.558854     0.000016327   -128078.2155      -181.778
1.1000        10.557042     0.000027211   -128092.2173      -105.644
1.2000         2.378083     0.000019048   -128100.3963       -62.027
1.3000        -2.237612     0.000010885   -128105.0120       -36.420
1.4000        -4.851844     0.000024490   -128107.6262       -20.797
1.5000        -6.237355     0.000016327   -128109.0117       -10.884
1.6000        -6.837568     0.000019048   -128109.6119        -4.564
1.7000        -6.944552     0.000016327   -128109.7189        -0.579
1.8000        -6.748043     0.000021769   -128109.5224         1.839
1.9000        -6.378716     0.000010885   -128109.1531         3.251
2.0000        -5.918280     0.000019048   -128108.6926         3.962
2.1000        -5.423022     0.000024490   -128108.1974         4.271
2.2000        -4.892925     0.000019048   -128107.6673         4.259
2.3000        -4.226490     0.000021769   -128107.0009         3.882
2.4000        -3.514303     0.000008163   -128106.2887         3.380
2.5000        -2.930648     0.000021769   -128105.7050         2.916
2.6000        -2.449823     0.000024490   -128105.2242         2.510
2.7000        -2.052474     0.000024490   -128104.8268         2.184
2.8000        -1.722794     0.000013606   -128104.4971         1.897
2.9000        -1.447129     0.000005442   -128104.2215         1.637
3.0000        -1.215119     0.000021769   -128103.9895         1.424
3.1000        -1.019497     0.000016327   -128103.7939         1.244
3.2000        -0.853749     0.000019048   -128103.6281         1.084
3.3000        -0.712620     0.000021769   -128103.4870         0.950
3.4000        -0.591666     0.000021769   -128103.3660         0.827
3.5000        -0.487571     0.000019048   -128103.2619         0.725
3.6000        -0.397871     0.000013606   -128103.1722         0.641
3.7000        -0.289480     0.000027211   -128103.0638         0.548
3.8000        -0.193367     0.000005442   -128102.9677         0.466
3.9000        -0.111257     0.000013606   -128102.8856         0.398
4.0000        -0.041144     0.000016327   -128102.8155         0.336
5.0000         0.269926     0.000021769   -128102.5044         0.060
6.0000         0.321617     0.000013606   -128102.4527         0.013
7.0000         0.329269     0.000019048   -128102.4451         0.003
8.0000         0.330208     0.000010885   -128102.4441         0.001
9.0000         0.330213     0.000010885   -128102.4441         0.000
10.0000         0.330107     0.000010885   -128102.4443         0.000
100.0000         0.329190     0.000008163   -128102.4452
1000.0000         0.329106     0.000016327   -128102.4453
