0.0020   9425044.040029     0.000019048   9182254.9936
0.0040   4598123.835191     0.000019048   4355334.7898
0.0060   2996649.118518     0.000019048   2753860.0710
0.0080   2198290.606198     0.000019048   1955501.5596
0.0100   1721402.844875     0.000008163   1478613.7983
0.0120   1404741.585412     0.000019048   1161952.5387
0.0140   1179242.140394     0.000021769    936453.0938
0.0160   1010803.562607     0.000024490    768014.5161
0.0180    880431.595059     0.000021769    637642.5486
0.0200    776696.224127     0.000027211    533907.1774
0.0400    323260.377078     0.000013606     80471.3305
0.0600    182979.326749     0.000013606    -59809.7199
0.0800    117673.196875     0.000010885   -125115.8497
0.1000     81741.950323     0.000021769   -161047.0963
0.1200     59461.897410     0.000016327   -183327.1492
0.1400     44706.518378     0.000021769   -198082.5282
0.1600     34569.419482     0.000024490   -208219.6271
0.1800     27394.287433     0.000016327   -215394.7592
0.2000     22172.029641     0.000013606   -220617.0170
0.2400     14904.572275     0.000010885   -227884.4744
0.2800     10272.997097     0.000019048   -232516.0495
0.3200      7327.351836     0.000021769   -235461.6948
0.3600      5400.973172     0.000027211   -237388.0735    -39088.796
0.4000      4105.209374     0.000013606   -238683.8372    -26872.628
0.4500      2977.135355     0.000010885   -239811.9113    -19196.088
0.5000      2152.678536     0.000024490   -240636.3681    -13831.917
0.5500      1572.343284     0.000027211   -241216.7033     -9593.401
0.6000      1169.138274     0.000013606   -241619.9083     -6701.470
0.6500       885.491942     0.000024490   -241903.5547     -4766.811
0.7000       681.893654     0.000016327   -242107.1530     -3459.042
0.7500       533.263115     0.000016327   -242255.7835     -2586.307
0.8000       419.631145     0.000013606   -242369.4155     -2012.382
0.8500       329.312897     0.000016327   -242459.7337     -1603.790
0.9000       256.806516     0.000021769   -242532.2401     -1273.061
0.9500       200.483106     0.000008163   -242588.5635      -986.467
1.0000       157.173965     0.000019048   -242631.8727      -754.419
1.1000        99.875592     0.000019048   -242689.1710      -441.875
1.2000        65.804911     0.000021769   -242723.2417      -280.357
1.3000        42.554950     0.000016327   -242746.4917      -189.424
1.4000        26.996347     0.000016327   -242762.0503      -124.182
1.5000        16.948988     0.000019048   -242772.0976       -81.928
1.6000        10.477081     0.000013606   -242778.5695       -53.806
1.7000         6.301408     0.000019048   -242782.7452       -34.399
1.8000         3.726345     0.000016327   -242785.3203       -21.084
1.9000         2.330945     0.000008163   -242786.7157       -12.320
2.0000         1.618283     0.000019048   -242787.4283        -6.600
2.1000         1.370298     0.000005442   -242787.6763        -3.061
2.2000         1.435828     0.000024490   -242787.6108        -1.073
2.3000         1.603287     0.000027211   -242787.4433        -0.006
2.4000         1.799675     0.000013606   -242787.2469         0.508
2.5000         1.987640     0.000005442   -242787.0590         0.701
2.6000         2.151227     0.000021769   -242786.8954         0.796
2.7000         2.291744     0.000021769   -242786.7549         0.799
2.8000         2.414886     0.000008163   -242786.6317         0.840
2.9000         2.526809     0.000027211   -242786.5198         0.883
3.0000         2.635119     0.000010885   -242786.4115         0.906
3.1000         2.742718     0.000024490   -242786.3039         0.943
3.2000         2.900610     0.000021769   -242786.1460         0.942
3.3000         3.072504     0.000024490   -242785.9741         0.915
3.4000         3.268246     0.000021769   -242785.7784         0.873
3.5000         3.448604     0.000005442   -242785.5980         0.849
3.6000         3.614697     0.000005442   -242785.4319         0.818
3.7000         3.769157     0.000024490   -242785.2775         0.779
3.8000         3.920759     0.000021769   -242785.1259         0.735
3.9000         4.062523     0.000013606   -242784.9841         0.701
4.0000         4.193654     0.000005442   -242784.8530         0.667
5.0000         5.055445     0.000002721   -242783.9912         0.308
6.0000         5.387663     0.000024490   -242783.6590         0.120
7.0000         5.497058     0.000000000   -242783.5496         0.039
8.0000         5.536025     0.000021769   -242783.5106         0.016
9.0000         5.553664     0.000021769   -242783.4929         0.009
10.0000         5.563974     0.000021769   -242783.4827         0.005
100.0000         5.615281     0.000024490   -242783.4313         0.000
1000.0000         5.618974     0.000002721   -242783.4276
