0.0020   3617406.405595     0.000019048   3563572.1066
0.0040   1774326.501419     0.000013606   1720492.2021
0.0060   1161099.709451     0.000008163   1107265.4100
0.0080    855318.261711     0.000027211    801483.9623
0.0100    672324.727136     0.000021769    618490.4276
0.0120    550558.363753     0.000013606    496724.0644
0.0140    463791.973153     0.000010885    409957.6737
0.0160    398854.029109     0.000019048    345019.7297
0.0180    348529.100842     0.000024490    294694.8015
0.0200    308409.216066     0.000010885    254574.9166
0.0400    130682.779245     0.000013606     76848.4798
0.0600     74824.452680     0.000024490     20990.1532
0.0800     48922.306843     0.000024490     -4911.9926
0.1000     34343.260457     0.000027211    -19491.0390
0.1200     25205.658300     0.000019048    -28628.6412
0.1400     19147.880964     0.000027211    -34686.4185
0.1600     14984.814100     0.000016327    -38849.4854
0.1800     12012.139310     0.000010885    -41822.1602
0.2000      9767.616990     0.000016327    -44066.6825
0.2400      6653.054347     0.000021769    -47181.2451
0.2800      4645.374045     0.000013606    -49188.9254    -40555.900
0.3200      3314.612228     0.000021769    -50519.6872    -26933.933
0.3600      2426.663731     0.000008163    -51407.6357    -18122.739
0.4000      1824.148587     0.000013606    -52010.1509    -12430.594
0.4500      1322.789696     0.000027211    -52511.5098     -8042.023
0.5000       987.479468     0.000024490    -52846.8200     -5666.893
0.5500       731.351349     0.000013606    -53102.9481     -4551.294
0.6000       533.011091     0.000013606    -53301.2884     -3381.016
0.6500       389.688805     0.000019048    -53444.6107     -2401.911
0.7000       288.228644     0.000019048    -53546.0708     -1700.953
0.7500       216.088615     0.000010885    -53618.2109     -1215.704
0.8000       164.174028     0.000008163    -53670.1254      -881.368
0.8500       126.223133     0.000008163    -53708.0763      -650.026
0.9000        97.977957     0.000019048    -53736.3215      -488.528
0.9500        76.550329     0.000021769    -53757.7492      -374.359
1.0000        59.986499     0.000024490    -53774.3130      -292.148
1.1000        36.606569     0.000010885    -53797.6929      -184.959
1.2000        21.654935     0.000021769    -53812.6445      -118.813
1.3000        12.549392     0.000027211    -53821.7501       -76.422
1.4000         6.794988     0.000019048    -53827.5045       -47.607
1.5000         3.303161     0.000019048    -53830.9963       -28.720
1.6000         1.270620     0.000013606    -53833.0289       -16.800
1.7000         0.138335     0.000019048    -53834.1611        -9.527
1.8000        -0.372812     0.000010885    -53834.6723        -5.479
1.9000        -0.584991     0.000019048    -53834.8845        -3.393
2.0000        -0.704391     0.000019048    -53835.0039        -2.407
2.1000        -0.812674     0.000002721    -53835.1122        -1.898
2.2000        -0.822990     0.000013606    -53835.1225        -1.685
2.3000        -0.860027     0.000027211    -53835.1595        -1.461
2.4000        -0.906213     0.000008163    -53835.2057        -1.248
2.5000        -0.947446     0.000008163    -53835.2469        -0.986
2.6000        -0.973896     0.000024490    -53835.2734        -0.745
2.7000        -0.982835     0.000021769    -53835.2823        -0.517
2.8000        -0.972715     0.000024490    -53835.2722        -0.305
2.9000        -0.946717     0.000021769    -53835.2462        -0.145
3.0000        -0.906452     0.000019048    -53835.2059        -0.005
3.1000        -0.855423     0.000013606    -53835.1549         0.106
3.2000        -0.796363     0.000010885    -53835.0958         0.188
3.3000        -0.732098     0.000021769    -53835.0316         0.246
3.4000        -0.664135     0.000010885    -53834.9636         0.297
3.5000        -0.594637     0.000021769    -53834.8941         0.315
3.6000        -0.525324     0.000027211    -53834.8248         0.333
3.7000        -0.456885     0.000016327    -53834.7564         0.334
3.8000        -0.390018     0.000024490    -53834.6895         0.339
3.9000        -0.325742     0.000016327    -53834.6252         0.329
4.0000        -0.264130     0.000021769    -53834.5636         0.314
5.0000         0.168934     0.000013606    -53834.1305         0.159
6.0000         0.349340     0.000016327    -53833.9501         0.058
7.0000         0.417766     0.000021769    -53833.8817         0.026
8.0000         0.447415     0.000016327    -53833.8521         0.014
9.0000         0.463592     0.000021769    -53833.8359         0.008
10.0000         0.474012     0.000019048    -53833.8255         0.007
100.0000         0.532688     0.000019048    -53833.7668         0.000
1000.0000         0.537088     0.000013606    -53833.7624
