0.0020  12497042.975971     0.000021769  11897841.4007
0.0040   6090221.997197     0.000013606   5491020.4212
0.0060   3961546.544438     0.000013606   3362344.9679
0.0080   2902270.233621     0.000013606   2303068.6581
0.0100   2269554.867537     0.000019048   1670353.2920
0.0120   1849521.810035     0.000021769   1250320.2345
0.0140   1550577.249778     0.000021769    951375.6742
0.0160   1327253.275635     0.000024490    728051.7002
0.0180   1154652.887765     0.000019048    555451.3123
0.0200   1017378.051079     0.000021769    418176.4756
0.0400    418758.658103     0.000016327   -180442.9174
0.0600    235280.952808     0.000027211   -363920.6225
0.0800    151222.654230     0.000005442   -447978.9211
0.1000    104525.160131     0.000005442   -494676.4152
0.1200     75892.780297     0.000027211   -523308.7952
0.1400     57164.905796     0.000013606   -542036.6695
0.1600     44064.533738     0.000019048   -555137.0419
0.1800     34493.696793     0.000019048   -564707.8787
0.2000     27400.597974     0.000013606   -571800.9775
0.2400     18091.172668     0.000021769   -581110.4029
0.2800     12574.267630     0.000013606   -586627.3080
0.3200      9039.985676     0.000024490   -590161.5899
0.3600      6574.091355     0.000019048   -592627.4842    -51238.880
0.4000      4871.807981     0.000016327   -594329.7676    -34984.695
0.4500      3471.855539     0.000008163   -595729.7199    -22211.515
0.5000      2564.662524     0.000013606   -596636.9130    -14783.690
0.5500      1939.418099     0.000021769   -597262.1575    -10633.453
0.6000      1477.616278     0.000016327   -597723.9591     -7964.731
0.6500      1134.634882     0.000024490   -598066.9405     -5856.291
0.7000       882.799557     0.000021769   -598318.7760     -4304.792
0.7500       696.536482     0.000027211   -598505.0391     -3208.697
0.8000       556.494540     0.000024490   -598645.0809     -2436.733
0.8500       449.436358     0.000021769   -598752.1392     -1883.524
0.9000       366.302517     0.000027211   -598835.2730     -1477.487
0.9500       300.695980     0.000010885   -598900.8794     -1175.414
1.0000       248.251707     0.000019048   -598953.3237      -949.849
1.1000       170.928738     0.000016327   -599030.6468      -644.128
1.2000       117.688852     0.000021769   -599083.8867      -442.260
1.3000        80.974260     0.000016327   -599120.6011      -298.795
1.4000        56.273809     0.000019048   -599145.3017      -201.403
1.5000        39.165433     0.000024490   -599162.4101      -140.930
1.6000        26.562037     0.000024490   -599175.0136      -102.379
1.7000        17.613463     0.000010885   -599183.9620       -74.615
1.8000        11.169513     0.000019048   -599190.4060       -53.978
1.9000         6.578483     0.000010885   -599194.9971       -38.691
2.0000         3.330710     0.000021769   -599198.2447       -27.613
2.1000         1.054349     0.000024490   -599200.5212       -19.385
2.2000        -0.520168     0.000016327   -599202.0957       -13.443
2.3000        -1.585660     0.000013606   -599203.1610        -9.032
2.4000        -2.274924     0.000019048   -599203.8503        -5.902
2.5000        -2.698467     0.000010885   -599204.2740        -3.567
2.6000        -2.932379     0.000005442   -599204.5080        -1.931
2.7000        -3.030049     0.000019048   -599204.6054        -0.771
2.8000        -3.032215     0.000010885   -599204.6076         0.113
2.9000        -2.967732     0.000019048   -599204.5431         0.676
3.0000        -2.858133     0.000021769   -599204.4337         1.063
3.1000        -2.718462     0.000024490   -599204.2938         1.341
3.2000        -2.531430     0.000019048   -599204.1069         1.476
3.3000        -2.261515     0.000008163   -599203.8370         1.422
3.4000        -2.012593     0.000019048   -599203.5880         1.371
3.5000        -1.784692     0.000013606   -599203.3602         1.306
3.6000        -1.577072     0.000019048   -599203.1526         1.214
3.7000        -1.388257     0.000005442   -599202.9637         1.117
3.8000        -1.217451     0.000027211   -599202.7929         1.036
3.9000        -1.063410     0.000019048   -599202.6388         0.949
4.0000        -0.924725     0.000021769   -599202.5003         0.857
5.0000        -0.065865     0.000002721   -599201.6413         0.250
6.0000         0.174011     0.000024490   -599201.4015         0.049
7.0000         0.252617     0.000027211   -599201.3229         0.028
8.0000         0.290830     0.000008163   -599201.2845         0.015
9.0000         0.314945     0.000010885   -599201.2606         0.011
10.0000         0.332308     0.000008163   -599201.2432         0.007
100.0000         0.437992     0.000013606   -599201.1376         0.000
1000.0000         0.446283     0.000002721   -599201.1292
