0.0020         0.000000     0.000008163  27224415.6190
0.0040  13610850.162757     0.000010885  12865103.0572
0.0060   8839254.856592     0.000024490   8093507.7494
0.0080   6465688.145365     0.000010885   5719941.0385
0.0100   5046899.472952     0.000016327   4301152.3669
0.0120   4104974.163488     0.000005442   3359227.0562
0.0140   3435061.079518     0.000005442   2689313.9733
0.0160   2935417.088521     0.000027211   2189669.9822
0.0180   2549686.406964     0.000021769   1803939.3006
0.0200   2243626.923435     0.000008163   1497879.8172
0.0400    911061.654014     0.000019048    165314.5477
0.0600    505882.622582     0.000013606   -239864.4837
0.0800    321895.729488     0.000010885   -423851.3769
0.1000    221433.146160     0.000027211   -524313.9603
0.1200    159492.717767     0.000010885   -586254.3886
0.1400    118316.983979     0.000008163   -627430.1222
0.1600     90499.771592     0.000024490   -655247.3348
0.1800     71277.090252     0.000010885   -674470.0160
0.2000     57051.023663     0.000024490   -688696.0826
0.2400     37644.579148     0.000024490   -708102.5273
0.2800     25870.664565     0.000019048   -719876.4417
0.3200     18491.229458     0.000021769   -727255.8768
0.3600     13443.785701     0.000016327   -732303.3205
0.4000      9913.331981     0.000010885   -735833.7744
0.4500      7026.371842     0.000013606   -738720.7345    -45490.106
0.5000      5175.238650     0.000024490   -740571.8676    -29987.982
0.5500      3918.789319     0.000016327   -741828.3170    -21041.435
0.6000      3015.148113     0.000013606   -742731.9583    -15474.099
0.6500      2343.509683     0.000027211   -743403.5967    -11615.005
0.7000      1836.334713     0.000013606   -743910.7717     -8826.679
0.7500      1448.722404     0.000019048   -744298.3839     -6778.381
0.8000      1149.463994     0.000008163   -744597.6423     -5251.885
0.8500       916.382966     0.000010885   -744830.7234     -4105.411
0.9000       733.342513     0.000016327   -745013.7639     -3253.066
0.9500       586.831287     0.000016327   -745160.2749     -2616.510
1.0000       469.104902     0.000016327   -745278.0015     -2099.956
1.1000       300.612621     0.000005442   -745446.4936     -1325.713
1.2000       194.402638     0.000021769   -745552.7035      -836.936
1.3000       126.936196     0.000019048   -745620.1701      -535.040
1.4000        83.530684     0.000013606   -745663.5756      -346.544
1.5000        55.267562     0.000024490   -745691.8387      -227.671
1.6000        36.599170     0.000019048   -745710.5070      -151.878
1.7000        24.076401     0.000019048   -745723.0300      -102.378
1.8000        15.612636     0.000008163   -745731.4936       -69.291
1.9000         9.890853     0.000016327   -745737.2156       -46.705
2.0000         6.048721     0.000013606   -745741.0576       -31.198
2.1000         3.498033     0.000024490   -745743.6083       -20.560
2.2000         1.825814     0.000019048   -745745.2805       -13.342
2.3000         0.746063     0.000024490   -745746.3602        -8.534
2.4000         0.061862     0.000027211   -745747.0443        -5.353
2.5000        -0.367275     0.000021769   -745747.4735        -3.315
2.6000        -0.628586     0.000021769   -745747.7350        -2.020
2.7000        -0.732833     0.000010885   -745747.8392        -1.278
2.8000        -0.737900     0.000016327   -745747.8441        -0.866
2.9000        -0.729094     0.000013606   -745747.8354        -0.609
3.0000        -0.690402     0.000019048   -745747.7967        -0.435
3.1000        -0.655250     0.000024490   -745747.7616        -0.289
3.2000        -0.608795     0.000021769   -745747.7151        -0.190
3.3000        -0.563921     0.000013606   -745747.6702        -0.092
3.4000        -0.518840     0.000019048   -745747.6250        -0.007
3.5000        -0.471481     0.000010885   -745747.5777         0.057
3.6000        -0.424743     0.000021769   -745747.5311         0.124
3.7000        -0.375185     0.000021769   -745747.4816         0.169
3.8000        -0.325824     0.000024490   -745747.4321         0.199
3.9000        -0.276857     0.000005442   -745747.3831         0.218
4.0000        -0.226184     0.000019048   -745747.3325         0.239
5.0000         0.189021     0.000024490   -745746.9173         0.190
6.0000         0.409257     0.000024490   -745746.6971         0.094
7.0000         0.504170     0.000021769   -745746.6021         0.032
8.0000         0.546827     0.000024490   -745746.5594         0.015
9.0000         0.568658     0.000021769   -745746.5377         0.007
10.0000         0.581984     0.000024490   -745746.5243         0.010
100.0000         0.647794     0.000024490   -745746.4585         0.000
1000.0000         0.652342     0.000024490   -745746.4538
