0.0020         0.000000     0.000021769  40207035.8626
0.0040  20016758.871281     0.000008163  19089957.2002
0.0060  12994823.555585     0.000010885  12068021.8822
0.0080   9493747.998458     0.000024490   8566946.3248
0.0100   7399572.203513     0.000019048   6472770.5324
0.0120   6010317.653875     0.000021769   5083515.9808
0.0140   5024615.932357     0.000027211   4097814.2606
0.0160   4290368.179729     0.000027211   3363566.5065
0.0180   3723816.542692     0.000019048   2797014.8716
0.0200   3274322.152314     0.000010885   2347520.4800
0.0400   1325539.649150     0.000010885    398737.9768
0.0600    735141.392895     0.000013606   -191660.2794
0.0800    468096.826735     0.000024490   -458704.8455
0.1000    319915.258788     0.000013606   -606886.4135
0.1200    229921.265120     0.000013606   -696880.4071
0.1400    171468.491743     0.000021769   -755333.1805
0.1600    130461.977251     0.000008163   -796339.6952
0.1800    101004.947522     0.000021769   -825796.7247
0.2000     79521.611736     0.000010885   -847280.0606
0.2400     51637.713089     0.000016327   -875163.9593
0.2800     34841.646707     0.000027211   -891960.0256
0.3200     24173.742334     0.000010885   -902627.9299
0.3600     17346.820699     0.000019048   -909454.8517
0.4000     12641.787979     0.000008163   -914159.8844
0.4500      8778.264513     0.000013606   -918023.4079
0.5000      6129.542207     0.000008163   -920672.1301    -43278.883
0.5500      4376.751206     0.000024490   -922424.9212    -28085.391
0.6000      3218.983489     0.000008163   -923582.6888    -18980.595
0.6500      2418.806631     0.000008163   -924382.8657    -13439.949
0.7000      1842.224848     0.000016327   -924959.4475     -9847.779
0.7500      1415.808735     0.000013606   -925385.8636     -7340.508
0.8000      1096.658645     0.000013606   -925705.0136     -5510.914
0.8500       856.526282     0.000016327   -925945.1460     -4154.121
0.9000       674.986637     0.000013606   -926126.6857     -3151.128
0.9500       536.633157     0.000010885   -926265.0391     -2409.482
1.0000       430.257290     0.000016327   -926371.4150     -1865.464
1.1000       282.262415     0.000010885   -926519.4099     -1152.826
1.2000       189.408563     0.000005442   -926612.2639      -739.471
1.3000       129.044796     0.000024490   -926672.6274      -486.403
1.4000        89.037984     0.000021769   -926712.6344      -324.914
1.5000        62.119100     0.000008163   -926739.5533      -220.358
1.6000        43.720898     0.000013606   -926757.9515      -151.972
1.7000        30.926497     0.000010885   -926770.7457      -106.719
1.8000        21.863342     0.000013606   -926779.8090       -76.331
1.9000        15.507059     0.000019048   -926786.1654       -55.783
2.0000        10.873913     0.000005442   -926790.7984       -41.173
2.1000         7.478810     0.000016327   -926794.1935       -30.693
2.2000         5.065801     0.000008163   -926796.6066       -23.333
2.3000         3.205619     0.000019048   -926798.4668       -17.677
2.4000         1.784795     0.000016327   -926799.8875       -13.304
2.5000         0.772208     0.000013606   -926800.9001        -9.786
2.6000         0.034493     0.000010885   -926801.6378        -7.109
2.7000        -0.487947     0.000021769   -926802.1602        -5.007
2.8000        -0.844995     0.000021769   -926802.5172        -3.448
2.9000        -1.075413     0.000024490   -926802.7477        -2.237
3.0000        -1.211122     0.000013606   -926802.8835        -1.363
3.1000        -1.276356     0.000021769   -926802.9488        -0.692
3.2000        -1.290234     0.000019048   -926802.9627        -0.207
3.3000        -1.268375     0.000019048   -926802.9406         0.113
3.4000        -1.221253     0.000008163   -926802.8936         0.354
3.5000        -1.158408     0.000005442   -926802.8307         0.513
3.6000        -1.086287     0.000005442   -926802.7586         0.585
3.7000        -1.009350     0.000005442   -926802.6816         0.635
3.8000        -0.931084     0.000027211   -926802.6035         0.658
3.9000        -0.854272     0.000021769   -926802.5267         0.649
4.0000        -0.765805     0.000019048   -926802.4380         0.619
5.0000        -0.140389     0.000021769   -926801.8127         0.226
6.0000         0.048953     0.000013606   -926801.6233         0.071
7.0000         0.111485     0.000010885   -926801.5607         0.039
8.0000         0.138936     0.000027211   -926801.5335         0.022
9.0000         0.154670     0.000016327   -926801.5177         0.016
10.0000         0.165464     0.000016327   -926801.5069         0.011
100.0000         0.227648     0.000016327   -926801.4448         0.000
1000.0000         0.232325     0.000013606   -926801.4399
