0.0020         0.000000     0.000013606  43879628.0463
0.0040  21849305.674563     0.000027211  20818412.4508
0.0060  14180533.003470     0.000010885  13149639.7814
0.0080  10357177.376192     0.000010885   9326284.1534
0.0100   8070878.837054     0.000019048   7039985.6139
0.0120   6554623.801308     0.000019048   5523730.5791
0.0140   5478378.497195     0.000002721   4447485.2735
0.0160   4676667.071723     0.000016327   3645773.8482
0.0180   4057663.174485     0.000016327   3026769.9507
0.0200   3566114.807686     0.000008163   2535221.5842
0.0400   1433401.835873     0.000019048    402508.6126
0.0600    790547.489884     0.000013606   -240345.7335
0.0800    500939.729363     0.000010885   -529953.4941
0.1000    343036.883873     0.000016327   -687856.3395
0.1200    248393.434800     0.000013606   -782499.7884
0.1400    185943.482956     0.000021769   -844949.7404
0.1600    141970.866345     0.000019048   -888922.3571
0.1800    110470.955764     0.000027211   -920422.2675
0.2000     87481.172491     0.000010885   -943412.0508
0.2400     57276.161463     0.000008163   -973617.0620
0.2800     38516.607341     0.000024490   -992376.6160
0.3200     26719.689966     0.000008163  -1004173.5334
0.3600     19061.563681     0.000016327  -1011831.6597
0.4000     13992.047210     0.000010885  -1016901.1762
0.4500      9533.378352     0.000010885  -1021359.8451
0.5000      6688.821852     0.000019048  -1024204.4014    -45100.976
0.5500      4847.388621     0.000021769  -1026045.8347    -29882.178
0.6000      3599.761005     0.000013606  -1027293.4622    -20758.167
0.6500      2717.709282     0.000013606  -1028175.5142    -14930.662
0.7000      2077.228320     0.000024490  -1028815.9951    -10932.904
0.7500      1605.497755     0.000010885  -1029287.7256     -8095.064
0.8000      1254.093575     0.000024490  -1029639.1297     -6064.285
0.8500       988.931884     0.000019048  -1029904.2915     -4604.314
0.9000       786.289701     0.000024490  -1030106.9336     -3542.192
0.9500       629.717982     0.000008163  -1030263.5053     -2758.797
1.0000       507.047425     0.000021769  -1030386.1759     -2174.794
1.1000       332.386603     0.000019048  -1030560.8369     -1385.752
1.2000       220.365175     0.000019048  -1030672.8583      -897.394
1.3000       147.254703     0.000010885  -1030745.9688      -588.806
1.4000        99.022629     0.000024490  -1030794.2007      -396.384
1.5000        66.293260     0.000010885  -1030826.9300      -269.868
1.6000        43.930823     0.000016327  -1030849.2926      -184.608
1.7000        28.579313     0.000019048  -1030864.6439      -126.956
1.8000        17.956248     0.000024490  -1030875.2670       -87.390
1.9000        10.647890     0.000010885  -1030882.5754       -59.833
2.0000         5.903542     0.000027211  -1030887.3197       -40.769
2.1000         2.727374     0.000024490  -1030890.4961       -27.253
2.2000         0.672407     0.000013606  -1030892.5509       -17.733
2.3000        -0.593744     0.000016327  -1030893.8170       -11.156
2.4000        -1.323336     0.000021769  -1030894.5468        -6.694
2.5000        -1.653054     0.000013606  -1030894.8763        -3.780
2.6000        -1.722435     0.000019048  -1030894.9457        -2.039
2.7000        -1.691928     0.000019048  -1030894.9153        -0.878
2.8000        -1.611897     0.000010885  -1030894.8353        -0.215
2.9000        -1.512230     0.000013606  -1030894.7357         0.232
3.0000        -1.406565     0.000021769  -1030894.6298         0.497
3.1000        -1.299698     0.000010885  -1030894.5231         0.690
3.2000        -1.192425     0.000016327  -1030894.4157         0.851
3.3000        -1.082902     0.000024490  -1030894.3063         0.923
3.4000        -0.970029     0.000013606  -1030894.1933         1.012
3.5000        -0.849643     0.000013606  -1030894.0731         1.084
3.6000        -0.670905     0.000013606  -1030893.8943         1.046
3.7000        -0.499615     0.000021769  -1030893.7228         1.052
3.8000        -0.336863     0.000019048  -1030893.5601         1.040
3.9000        -0.182368     0.000010885  -1030893.4058         1.014
4.0000        -0.033647     0.000016327  -1030893.2570         0.961
5.0000         1.221024     0.000016327  -1030892.0023         0.425
6.0000         1.680366     0.000005442  -1030891.5429         0.143
7.0000         1.817278     0.000013606  -1030891.4061         0.042
8.0000         1.863766     0.000021769  -1030891.3595         0.015
9.0000         1.883859     0.000005442  -1030891.3394         0.008
10.0000         1.895151     0.000010885  -1030891.3282         0.004
100.0000         1.949702     0.000021769  -1030891.2736         0.000
1000.0000         1.953618     0.000005442  -1030891.2697
