0.0020   2186099.776377     0.000024490   2130314.0915
0.0040   1070885.732591     0.000016327   1015100.0477
0.0060    699909.915688     0.000019048    644124.2307
0.0080    515002.259324     0.000010885    459216.5744
0.0100    404548.591126     0.000019048    348762.9062
0.0120    331214.507824     0.000010885    275428.8229
0.0140    278952.354749     0.000013606    223166.6698
0.0160    239995.861795     0.000016327    184210.1768
0.0180    209854.166916     0.000021769    154068.4819
0.0200    185844.594139     0.000021769    130058.9092
0.0400     79414.357279     0.000005442     23628.6723
0.0600     45715.893599     0.000027211    -10069.7914
0.0800     30009.672993     0.000016327    -25776.0120
0.1000     21201.627297     0.000027211    -34584.0577
0.1200     15647.591035     0.000013606    -40138.0939
0.1400     11893.953572     0.000021769    -43891.7314
0.1600      9262.244582     0.000027211    -46523.4404
0.1800      7371.593414     0.000010885    -48414.0916
0.2000      5985.136841     0.000021769    -49800.5481
0.2400      4155.746841     0.000019048    -51629.9381    -34812.120
0.2800      2980.921693     0.000016327    -52804.7633    -24727.144
0.3200      2153.552223     0.000019048    -53632.1328    -17074.087
0.3600      1583.380349     0.000021769    -54202.3046    -11779.321
0.4000      1187.614589     0.000013606    -54598.0704     -8247.300
0.4500       851.445658     0.000010885    -54934.2393     -5451.764
0.5000       625.694829     0.000013606    -55159.9901     -3716.162
0.5500       469.577210     0.000013606    -55316.1078     -2598.993
0.6000       359.055355     0.000016327    -55426.6296     -1858.393
0.6500       279.392652     0.000024490    -55506.2923     -1352.304
0.7000       220.682095     0.000024490    -55565.0029     -1033.247
0.7500       174.348544     0.000013606    -55611.3364      -829.946
0.8000       136.572070     0.000019048    -55649.1129      -672.811
0.8500       105.867776     0.000010885    -55679.8172      -536.904
0.9000        81.829601     0.000016327    -55703.8554      -419.071
0.9500        63.343055     0.000013606    -55722.3419      -323.618
1.0000        49.096265     0.000008163    -55736.5887      -248.901
1.1000        29.750429     0.000024490    -55755.9345      -146.568
1.2000        18.345022     0.000013606    -55767.3399       -86.706
1.3000        11.556016     0.000024490    -55774.1289       -52.069
1.4000         7.440439     0.000021769    -55778.2445       -31.942
1.5000         4.888217     0.000019048    -55780.7967       -20.061
1.6000         3.267120     0.000016327    -55782.4179       -12.921
1.7000         2.212591     0.000027211    -55783.4724        -8.511
1.8000         1.513201     0.000021769    -55784.1718        -5.698
1.9000         1.041595     0.000019048    -55784.6434        -3.866
2.0000         0.720101     0.000016327    -55784.9649        -2.642
2.1000         0.500657     0.000021769    -55785.1843        -1.802
2.2000         0.372829     0.000021769    -55785.3121        -1.274
2.3000         0.294816     0.000013606    -55785.3902        -0.932
2.4000         0.236217     0.000010885    -55785.4488        -0.678
2.5000         0.192210     0.000024490    -55785.4928        -0.489
2.6000         0.159676     0.000021769    -55785.5253        -0.350
2.7000         0.136000     0.000019048    -55785.5490        -0.245
2.8000         0.119164     0.000016327    -55785.5658        -0.167
2.9000         0.107684     0.000021769    -55785.5773        -0.109
3.0000         0.100293     0.000019048    -55785.5847        -0.068
3.1000         0.095885     0.000016327    -55785.5891        -0.036
3.2000         0.093700     0.000016327    -55785.5913        -0.011
3.3000         0.093142     0.000013606    -55785.5918         0.003
3.4000         0.093700     0.000013606    -55785.5913         0.012
3.5000         0.094981     0.000010885    -55785.5900         0.017
3.6000         0.096739     0.000027211    -55785.5882         0.020
3.7000         0.098747     0.000021769    -55785.5862         0.022
3.8000         0.100867     0.000019048    -55785.5841         0.022
3.9000         0.103017     0.000016327    -55785.5820         0.021
4.0000         0.105093     0.000013606    -55785.5799         0.021
5.0000         0.118353     0.000005442    -55785.5666         0.007
6.0000         0.122114     0.000002721    -55785.5628         0.002
7.0000         0.122952     0.000002721    -55785.5620         0.000
8.0000         0.123132     0.000002721    -55785.5618         0.000
9.0000         0.123172     0.000002721    -55785.5618        -0.000
10.0000         0.123178     0.000002721    -55785.5618        -0.000
100.0000         0.123181     0.000002721    -55785.5618
1000.0000         0.123183     0.000002721    -55785.5618
