0.0020         0.000000     0.000013606  30716714.8344
0.0040  15318349.799439     0.000019048  14551632.3548
0.0060   9948814.476683     0.000021769   9182097.0314
0.0080   7276551.076545     0.000019048   6509833.6320
0.0100   5678367.284942     0.000010885   4911649.8405
0.0120   4616642.837974     0.000010885   3849925.3929
0.0140   3861178.618956     0.000024490   3094461.1745
0.0160   3298068.955886     0.000024490   2531351.5107
0.0180   2863407.878873     0.000021769   2096690.4337
0.0200   2518403.990222     0.000013606   1751686.5451
0.0400   1020003.107288     0.000016327    253285.6620
0.0600    564665.593725     0.000019048   -202051.8515
0.0800    357855.039713     0.000010885   -408862.4055
0.1000    245660.691770     0.000019048   -521056.7534
0.1200    176513.766189     0.000021769   -590203.6792
0.1400    131352.199842     0.000016327   -635365.2453
0.1600    100893.825531     0.000010885   -665823.6197
0.1800     79250.559538     0.000010885   -687466.8857
0.2000     63027.521139     0.000016327   -703689.9240
0.2400     41160.984637     0.000013606   -725556.4606
0.2800     28287.932138     0.000008163   -738429.5130
0.3200     20226.979238     0.000019048   -746490.4659
0.3600     14605.821259     0.000016327   -752111.6239
0.4000     10887.697077     0.000016327   -755829.7482
0.4500      7866.398135     0.000016327   -758851.0472    -48027.458
0.5000      5878.221285     0.000024490   -760839.2239    -32949.979
0.5500      4472.171974     0.000027211   -762245.2732    -23945.526
0.6000      3437.715854     0.000019048   -763279.7294    -17786.320
0.6500      2665.899244     0.000016327   -764051.5461    -13336.114
0.7000      2084.024284     0.000019048   -764633.4209    -10124.974
0.7500      1638.469937     0.000013606   -765078.9754     -7820.979
0.8000      1291.613410     0.000021769   -765425.8318     -6121.660
0.8500      1019.856624     0.000024490   -765697.5887     -4796.931
0.9000       807.069578     0.000024490   -765910.3756     -3744.106
0.9500       641.161484     0.000013606   -766076.2837     -2911.645
1.0000       512.080037     0.000013606   -766205.3653     -2263.109
1.1000       332.895378     0.000008163   -766384.5499     -1381.998
1.2000       221.938848     0.000019048   -766495.5063      -868.535
1.3000       151.540689     0.000013606   -766565.9046      -565.713
1.4000       104.899480     0.000027211   -766612.5458      -381.943
1.5000        72.965530     0.000024490   -766644.4797      -265.316
1.6000        50.575631     0.000019048   -766666.8695      -187.653
1.7000        34.662290     0.000016327   -766682.7830      -133.839
1.8000        23.292539     0.000010885   -766694.1527       -95.638
1.9000        15.176677     0.000016327   -766702.2685       -68.099
2.0000         9.413755     0.000016327   -766708.0314       -48.221
2.1000         5.357573     0.000016327   -766712.0878       -33.736
2.2000         2.538660     0.000013606   -766714.9066       -23.237
2.3000         0.615154     0.000024490   -766716.8302       -15.692
2.4000        -0.663153     0.000013606   -766718.1083       -10.228
2.5000        -1.301875     0.000027211   -766718.7472        -6.617
2.6000        -1.479184     0.000024490   -766718.9244        -4.321
2.7000        -1.542089     0.000019048   -766718.9872        -2.749
2.8000        -1.531670     0.000019048   -766718.9769        -1.595
2.9000        -1.475013     0.000013606   -766718.9203        -0.800
3.0000        -1.389817     0.000016327   -766718.8351        -0.242
3.1000        -1.287613     0.000019048   -766718.7328         0.161
3.2000        -1.176607     0.000019048   -766718.6218         0.416
3.3000        -1.062317     0.000008163   -766718.5075         0.589
3.4000        -0.903767     0.000010885   -766718.3491         0.625
3.5000        -0.732090     0.000019048   -766718.1774         0.577
3.6000        -0.591415     0.000024490   -766718.0367         0.537
3.7000        -0.474692     0.000021769   -766717.9200         0.503
3.8000        -0.376736     0.000021769   -766717.8220         0.470
3.9000        -0.293674     0.000019048   -766717.7390         0.433
4.0000        -0.222622     0.000021769   -766717.6677         0.400
5.0000         0.170485     0.000013606   -766717.2748         0.071
6.0000         0.221174     0.000024490   -766717.2242         0.011
7.0000         0.227433     0.000019048   -766717.2179         0.000
8.0000         0.228434     0.000019048   -766717.2169        -0.001
9.0000         0.228704     0.000019048   -766717.2166        -0.001
10.0000         0.228837     0.000027211   -766717.2163        -0.001
100.0000         0.229618     0.000027211   -766717.2155
1000.0000         0.229683     0.000021769   -766717.2155
