0.0020   1038792.349419     0.000019048    622829.1242
0.0040    506796.152268     0.000019048     90832.9271
0.0060    329929.518653     0.000013606    -86033.7065
0.0080    241992.768175     0.000021769   -173970.4570
0.0100    189583.524013     0.000024490   -226379.7012
0.0120    154762.313745     0.000016327   -261200.9114
0.0140    129994.148781     0.000010885   -285969.0763
0.0160    111553.377920     0.000010885   -304409.8472
0.0180     97244.997492     0.000019048   -318718.2276
0.0200     85899.279999     0.000021769   -330063.9451
0.0400     35937.585221     0.000019048   -380025.6399
0.0600     20476.920579     0.000024490   -395486.3045
0.0800     13330.845344     0.000021769   -402632.3798
0.1000      9335.056922     0.000010885   -406628.1681
0.1200      6864.945226     0.000013606   -409098.2799
0.1400      5212.481459     0.000016327   -410750.7436
0.1600      4044.257537     0.000021769   -411918.9678    -49596.970
0.1800      3191.231032     0.000008163   -412771.9941    -36565.135
0.2000      2555.978614     0.000008163   -413407.2466    -27440.247
0.2400      1707.144004     0.000024490   -414256.0811    -16131.036
0.2800      1196.132237     0.000021769   -414767.0929    -10006.102
0.3200       870.613382     0.000024490   -415092.6119     -6584.506
0.3600       650.542640     0.000013606   -415312.6824     -4581.821
0.4000       494.366955     0.000021769   -415468.8582     -3312.725
0.4500       356.626052     0.000005442   -415606.5990     -2268.102
0.5000       261.550123     0.000021769   -415701.6751     -1577.541
0.5500       194.857468     0.000010885   -415768.3677     -1115.844
0.6000       147.277531     0.000021769   -415815.9477      -803.777
0.6500       112.700677     0.000019048   -415850.5244      -589.343
0.7000        87.166776     0.000016327   -415876.0585      -439.447
0.7500        68.014443     0.000013606   -415895.2107      -332.607
0.8000        53.440629     0.000010885   -415909.7846      -255.598
0.8500        42.192309     0.000008163   -415921.0329      -198.945
0.9000        33.411611     0.000021769   -415929.8135      -156.578
0.9500        26.491306     0.000019048   -415936.7339      -124.178
1.0000        21.004610     0.000024490   -415942.2205       -98.860
1.1000        13.165611     0.000019048   -415950.0596       -62.945
1.2000         8.215776     0.000002721   -415955.0094       -39.647
1.3000         5.136946     0.000024490   -415958.0883       -24.482
1.4000         3.275588     0.000010885   -415959.9496       -14.581
1.5000         2.193132     0.000016327   -415961.0321        -8.338
1.6000         1.760692     0.000008163   -415961.4644        -4.679
1.7000         1.609519     0.000010885   -415961.6157        -2.601
1.8000         1.571776     0.000010885   -415961.6533        -1.423
1.9000         1.588188     0.000024490   -415961.6370        -0.794
2.0000         1.620376     0.000016327   -415961.6049        -0.478
2.1000         1.650099     0.000016327   -415961.5752        -0.340
2.2000         1.670546     0.000016327   -415961.5545        -0.271
2.3000         1.679610     0.000016327   -415961.5455        -0.230
2.4000         1.679523     0.000013606   -415961.5455        -0.212
2.5000         1.674080     0.000008163   -415961.5510        -0.189
2.6000         1.665781     0.000024490   -415961.5594        -0.161
2.7000         1.656067     0.000005442   -415961.5692        -0.135
2.8000         1.646428     0.000008163   -415961.5787        -0.096
2.9000         1.637897     0.000008163   -415961.5872        -0.092
3.0000         1.630795     0.000005442   -415961.5942        -0.071
3.1000         1.625095     0.000008163   -415961.6000        -0.054
3.2000         1.620572     0.000010885   -415961.6046        -0.037
3.3000         1.617211     0.000016327   -415961.6078        -0.026
3.4000         1.614896     0.000010885   -415961.6103        -0.017
3.5000         1.613445     0.000024490   -415961.6117        -0.011
3.6000         1.612659     0.000016327   -415961.6125        -0.004
3.7000         1.612376     0.000010885   -415961.6127         0.002
3.8000         1.612460     0.000008163   -415961.6127         0.004
3.9000         1.612784     0.000008163   -415961.6125         0.006
4.0000         1.613293     0.000008163   -415961.6119         0.007
5.0000         1.619489     0.000021769   -415961.6057         0.005
6.0000         1.621734     0.000013606   -415961.6035         0.001
7.0000         1.622172     0.000013606   -415961.6029         0.000
8.0000         1.622240     0.000013606   -415961.6029         0.000
9.0000         1.622254     0.000013606   -415961.6029
10.0000         1.622254     0.000013606   -415961.6029
100.0000         1.622254     0.000013606   -415961.6029
1000.0000         1.622254     0.000013606   -415961.6029
