0.0020         0.000000     0.000005442  27409049.4851
0.0040  13674676.500070     0.000024490  12987416.6740
0.0060   8885101.780320     0.000016327   8197841.9561
0.0080   6501585.552832     0.000008163   5814325.7274
0.0100   5076488.879763     0.000016327   4389229.0543
0.0120   4129701.785388     0.000010885   3442441.9597
0.0140   3455805.055818     0.000016327   2768545.2315
0.0160   2952901.586781     0.000010885   2265641.7614
0.0180   2564630.509566     0.000024490   1877370.6840
0.0200   2256361.583204     0.000021769   1569101.7577
0.0400    916199.513144     0.000010885    228939.6877
0.0600    508624.921135     0.000024490   -178634.9043
0.0800    322976.587280     0.000024490   -364283.2381
0.1000    221724.153314     0.000024490   -465535.6722
0.1200    159712.193230     0.000019048   -527547.6322
0.1400    118612.979468     0.000008163   -568646.8461
0.1600     90772.717763     0.000016327   -596487.1078
0.1800     71405.341943     0.000021769   -615854.4834
0.2000     57107.597287     0.000019048   -630152.2281
0.2400     37529.571212     0.000008163   -649730.2542
0.2800     25444.168279     0.000016327   -661815.6572
0.3200     18069.395374     0.000019048   -669190.4302
0.3600     13176.732770     0.000013606   -674083.0928
0.4000      9682.241312     0.000024490   -677577.5841
0.4500      6833.828829     0.000019048   -680425.9965    -44792.775
0.5000      5013.339840     0.000008163   -682246.4855    -29453.409
0.5500      3780.524463     0.000013606   -683479.3010    -20630.579
0.6000      2894.951984     0.000021769   -684364.8733    -15175.465
0.6500      2235.485024     0.000024490   -685024.3404    -11410.476
0.7000      1737.366645     0.000021769   -685522.4589     -8650.872
0.7500      1358.653380     0.000016327   -685901.1721     -6594.022
0.8000      1069.133137     0.000008163   -686190.6924     -5055.690
0.8500       846.430647     0.000010885   -686413.3948     -3901.465
0.9000       674.068296     0.000013606   -686585.7572     -3035.395
0.9500       539.016015     0.000027211   -686720.8093     -2405.813
1.0000       430.838670     0.000027211   -686828.9869     -1925.872
1.1000       275.472910     0.000027211   -686984.3525     -1233.848
1.2000       176.656013     0.000027211   -687083.1693      -779.958
1.3000       114.189899     0.000019048   -687145.6355      -494.146
1.4000        74.312241     0.000021769   -687185.5133      -317.412
1.5000        48.472394     0.000019048   -687211.3530      -206.842
1.6000        31.482401     0.000010885   -687228.3429      -136.459
1.7000        20.284773     0.000013606   -687239.5407       -90.515
1.8000        12.898145     0.000016327   -687246.9272       -60.677
1.9000         8.132403     0.000013606   -687251.6930       -41.315
2.0000         4.888772     0.000010885   -687254.9366       -28.365
2.1000         2.667906     0.000010885   -687257.1576       -19.552
2.2000         1.144060     0.000019048   -687258.6815       -13.478
2.3000         0.101245     0.000010885   -687259.7242        -9.279
2.4000        -0.605698     0.000010885   -687260.4312        -6.244
2.5000        -1.076388     0.000021769   -687260.9019        -4.118
2.6000        -1.379795     0.000019048   -687261.2053        -2.597
2.7000        -1.564239     0.000010885   -687261.3895        -1.522
2.8000        -1.663952     0.000013606   -687261.4894        -0.718
2.9000        -1.703112     0.000024490   -687261.5286        -0.175
3.0000        -1.698780     0.000016327   -687261.5242         0.233
3.1000        -1.663531     0.000019048   -687261.4889         0.519
3.2000        -1.606025     0.000021769   -687261.4314         0.678
3.3000        -1.532823     0.000008163   -687261.3583         0.835
3.4000        -1.422805     0.000024490   -687261.2483         0.908
3.5000        -1.245836     0.000027211   -687261.0712         0.864
3.6000        -1.082935     0.000024490   -687260.9084         0.846
3.7000        -0.933514     0.000013606   -687260.7591         0.806
3.8000        -0.796965     0.000010885   -687260.6225         0.764
3.9000        -0.672247     0.000013606   -687260.4976         0.708
4.0000        -0.558182     0.000013606   -687260.3835         0.660
5.0000         0.205185     0.000010885   -687259.6203         0.231
6.0000         0.468036     0.000019048   -687259.3574         0.049
7.0000         0.525422     0.000024490   -687259.3000         0.013
8.0000         0.539673     0.000021769   -687259.2858         0.003
9.0000         0.544533     0.000016327   -687259.2809         0.001
10.0000         0.547017     0.000013606   -687259.2785         0.000
100.0000         0.559164     0.000024490   -687259.2662
1000.0000         0.560051     0.000024490   -687259.2654
