0.0020         0.000000     0.000013606  40795923.4251
0.0040  20313110.315630     0.000008163  19373786.3356
0.0060  13189506.839642     0.000021769  12250182.8583
0.0080   9637461.994675     0.000016327   8698138.0133
0.0100   7512601.616090     0.000005442   6573277.6358
0.0120   6103432.064319     0.000021769   5164108.0839
0.0140   5103468.192115     0.000021769   4164144.2126
0.0160   4358545.796985     0.000027211   3419221.8169
0.0180   3783836.314335     0.000019048   2844512.3333
0.0200   3327856.641804     0.000019048   2388532.6609
0.0400   1350794.565220     0.000021769    411470.5844
0.0600    751953.653927     0.000024490   -187370.3268
0.0800    480794.616483     0.000016327   -458529.3642
0.1000    330289.799359     0.000013606   -609034.1815
0.1200    238349.428648     0.000016327   -700974.5521
0.1400    177894.304666     0.000024490   -761429.6761
0.1600    135501.814089     0.000019048   -803822.1668
0.1800    105148.473611     0.000024490   -834175.5070
0.2000     83045.791258     0.000027211   -856278.1895
0.2400     54333.641597     0.000019048   -884990.3392
0.2800     36582.513445     0.000019048   -902741.4673
0.3200     25430.255517     0.000021769   -913893.7251
0.3600     18076.517410     0.000005442   -921247.4634
0.4000     13175.312487     0.000016327   -926148.6682
0.4500      9108.265025     0.000008163   -930215.7158
0.5000      6310.442471     0.000019048   -933013.5382    -44451.726
0.5500      4506.211507     0.000021769   -934817.7692    -29008.110
0.6000      3308.310200     0.000010885   -936015.6706    -19684.340
0.6500      2478.744882     0.000024490   -936845.2359    -13927.765
0.7000      1882.955029     0.000021769   -937441.0258    -10138.083
0.7500      1445.869796     0.000021769   -937878.1111     -7490.723
0.8000      1121.298672     0.000016327   -938202.6821     -5589.750
0.8500       878.047587     0.000010885   -938445.9332     -4211.570
0.9000       693.836619     0.000013606   -938630.1442     -3207.957
0.9500       552.769634     0.000008163   -938771.2111     -2472.036
1.0000       443.477046     0.000008163   -938880.5038     -1927.152
1.1000       290.158275     0.000010885   -939033.8226     -1208.768
1.2000       192.849765     0.000021769   -939131.1311      -783.528
1.3000       129.187166     0.000024490   -939194.7935      -515.382
1.4000        87.062339     0.000027211   -939236.9184      -340.675
1.5000        59.117441     0.000013606   -939264.8634      -227.078
1.6000        40.415579     0.000010885   -939283.5652      -155.842
1.7000        27.224934     0.000027211   -939296.7560      -109.165
1.8000        17.712624     0.000021769   -939306.2682       -77.783
1.9000        10.772926     0.000021769   -939313.2080       -55.843
2.0000         5.724472     0.000024490   -939318.2562       -40.110
2.1000         2.105542     0.000019048   -939321.8753       -28.386
2.2000        -0.416577     0.000021769   -939324.3973       -19.611
2.3000        -2.031355     0.000024490   -939326.0120       -13.118
2.4000        -3.076828     0.000013606   -939327.0575        -8.327
2.5000        -3.666333     0.000008163   -939327.6472        -4.862
2.6000        -3.801326     0.000008163   -939327.7821        -2.624
2.7000        -3.772163     0.000008163   -939327.7530        -1.002
2.8000        -3.635584     0.000019048   -939327.6164         0.050
2.9000        -3.430092     0.000024490   -939327.4110         0.800
3.0000        -3.108426     0.000005442   -939327.0893         1.190
3.1000        -2.761946     0.000019048   -939326.7426         1.415
3.2000        -2.435442     0.000013606   -939326.4161         1.532
3.3000        -2.131743     0.000021769   -939326.1124         1.540
3.4000        -1.851178     0.000027211   -939325.8319         1.536
3.5000        -1.594691     0.000019048   -939325.5755         1.518
3.6000        -1.360744     0.000021769   -939325.3415         1.408
3.7000        -1.148038     0.000008163   -939325.1287         1.330
3.8000        -0.926578     0.000010885   -939324.9072         1.230
3.9000        -0.684309     0.000016327   -939324.6651         1.091
4.0000        -0.470980     0.000019048   -939324.4517         0.956
5.0000         0.586621     0.000021769   -939323.3940         0.240
6.0000         0.822113     0.000019048   -939323.1586         0.056
7.0000         0.883570     0.000008163   -939323.0971         0.024
8.0000         0.907242     0.000008163   -939323.0735         0.013
9.0000         0.920328     0.000019048   -939323.0604         0.008
10.0000         0.929383     0.000027211   -939323.0514         0.006
100.0000         0.983006     0.000010885   -939322.9978         0.000
1000.0000         0.987194     0.000024490   -939322.9935
