0.0020   9287899.652171     0.000021769   8803937.8747
0.0040   4526259.899822     0.000013606   4042298.1229
0.0060   2943254.890091     0.000013606   2459293.1133
0.0080   2155944.557656     0.000024490   1671982.7808
0.0100   1685749.858346     0.000021769   1201788.0817
0.0120   1373987.450598     0.000013606    890025.6739
0.0140   1152608.290326     0.000019048    668646.5135
0.0160    987641.922453     0.000013606    503680.1459
0.0180    859916.159266     0.000016327    375954.3827
0.0200    758270.447785     0.000021769    274308.6712
0.0400    314965.804019     0.000019048   -168995.9727
0.0600    177430.343842     0.000027211   -306531.4327
0.0800    114476.047076     0.000013606   -369485.7296
0.1000     79487.402519     0.000016327   -404474.3742
0.1200     57641.804746     0.000021769   -426319.9719
0.1400     43343.970709     0.000016327   -440617.8059
0.1600     33637.851945     0.000019048   -450323.9247
0.1800     26629.345763     0.000013606   -457332.4309
0.2000     21278.997745     0.000016327   -462682.7788
0.2400     14034.495643     0.000008163   -469927.2810
0.2800      9660.735666     0.000027211   -474301.0411
0.3200      6908.528070     0.000024490   -477053.2485
0.3600      5085.461495     0.000010885   -478876.3152    -37661.327
0.4000      3803.491010     0.000008163   -480158.2857    -27175.944
0.4500      2681.184111     0.000024490   -481280.5925    -18262.845
0.5000      1928.647883     0.000013606   -482033.1288    -12245.787
0.5500      1421.428732     0.000013606   -482540.3479     -8333.358
0.6000      1072.373646     0.000010885   -482889.4031     -5817.730
0.6500       824.921315     0.000024490   -483136.8554     -4202.069
0.7000       642.483895     0.000024490   -483319.2929     -3175.224
0.7500       501.528905     0.000008163   -483460.2479     -2497.914
0.8000       390.644164     0.000016327   -483571.1324     -1955.120
0.8500       304.523783     0.000024490   -483657.2529     -1507.563
0.9000       238.289229     0.000027211   -483723.4874     -1156.809
0.9500       187.396416     0.000013606   -483774.3803      -890.006
1.0000       148.273738     0.000013606   -483813.5030      -691.182
1.1000        93.643140     0.000019048   -483868.1336      -428.205
1.2000        59.167738     0.000021769   -483902.6089      -274.311
1.3000        36.817011     0.000019048   -483924.9598      -179.636
1.4000        22.116661     0.000019048   -483939.6602      -118.640
1.5000        12.414429     0.000010885   -483949.3624       -78.228
1.6000         6.037063     0.000010885   -483955.7396       -51.183
1.7000         1.884196     0.000024490   -483959.8924       -33.017
1.8000        -0.779372     0.000024490   -483962.5561       -20.941
1.9000        -2.446963     0.000021769   -483964.2236       -12.858
2.0000        -3.448440     0.000019048   -483965.2253        -7.494
2.1000        -4.007675     0.000019048   -483965.7845        -3.958
2.2000        -4.274410     0.000010885   -483966.0511        -1.592
2.3000        -4.351480     0.000019048   -483966.1281        -0.122
2.4000        -4.305795     0.000013606   -483966.0824         0.815
2.5000        -4.180549     0.000024490   -483965.9573         1.329
2.6000        -4.020544     0.000027211   -483965.7973         1.580
2.7000        -3.845966     0.000016327   -483965.6226         1.673
2.8000        -3.670254     0.000019048   -483965.4470         1.670
2.9000        -3.500719     0.000005442   -483965.2775         1.579
3.0000        -3.342490     0.000021769   -483965.1191         1.464
3.1000        -3.198531     0.000027211   -483964.9752         1.332
3.2000        -3.069222     0.000016327   -483964.8459         1.183
3.3000        -2.953947     0.000013606   -483964.7306         1.043
3.4000        -2.847414     0.000016327   -483964.6242         0.912
3.5000        -2.753026     0.000027211   -483964.5297         0.786
3.6000        -2.655225     0.000024490   -483964.4318         0.667
3.7000        -2.543558     0.000016327   -483964.3202         0.560
3.8000        -2.449183     0.000008163   -483964.2258         0.473
3.9000        -2.369740     0.000013606   -483964.1463         0.403
4.0000        -2.298111     0.000008163   -483964.0748         0.340
5.0000        -1.971683     0.000024490   -483963.7485         0.065
6.0000        -1.880027     0.000005442   -483963.6568         0.048
7.0000        -1.832315     0.000024490   -483963.6089         0.017
8.0000        -1.800290     0.000008163   -483963.5771         0.012
9.0000        -1.777106     0.000008163   -483963.5537         0.009
10.0000        -1.759519     0.000024490   -483963.5363         0.007
100.0000        -1.642355     0.000000000   -483963.4190         0.000
1000.0000        -1.632621     0.000002721   -483963.4092
