0.0020  12433487.367341     0.000010885  12025401.3720
0.0040   6061654.421814     0.000019048   5653568.4272
0.0060   3945280.989438     0.000005442   3537194.9957
0.0080   2892797.344597     0.000013606   2484711.3502
0.0100   2264342.208720     0.000016327   1856256.2141
0.0120   1846698.352207     0.000010885   1438612.3577
0.0140   1549343.878772     0.000016327   1141257.8842
0.0160   1327388.396034     0.000010885    919302.4015
0.0180   1155756.458243     0.000013606    747670.4636
0.0200   1019268.963240     0.000016327    611182.9689
0.0400    425286.508025     0.000016327     17200.5135
0.0600    240025.356840     0.000019048   -168060.6376
0.0800    153667.294979     0.000024490   -254418.6995
0.1000    105578.379855     0.000016327   -302507.6147
0.1200     76373.319242     0.000016327   -331712.6752
0.1400     57546.997481     0.000019048   -350538.9970
0.1600     44517.636266     0.000019048   -363568.3582
0.1800     34998.961695     0.000016327   -373087.0327
0.2000     27788.664919     0.000016327   -380297.3296
0.2400     18151.818056     0.000021769   -389934.1764
0.2800     12427.790897     0.000013606   -395658.2035
0.3200      8855.674303     0.000005442   -399230.3202
0.3600      6452.058897     0.000010885   -401633.9357    -50545.746
0.4000      4731.923005     0.000010885   -403354.0715    -36050.066
0.4500      3279.429284     0.000024490   -404806.5652    -23061.014
0.5000      2339.729190     0.000010885   -405746.2653    -15181.361
0.5500      1709.176238     0.000021769   -406376.8184    -10406.770
0.6000      1268.393038     0.000019048   -406817.6014     -7430.753
0.6500       948.381957     0.000024490   -407137.6125     -5497.772
0.7000       708.839148     0.000010885   -407377.1553     -4137.781
0.7500       529.308214     0.000024490   -407556.6863     -3080.299
0.8000       396.732085     0.000021769   -407689.2624     -2260.946
0.8500       299.581750     0.000024490   -407786.4128     -1656.185
0.9000       228.183031     0.000024490   -407857.8114     -1222.528
0.9500       175.153631     0.000013606   -407910.8410      -914.525
1.0000       135.187576     0.000016327   -407950.8069      -694.926
1.1000        80.844440     0.000016327   -408005.1499      -418.808
1.2000        47.565022     0.000008163   -408038.4295      -259.901
1.3000        27.349916     0.000010885   -408058.6446      -162.007
1.4000        15.011926     0.000016327   -408070.9825       -99.323
1.5000         7.591449     0.000010885   -408078.4030       -59.214
1.6000         3.277147     0.000024490   -408082.7174       -34.092
1.7000         0.866727     0.000013606   -408085.1278       -18.675
1.8000        -0.376361     0.000019048   -408086.3708        -9.461
1.9000        -0.904074     0.000016327   -408086.8987        -4.104
2.0000        -0.890041     0.000005442   -408086.8845        -1.347
2.1000        -0.645737     0.000008163   -408086.6402        -0.151
2.2000        -0.394971     0.000024490   -408086.3896         0.607
2.3000        -0.115787     0.000024490   -408086.1104         0.988
2.4000         0.416503     0.000016327   -408085.5781         1.246
2.5000         0.873396     0.000021769   -408085.1210         1.375
2.6000         1.359046     0.000024490   -408084.6355         1.420
2.7000         1.806929     0.000024490   -408084.1876         1.329
2.8000         2.179091     0.000010885   -408083.8154         1.314
2.9000         2.490920     0.000024490   -408083.5035         1.290
3.0000         2.757725     0.000019048   -408083.2369         1.220
3.1000         3.010359     0.000016327   -408082.9841         1.182
3.2000         3.227272     0.000016327   -408082.7672         1.138
3.3000         3.416230     0.000005442   -408082.5783         1.064
3.4000         3.583224     0.000016327   -408082.4113         1.002
3.5000         3.730446     0.000024490   -408082.2640         0.961
3.6000         3.909682     0.000013606   -408082.0847         0.891
3.7000         4.072602     0.000024490   -408081.9220         0.808
3.8000         4.219995     0.000013606   -408081.7745         0.727
3.9000         4.352321     0.000010885   -408081.6423         0.664
4.0000         4.470337     0.000021769   -408081.5242         0.600
5.0000         5.102482     0.000010885   -408080.8920         0.170
6.0000         5.256499     0.000010885   -408080.7380         0.050
7.0000         5.290418     0.000016327   -408080.7040         0.011
8.0000         5.298761     0.000005442   -408080.6959         0.004
9.0000         5.301422     0.000002721   -408080.6931         0.002
10.0000         5.302674     0.000016327   -408080.6918         0.001
100.0000         5.308432     0.000002721   -408080.6861
1000.0000         5.308856     0.000002721   -408080.6855
