0.0020   3218885.771541     0.000008163   3174247.5346
0.0040   1580350.106778     0.000008163   1535711.8697
0.0060   1035022.617534     0.000021769    990384.3805
0.0080    762907.642389     0.000013606    718269.4055
0.0100    599876.821307     0.000016327    555238.5844
0.0120    491357.237627     0.000016327    446719.0006
0.0140    413967.609863     0.000010885    369329.3729
0.0160    356123.665251     0.000010885    311485.4285
0.0180    311308.951990     0.000019048    266670.7151
0.0200    275572.779761     0.000010885    230934.5428
0.0400    117104.314143     0.000021769     72466.0772
0.0600     67117.466552     0.000024490     22479.2296
0.0800     43916.608010     0.000013606      -721.6289
0.1000     30896.843291     0.000013606    -13741.3936
0.1200     22710.356288     0.000024490    -21927.8806
0.1400     17242.893771     0.000019048    -27395.3432
0.1600     13460.692316     0.000005442    -31177.5446
0.1800     10771.050984     0.000024490    -33867.1859
0.2000      8807.697728     0.000016327    -35830.5392
0.2400      6054.637294     0.000010885    -38583.5996
0.2800      4274.157351     0.000013606    -40364.0796    -35748.823
0.3200      3090.884022     0.000013606    -41547.3529    -24323.414
0.3600      2274.432716     0.000010885    -42363.8042    -16944.928
0.4000      1705.373573     0.000021769    -42932.8633    -11827.519
0.4500      1226.844532     0.000021769    -43411.3924     -7662.922
0.5000       912.723007     0.000021769    -43725.5139     -5127.539
0.5500       697.349841     0.000024490    -43940.8871     -3639.967
0.6000       537.046637     0.000021769    -44101.1903     -2861.354
0.6500       407.961622     0.000013606    -44230.2753     -2284.292
0.7000       308.232734     0.000021769    -44330.0042     -1733.222
0.7500       233.861891     0.000013606    -44404.3750     -1256.571
0.8000       180.385887     0.000010885    -44457.8510      -902.663
0.8500       141.957015     0.000013606    -44496.2799      -650.360
0.9000       114.443621     0.000016327    -44523.7933      -477.121
0.9500        94.404058     0.000024490    -44543.8329      -382.049
1.0000        77.163105     0.000008163    -44561.0738      -315.769
1.1000        51.055651     0.000019048    -44587.1813      -206.066
1.2000        34.215604     0.000013606    -44604.0213      -135.537
1.3000        23.067345     0.000010885    -44615.1696       -89.767
1.4000        15.872960     0.000013606    -44622.3640       -58.904
1.5000        11.252165     0.000013606    -44626.9848       -37.813
1.6000         8.406863     0.000016327    -44629.8301       -23.750
1.7000         6.734159     0.000019048    -44631.5028       -14.689
1.8000         5.754016     0.000016327    -44632.4829        -9.002
1.9000         5.187831     0.000016327    -44633.0491        -5.588
2.0000         4.845868     0.000021769    -44633.3911        -3.660
2.1000         4.641102     0.000024490    -44633.5958        -2.647
2.2000         4.518588     0.000016327    -44633.7183        -2.149
2.3000         4.392956     0.000016327    -44633.8440        -1.847
2.4000         4.264456     0.000021769    -44633.9725        -1.629
2.5000         4.141142     0.000019048    -44634.0958        -1.385
2.6000         4.032612     0.000024490    -44634.2043        -1.164
2.7000         3.944986     0.000019048    -44634.2919        -0.928
2.8000         3.881365     0.000005442    -44634.3555        -0.697
2.9000         3.840910     0.000021769    -44634.3960        -0.508
3.0000         3.822483     0.000027211    -44634.4144        -0.331
3.1000         3.822390     0.000010885    -44634.4145        -0.177
3.2000         3.837582     0.000016327    -44634.3993        -0.059
3.3000         3.864881     0.000008163    -44634.3720         0.035
3.4000         3.901524     0.000013606    -44634.3354         0.114
3.5000         3.944912     0.000021769    -44634.2920         0.169
3.6000         3.992464     0.000021769    -44634.2445         0.210
3.7000         4.043056     0.000016327    -44634.1939         0.236
3.8000         4.095217     0.000013606    -44634.1417         0.259
3.9000         4.147507     0.000021769    -44634.0894         0.265
4.0000         4.199287     0.000024490    -44634.0376         0.264
5.0000         4.599904     0.000024490    -44633.6370         0.162
6.0000         4.781902     0.000013606    -44633.4550         0.063
7.0000         4.852306     0.000010885    -44633.3846         0.028
8.0000         4.881980     0.000027211    -44633.3550         0.014
9.0000         4.897151     0.000010885    -44633.3398         0.008
10.0000         4.906552     0.000013606    -44633.3304         0.006
100.0000         4.955154     0.000008163    -44633.2818         0.000
1000.0000         4.958700     0.000008163    -44633.2782
