0.0020         0.000000     0.000019048  37535913.6929
0.0040  18676526.450121     0.000013606  17844754.2796
0.0060  12128226.723976     0.000016327  11296454.5529
0.0080   8862378.267757     0.000010885   8030606.0960
0.0100   6908095.172346     0.000010885   6076323.0020
0.0120   5611938.932814     0.000005442   4780166.7614
0.0140   4692159.039769     0.000005442   3860386.8685
0.0160   4005439.926980     0.000008163   3173667.7550
0.0180   3475556.527296     0.000027211   2643784.3567
0.0200   3055339.262820     0.000019048   2223567.0922
0.0400   1231845.828038     0.000013606    400073.6574
0.0600    682005.741831     0.000013606   -149766.4288
0.0800    432547.111488     0.000024490   -399225.0591
0.1000    296646.871931     0.000019048   -535125.2988
0.1200    215269.406500     0.000019048   -616502.7641
0.1400    162699.469393     0.000027211   -669072.7012
0.1600    125529.091027     0.000021769   -706243.0795
0.1800     98007.751153     0.000005442   -733764.4196
0.2000     77478.813422     0.000016327   -754293.3571
0.2400     50395.384745     0.000005442   -781376.7858
0.2800     34186.696779     0.000027211   -797585.4740
0.3200     23681.712095     0.000005442   -808090.4585
0.3600     16961.083022     0.000021769   -814811.0877
0.4000     12343.215878     0.000008163   -819428.9549
0.4500      8466.523201     0.000021769   -823305.6474
0.5000      5941.667852     0.000002721   -825830.5028    -42766.662
0.5500      4139.267168     0.000013606   -827632.9035    -29096.318
0.6000      2947.121425     0.000024490   -828825.0491    -19324.684
0.6500      2146.061407     0.000016327   -829626.1094    -13176.878
0.7000      1591.803481     0.000019048   -830180.3671     -9268.998
0.7500      1196.294687     0.000008163   -830575.8761     -6705.108
0.8000       907.323090     0.000019048   -830864.8475     -4945.548
0.8500       692.720783     0.000010885   -831079.4499     -3697.916
0.9000       531.446855     0.000016327   -831240.7239     -2794.603
0.9500       409.063585     0.000016327   -831363.1072     -2130.937
1.0000       315.407999     0.000027211   -831456.7626     -1637.412
1.1000       187.218388     0.000008163   -831584.9522      -985.248
1.2000       109.359738     0.000024490   -831662.8108      -603.511
1.3000        61.459907     0.000005442   -831710.7107      -372.616
1.4000        32.051416     0.000013606   -831740.1192      -228.760
1.5000        14.104276     0.000027211   -831758.0665      -138.377
1.6000         3.334387     0.000008163   -831768.8362       -81.664
1.7000        -2.961941     0.000027211   -831775.1326       -46.348
1.8000        -6.482399     0.000013606   -831778.6530       -24.581
1.9000        -8.275339     0.000010885   -831780.4459       -11.247
2.0000        -8.409290     0.000008163   -831780.5801        -4.431
2.1000        -8.068446     0.000024490   -831780.2391        -0.321
2.2000        -7.532923     0.000027211   -831779.7036         2.376
2.3000        -6.876929     0.000021769   -831779.0475         4.004
2.4000        -6.078022     0.000008163   -831778.2486         4.831
2.5000        -5.203058     0.000024490   -831777.3738         5.105
2.6000        -3.982880     0.000021769   -831776.1536         4.423
2.7000        -2.984881     0.000008163   -831775.1555         3.893
2.8000        -2.115634     0.000027211   -831774.2864         3.368
2.9000        -1.409444     0.000013606   -831773.5802         3.004
3.0000        -0.774306     0.000013606   -831772.9448         2.636
3.1000        -0.232619     0.000005442   -831772.4033         2.342
3.2000         0.225841     0.000016327   -831771.9448         2.099
3.3000         0.618681     0.000010885   -831771.5519         1.842
3.4000         0.958051     0.000008163   -831771.2126         1.664
3.5000         1.251926     0.000013606   -831770.9187         1.497
3.6000         1.508864     0.000024490   -831770.6618         1.319
3.7000         1.734430     0.000024490   -831770.4362         1.176
3.8000         1.931857     0.000019048   -831770.2389         1.053
3.9000         2.104935     0.000021769   -831770.0656         0.941
4.0000         2.257626     0.000027211   -831769.9129         0.821
5.0000         3.038158     0.000016327   -831769.1325         0.203
6.0000         3.208000     0.000013606   -831768.9627         0.040
7.0000         3.238232     0.000010885   -831768.9325         0.006
8.0000         3.243405     0.000021769   -831768.9273        -0.000
9.0000         3.244309     0.000021769   -831768.9263        -0.001
10.0000         3.244475     0.000024490   -831768.9263        -0.001
100.0000         3.244515     0.000024490   -831768.9263
1000.0000         3.244513     0.000024490   -831768.9263
