0.0020  16441589.987676     0.000027211  15838125.9048
0.0040   8003700.635578     0.000019048   7400236.5536
0.0060   5201026.119967     0.000019048   4597562.0354
0.0080   3807603.037212     0.000016327   3204138.9538
0.0100   2976138.857404     0.000010885   2372674.7742
0.0120   2424217.926695     0.000010885   1820753.8434
0.0140   2031535.105148     0.000021769   1428071.0219
0.0160   1738472.293888     0.000019048   1135008.2108
0.0180   1511789.981734     0.000024490    908325.8985
0.0200   1331730.293197     0.000019048    728266.2101
0.0400    545924.591306     0.000019048    -57539.4919
0.0600    305937.295201     0.000013606   -297526.7880
0.0800    196095.609380     0.000010885   -407368.4738
0.1000    135504.722729     0.000008163   -467959.3605
0.1200     98276.310064     0.000016327   -505187.7732
0.1400     73547.533359     0.000021769   -529916.5500
0.1600     56253.395392     0.000005442   -547210.6879
0.1800     43844.744424     0.000024490   -559619.3387
0.2000     34797.443960     0.000005442   -568666.6394
0.2400     23020.439993     0.000016327   -580443.6431
0.2800     15965.168653     0.000016327   -587498.9146
0.3200     11223.130777     0.000021769   -592240.9523
0.3600      8139.511676     0.000019048   -595324.5716
0.4000      6066.311380     0.000019048   -597397.7717    -42819.061
0.4500      4324.403871     0.000016327   -599139.6793    -28209.128
0.5000      3135.340370     0.000024490   -600328.7427    -20037.963
0.5500      2285.290148     0.000008163   -601178.7930    -14206.845
0.6000      1688.166626     0.000027211   -601775.9166     -9928.311
0.6500      1269.296870     0.000024490   -602194.7863     -7013.988
0.7000       970.413487     0.000019048   -602493.6697     -5062.719
0.7500       752.280564     0.000019048   -602711.8025     -3738.709
0.8000       589.532353     0.000019048   -602874.5509     -2819.863
0.8500       465.569181     0.000024490   -602998.5140     -2171.393
0.9000       369.052686     0.000019048   -603095.0304     -1713.188
0.9500       292.149504     0.000016327   -603171.9336     -1375.538
1.0000       230.468469     0.000013606   -603233.6148     -1098.875
1.1000       143.536266     0.000024490   -603320.5470      -679.112
1.2000        90.509498     0.000019048   -603373.5736      -418.328
1.3000        57.418255     0.000016327   -603406.6648      -266.291
1.4000        35.751529     0.000010885   -603428.3316      -175.085
1.5000        21.233376     0.000016327   -603442.8497      -116.278
1.6000        11.610139     0.000010885   -603452.4730       -76.929
1.7000         5.354893     0.000027211   -603458.7284       -50.684
1.8000         1.289099     0.000024490   -603462.7940       -33.038
1.9000        -1.312479     0.000005442   -603465.3957       -21.165
2.0000        -2.935304     0.000008163   -603467.0186       -13.138
2.1000        -3.904163     0.000013606   -603467.9873        -7.772
2.2000        -4.434647     0.000013606   -603468.5180        -4.075
2.3000        -4.674161     0.000013606   -603468.7574        -1.702
2.4000        -4.721762     0.000010885   -603468.8050        -0.053
2.5000        -4.566614     0.000010885   -603468.6499         0.870
2.6000        -4.318383     0.000008163   -603468.4015         1.475
2.7000        -4.039363     0.000002721   -603468.1226         1.791
2.8000        -3.703226     0.000002721   -603467.7865         1.857
2.9000        -3.358844     0.000010885   -603467.4420         1.846
3.0000        -3.043274     0.000019048   -603467.1264         1.752
3.1000        -2.754705     0.000016327   -603466.8379         1.636
3.2000        -2.492752     0.000024490   -603466.5759         1.522
3.3000        -2.255441     0.000005442   -603466.3386         1.393
3.4000        -2.039619     0.000024490   -603466.1228         1.251
3.5000        -1.829664     0.000013606   -603465.9127         1.105
3.6000        -1.627810     0.000013606   -603465.7111         0.954
3.7000        -1.454591     0.000005442   -603465.5378         0.817
3.8000        -1.306645     0.000019048   -603465.3897         0.688
3.9000        -1.181149     0.000024490   -603465.2643         0.584
4.0000        -1.075359     0.000024490   -603465.1584         0.496
5.0000        -0.627484     0.000010885   -603464.7108         0.087
6.0000        -0.556672     0.000021769   -603464.6398         0.010
7.0000        -0.542440     0.000013606   -603464.6256         0.003
8.0000        -0.537501     0.000008163   -603464.6207         0.001
9.0000        -0.534718     0.000005442   -603464.6180         0.000
10.0000        -0.532758     0.000010885   -603464.6158         0.000
100.0000        -0.520500     0.000013606   -603464.6036
1000.0000        -0.519520     0.000021769   -603464.6028
