0.0020  19801124.875191     0.000019048  19347018.6894
0.0040   9644398.081407     0.000019048   9190291.8957
0.0060   6271634.923927     0.000024490   5817528.7373
0.0080   4590447.637416     0.000013606   4136341.4504
0.0100   3585012.566026     0.000016327   3130906.3795
0.0120   2917717.403171     0.000024490   2463611.2160
0.0140   2443404.356735     0.000016327   1989298.1698
0.0160   2089424.690118     0.000027211   1635318.5031
0.0180   1815777.793923     0.000013606   1361671.6068
0.0200   1598627.845501     0.000021769   1144521.6585
0.0400    654992.444166     0.000013606    200886.2571
0.0600    365971.542246     0.000027211    -88134.6448
0.0800    233850.112212     0.000019048   -220256.0749
0.1000    161079.427743     0.000010885   -293026.7592
0.1200    116808.707173     0.000005442   -337297.4798
0.1400     87603.130561     0.000021769   -366503.0564
0.1600     67140.830722     0.000027211   -386965.3562
0.1800     52407.073435     0.000027211   -401699.1136
0.2000     41610.398026     0.000010885   -412495.7889
0.2400     27633.045523     0.000016327   -426473.1415
0.2800     18949.015527     0.000027211   -435157.1715
0.3200     13314.805581     0.000024490   -440791.3814
0.3600      9609.030528     0.000013606   -444497.1566
0.4000      7072.632473     0.000024490   -447033.5545
0.4500      4969.575000     0.000021769   -449136.6120    -33582.193
0.5000      3550.522095     0.000019048   -450555.6648    -24180.337
0.5500      2537.025341     0.000008163   -451569.1617    -16599.660
0.6000      1852.496982     0.000013606   -452253.6900    -11157.660
0.6500      1388.773130     0.000021769   -452717.4141     -7654.243
0.7000      1065.726493     0.000024490   -453040.4607     -5437.701
0.7500       831.721734     0.000016327   -453274.4653     -4028.964
0.8000       654.999606     0.000010885   -453451.1876     -3093.017
0.8500       518.032467     0.000010885   -453588.1545     -2410.394
0.9000       410.680165     0.000021769   -453695.5070     -1889.716
0.9500       326.316495     0.000013606   -453779.8705     -1487.966
1.0000       260.377334     0.000019048   -453845.8097     -1164.842
1.1000       168.458860     0.000024490   -453937.7282      -717.928
1.2000       111.346836     0.000013606   -453994.8403      -452.099
1.3000        74.965505     0.000021769   -454031.2216      -294.912
1.4000        51.000134     0.000019048   -454055.1870      -198.401
1.5000        34.781816     0.000024490   -454071.4052      -135.431
1.6000        23.655571     0.000016327   -454082.5314       -92.460
1.7000        16.022122     0.000010885   -454090.1650       -62.662
1.8000        10.972538     0.000013606   -454095.2147       -42.239
1.9000         7.581206     0.000019048   -454098.6057       -28.261
2.0000         5.366691     0.000013606   -454100.8205       -18.894
2.1000         4.023676     0.000024490   -454102.1634       -13.003
2.2000         3.128331     0.000016327   -454103.0586        -9.199
2.3000         2.500637     0.000002721   -454103.6864        -6.714
2.4000         2.038398     0.000013606   -454104.1487        -5.113
2.5000         1.739731     0.000002721   -454104.4472        -4.008
2.6000         1.503555     0.000013606   -454104.6834        -3.245
2.7000         1.326798     0.000016327   -454104.8603        -2.608
2.8000         1.170716     0.000016327   -454105.0165        -2.060
2.9000         1.043723     0.000016327   -454105.1433        -1.590
3.0000         0.948162     0.000005442   -454105.2388        -1.146
3.1000         0.883451     0.000021769   -454105.3036        -0.808
3.2000         0.847396     0.000010885   -454105.3397        -0.520
3.3000         0.835374     0.000016327   -454105.3517        -0.265
3.4000         0.842985     0.000008163   -454105.3441        -0.084
3.5000         0.866922     0.000016327   -454105.3202         0.050
3.6000         0.902948     0.000027211   -454105.2842         0.170
3.7000         0.947422     0.000016327   -454105.2396         0.254
3.8000         0.997755     0.000024490   -454105.1893         0.304
3.9000         1.052270     0.000016327   -454105.1348         0.328
4.0000         1.108606     0.000027211   -454105.0785         0.343
5.0000         1.569208     0.000010885   -454104.6178         0.204
6.0000         1.758229     0.000013606   -454104.4287         0.083
7.0000         1.815596     0.000019048   -454104.3716         0.027
8.0000         1.832965     0.000005442   -454104.3541         0.011
9.0000         1.839050     0.000005442   -454104.3479         0.006
10.0000         1.841828     0.000005442   -454104.3452         0.004
100.0000         1.852334     0.000008163   -454104.3348
1000.0000         1.853025     0.000013606   -454104.3340
