0.0020  17076198.262538     0.000024490  16735058.4620
0.0040   8331559.546835     0.000016327   7990419.7458
0.0060   5426281.717912     0.000019048   5085141.9162
0.0080   3975767.855453     0.000021769   3634628.0549
0.0100   3107831.667525     0.000010885   2766691.8660
0.0120   2531311.882783     0.000019048   2190172.0817
0.0140   2120847.469896     0.000024490   1779707.6689
0.0160   1814367.809488     0.000024490   1473228.0083
0.0180   1577338.303631     0.000024490   1236198.5026
0.0200   1388904.859348     0.000013606   1047765.0583
0.0400    569266.076220     0.000021769    228126.2751
0.0600    317888.989279     0.000027211    -23250.8118
0.0800    202944.877767     0.000019048   -138194.9233
0.1000    139547.165614     0.000019048   -201592.6355
0.1200    101090.879405     0.000016327   -240048.9217
0.1400     76235.382164     0.000005442   -264904.4189
0.1600     58775.308527     0.000016327   -282364.4926
0.1800     46018.588566     0.000016327   -295121.2125
0.2000     36606.937167     0.000013606   -304532.8640
0.2400     24197.557460     0.000016327   -316942.2437
0.2800     16831.824804     0.000024490   -324307.9762
0.3200     11994.871843     0.000021769   -329144.9292
0.3600      8670.834822     0.000013606   -332468.9661
0.4000      6461.986093     0.000019048   -334677.8150    -45171.837
0.4500      4636.829416     0.000019048   -336502.9718    -29351.548
0.5000      3420.066002     0.000024490   -337719.7351    -20111.519
0.5500      2567.024310     0.000016327   -338572.7767    -14557.247
0.6000      1934.965270     0.000019048   -339204.8359    -10924.824
0.6500      1466.630156     0.000027211   -339673.1710     -7961.765
0.7000      1121.274430     0.000021769   -340018.5266     -5860.471
0.7500       870.153210     0.000005442   -340269.6478     -4286.469
0.8000       684.515682     0.000027211   -340455.2853     -3206.786
0.8500       543.105360     0.000019048   -340596.6958     -2488.262
0.9000       430.823698     0.000010885   -340708.9774     -2003.511
0.9500       340.931638     0.000010885   -340798.8694     -1603.063
1.0000       269.600027     0.000019048   -340870.2011     -1269.016
1.1000       168.791405     0.000021769   -340971.0098      -785.630
1.2000       105.851231     0.000019048   -341033.9498      -486.386
1.3000        66.445979     0.000016327   -341073.3551      -304.941
1.4000        42.580020     0.000010885   -341097.2211      -195.808
1.5000        27.075317     0.000016327   -341112.7257      -126.853
1.6000        16.992129     0.000016327   -341122.8088       -82.317
1.7000        10.452273     0.000021769   -341129.3488       -53.206
1.8000         6.550349     0.000016327   -341133.2507       -34.552
1.9000         4.236959     0.000021769   -341135.5642       -22.036
2.0000         2.897532     0.000024490   -341136.9035       -13.539
2.1000         2.194419     0.000021769   -341137.6067        -7.887
2.2000         2.120984     0.000019048   -341137.6801        -4.623
2.3000         2.329810     0.000024490   -341137.4712        -2.859
2.4000         2.696785     0.000010885   -341137.1043        -2.082
2.5000         2.989335     0.000010885   -341136.8118        -1.686
2.6000         3.237345     0.000021769   -341136.5637        -1.562
2.7000         3.393487     0.000024490   -341136.4075        -1.441
2.8000         3.473997     0.000013606   -341136.3272        -1.260
2.9000         3.511114     0.000008163   -341136.2899        -1.072
3.0000         3.527680     0.000016327   -341136.2733        -0.815
3.1000         3.539169     0.000005442   -341136.2619        -0.601
3.2000         3.555947     0.000005442   -341136.2450        -0.374
3.3000         3.581197     0.000021769   -341136.2200        -0.172
3.4000         3.616299     0.000013606   -341136.1849        -0.007
3.5000         3.661840     0.000010885   -341136.1392         0.115
3.6000         3.715512     0.000005442   -341136.0856         0.231
3.7000         3.775184     0.000021769   -341136.0260         0.311
3.8000         3.839133     0.000013606   -341135.9620         0.363
3.9000         3.906152     0.000021769   -341135.8948         0.391
4.0000         3.974456     0.000024490   -341135.8265         0.416
5.0000         4.521407     0.000013606   -341135.2796         0.255
6.0000         4.749629     0.000027211   -341135.0515         0.106
7.0000         4.822809     0.000016327   -341134.9783         0.038
8.0000         4.847196     0.000005442   -341134.9538         0.017
9.0000         4.856886     0.000002721   -341134.9443         0.011
10.0000         4.861866     0.000016327   -341134.9391         0.007
100.0000         4.882835     0.000010885   -341134.9182         0.000
1000.0000         4.884209     0.000010885   -341134.9168
