0.0020         0.000000     0.000027211  27261924.0521
0.0040  13571594.059735     0.000013606  12980335.4443
0.0060   8820288.000112     0.000024490   8229029.3833
0.0080   6452239.755888     0.000013606   5860981.1380
0.0100   5036799.652733     0.000021769   4445541.0356
0.0120   4096310.830665     0.000019048   3505052.2145
0.0140   3428198.545559     0.000005442   2836939.9297
0.0160   2930465.217277     0.000016327   2339206.6007
0.0180   2545846.674595     0.000008163   1954588.0581
0.0200   2240578.983179     0.000013606   1649320.3667
0.0400    914856.614681     0.000024490    323597.9982
0.0600    512599.305064     0.000016327    -78659.3115
0.0800    327081.502175     0.000010885   -264177.1144
0.1000    224656.635900     0.000016327   -366601.9807
0.1200    161647.255334     0.000013606   -429611.3614
0.1400    120463.587494     0.000024490   -470795.0291
0.1600     92539.866441     0.000021769   -498718.7500
0.1800     73014.140182     0.000021769   -518244.4763
0.2000     58450.944769     0.000010885   -532807.6718
0.2400     38380.754966     0.000021769   -552877.8617
0.2800     26156.177841     0.000013606   -565102.4388
0.3200     18501.489020     0.000021769   -572757.1274
0.3600     13439.388152     0.000019048   -577819.2283
0.4000      9782.112009     0.000019048   -581476.5045
0.4500      6770.846997     0.000010885   -584487.7695    -47416.855
0.5000      4844.769331     0.000021769   -586413.8474    -31072.422
0.5500      3552.986049     0.000010885   -587705.6306    -21395.228
0.6000      2643.331957     0.000013606   -588615.2847    -15458.061
0.6500      1978.741173     0.000019048   -589279.8754    -11340.259
0.7000      1492.155703     0.000016327   -589766.4609     -8294.992
0.7500      1137.341284     0.000013606   -590121.2752     -6056.225
0.8000       876.984046     0.000008163   -590381.6324     -4447.475
0.8500       684.337107     0.000021769   -590574.2796     -3301.093
0.9000       540.531276     0.000021769   -590718.0853     -2484.760
0.9500       431.530138     0.000016327   -590827.0865     -1909.398
1.0000       346.854182     0.000010885   -590911.7624     -1499.416
1.1000       226.323235     0.000013606   -591032.2934      -945.425
1.2000       150.718113     0.000021769   -591107.8983      -601.278
1.3000       102.674018     0.000019048   -591155.9425      -394.956
1.4000        70.396801     0.000027211   -591188.2198      -266.370
1.5000        48.324920     0.000016327   -591210.2916      -182.624
1.6000        33.003521     0.000016327   -591225.6129      -126.810
1.7000        22.253967     0.000019048   -591236.3625       -88.459
1.8000        14.710285     0.000021769   -591243.9063       -61.407
1.9000         9.513041     0.000013606   -591249.1034       -42.155
2.0000         6.084027     0.000010885   -591252.5326       -28.627
2.1000         3.784153     0.000005442   -591254.8325       -19.013
2.2000         2.283632     0.000019048   -591256.3330       -12.340
2.3000         1.417812     0.000019048   -591257.1988        -7.802
2.4000         0.899701     0.000013606   -591257.7169        -4.801
2.5000         0.599388     0.000016327   -591258.0171        -2.889
2.6000         0.425709     0.000021769   -591258.1910        -1.657
2.7000         0.315840     0.000013606   -591258.3006        -0.996
2.8000         0.234195     0.000013606   -591258.3823        -0.589
2.9000         0.161540     0.000016327   -591258.4549        -0.334
3.0000         0.093985     0.000019048   -591258.5227        -0.186
3.1000         0.031816     0.000024490   -591258.5847        -0.032
3.2000        -0.021516     0.000024490   -591258.6380         0.066
3.3000        -0.061207     0.000019048   -591258.6778         0.175
3.4000        -0.086595     0.000019048   -591258.7031         0.291
3.5000        -0.096911     0.000021769   -591258.7134         0.372
3.6000        -0.091798     0.000016327   -591258.7082         0.446
3.7000        -0.072693     0.000024490   -591258.6892         0.514
3.8000        -0.042559     0.000013606   -591258.6590         0.581
3.9000        -0.002865     0.000013606   -591258.6195         0.602
4.0000         0.073035     0.000008163   -591258.5436         0.610
5.0000         0.835776     0.000021769   -591257.7809         0.379
6.0000         1.273997     0.000021769   -591257.3425         0.134
7.0000         1.408911     0.000013606   -591257.2075         0.043
8.0000         1.448095     0.000005442   -591257.1684         0.013
9.0000         1.460781     0.000008163   -591257.1558         0.004
10.0000         1.466011     0.000019048   -591257.1507         0.002
100.0000         1.484074     0.000010885   -591257.1324
1000.0000         1.485364     0.000021769   -591257.1311
