0.0020  16738078.293548     0.000021769  16005555.7686
0.0040   8150969.834261     0.000016327   7418447.3096
0.0060   5299622.140132     0.000013606   4567099.6151
0.0080   3880913.952686     0.000019048   3148391.4294
0.0100   3033324.581509     0.000019048   2300802.0574
0.0120   2470148.949169     0.000019048   1737626.4252
0.0140   2069383.488634     0.000013606   1336860.9646
0.0160   1770674.520080     0.000019048   1038151.9959
0.0180   1539623.394861     0.000021769    807100.8709
0.0200   1355776.217797     0.000027211    623253.6938
0.0400    555290.658292     0.000021769   -177231.8658
0.0600    311614.752058     0.000016327   -420907.7719
0.0800    200010.670624     0.000027211   -532511.8534
0.1000    137997.020862     0.000013606   -594525.5033
0.1200     99776.282812     0.000021769   -632746.2412
0.1400     74387.034700     0.000019048   -658135.4892
0.1600     56738.140857     0.000024490   -675784.3833
0.1800     44182.291120     0.000021769   -688340.2330
0.2000     35068.470439     0.000021769   -697454.0536
0.2400     23227.437584     0.000008163   -709295.0866
0.2800     16010.099266     0.000019048   -716512.4247
0.3200     11268.406107     0.000013606   -721254.1179
0.3600      8193.878088     0.000008163   -724328.6460
0.4000      6125.121707     0.000021769   -726397.4024    -42828.596
0.4500      4363.767721     0.000010885   -728158.7563    -29068.068
0.5000      3134.867684     0.000016327   -729387.6565    -20533.948
0.5500      2271.807111     0.000008163   -730250.7170    -14319.335
0.6000      1668.706982     0.000013606   -730853.8171    -10052.282
0.6500      1241.351251     0.000013606   -731281.1729     -7208.770
0.7000       932.145383     0.000019048   -731590.3787     -5303.623
0.7500       702.976818     0.000010885   -731819.5474     -3957.427
0.8000       530.440262     0.000016327   -731992.0837     -2999.113
0.8500       399.153306     0.000013606   -732123.3708     -2283.336
0.9000       299.247706     0.000013606   -732223.2763     -1731.456
0.9500       223.585015     0.000016327   -732298.9390     -1306.384
1.0000       166.512445     0.000008163   -732356.0116      -982.951
1.1000        91.540064     0.000024490   -732430.9839      -557.709
1.2000        48.914378     0.000024490   -732473.6097      -320.273
1.3000        24.303665     0.000013606   -732498.2205      -187.797
1.4000         9.831886     0.000013606   -732512.6921      -112.002
1.5000         1.220360     0.000008163   -732521.3037       -66.638
1.6000        -3.833596     0.000019048   -732526.3577       -38.496
1.7000        -6.646639     0.000008163   -732529.1708       -20.367
1.8000        -8.023759     0.000021769   -732530.5479        -8.765
1.9000        -8.361774     0.000024490   -732530.8859        -1.708
2.0000        -7.806337     0.000008163   -732530.3305         1.313
2.1000        -7.177316     0.000021769   -732529.7014         2.938
2.2000        -6.538703     0.000013606   -732529.0627         3.892
2.3000        -5.899787     0.000021769   -732528.4238         4.209
2.4000        -5.061850     0.000013606   -732527.5860         3.729
2.5000        -4.328903     0.000019048   -732526.8529         3.089
2.6000        -3.749246     0.000024490   -732526.2733         2.597
2.7000        -3.288124     0.000013606   -732525.8121         2.186
2.8000        -2.873526     0.000002721   -732525.3976         1.904
2.9000        -2.451869     0.000019048   -732524.9759         1.688
3.0000        -2.082986     0.000021769   -732524.6071         1.466
3.1000        -1.767350     0.000013606   -732524.2915         1.340
3.2000        -1.492948     0.000024490   -732524.0169         1.249
3.3000        -1.249471     0.000024490   -732523.7737         1.162
3.4000        -1.028098     0.000027211   -732523.5522         1.076
3.5000        -0.826331     0.000013606   -732523.3502         1.021
3.6000        -0.641604     0.000005442   -732523.1658         0.973
3.7000        -0.470858     0.000016327   -732522.9949         0.902
3.8000        -0.311970     0.000010885   -732522.8360         0.832
3.9000        -0.164577     0.000005442   -732522.6887         0.777
4.0000        -0.022060     0.000019048   -732522.5462         0.726
5.0000         0.886028     0.000027211   -732521.6381         0.264
6.0000         1.185277     0.000021769   -732521.3388         0.104
7.0000         1.281020     0.000008163   -732521.2430         0.032
8.0000         1.320406     0.000021769   -732521.2035         0.015
9.0000         1.342118     0.000024490   -732521.1820         0.010
10.0000         1.356768     0.000010885   -732521.1674         0.007
100.0000         1.442188     0.000002721   -732521.0819         0.000
1000.0000         1.448697     0.000024490   -732521.0754
