0.0020         0.000000     0.000016327  39619985.2055
0.0040  19727627.069475     0.000016327  18813104.6749
0.0060  12808015.000151     0.000024490  11893492.6060
0.0080   9357980.809882     0.000027211   8443458.4165
0.0100   7294500.801735     0.000016327   6379978.4067
0.0120   5925586.982195     0.000008163   5011064.5886
0.0140   4954172.073287     0.000019048   4039649.6786
0.0160   4230287.390223     0.000019048   3315764.9955
0.0180   3671396.076893     0.000021769   2756873.6841
0.0200   3227646.471765     0.000019048   2313124.0782
0.0400   1299744.320350     0.000021769    385221.9267
0.0600    716864.146641     0.000019048   -197658.2470
0.0800    454347.793684     0.000010885   -460174.6000
0.1000    311159.942941     0.000013606   -603362.4507
0.1200    224617.586902     0.000010885   -689904.8069
0.1400    168687.145150     0.000010885   -745835.2484
0.1600    129241.426541     0.000005442   -785280.9670
0.1800    100575.504201     0.000021769   -813946.8894
0.2000     79462.282629     0.000021769   -835060.1111
0.2400     51830.593486     0.000019048   -862691.8002
0.2800     34991.570323     0.000024490   -879530.8232
0.3200     24270.973885     0.000013606   -890251.4199
0.3600     17340.686377     0.000005442   -897181.7072
0.4000     12633.578674     0.000021769   -901888.8150
0.4500      8759.247037     0.000008163   -905763.1467
0.5000      6108.677651     0.000021769   -908413.7160    -43410.790
0.5500      4349.171926     0.000027211   -910173.2217    -28188.889
0.6000      3189.903758     0.000016327   -911332.4900    -18951.004
0.6500      2393.181281     0.000013606   -912129.2125    -13348.123
0.7000      1821.793498     0.000016327   -912700.6001     -9739.476
0.7500      1400.896194     0.000019048   -913121.4975     -7233.315
0.8000      1086.864471     0.000016327   -913435.5293     -5419.108
0.8500       850.811627     0.000024490   -913671.5822     -4087.712
0.9000       672.106071     0.000027211   -913850.2876     -3107.574
0.9500       535.655076     0.000019048   -913986.7386     -2385.226
1.0000       430.377360     0.000021769   -914092.0162     -1851.203
1.1000       283.313596     0.000019048   -914239.0802     -1155.235
1.2000       189.681602     0.000016327   -914332.7121      -750.586
1.3000       128.146823     0.000016327   -914394.2469      -497.699
1.4000        87.173171     0.000019048   -914435.2205      -332.509
1.5000        59.715202     0.000016327   -914462.6784      -223.586
1.6000        41.177079     0.000019048   -914481.2167      -151.713
1.7000        28.601789     0.000008163   -914493.7919      -104.796
1.8000        19.860139     0.000013606   -914502.5336       -73.732
1.9000        13.712446     0.000005442   -914508.6812       -53.400
2.0000         9.209313     0.000019048   -914513.1844       -39.348
2.1000         5.853751     0.000019048   -914516.5398       -29.365
2.2000         3.470400     0.000005442   -914518.9233       -22.132
2.3000         1.744680     0.000019048   -914520.6490       -16.732
2.4000         0.450550     0.000002721   -914521.9432       -12.597
2.5000        -0.513740     0.000002721   -914522.9073        -9.342
2.6000        -1.219500     0.000024490   -914523.6132        -6.866
2.7000        -1.722209     0.000010885   -914524.1157        -4.913
2.8000        -2.052120     0.000016327   -914524.4458        -3.472
2.9000        -2.268802     0.000008163   -914524.6624        -2.327
3.0000        -2.399487     0.000008163   -914524.7930        -1.496
3.1000        -2.463676     0.000008163   -914524.8573        -0.838
3.2000        -2.478400     0.000024490   -914524.8720        -0.349
3.3000        -2.456250     0.000010885   -914524.8499        -0.018
3.4000        -2.405955     0.000024490   -914524.7996         0.242
3.5000        -2.330893     0.000024490   -914524.7245         0.417
3.6000        -2.237860     0.000027211   -914524.6314         0.501
3.7000        -2.137700     0.000013606   -914524.5313         0.565
3.8000        -2.035102     0.000010885   -914524.4287         0.595
3.9000        -1.933683     0.000024490   -914524.3275         0.591
4.0000        -1.835071     0.000024490   -914524.2287         0.569
5.0000        -1.177004     0.000013606   -914523.5707         0.229
6.0000        -0.949376     0.000021769   -914523.3429         0.075
7.0000        -0.864909     0.000005442   -914523.2586         0.041
8.0000        -0.823839     0.000008163   -914523.2175         0.023
9.0000        -0.798782     0.000005442   -914523.1925         0.017
10.0000        -0.781204     0.000027211   -914523.1748         0.012
100.0000        -0.677912     0.000027211   -914523.0716         0.000
1000.0000        -0.670124     0.000013606   -914523.0638
