0.0020   5725973.430953     0.000027211   5623015.1534
0.0040   2803787.234318     0.000013606   2700828.9566
0.0060   1831045.696391     0.000021769   1728087.4186
0.0080   1346179.999548     0.000021769   1243221.7217
0.0100   1056257.995469     0.000021769    953299.7178
0.0120    863518.295678     0.000024490    760560.0178
0.0140    726163.121554     0.000024490    623204.8439
0.0160    623475.400647     0.000013606    520517.1229
0.0180    543958.297009     0.000024490    441000.0193
0.0200    480635.861708     0.000010885    377677.5841
0.0400    201581.272218     0.000008163     98622.9945
0.0600    115227.240316     0.000021769     12268.9626
0.0800     74897.771087     0.000013606    -28060.5067
0.1000     52273.768502     0.000019048    -50684.5092
0.1200     38338.435825     0.000021769    -64619.8419
0.1400     29131.740883     0.000024490    -73826.5369
0.1600     22664.863912     0.000005442    -80293.4138
0.1800     17927.685872     0.000021769    -85030.5919
0.2000     14384.452477     0.000010885    -88573.8253
0.2400      9637.670566     0.000019048    -93320.6072
0.2800      6775.608403     0.000013606    -96182.6693
0.3200      4970.512101     0.000024490    -97987.7656    -36087.765
0.3600      3726.259688     0.000013606    -99232.0180    -28601.944
0.4000      2757.506790     0.000013606   -100200.7710    -20135.502
0.4500      1945.431847     0.000016327   -101012.8459    -12915.165
0.5000      1419.320551     0.000019048   -101538.9572     -8483.166
0.5500      1067.938994     0.000021769   -101890.3387     -5787.836
0.6000       823.676129     0.000010885   -102134.6016     -4146.410
0.6500       644.864852     0.000016327   -102313.4129     -3084.839
0.7000       509.772883     0.000010885   -102448.5049     -2355.590
0.7500       405.384137     0.000021769   -102552.8936     -1843.829
0.8000       323.214387     0.000013606   -102635.0634     -1463.329
0.8500       258.076989     0.000016327   -102700.2007     -1161.023
0.9000       206.548675     0.000027211   -102751.7291      -911.563
0.9500       166.452357     0.000010885   -102791.8254      -710.222
1.0000       135.484844     0.000016327   -102822.7929      -551.282
1.1000        91.598487     0.000021769   -102866.6793      -355.607
1.2000        61.312048     0.000013606   -102896.9657      -240.469
1.3000        41.556226     0.000021769   -102916.7215      -160.915
1.4000        28.198236     0.000010885   -102930.0795      -109.522
1.5000        19.071371     0.000027211   -102939.2064       -74.848
1.6000        12.998729     0.000016327   -102945.2790       -51.141
1.7000         8.942829     0.000019048   -102949.3349       -34.759
1.8000         6.214335     0.000024490   -102952.0634       -23.382
1.9000         4.400339     0.000027211   -102953.8774       -15.580
2.0000         3.207328     0.000016327   -102955.0704       -10.297
2.1000         2.498480     0.000005442   -102955.7793        -6.856
2.2000         2.034226     0.000013606   -102956.2435        -4.663
2.3000         1.713344     0.000024490   -102956.5644        -3.268
2.4000         1.471788     0.000016327   -102956.8060        -2.455
2.5000         1.270965     0.000024490   -102957.0068        -1.948
2.6000         1.091868     0.000016327   -102957.1859        -1.610
2.7000         0.928298     0.000008163   -102957.3494        -1.369
2.8000         0.781223     0.000019048   -102957.4965        -1.158
2.9000         0.652216     0.000021769   -102957.6255        -0.968
3.0000         0.545436     0.000024490   -102957.7323        -0.796
3.1000         0.460332     0.000024490   -102957.8174        -0.630
3.2000         0.396696     0.000019048   -102957.8811        -0.472
3.3000         0.353103     0.000016327   -102957.9246        -0.355
3.4000         0.327595     0.000013606   -102957.9501        -0.229
3.5000         0.317059     0.000010885   -102957.9607        -0.126
3.6000         0.318316     0.000010885   -102957.9594        -0.041
3.7000         0.330101     0.000024490   -102957.9476         0.019
3.8000         0.350140     0.000016327   -102957.9276         0.065
3.9000         0.375863     0.000013606   -102957.9019         0.111
4.0000         0.405869     0.000019048   -102957.8719         0.150
5.0000         0.736411     0.000027211   -102957.5413         0.160
6.0000         0.930113     0.000019048   -102957.3476         0.082
7.0000         1.008871     0.000008163   -102957.2689         0.030
8.0000         1.039644     0.000008163   -102957.2381         0.011
9.0000         1.053236     0.000013606   -102957.2245         0.005
10.0000         1.060654     0.000005442   -102957.2171         0.002
100.0000         1.094184     0.000016327   -102957.1836
1000.0000         1.096581     0.000005442   -102957.1811
