0.0020  14960876.410826     0.000024490  14628291.5839
0.0040   7291047.759788     0.000019048   6958462.9328
0.0060   4746750.222315     0.000021769   4414165.3953
0.0080   3478142.276571     0.000019048   3145557.4496
0.0100   2719323.625302     0.000010885   2386738.7976
0.0120   2215237.712522     0.000024490   1882652.8848
0.0140   1856884.339885     0.000024490   1524299.5123
0.0160   1589328.904858     0.000024490   1256744.0772
0.0180   1382235.978601     0.000016327   1049651.1509
0.0200   1217537.161476     0.000019048    884952.3339
0.0400    501428.844214     0.000008163    168844.0165
0.0600    281062.866429     0.000021769    -51521.9613
0.0800    179858.253632     0.000024490   -152726.5741
0.1000    123898.312275     0.000008163   -208686.5154
0.1200     89716.030009     0.000010885   -242868.7977
0.1400     67561.959427     0.000024490   -265022.8683
0.1600     52324.685516     0.000019048   -280260.1423
0.1800     41109.733818     0.000013606   -291475.0938
0.2000     32732.094024     0.000016327   -299852.7335
0.2400     21629.304941     0.000013606   -310955.5227
0.2800     15015.092560     0.000024490   -317569.7352
0.3200     10821.491494     0.000010885   -321763.3363
0.3600      7854.825975     0.000021769   -324730.0018
0.4000      5792.515138     0.000024490   -326792.3125    -42316.779
0.4500      4089.859023     0.000010885   -328494.9687    -27185.577
0.5000      2971.702850     0.000013606   -329613.1249    -18275.868
0.5500      2206.975614     0.000013606   -330377.8520    -12739.271
0.6000      1662.031798     0.000024490   -330922.7958     -9356.795
0.6500      1253.849568     0.000016327   -331330.9782     -7053.727
0.7000       949.922087     0.000008163   -331634.9055     -5183.938
0.7500       728.369799     0.000021769   -331856.4580     -3767.275
0.8000       567.120729     0.000016327   -332017.7070     -2757.525
0.8500       448.039393     0.000027211   -332136.7882     -2052.224
0.9000       358.459875     0.000024490   -332226.3678     -1555.659
0.9500       289.836054     0.000013606   -332294.9917     -1200.901
1.0000       236.375819     0.000008163   -332348.4518      -943.351
1.1000       160.494351     0.000024490   -332424.3335      -611.421
1.2000       111.105022     0.000024490   -332473.7227      -413.398
1.3000        77.478679     0.000021769   -332507.3489      -275.466
1.4000        54.986150     0.000021769   -332529.8416      -181.809
1.5000        39.932152     0.000021769   -332544.8954      -123.367
1.6000        29.336220     0.000010885   -332555.4916       -88.769
1.7000        21.758649     0.000024490   -332563.0691       -66.640
1.8000        16.078370     0.000019048   -332568.7492       -50.677
1.9000        11.752401     0.000013606   -332573.0753       -38.505
2.0000         8.470314     0.000024490   -332576.3573       -28.993
2.1000         6.012244     0.000013606   -332578.8155       -21.484
2.2000         4.201257     0.000021769   -332580.6265       -15.675
2.3000         2.892280     0.000013606   -332581.9353       -11.178
2.4000         1.968456     0.000019048   -332582.8592        -7.801
2.5000         1.334994     0.000013606   -332583.4926        -5.232
2.6000         0.918605     0.000016327   -332583.9090        -3.359
2.7000         0.661871     0.000021769   -332584.1658        -1.961
2.8000         0.521953     0.000013606   -332584.3057        -0.972
2.9000         0.466341     0.000024490   -332584.3612        -0.248
3.0000         0.471244     0.000002721   -332584.3563         0.261
3.1000         0.580661     0.000000000   -332584.2469         0.533
3.2000         0.704743     0.000019048   -332584.1228         0.718
3.3000         0.836021     0.000016327   -332583.9917         0.827
3.4000         0.969879     0.000024490   -332583.8578         0.871
3.5000         1.102731     0.000013606   -332583.7250         0.886
3.6000         1.231416     0.000021769   -332583.5963         0.873
3.7000         1.354064     0.000008163   -332583.4736         0.843
3.8000         1.470120     0.000000000   -332583.3577         0.798
3.9000         1.579162     0.000021769   -332583.2485         0.752
4.0000         1.680399     0.000016327   -332583.1473         0.694
5.0000         2.364178     0.000005442   -332582.4635         0.264
6.0000         2.625119     0.000016327   -332582.2025         0.136
7.0000         2.746375     0.000002721   -332582.0815         0.063
8.0000         2.818080     0.000021769   -332582.0096         0.042
9.0000         2.866783     0.000013606   -332581.9609         0.029
10.0000         2.902514     0.000010885   -332581.9253         0.023
100.0000         3.128750     0.000010885   -332581.6989         0.000
1000.0000         3.146707     0.000013606   -332581.6809
