0.0020   9409527.784841     0.000016327   9123836.9863
0.0040   4588641.386071     0.000024490   4302950.5885
0.0060   2987781.814241     0.000016327   2702091.0154
0.0080   2191489.856756     0.000008163   1905799.0577
0.0100   1715773.367665     0.000005442   1430082.5688
0.0120   1400070.484505     0.000024490   1114379.6855
0.0140   1175273.443157     0.000016327    889582.6443
0.0160   1007183.591467     0.000019048    721492.7926
0.0180    877086.643068     0.000024490    591395.8442
0.0200    773575.851562     0.000016327    487885.0527
0.0400    321447.017938     0.000013606     35756.2190
0.0600    181417.424730     0.000021769   -104273.3742
0.0800    116584.401274     0.000010885   -169106.3976
0.1000     80897.157960     0.000016327   -204793.6409
0.1200     58748.093248     0.000027211   -226942.7057
0.1400     44093.368471     0.000021769   -241597.4304
0.1600     34051.273492     0.000010885   -251639.5254
0.1800     26948.807830     0.000024490   -258741.9911
0.2000     21764.081990     0.000019048   -263926.7169
0.2400     14483.584142     0.000024490   -271207.2148
0.2800      9946.433022     0.000016327   -275744.3659
0.3200      7062.440714     0.000024490   -278628.3581
0.3600      5162.128286     0.000019048   -280528.6706    -38717.716
0.4000      3871.254316     0.000027211   -281819.5447    -26830.134
0.4500      2750.826381     0.000019048   -282939.9725    -18738.349
0.5000      1962.315302     0.000013606   -283728.4837    -13039.857
0.5500      1421.405714     0.000019048   -284269.3932     -8884.118
0.6000      1051.787551     0.000021769   -284639.0113     -6108.067
0.6500       794.851062     0.000024490   -284895.9478     -4300.321
0.7000       610.980862     0.000027211   -285079.8179     -3137.299
0.7500       473.390196     0.000024490   -285217.4088     -2404.571
0.8000       366.450147     0.000024490   -285324.3488     -1896.170
0.8500       282.431936     0.000013606   -285408.3670     -1484.604
0.9000       217.269223     0.000010885   -285473.5296     -1141.292
0.9500       167.601268     0.000008163   -285523.1977      -863.457
1.0000       130.236990     0.000008163   -285560.5619      -646.514
1.1000        81.249898     0.000021769   -285609.5490      -363.748
1.2000        52.324682     0.000019048   -285638.4742      -219.381
1.3000        34.748071     0.000010885   -285656.0508      -146.072
1.4000        23.299518     0.000005442   -285667.4995       -97.297
1.5000        15.857261     0.000019048   -285674.9415       -64.375
1.6000        11.102127     0.000019048   -285679.6967       -42.541
1.7000         7.978406     0.000021769   -285682.8206       -27.811
1.8000         5.971465     0.000008163   -285684.8274       -17.766
1.9000         5.001493     0.000021769   -285685.7975       -11.424
2.0000         4.523690     0.000013606   -285686.2753        -7.290
2.1000         4.483026     0.000008163   -285686.3159        -4.946
2.2000         4.634993     0.000021769   -285686.1640        -3.712
2.3000         4.735975     0.000008163   -285686.0628        -2.910
2.4000         4.831011     0.000021769   -285685.9678        -2.588
2.5000         4.849718     0.000005442   -285685.9491        -2.403
2.6000         4.790131     0.000027211   -285686.0087        -2.210
2.7000         4.683492     0.000024490   -285686.1153        -2.064
2.8000         4.556948     0.000016327   -285686.2419        -1.792
2.9000         4.430538     0.000008163   -285686.3684        -1.530
3.0000         4.328528     0.000021769   -285686.4704        -1.260
3.1000         4.252880     0.000016327   -285686.5461        -0.978
3.2000         4.189845     0.000005442   -285686.6089        -0.729
3.3000         4.141623     0.000013606   -285686.6574        -0.537
3.4000         4.107952     0.000024490   -285686.6908        -0.340
3.5000         4.097348     0.000016327   -285686.7015        -0.176
3.6000         4.108807     0.000005442   -285686.6900        -0.047
3.7000         4.132271     0.000024490   -285686.6666         0.037
3.8000         4.165126     0.000019048   -285686.6337         0.111
3.9000         4.204280     0.000016327   -285686.5945         0.172
4.0000         4.247206     0.000010885   -285686.5518         0.213
5.0000         4.656920     0.000027211   -285686.1420         0.177
6.0000         4.848350     0.000016327   -285685.9504         0.078
7.0000         4.911575     0.000005442   -285685.8873         0.025
8.0000         4.932071     0.000016327   -285685.8669         0.010
9.0000         4.939701     0.000002721   -285685.8593         0.005
10.0000         4.943396     0.000019048   -285685.8555         0.002
100.0000         4.958852     0.000021769   -285685.8399
1000.0000         4.959941     0.000019048   -285685.8389
