0.0020  17893728.071826     0.000016327  17442062.9229
0.0040   8719553.749481     0.000024490   8267888.6010
0.0060   5674629.676660     0.000024490   5222964.5266
0.0080   4156948.759368     0.000027211   3705283.6093
0.0100   3249331.129578     0.000016327   2797665.9804
0.0120   2646643.713988     0.000013606   2194978.5650
0.0140   2218311.595590     0.000027211   1766646.4465
0.0160   1898580.571145     0.000019048   1446915.4222
0.0180   1651350.606986     0.000024490   1199685.4579
0.0200   1454839.389337     0.000008163   1003174.2403
0.0400    600551.468920     0.000013606    148886.3199
0.0600    337383.005144     0.000016327   -114282.1439
0.0800    215596.334013     0.000010885   -236068.8150
0.1000    148284.757512     0.000013606   -303380.3914
0.1200    107425.972976     0.000013606   -344239.1760
0.1400     80653.528225     0.000021769   -371011.6209
0.1600     61828.706375     0.000016327   -389836.4426
0.1800     48235.382923     0.000019048   -403429.7662
0.2000     38318.750586     0.000016327   -413346.3984
0.2400     25493.580612     0.000005442   -426171.5685
0.2800     17821.293575     0.000008163   -433843.8554
0.3200     12588.969329     0.000024490   -439076.1796
0.3600      9137.180309     0.000010885   -442527.9689
0.4000      6763.634078     0.000024490   -444901.5150    -49440.165
0.4500      4754.335065     0.000019048   -446910.8140    -32322.414
0.5000      3406.906143     0.000016327   -448258.2429    -22649.711
0.5500      2438.529674     0.000021769   -449226.6194    -16214.698
0.6000      1762.313512     0.000021769   -449902.8354    -11120.986
0.6500      1298.968898     0.000027211   -450366.1802     -7642.851
0.7000       978.217525     0.000010885   -450686.9315     -5342.405
0.7500       751.535170     0.000024490   -450913.6139     -3825.733
0.8000       587.077621     0.000019048   -451078.0714     -2816.200
0.8500       464.442725     0.000019048   -451200.7064     -2127.824
0.9000       370.814638     0.000027211   -451294.3345     -1640.111
0.9500       298.173040     0.000019048   -451366.9759     -1279.850
1.0000       241.430303     0.000005442   -451423.7187     -1005.925
1.1000       162.055667     0.000013606   -451503.0933      -637.575
1.2000       110.843815     0.000010885   -451554.3051      -415.478
1.3000        76.227243     0.000019048   -451588.9218      -281.329
1.4000        52.389693     0.000021769   -451612.7593      -191.997
1.5000        36.292157     0.000021769   -451628.8570      -131.386
1.6000        25.339053     0.000019048   -451639.8101       -91.287
1.7000        17.791932     0.000016327   -451647.3572       -64.024
1.8000        12.497348     0.000021769   -451652.6517       -44.885
1.9000         8.790519     0.000019048   -451656.3585       -31.390
2.0000         6.212443     0.000016327   -451658.9367       -21.764
2.1000         4.436290     0.000024490   -451660.7128       -14.928
2.2000         3.227051     0.000010885   -451661.9221       -10.149
2.3000         2.413874     0.000016327   -451662.7352        -6.771
2.4000         1.873254     0.000024490   -451663.2759        -4.488
2.5000         1.516497     0.000016327   -451663.6326        -2.922
2.6000         1.280821     0.000008163   -451663.8683        -1.910
2.7000         1.122837     0.000008163   -451664.0261        -1.239
2.8000         1.037026     0.000016327   -451664.1121        -0.849
2.9000         0.979855     0.000013606   -451664.1692        -0.615
3.0000         0.932369     0.000013606   -451664.2166        -0.461
3.1000         0.890779     0.000021769   -451664.2582        -0.363
3.2000         0.853687     0.000019048   -451664.2955        -0.286
3.3000         0.820957     0.000016327   -451664.3281        -0.230
3.4000         0.792423     0.000010885   -451664.3567        -0.183
3.5000         0.767925     0.000010885   -451664.3812        -0.131
3.6000         0.747532     0.000008163   -451664.4016        -0.111
3.7000         0.731042     0.000008163   -451664.4179        -0.082
3.8000         0.718005     0.000027211   -451664.4310        -0.054
3.9000         0.708008     0.000024490   -451664.4411        -0.037
4.0000         0.700775     0.000021769   -451664.4484        -0.022
5.0000         0.701050     0.000008163   -451664.4481         0.024
6.0000         0.718686     0.000002721   -451664.4304         0.009
7.0000         0.724694     0.000021769   -451664.4245         0.002
8.0000         0.726106     0.000005442   -451664.4228        -0.000
9.0000         0.726395     0.000005442   -451664.4226        -0.000
10.0000         0.726441     0.000005442   -451664.4226        -0.000
100.0000         0.726457     0.000005442   -451664.4226
1000.0000         0.726457     0.000005442   -451664.4226
