0.0020         0.000000     0.000027211  37599139.9701
0.0040  18741026.770626     0.000016327  17790291.1059
0.0060  12162402.852515     0.000027211  11211667.1872
0.0080   8889068.225958     0.000024490   7938332.5623
0.0100   6933318.433092     0.000013606   5982582.7687
0.0120   5634388.143220     0.000021769   4683652.4787
0.0140   4710534.530924     0.000013606   3759798.8683
0.0160   4022380.023607     0.000019048   3071644.3591
0.0180   3490897.389543     0.000019048   2540161.7256
0.0200   3068892.705130     0.000016327   2118157.0411
0.0400   1236329.604179     0.000016327    285593.9403
0.0600    681590.039043     0.000024490   -269145.6249
0.0800    431460.185358     0.000027211   -519275.4786
0.1000    295023.527482     0.000019048   -655712.1365
0.1200    211633.038227     0.000019048   -739102.6258
0.1400    158160.446194     0.000019048   -792575.2176
0.1600    121239.841510     0.000016327   -829495.8223
0.1800     94246.061060     0.000024490   -856489.6028
0.2000     74401.002046     0.000016327   -876334.6619
0.2400     48661.803858     0.000005442   -902073.8602
0.2800     33273.412891     0.000005442   -917462.2510
0.3200     23070.024828     0.000016327   -927665.6390
0.3600     16596.275077     0.000008163   -934139.3888
0.4000     12256.671391     0.000019048   -938478.9926
0.4500      8633.696886     0.000008163   -942101.9671
0.5000      6172.339996     0.000016327   -944563.3238    -41134.529
0.5500      4460.430728     0.000016327   -946275.2333    -28148.240
0.6000      3279.456569     0.000008163   -947456.2073    -19676.377
0.6500      2442.346010     0.000016327   -948293.3180    -14155.538
0.7000      1833.233392     0.000021769   -948902.4304    -10420.597
0.7500      1381.546107     0.000010885   -949354.1179     -7756.399
0.8000      1044.861067     0.000010885   -949690.8028     -5770.169
0.8500       795.200073     0.000024490   -949940.4638     -4278.123
0.9000       610.286931     0.000016327   -950125.3770     -3174.700
0.9500       473.004037     0.000016327   -950262.6598     -2364.532
1.0000       370.522088     0.000019048   -950365.1418     -1783.321
1.1000       232.689287     0.000016327   -950502.9746     -1064.867
1.2000       147.580846     0.000024490   -950588.0831      -679.976
1.3000        92.966205     0.000010885   -950642.6977      -429.912
1.4000        58.629320     0.000019048   -950677.0347      -266.785
1.5000        36.822676     0.000013606   -950698.8414      -167.998
1.6000        23.243795     0.000016327   -950712.4201      -105.374
1.7000        15.373965     0.000027211   -950720.2899       -68.495
1.8000        10.932570     0.000024490   -950724.7314       -47.676
1.9000         8.170390     0.000019048   -950727.4936       -35.052
2.0000         6.121900     0.000019048   -950729.5421       -25.986
2.1000         4.574630     0.000013606   -950731.0893       -19.096
2.2000         3.486485     0.000010885   -950732.1775       -13.881
2.3000         2.798981     0.000010885   -950732.8649       -10.015
2.4000         2.384932     0.000021769   -950733.2790        -7.111
2.5000         2.115917     0.000019048   -950733.5479        -4.968
2.6000         2.031132     0.000024490   -950733.6328        -3.501
2.7000         2.086466     0.000024490   -950733.5775        -2.633
2.8000         2.121096     0.000019048   -950733.5427        -2.043
2.9000         2.117447     0.000005442   -950733.5465        -1.645
3.0000         2.078151     0.000010885   -950733.5857        -1.499
3.1000         2.008098     0.000016327   -950733.6559        -1.273
3.2000         1.935555     0.000013606   -950733.7283        -1.219
3.3000         1.858658     0.000019048   -950733.8053        -1.126
3.4000         1.768654     0.000002721   -950733.8954        -0.974
3.5000         1.676021     0.000019048   -950733.9879        -0.880
3.6000         1.588384     0.000005442   -950734.0755        -0.768
3.7000         1.510905     0.000024490   -950734.1531        -0.631
3.8000         1.445121     0.000008163   -950734.2189        -0.512
3.9000         1.391920     0.000008163   -950734.2720        -0.424
4.0000         1.352230     0.000010885   -950734.3117        -0.335
5.0000         1.407553     0.000013606   -950734.2565         0.064
6.0000         1.622545     0.000021769   -950734.0415         0.062
7.0000         1.726724     0.000010885   -950733.9373         0.029
8.0000         1.764991     0.000013606   -950733.8989         0.010
9.0000         1.778523     0.000005442   -950733.8853         0.001
10.0000         1.783759     0.000010885   -950733.8801         0.001
100.0000         1.797862     0.000008163   -950733.8660
1000.0000         1.798820     0.000016327   -950733.8652
