0.0020   9706015.260545     0.000016327   9234505.2141
0.0040   4729772.268209     0.000024490   4258262.2217
0.0060   3075946.529614     0.000016327   2604436.4832
0.0080   2253154.749299     0.000013606   1781644.7029
0.0100   1761817.077615     0.000008163   1290307.0313
0.0120   1435985.759497     0.000008163    964475.7132
0.0140   1204493.578627     0.000016327    732983.5322
0.0160   1031885.728172     0.000019048    560375.6819
0.0180    898212.923575     0.000021769    426702.8773
0.0200    791759.104054     0.000027211    320249.0577
0.0400    328474.618897     0.000019048   -143035.4274
0.0600    185028.261535     0.000010885   -286481.7847
0.0800    119243.288506     0.000024490   -352266.7577
0.1000     82768.859055     0.000019048   -388741.1872
0.1200     60067.976659     0.000016327   -411442.0695
0.1400     45188.857295     0.000021769   -426321.1890
0.1600     35059.219876     0.000024490   -436450.8263
0.1800     27689.760097     0.000016327   -443820.2862
0.2000     22103.862433     0.000016327   -449406.1839
0.2400     14570.870126     0.000013606   -456939.1762
0.2800     10033.221125     0.000024490   -461476.8253
0.3200      7179.351048     0.000019048   -464330.6953
0.3600      5282.208362     0.000019048   -466227.8379    -39315.601
0.4000      3941.456213     0.000024490   -467568.5902    -28442.715
0.4500      2769.537413     0.000021769   -468740.5088    -19011.745
0.5000      1988.323274     0.000019048   -469521.7229    -12683.331
0.5500      1463.776255     0.000005442   -470046.2700     -8610.033
0.6000      1103.152832     0.000027211   -470406.8933     -6014.896
0.6500       846.907432     0.000010885   -470663.1390     -4363.105
0.7000       657.086690     0.000008163   -470852.9597     -3309.206
0.7500       510.588136     0.000010885   -470999.4582     -2585.895
0.8000       396.259889     0.000024490   -471113.7863     -2006.988
0.8500       308.008684     0.000021769   -471202.0375     -1541.166
0.9000       240.335346     0.000024490   -471269.7109     -1180.501
0.9500       188.438751     0.000013606   -471321.6077      -906.565
1.0000       148.621208     0.000019048   -471361.4250      -701.084
1.1000        93.581357     0.000010885   -471416.4650      -429.582
1.2000        59.265874     0.000019048   -471450.7804      -271.166
1.3000        37.312212     0.000024490   -471472.7341      -175.443
1.4000        23.002068     0.000016327   -471487.0443      -115.273
1.5000        13.569953     0.000021769   -471496.4763       -76.144
1.6000         7.367257     0.000024490   -471502.6791       -50.510
1.7000         3.250548     0.000010885   -471506.7956       -33.347
1.8000         0.530298     0.000019048   -471509.5160       -21.703
1.9000        -1.222328     0.000021769   -471511.2687       -13.699
2.0000        -2.264043     0.000021769   -471512.3103        -8.484
2.1000        -2.722370     0.000027211   -471512.7685        -5.215
2.2000        -2.950861     0.000019048   -471512.9971        -3.131
2.3000        -3.041630     0.000016327   -471513.0880        -1.836
2.4000        -3.057209     0.000021769   -471513.1035        -1.052
2.5000        -3.034555     0.000024490   -471513.0809        -0.567
2.6000        -2.995863     0.000019048   -471513.0420        -0.285
2.7000        -2.952722     0.000016327   -471512.9990        -0.105
2.8000        -2.910191     0.000013606   -471512.9566         0.004
2.9000        -2.870979     0.000013606   -471512.9174         0.061
3.0000        -2.835931     0.000010885   -471512.8823         0.097
3.1000        -2.804643     0.000016327   -471512.8510         0.112
3.2000        -2.777171     0.000016327   -471512.8235         0.121
3.3000        -2.753382     0.000016327   -471512.7996         0.120
3.4000        -2.732582     0.000010885   -471512.7789         0.114
3.5000        -2.714516     0.000013606   -471512.7609         0.111
3.6000        -2.698886     0.000024490   -471512.7451         0.099
3.7000        -2.685493     0.000016327   -471512.7318         0.089
3.8000        -2.674067     0.000013606   -471512.7204         0.083
3.9000        -2.664284     0.000027211   -471512.7106         0.073
4.0000        -2.655908     0.000016327   -471512.7021         0.063
5.0000        -2.618964     0.000021769   -471512.6651         0.015
6.0000        -2.613263     0.000016327   -471512.6594         0.002
7.0000        -2.612504     0.000008163   -471512.6589         0.000
8.0000        -2.612408     0.000008163   -471512.6586        -0.000
9.0000        -2.612395     0.000008163   -471512.6586        -0.000
10.0000        -2.612392     0.000008163   -471512.6586        -0.000
100.0000        -2.612395     0.000008163   -471512.6586
1000.0000        -2.612392     0.000016327   -471512.6586
