0.0020    935908.568736     0.000024490    926096.4922
0.0040    461408.389544     0.000008163    451596.3130
0.0060    303363.526024     0.000021769    293551.4493
0.0080    224363.726577     0.000016327    214551.6500
0.0100    176983.943391     0.000010885    167171.8668
0.0120    145439.703234     0.000021769    135627.6266
0.0140    122937.249717     0.000008163    113125.1731
0.0160    106082.498558     0.000008163     96270.4220
0.0180     92993.211778     0.000005442     83181.1352
0.0200     82539.619520     0.000005442     72727.5429
0.0400     36124.491467     0.000021769     26312.4149
0.0600     21236.089997     0.000013606     11424.0134
0.0800     14117.357604     0.000021769      4305.2810
0.1000     10074.073626     0.000024490       261.9970
0.1200      7546.849082     0.000013606     -2265.2275
0.1400      5860.251538     0.000019048     -3951.8250
0.1600      4674.644794     0.000010885     -5137.4318    -50316.403
0.1800      3801.433687     0.000021769     -6010.6429    -37870.201
0.2000      3133.104228     0.000024490     -6678.9724    -29492.324
0.2400      2180.757018     0.000016327     -7631.3196    -19062.606
0.2800      1555.266438     0.000021769     -8256.8101    -12695.248
0.3200      1134.517844     0.000016327     -8677.5587     -8622.180
0.3600       846.342262     0.000016327     -8965.7343     -5957.514
0.4000       645.592354     0.000019048     -9166.4842     -4183.853
0.4500       474.848256     0.000013606     -9337.2283     -2745.801
0.5000       361.640117     0.000024490     -9450.4365     -1838.423
0.5500       285.482064     0.000013606     -9526.5945     -1255.061
0.6000       233.051283     0.000016327     -9579.0253      -881.566
0.6500       192.925045     0.000016327     -9619.1515      -779.498
0.7000       154.055947     0.000010885     -9658.0206      -733.477
0.7500       120.390672     0.000019048     -9691.6859      -606.502
0.8000        93.550064     0.000010885     -9718.5265      -471.952
0.8500        72.857917     0.000013606     -9739.2187      -360.743
0.9000        57.066442     0.000016327     -9755.0101      -274.643
0.9500        45.037840     0.000016327     -9767.0387      -209.170
1.0000        35.866057     0.000021769     -9776.2105      -159.675
1.1000        23.468406     0.000021769     -9788.6082       -94.136
1.2000        16.087652     0.000019048     -9795.9889       -56.790
1.3000        11.570190     0.000010885     -9800.5064       -35.429
1.4000         8.692299     0.000027211     -9803.3843       -23.145
1.5000         6.759425     0.000021769     -9805.3172       -16.000
1.6000         5.379723     0.000024490     -9806.6969       -11.729
1.7000         4.334737     0.000016327     -9807.7418        -9.040
1.8000         3.504218     0.000016327     -9808.5724        -7.227
1.9000         2.821873     0.000002721     -9809.2547        -5.889
2.0000         2.250385     0.000002721     -9809.8262        -4.840
2.1000         1.767870     0.000005442     -9810.3087        -3.969
2.2000         1.359375     0.000008163     -9810.7172        -3.243
2.3000         1.013412     0.000010885     -9811.0632        -2.625
2.4000         0.721045     0.000019048     -9811.3555        -2.107
2.5000         0.473818     0.000016327     -9811.6028        -1.677
2.6000         0.265104     0.000008163     -9811.8115        -1.320
2.7000         0.147532     0.000016327     -9811.9291        -0.986
2.8000         0.062431     0.000016327     -9812.0142        -0.718
2.9000         0.001812     0.000016327     -9812.0748        -0.499
3.0000        -0.039516     0.000013606     -9812.1161        -0.326
3.1000        -0.065302     0.000027211     -9812.1419        -0.194
3.2000        -0.079131     0.000013606     -9812.1557        -0.088
3.3000        -0.083757     0.000021769     -9812.1603        -0.008
3.4000        -0.081705     0.000019048     -9812.1583         0.051
3.5000        -0.074483     0.000024490     -9812.1511         0.093
3.6000        -0.063601     0.000024490     -9812.1402         0.123
3.7000        -0.050118     0.000010885     -9812.1267         0.143
3.8000        -0.035239     0.000021769     -9812.1118         0.155
3.9000        -0.019541     0.000019048     -9812.0961         0.160
4.0000        -0.003502     0.000019048     -9812.0801         0.161
5.0000         0.125009     0.000019048     -9811.9516         0.086
6.0000         0.179870     0.000008163     -9811.8967         0.030
7.0000         0.197906     0.000013606     -9811.8787         0.009
8.0000         0.203285     0.000019048     -9811.8733         0.003
9.0000         0.204782     0.000021769     -9811.8718         0.001
10.0000         0.205204     0.000008163     -9811.8714         0.000
100.0000         0.205351     0.000013606     -9811.8712
1000.0000         0.205354     0.000013606     -9811.8712
