0.0020   7039777.183535     0.000013606   6784632.6058
0.0040   3434061.950636     0.000008163   3178917.3721
0.0060   2237067.439126     0.000019048   1981922.8602
0.0080   1641213.455597     0.000016327   1386068.8767
0.0100   1285077.827055     0.000013606   1029933.2482
0.0120   1048970.726860     0.000019048    793826.1478
0.0140    881036.365277     0.000021769    625891.7864
0.0160    755549.801160     0.000024490    500405.2223
0.0180    658357.072572     0.000021769    403212.4936
0.0200    580969.229748     0.000021769    325824.6507
0.0400    242525.695336     0.000019048    -12618.8837
0.0600    137847.926676     0.000013606   -117296.6523
0.0800     89101.008121     0.000019048   -166043.5709
0.1000     62189.250920     0.000024490   -192955.3281
0.1200     45538.411609     0.000016327   -209606.1674
0.1400     34372.711297     0.000024490   -220771.8677
0.1600     26556.886654     0.000027211   -228587.6923
0.1800     20942.800471     0.000024490   -234201.7785
0.2000     16824.390909     0.000021769   -238320.1881
0.2400     11392.362060     0.000008163   -243752.2169
0.2800      7973.998346     0.000024490   -247170.5806
0.3200      5682.555748     0.000013606   -249462.0233    -46093.512
0.3600      4163.762761     0.000021769   -250980.8162    -30998.251
0.4000      3130.149514     0.000010885   -252014.4295    -21386.859
0.4500      2261.777526     0.000016327   -252882.8015    -14018.547
0.5000      1675.196301     0.000024490   -253469.3827     -9887.110
0.5500      1249.508517     0.000019048   -253895.0705     -7267.644
0.6000       939.257195     0.000021769   -254205.3218     -5252.904
0.6500       715.130331     0.000010885   -254429.4487     -3795.956
0.7000       553.093689     0.000021769   -254591.4853     -2744.711
0.7500       435.544042     0.000010885   -254709.0349     -2033.765
0.8000       346.860639     0.000013606   -254797.7184     -1541.769
0.8500       279.174743     0.000013606   -254865.4043     -1176.978
0.9000       227.478898     0.000010885   -254917.1001      -914.672
0.9500       186.794122     0.000019048   -254957.7849      -731.364
1.0000       154.449364     0.000013606   -254990.1296      -604.281
1.1000       104.720252     0.000010885   -255039.8587      -422.922
1.2000        69.911538     0.000021769   -255074.6675      -278.698
1.3000        47.365829     0.000013606   -255097.2132      -176.859
1.4000        33.264038     0.000021769   -255111.3149      -112.912
1.5000        23.823887     0.000016327   -255120.7551       -77.926
1.6000        16.997084     0.000021769   -255127.5819       -58.605
1.7000        11.931158     0.000010885   -255132.6478       -45.542
1.8000         8.015119     0.000016327   -255136.5639       -35.539
1.9000         4.972401     0.000010885   -255139.6066       -27.396
2.0000         2.649386     0.000019048   -255141.9296       -20.658
2.1000         0.914036     0.000016327   -255143.6649       -15.231
2.2000        -0.344940     0.000024490   -255144.9239       -10.865
2.3000        -1.229795     0.000024490   -255145.8088        -7.511
2.4000        -1.824696     0.000013606   -255146.4037        -4.962
2.5000        -2.203927     0.000027211   -255146.7829        -3.046
2.6000        -2.421711     0.000016327   -255147.0007        -1.665
2.7000        -2.522464     0.000019048   -255147.1014        -0.645
2.8000        -2.541036     0.000010885   -255147.1200         0.071
2.9000        -2.500390     0.000008163   -255147.0794         0.549
3.0000        -2.420154     0.000024490   -255146.9992         0.889
3.1000        -2.280144     0.000010885   -255146.8591         1.066
3.2000        -2.107683     0.000013606   -255146.6867         1.127
3.3000        -1.937087     0.000005442   -255146.5161         1.144
3.4000        -1.772724     0.000021769   -255146.3517         1.133
3.5000        -1.616626     0.000005442   -255146.1956         1.110
3.6000        -1.469864     0.000013606   -255146.0488         1.037
3.7000        -1.331875     0.000027211   -255145.9109         0.968
3.8000        -1.203829     0.000024490   -255145.7828         0.900
3.9000        -1.086254     0.000010885   -255145.6653         0.836
4.0000        -0.978748     0.000005442   -255145.5577         0.771
5.0000        -0.280016     0.000016327   -255144.8590         0.273
6.0000        -0.010463     0.000008163   -255144.5894         0.156
7.0000         0.120383     0.000027211   -255144.4586         0.074
8.0000         0.200181     0.000016327   -255144.3788         0.049
9.0000         0.255259     0.000019048   -255144.3237         0.035
10.0000         0.295918     0.000021769   -255144.2831         0.028
100.0000         0.556440     0.000016327   -255144.0226         0.000
1000.0000         0.577322     0.000002721   -255144.0017
