0.0020  24340063.966880     0.000016327  23852664.4687
0.0040  11859221.010392     0.000010885  11371821.5129
0.0060   7711194.456205     0.000021769   7223794.9584
0.0080   5643972.951364     0.000019048   5156573.4552
0.0100   4408279.983915     0.000008163   3920880.4876
0.0120   3586110.274124     0.000016327   3098710.7782
0.0140   3002152.528557     0.000013606   2514753.0315
0.0160   2567198.511285     0.000016327   2079799.0140
0.0180   2230410.031440     0.000024490   1743010.5343
0.0200   1962690.210869     0.000019048   1475290.7138
0.0400    800180.286261     0.000013606    312780.7891
0.0600    445753.112459     0.000016327    -41646.3847
0.0800    283692.621399     0.000013606   -203706.8758
0.1000    194877.380532     0.000008163   -292522.1168
0.1200    141054.145427     0.000016327   -346345.3517
0.1400    105534.646644     0.000010885   -381864.8505
0.1600     81124.128869     0.000024490   -406275.3683
0.1800     63869.396446     0.000016327   -423530.1006
0.2000     51330.164517     0.000027211   -436069.3326
0.2400     34085.568725     0.000016327   -453313.9284
0.2800     23292.162414     0.000013606   -464107.3349
0.3200     16426.576512     0.000024490   -470972.9206
0.3600     11951.920518     0.000005442   -475447.5767
0.4000      8928.746001     0.000021769   -478470.7511
0.4500      6205.993764     0.000019048   -481193.5035    -44217.967
0.5000      4405.067113     0.000024490   -482994.4301    -28975.278
0.5500      3207.894622     0.000019048   -484191.6026    -19659.191
0.6000      2381.360272     0.000013606   -485018.1370    -13825.547
0.6500      1790.603045     0.000019048   -485608.8943    -10053.494
0.7000      1355.964992     0.000027211   -486043.5321     -7456.981
0.7500      1033.398663     0.000024490   -486366.0984     -5524.409
0.8000       795.626544     0.000016327   -486603.8705     -4062.857
0.8500       620.931022     0.000016327   -486778.5661     -2999.085
0.9000       490.121662     0.000010885   -486909.3756     -2270.351
0.9500       391.145676     0.000010885   -487008.3516     -1718.163
1.0000       315.981552     0.000010885   -487083.5157     -1317.823
1.1000       212.203312     0.000016327   -487187.2937      -814.812
1.2000       145.565442     0.000016327   -487253.9317      -540.473
1.3000       100.727894     0.000013606   -487298.7693      -357.298
1.4000        72.370438     0.000019048   -487327.1268      -232.216
1.5000        54.041196     0.000019048   -487345.4559      -161.140
1.6000        40.609656     0.000010885   -487358.8874      -118.005
1.7000        30.895384     0.000019048   -487368.6019       -85.049
1.8000        23.903949     0.000005442   -487375.5933       -61.831
1.9000        18.843043     0.000019048   -487380.6541       -45.198
2.0000        15.144304     0.000002721   -487384.3530       -32.944
2.1000        12.503968     0.000013606   -487386.9933       -23.843
2.2000        10.639476     0.000016327   -487388.8578       -17.106
2.3000         9.322875     0.000021769   -487390.1743       -12.106
2.4000         8.406408     0.000024490   -487391.0908        -8.489
2.5000         7.864738     0.000021769   -487391.6326        -6.034
2.6000         7.608306     0.000019048   -487391.8889        -4.406
2.7000         7.419867     0.000016327   -487392.0772        -3.315
2.8000         7.279350     0.000024490   -487392.2179        -2.564
2.9000         7.144385     0.000002721   -487392.3528        -2.076
3.0000         7.014233     0.000027211   -487392.4829        -1.789
3.1000         6.894162     0.000005442   -487392.6029        -1.560
3.2000         6.762358     0.000002721   -487392.7349        -1.443
3.3000         6.627265     0.000005442   -487392.8699        -1.286
3.4000         6.496024     0.000021769   -487393.0013        -1.127
3.5000         6.374868     0.000010885   -487393.1224        -0.986
3.6000         6.268719     0.000027211   -487393.2285        -0.842
3.7000         6.179580     0.000013606   -487393.3175        -0.703
3.8000         6.107201     0.000008163   -487393.3899        -0.566
3.9000         6.051760     0.000016327   -487393.4454        -0.460
4.0000         6.013199     0.000013606   -487393.4840        -0.356
5.0000         6.118918     0.000002721   -487393.3782         0.089
6.0000         6.370229     0.000016327   -487393.1270         0.086
7.0000         6.490620     0.000016327   -487393.0065         0.038
8.0000         6.533113     0.000008163   -487392.9640         0.014
9.0000         6.546322     0.000010885   -487392.9509         0.003
10.0000         6.550180     0.000010885   -487392.9471         0.001
100.0000         6.551995     0.000024490   -487392.9452
1000.0000         6.552023     0.000027211   -487392.9452
