0.0020  14336966.515269     0.000019048  13774570.7970
0.0040   6980442.499802     0.000010885   6418046.7797
0.0060   4538060.606782     0.000024490   3975664.8864
0.0080   3322501.750612     0.000010885   2760106.0306
0.0100   2597325.446720     0.000016327   2034929.7271
0.0120   2116053.032706     0.000016327   1553657.3133
0.0140   1773776.106948     0.000016327   1211380.3875
0.0160   1518311.006333     0.000008163    955915.2869
0.0180   1320736.691516     0.000019048    758340.9720
0.0200   1163769.166852     0.000008163    601373.4473
0.0400    478827.426017     0.000024490    -83568.2935
0.0600    269063.630692     0.000024490   -293332.0888
0.0800    173034.808201     0.000005442   -389360.9112
0.1000    119817.375376     0.000013606   -442578.3442
0.1200     87125.577677     0.000024490   -475270.1418
0.1400     65474.017643     0.000024490   -496921.7018
0.1600     50244.850921     0.000024490   -512150.8687
0.1800     39209.632842     0.000010885   -523186.0865
0.2000     31096.106863     0.000024490   -531299.6127
0.2400     20473.203067     0.000019048   -541922.5164
0.2800     14208.829779     0.000019048   -548186.8897
0.3200     10112.445466     0.000019048   -552283.2739
0.3600      7286.483775     0.000021769   -555109.2356
0.4000      5390.166193     0.000024490   -557005.5532    -38878.740
0.4500      3828.244572     0.000019048   -558567.4748    -24906.112
0.5000      2802.107367     0.000016327   -559593.6122    -16917.949
0.5500      2078.537751     0.000024490   -560317.1817    -12370.677
0.6000      1547.144105     0.000021769   -560848.5754     -9014.544
0.6500      1163.334968     0.000019048   -561232.3845     -6469.495
0.7000       887.682236     0.000021769   -561508.0373     -4660.654
0.7500       687.954802     0.000021769   -561707.7646     -3405.454
0.8000       540.823037     0.000021769   -561854.8963     -2536.358
0.8500       430.131731     0.000016327   -561965.5877     -1928.064
0.9000       345.559469     0.000027211   -562050.1601     -1497.077
0.9500       279.507851     0.000016327   -562116.2117     -1184.462
1.0000       226.826197     0.000019048   -562168.8933      -949.317
1.1000       149.721359     0.000013606   -562245.9981      -621.722
1.2000        98.804971     0.000016327   -562296.9144      -410.223
1.3000        65.062573     0.000024490   -562330.6568      -269.582
1.4000        43.220560     0.000019048   -562352.4989      -176.195
1.5000        29.062176     0.000013606   -562366.6572      -117.264
1.6000        19.503725     0.000021769   -562376.2158       -79.006
1.7000        12.971994     0.000016327   -562382.7476       -53.480
1.8000         8.526079     0.000019048   -562387.1934       -35.909
1.9000         5.646591     0.000021769   -562390.0729       -23.840
2.0000         3.943315     0.000016327   -562391.7761       -15.650
2.1000         2.906498     0.000013606   -562392.8131       -10.133
2.2000         2.310952     0.000010885   -562393.4085        -6.297
2.3000         2.006035     0.000019048   -562393.7135        -3.721
2.4000         1.887840     0.000019048   -562393.8316        -1.952
2.5000         1.890261     0.000013606   -562393.8292        -0.796
2.6000         1.967836     0.000024490   -562393.7516         0.035
2.7000         2.091862     0.000013606   -562393.6275         0.520
2.8000         2.244687     0.000021769   -562393.4749         0.870
2.9000         2.411966     0.000005442   -562393.3075         1.079
3.0000         2.586977     0.000021769   -562393.1326         1.151
3.1000         2.826665     0.000002721   -562392.8928         1.181
3.2000         3.060028     0.000021769   -562392.6594         1.173
3.3000         3.280048     0.000019048   -562392.4395         1.102
3.4000         3.486120     0.000016327   -562392.2332         1.027
3.5000         3.676058     0.000008163   -562392.0433         0.954
3.6000         3.849294     0.000021769   -562391.8702         0.879
3.7000         4.006394     0.000013606   -562391.7132         0.785
3.8000         4.148173     0.000010885   -562391.5712         0.699
3.9000         4.274717     0.000010885   -562391.4447         0.623
4.0000         4.386651     0.000019048   -562391.3328         0.552
5.0000         4.949269     0.000008163   -562390.7704         0.132
6.0000         5.065173     0.000010885   -562390.6544         0.026
7.0000         5.085875     0.000027211   -562390.6338         0.005
8.0000         5.089143     0.000013606   -562390.6302         0.000
9.0000         5.089323     0.000024490   -562390.6302        -0.001
10.0000         5.089032     0.000005442   -562390.6305        -0.001
100.0000         5.086153     0.000013606   -562390.6332
1000.0000         5.085927     0.000013606   -562390.6335
