0.0020  11295685.548284     0.000016327  10988395.2368
0.0040   5506551.911207     0.000010885   5199261.5993
0.0060   3585660.335112     0.000021769   3278370.0230
0.0080   2628827.818792     0.000019048   2321537.5066
0.0100   2057295.088938     0.000013606   1750004.7768
0.0120   1677615.908734     0.000027211   1370325.5965
0.0140   1407437.479258     0.000008163   1100147.1670
0.0160   1205727.769502     0.000024490    898437.4574
0.0180   1049733.515594     0.000019048    742443.2034
0.0200    925608.497903     0.000016327    618318.1857
0.0400    384084.006672     0.000013606     76793.6945
0.0600    216205.240333     0.000024490    -91085.0719
0.0800    138752.328818     0.000021769   -168537.9834
0.1000     95888.271402     0.000008163   -211402.0408
0.1200     69422.228113     0.000008163   -237868.0841
0.1400     52151.804494     0.000024490   -255138.5077
0.1600     40399.925694     0.000016327   -266890.3865
0.1800     32024.333560     0.000013606   -275265.9787
0.2000     25636.668154     0.000021769   -281653.6441
0.2400     16888.994644     0.000024490   -290401.3175
0.2800     11483.620018     0.000016327   -295806.6923
0.3200      8130.685980     0.000008163   -299159.6264
0.3600      5970.735713     0.000013606   -301319.5766    -44151.153
0.4000      4458.501475     0.000021769   -302831.8108    -32488.339
0.4500      3109.765794     0.000016327   -304180.5463    -21937.378
0.5000      2211.633212     0.000008163   -305078.6789    -14519.086
0.5500      1609.896893     0.000021769   -305680.4154     -9883.274
0.6000      1193.954142     0.000016327   -306096.3581     -6974.723
0.6500       895.874203     0.000016327   -306394.4380     -5093.747
0.7000       675.305206     0.000016327   -306615.0071     -3819.883
0.7500       508.836816     0.000019048   -306781.4755     -2889.007
0.8000       383.110880     0.000024490   -306907.2014     -2168.281
0.8500       288.874985     0.000021769   -307001.4372     -1616.053
0.9000       218.648710     0.000027211   -307071.6636     -1199.363
0.9500       167.054649     0.000010885   -307123.2575      -887.910
1.0000       128.805189     0.000024490   -307161.5071      -660.807
1.1000        78.615492     0.000021769   -307211.6967      -377.925
1.2000        49.339096     0.000021769   -307240.9731      -227.282
1.3000        31.661156     0.000027211   -307258.6510      -139.961
1.4000        20.954780     0.000016327   -307269.3573       -87.217
1.5000        14.322288     0.000008163   -307275.9898       -53.951
1.6000        10.278188     0.000019048   -307280.0340       -32.505
1.7000         7.937605     0.000027211   -307282.3747       -18.766
1.8000         7.056397     0.000005442   -307283.2558       -11.219
1.9000         6.748761     0.000008163   -307283.5633        -6.922
2.0000         6.589525     0.000021769   -307283.7228        -4.209
2.1000         6.546760     0.000021769   -307283.7655        -2.765
2.2000         6.829535     0.000021769   -307283.4828        -2.530
2.3000         7.014812     0.000008163   -307283.2975        -2.555
2.4000         7.062457     0.000021769   -307283.2498        -2.358
2.5000         7.031993     0.000024490   -307283.2803        -2.147
2.6000         6.968520     0.000008163   -307283.3437        -1.780
2.7000         6.901771     0.000016327   -307283.4104        -1.432
2.8000         6.849590     0.000013606   -307283.4626        -1.078
2.9000         6.818003     0.000016327   -307283.4942        -0.739
3.0000         6.809238     0.000024490   -307283.5029        -0.479
3.1000         6.822136     0.000016327   -307283.4901        -0.236
3.2000         6.852322     0.000013606   -307283.4599        -0.044
3.3000         6.896317     0.000027211   -307283.4158         0.095
3.4000         6.951712     0.000024490   -307283.3606         0.195
3.5000         7.014132     0.000013606   -307283.2980         0.273
3.6000         7.080533     0.000021769   -307283.2316         0.330
3.7000         7.149038     0.000010885   -307283.1630         0.357
3.8000         7.218215     0.000019048   -307283.0939         0.366
3.9000         7.286246     0.000008163   -307283.0259         0.364
4.0000         7.351847     0.000027211   -307282.9603         0.363
5.0000         7.798892     0.000010885   -307282.5132         0.162
6.0000         7.959331     0.000016327   -307282.3530         0.069
7.0000         8.011636     0.000024490   -307282.3004         0.024
8.0000         8.031958     0.000024490   -307282.2803         0.011
9.0000         8.042154     0.000010885   -307282.2700         0.007
10.0000         8.048598     0.000024490   -307282.2637         0.005
100.0000         8.084125     0.000016327   -307282.2281         0.000
1000.0000         8.086759     0.000005442   -307282.2253
