0.0020   7651634.924007     0.000021769   7082574.0446
0.0040   3729759.659137     0.000016327   3160698.7792
0.0060   2426224.841236     0.000013606   1857163.9607
0.0080   1777842.194280     0.000005442   1208781.3136
0.0100   1390323.502569     0.000013606    821262.6220
0.0120   1133525.598666     0.000013606    564464.7179
0.0140    950976.571709     0.000024490    381915.6912
0.0160    814750.254411     0.000019048    245689.3738
0.0180    709326.095205     0.000019048    140265.2146
0.0200    625371.536145     0.000010885     56310.6555
0.0400    258900.428530     0.000024490   -310160.4520
0.0600    145873.153112     0.000016327   -423187.7274
0.0800     94127.611900     0.000010885   -474933.2688
0.1000     65367.888330     0.000013606   -503692.9924
0.1200     47469.554929     0.000016327   -521591.3257
0.1400     35740.102000     0.000013606   -533320.7786
0.1600     27745.086549     0.000021769   -541315.7940
0.1800     22066.155838     0.000024490   -546994.7247
0.2000     17730.228311     0.000016327   -551330.6522
0.2400     11783.267674     0.000019048   -557277.6130
0.2800      8153.768711     0.000010885   -560907.1120
0.3200      5859.191425     0.000008163   -563201.6893    -45888.173
0.3600      4342.854838     0.000027211   -564718.0258    -31241.608
0.4000      3283.055654     0.000013606   -565777.8251    -22432.258
0.4500      2353.076116     0.000013606   -566707.8045    -15228.766
0.5000      1720.618088     0.000019048   -567340.2626    -10364.330
0.5500      1288.130661     0.000019048   -567772.7499     -7136.089
0.6000       987.901234     0.000013606   -568072.9795     -5012.201
0.6500       774.351409     0.000013606   -568286.5291     -3635.095
0.7000       613.516771     0.000013606   -568447.3640     -2831.061
0.7500       485.942530     0.000010885   -568574.9381     -2294.041
0.8000       382.808033     0.000016327   -568678.0725     -1835.734
0.8500       301.240208     0.000024490   -568759.6403     -1434.828
0.9000       237.862766     0.000024490   -568823.0178     -1109.183
0.9500       188.943229     0.000013606   -568871.9374      -855.582
1.0000       151.169895     0.000021769   -568909.7106      -661.787
1.1000        98.946459     0.000021769   -568961.9342      -404.600
1.2000        66.461987     0.000024490   -568994.4186      -258.123
1.3000        45.290147     0.000008163   -569015.5904      -172.788
1.4000        30.831064     0.000008163   -569030.0495      -120.517
1.5000        20.602235     0.000019048   -569040.2785       -86.288
1.6000        13.218292     0.000013606   -569047.6623       -62.500
1.7000         7.863895     0.000019048   -569053.0167       -45.225
1.8000         4.009485     0.000005442   -569056.8712       -32.321
1.9000         1.279447     0.000005442   -569059.6011       -22.684
2.0000        -0.608281     0.000016327   -569061.4890       -15.462
2.1000        -1.784793     0.000016327   -569062.6653       -10.377
2.2000        -2.517427     0.000013606   -569063.3981        -6.700
2.3000        -2.964458     0.000024490   -569063.8449        -4.143
2.4000        -3.215671     0.000010885   -569064.0964        -2.250
2.5000        -3.328800     0.000010885   -569064.2093        -1.026
2.6000        -3.352234     0.000010885   -569064.2330        -0.141
2.7000        -3.316936     0.000021769   -569064.1976         0.484
2.8000        -3.242562     0.000024490   -569064.1230         0.832
2.9000        -3.142348     0.000021769   -569064.0229         1.116
3.0000        -3.024955     0.000019048   -569063.9056         1.306
3.1000        -2.873934     0.000024490   -569063.7546         1.394
3.2000        -2.582824     0.000016327   -569063.4634         1.345
3.3000        -2.313986     0.000010885   -569063.1946         1.300
3.4000        -2.066670     0.000019048   -569062.9472         1.223
3.5000        -1.839768     0.000019048   -569062.7203         1.146
3.6000        -1.632847     0.000019048   -569062.5135         1.051
3.7000        -1.444580     0.000021769   -569062.3252         0.978
3.8000        -1.273850     0.000024490   -569062.1546         0.891
3.9000        -1.119349     0.000024490   -569062.0000         0.796
4.0000        -0.979689     0.000019048   -569061.8604         0.717
5.0000        -0.109167     0.000024490   -569060.9896         0.191
6.0000         0.103273     0.000016327   -569060.7774         0.020
7.0000         0.165992     0.000021769   -569060.7145         0.019
8.0000         0.196061     0.000013606   -569060.6846         0.008
9.0000         0.213999     0.000010885   -569060.6666         0.005
10.0000         0.226766     0.000021769   -569060.6539         0.004
100.0000         0.304174     0.000013606   -569060.5763
1000.0000         0.310204     0.000013606   -569060.5703
