0.0020  26466031.271320     0.000021769  25905016.5332
0.0040  12893243.776993     0.000016327  12332229.0377
0.0060   8378650.641257     0.000024490   7817635.9038
0.0080   6128661.377434     0.000005442   5567646.6402
0.0100   4783663.747059     0.000010885   4222649.0079
0.0120   3889770.374168     0.000021769   3328755.6370
0.0140   3254680.016486     0.000027211   2693665.2780
0.0160   2781724.681388     0.000016327   2220709.9430
0.0180   2416013.991449     0.000019048   1854999.2530
0.0200   2125763.956361     0.000010885   1564749.2179
0.0400    864357.849018     0.000021769    303343.1105
0.0600    481867.727863     0.000013606    -79147.0106
0.0800    306773.203484     0.000013606   -254241.5350
0.1000    210141.549000     0.000021769   -350873.1895
0.1200    150919.983578     0.000024490   -410094.7549
0.1400    111710.941580     0.000027211   -449303.7969
0.1600     85017.398653     0.000024490   -475997.3399
0.1800     66397.406403     0.000024490   -494617.3320
0.2000     53061.429029     0.000019048   -507953.3095
0.2400     34756.048521     0.000019048   -526258.6899
0.2800     23688.033732     0.000021769   -537326.7048
0.3200     16614.122123     0.000024490   -544400.6163
0.3600     12144.476639     0.000013606   -548870.2617
0.4000      9017.328687     0.000021769   -551997.4098
0.4500      6313.907956     0.000013606   -554700.8304    -42437.520
0.5000      4595.584711     0.000010885   -556419.1539    -27720.610
0.5500      3437.860116     0.000010885   -557576.8785    -19349.347
0.6000      2607.721511     0.000019048   -558407.0171    -14222.369
0.6500      1989.710138     0.000008163   -559025.0284    -10676.180
0.7000      1525.810025     0.000010885   -559488.9283     -8001.305
0.7500      1178.998879     0.000021769   -559835.7397     -5972.024
0.8000       920.034039     0.000021769   -560094.7043     -4465.738
0.8500       725.711164     0.000010885   -560289.0274     -3362.019
0.9000       578.572925     0.000019048   -560436.1654     -2559.061
0.9500       465.723851     0.000019048   -560549.0146     -1975.854
1.0000       378.121882     0.000019048   -560636.6166     -1545.780
1.1000       255.133437     0.000024490   -560759.6050      -968.290
1.2000       176.921667     0.000005442   -560837.8168      -627.451
1.3000       125.147205     0.000024490   -560889.5914      -418.273
1.4000        89.524614     0.000016327   -560925.2138      -288.620
1.5000        64.377363     0.000010885   -560950.3612      -204.291
1.6000        47.065829     0.000010885   -560967.6726      -145.907
1.7000        34.594433     0.000024490   -560980.1441      -106.032
1.8000        25.482373     0.000021769   -560989.2561       -77.845
1.9000        18.778290     0.000019048   -560995.9602       -57.384
2.0000        13.834573     0.000016327   -561000.9039       -42.301
2.1000        10.192883     0.000013606   -561004.5456       -31.110
2.2000         7.515173     0.000008163   -561007.2233       -22.856
2.3000         5.550366     0.000005442   -561009.1882       -16.761
2.4000         4.111234     0.000024490   -561010.6271       -12.277
2.5000         3.056672     0.000024490   -561011.6818        -9.019
2.6000         2.283202     0.000021769   -561012.4552        -6.619
2.7000         1.713776     0.000019048   -561013.0247        -4.900
2.8000         1.292057     0.000027211   -561013.4465        -3.642
2.9000         0.977251     0.000013606   -561013.7613        -2.737
3.0000         0.739916     0.000008163   -561013.9986        -2.082
3.1000         0.558982     0.000024490   -561014.1796        -1.590
3.2000         0.419681     0.000013606   -561014.3189        -1.236
3.3000         0.311179     0.000019048   -561014.4272        -0.971
3.4000         0.226048     0.000021769   -561014.5124        -0.762
3.5000         0.158781     0.000013606   -561014.5796        -0.607
3.6000         0.105305     0.000013606   -561014.6332        -0.481
3.7000         0.062842     0.000008163   -561014.6756        -0.383
3.8000         0.029171     0.000027211   -561014.7094        -0.304
3.9000         0.002607     0.000019048   -561014.7358        -0.240
4.0000        -0.018232     0.000016327   -561014.7567        -0.179
5.0000        -0.069283     0.000008163   -561014.8079         0.010
6.0000        -0.051342     0.000024490   -561014.7899         0.014
7.0000        -0.041799     0.000008163   -561014.7804         0.004
8.0000        -0.039040     0.000005442   -561014.7774         0.000
9.0000        -0.038403     0.000005442   -561014.7769        -0.000
10.0000        -0.038270     0.000005442   -561014.7769        -0.001
100.0000        -0.038235     0.000005442   -561014.7766
1000.0000        -0.038232     0.000005442   -561014.7766
