0.0020   8854150.711022     0.000013606   8697692.3587
0.0040   4331945.432278     0.000013606   4175487.0789
0.0060   2826461.923914     0.000019048   2670003.5716
0.0080   2075532.842084     0.000019048   1919074.4899
0.0100   1626211.655524     0.000016327   1469753.3033
0.0120   1327482.511436     0.000024490   1171024.1593
0.0140   1115008.555697     0.000010885    958550.2034
0.0160    956112.765905     0.000016327    799654.4136
0.0180    833066.172284     0.000021769    676607.8200
0.0200    734981.517132     0.000021769    578523.1648
0.0400    305610.831830     0.000013606    149152.4796
0.0600    173163.186772     0.000008163     16704.8346
0.0800    111491.126443     0.000021769    -44967.2258
0.1000     77445.317891     0.000013606    -79013.0343
0.1200     56480.752483     0.000021769    -99977.5997
0.1400     42479.260219     0.000005442   -113979.0920
0.1600     32696.597710     0.000019048   -123761.7545
0.1800     25730.386458     0.000010885   -130727.9658
0.2000     20680.417766     0.000024490   -135777.9345
0.2400     14108.462610     0.000021769   -142349.8896
0.2800      9790.912925     0.000024490   -146667.4393
0.3200      7010.285608     0.000019048   -149448.0666
0.3600      5145.818396     0.000010885   -151312.5338    -38700.415
0.4000      3844.519958     0.000019048   -152613.8323    -27013.314
0.4500      2752.895152     0.000019048   -153705.4571    -17436.258
0.5000      2035.208888     0.000019048   -154423.1433    -11839.266
0.5500      1505.849868     0.000024490   -154952.5024     -9512.872
0.6000      1100.081631     0.000008163   -155358.2706     -6781.195
0.6500       814.928983     0.000024490   -155643.4232     -4739.622
0.7000       614.600122     0.000013606   -155843.7521     -3353.436
0.7500       471.528912     0.000010885   -155986.8233     -2420.661
0.8000       367.133085     0.000027211   -156091.2191     -1788.076
0.8500       289.194548     0.000021769   -156169.1577     -1351.746
0.9000       229.732322     0.000016327   -156228.6199     -1043.083
0.9500       183.528381     0.000016327   -156274.8238      -817.700
1.0000       147.142549     0.000008163   -156311.2097      -647.610
1.1000        95.200663     0.000019048   -156363.1516      -411.519
1.2000        62.112482     0.000024490   -156396.2397      -262.551
1.3000        41.056979     0.000005442   -156417.2952      -168.464
1.4000        27.649195     0.000019048   -156430.7030      -110.150
1.5000        18.868640     0.000013606   -156439.4836       -73.118
1.6000        13.043249     0.000008163   -156445.3090       -48.670
1.7000         9.250280     0.000019048   -156449.1019       -32.468
1.8000         6.751607     0.000019048   -156451.6006       -21.587
1.9000         5.125356     0.000016327   -156453.2269       -14.227
2.0000         4.086529     0.000013606   -156454.2657        -9.277
2.1000         3.443063     0.000019048   -156454.9091        -5.844
2.2000         3.065718     0.000024490   -156455.2865        -3.510
2.3000         2.866696     0.000019048   -156455.4855        -1.919
2.4000         2.785631     0.000019048   -156455.5666        -0.838
2.5000         2.781154     0.000024490   -156455.5711        -0.133
2.6000         2.825093     0.000013606   -156455.5271         0.329
2.7000         2.897777     0.000013606   -156455.4544         0.614
2.8000         2.986105     0.000027211   -156455.3661         0.763
2.9000         3.081204     0.000019048   -156455.2710         0.844
3.0000         3.177034     0.000027211   -156455.1752         0.862
3.1000         3.270181     0.000024490   -156455.0820         0.839
3.2000         3.358311     0.000024490   -156454.9939         0.803
3.3000         3.439858     0.000027211   -156454.9124         0.748
3.4000         3.514485     0.000024490   -156454.8377         0.681
3.5000         3.582160     0.000024490   -156454.7701         0.618
3.6000         3.642760     0.000024490   -156454.7095         0.557
3.7000         3.696532     0.000021769   -156454.6557         0.496
3.8000         3.744136     0.000013606   -156454.6081         0.436
3.9000         3.786164     0.000010885   -156454.5661         0.382
4.0000         3.822964     0.000010885   -156454.5292         0.337
5.0000         4.003999     0.000024490   -156454.3482         0.076
6.0000         4.043088     0.000024490   -156454.3091         0.015
7.0000         4.051214     0.000013606   -156454.3010         0.003
8.0000         4.052922     0.000010885   -156454.2993         0.000
9.0000         4.053282     0.000013606   -156454.2989        -0.000
10.0000         4.053358     0.000013606   -156454.2989        -0.000
100.0000         4.053377     0.000013606   -156454.2988
1000.0000         4.053377     0.000013606   -156454.2988
