0.0020   1039924.348013     0.000019048   1017806.3258
0.0040    510683.090381     0.000016327    488565.0679
0.0060    334565.920961     0.000008163    312447.8985
0.0080    246675.523682     0.000010885    224557.5014
0.0100    194066.721452     0.000024490    171948.6991
0.0120    159126.994267     0.000027211    137008.9719
0.0140    134285.361581     0.000005442    112167.3392
0.0160    115685.756766     0.000010885     93567.7345
0.0180    101248.698949     0.000024490     79130.6766
0.0200     89772.980024     0.000021769     67654.9577
0.0400     39170.566709     0.000021769     17052.5444
0.0600     22943.431789     0.000024490       825.4095
0.0800     15202.849203     0.000019048     -6915.1731
0.1000     10845.206381     0.000024490    -11272.8159
0.1200      8127.413383     0.000027211    -13990.6089
0.1400      6303.591335     0.000021769    -15814.4310
0.1600      5003.610138     0.000021769    -17114.4122
0.1800      4034.982728     0.000016327    -18083.0396    -42143.397
0.2000      3291.801065     0.000019048    -18826.2213    -32679.371
0.2400      2253.397064     0.000024490    -19864.6253    -20367.428
0.2800      1596.524710     0.000013606    -20521.4976    -13090.131
0.3200      1168.941432     0.000016327    -20949.0809     -8648.694
0.3600       882.306084     0.000010885    -21235.7162     -5892.927
0.4000       684.100172     0.000021769    -21433.9222     -4159.692
0.4500       511.429415     0.000019048    -21606.5929     -2891.285
0.5000       386.123325     0.000008163    -21731.8990     -2188.079
0.5500       289.421573     0.000019048    -21828.6008     -1698.704
0.6000       215.074735     0.000010885    -21902.9476     -1289.247
0.6500       159.280913     0.000016327    -21958.7414      -959.032
0.7000       118.025289     0.000010885    -21999.9970      -713.487
0.7500        87.124664     0.000021769    -22030.8977      -530.633
0.8000        63.959439     0.000019048    -22054.0629      -394.530
0.8500        46.564478     0.000021769    -22071.4578      -293.972
0.9000        33.525847     0.000016327    -22084.4965      -219.531
0.9500        23.934064     0.000010885    -22094.0883      -163.843
1.0000        16.738034     0.000021769    -22101.2843      -123.043
1.1000         7.170502     0.000024490    -22110.8518       -71.375
1.2000         1.512581     0.000013606    -22116.5097       -43.471
1.3000        -1.937718     0.000021769    -22119.9600       -27.046
1.4000        -3.997332     0.000027211    -22122.0197       -16.063
1.5000        -5.109416     0.000021769    -22123.1317        -8.204
1.6000        -5.521277     0.000021769    -22123.5436        -2.791
1.7000        -5.375113     0.000008163    -22123.3974         0.366
1.8000        -5.042402     0.000016327    -22123.0647         2.526
1.9000        -4.424875     0.000024490    -22122.4472         3.586
2.0000        -3.745107     0.000024490    -22121.7674         4.059
2.1000        -3.095873     0.000010885    -22121.1182         4.238
2.2000        -2.486757     0.000021769    -22120.5091         4.220
2.3000        -1.919456     0.000021769    -22119.9418         4.058
2.4000        -1.364132     0.000005442    -22119.3865         3.795
2.5000        -0.772232     0.000010885    -22118.7946         3.394
2.6000        -0.262136     0.000021769    -22118.2845         3.021
2.7000         0.180090     0.000019048    -22117.8422         2.691
2.8000         0.583219     0.000021769    -22117.4391         2.383
2.9000         0.937691     0.000010885    -22117.0846         2.099
3.0000         1.245939     0.000013606    -22116.7764         1.843
3.1000         1.513963     0.000024490    -22116.5084         1.621
3.2000         1.747293     0.000024490    -22116.2750         1.425
3.3000         1.950129     0.000021769    -22116.0722         1.248
3.4000         2.126445     0.000013606    -22115.8959         1.091
3.5000         2.280024     0.000019048    -22115.7423         0.950
3.6000         2.413319     0.000013606    -22115.6090         0.827
3.7000         2.528592     0.000013606    -22115.4937         0.723
3.8000         2.627938     0.000019048    -22115.3944         0.631
3.9000         2.713594     0.000010885    -22115.3087         0.550
4.0000         2.787519     0.000019048    -22115.2348         0.477
5.0000         3.146614     0.000016327    -22114.8757         0.127
6.0000         3.242077     0.000021769    -22114.7802         0.058
7.0000         3.280331     0.000010885    -22114.7420         0.028
8.0000         3.302361     0.000013606    -22114.7200         0.018
9.0000         3.317491     0.000005442    -22114.7048         0.013
10.0000         3.328653     0.000016327    -22114.6937         0.010
100.0000         3.401942     0.000013606    -22114.6204         0.000
1000.0000         3.408012     0.000005442    -22114.6143
