0.0020  24355775.522530     0.000013606  23725578.9962
0.0040  11856272.338151     0.000021769  11226075.8119
0.0060   7706538.690846     0.000024490   7076342.1642
0.0080   5641240.845008     0.000010885   5011044.3189
0.0100   4406383.470204     0.000021769   3776186.9452
0.0120   3586461.692394     0.000010885   2956265.1666
0.0140   3003050.393004     0.000021769   2372853.8671
0.0160   2567567.522855     0.000010885   1937370.9970
0.0180   2230960.140529     0.000027211   1600763.6148
0.0200   1963747.049886     0.000010885   1333550.5241
0.0400    800374.730567     0.000002721    170178.2047
0.0600    445138.448600     0.000021769   -185058.0773
0.0800    283662.239813     0.000024490   -346534.2861
0.1000    195452.589154     0.000008163   -434743.9368
0.1200    141337.009760     0.000024490   -488859.5162
0.1400    105266.949501     0.000024490   -524929.5765
0.1600     80302.414935     0.000016327   -549894.1109
0.1800     62831.691236     0.000008163   -567364.8345
0.2000     50337.411217     0.000013606   -579859.1146
0.2400     33244.739818     0.000019048   -596951.7859
0.2800     22682.679164     0.000016327   -607513.8468
0.3200     15957.935722     0.000013606   -614238.5901
0.3600     11627.104740     0.000024490   -618569.4212
0.4000      8604.961725     0.000027211   -621591.5640
0.4500      5974.462102     0.000021769   -624222.0638    -41876.086
0.5000      4278.405194     0.000019048   -625918.1208    -27169.258
0.5500      3160.753999     0.000013606   -627035.7720    -18277.593
0.6000      2392.077671     0.000013606   -627804.4482    -12897.234
0.6500      1837.953198     0.000010885   -628358.5726     -9501.173
0.7000      1424.378001     0.000021769   -628772.1478     -7172.552
0.7500      1110.565567     0.000021769   -629085.9602     -5465.906
0.8000       870.861985     0.000019048   -629325.6637     -4185.043
0.8500       686.921675     0.000019048   -629509.6041     -3219.107
0.9000       545.072358     0.000021769   -629651.4535     -2489.552
0.9500       435.055500     0.000005442   -629761.4703     -1938.000
1.0000       349.129465     0.000021769   -629847.3963     -1520.540
1.1000       227.912808     0.000027211   -629968.6130      -960.552
1.2000       150.223083     0.000010885   -630046.3029      -621.807
1.3000        99.196159     0.000024490   -630097.3297      -407.726
1.4000        65.736605     0.000019048   -630130.7894      -270.836
1.5000        43.604385     0.000024490   -630152.9215      -183.895
1.6000        28.626424     0.000019048   -630167.8994      -125.624
1.7000        18.539252     0.000013606   -630177.9867       -85.972
1.8000        11.676064     0.000024490   -630184.8497       -58.612
1.9000         7.048862     0.000016327   -630189.4770       -39.754
2.0000         3.959065     0.000024490   -630192.5668       -26.696
2.1000         1.926703     0.000016327   -630194.5993       -17.702
2.2000         0.620001     0.000024490   -630195.9059       -11.446
2.3000        -0.191266     0.000016327   -630196.7171        -7.209
2.4000        -0.667531     0.000024490   -630197.1933        -4.254
2.5000        -0.917193     0.000010885   -630197.4431        -2.241
2.6000        -0.985297     0.000021769   -630197.5111        -0.906
2.7000        -0.873176     0.000019048   -630197.3990        -0.075
2.8000        -0.716182     0.000019048   -630197.2420         0.466
2.9000        -0.534862     0.000021769   -630197.0608         0.794
3.0000        -0.345119     0.000024490   -630196.8709         0.977
3.1000        -0.156436     0.000027211   -630196.6823         1.055
3.2000         0.027481     0.000008163   -630196.4983         1.088
3.3000         0.201881     0.000019048   -630196.3239         1.078
3.4000         0.365289     0.000016327   -630196.1606         1.036
3.5000         0.518323     0.000019048   -630196.0074         0.966
3.6000         0.660040     0.000002721   -630195.8659         0.913
3.7000         0.790344     0.000027211   -630195.7356         0.859
3.8000         0.909906     0.000024490   -630195.6159         0.791
3.9000         1.020144     0.000013606   -630195.5057         0.717
4.0000         1.121480     0.000027211   -630195.4044         0.658
5.0000         1.858492     0.000021769   -630194.6673         0.183
6.0000         2.050528     0.000013606   -630194.4754         0.048
7.0000         2.094654     0.000013606   -630194.4311         0.009
8.0000         2.105947     0.000013606   -630194.4199         0.001
9.0000         2.109849     0.000024490   -630194.4161        -0.001
10.0000         2.111792     0.000010885   -630194.4139        -0.001
100.0000         2.121776     0.000008163   -630194.4042
1000.0000         2.122535     0.000019048   -630194.4033
