0.0020   8020441.607071     0.000021769   7886941.7648
0.0040   3927153.689228     0.000013606   3793653.8477
0.0060   2563855.596405     0.000010885   2430355.7551
0.0080   1883424.595089     0.000016327   1749924.7536
0.0100   1476072.086380     0.000019048   1342572.2450
0.0120   1205461.919989     0.000021769   1071962.0784
0.0140   1012989.660209     0.000021769    879489.8189
0.0160    869014.922961     0.000010885    735515.0816
0.0180    757367.190935     0.000021769    623867.3494
0.0200    668489.992151     0.000010885    534990.1507
0.0400    278718.123264     0.000013606    145218.2818
0.0600    158220.735556     0.000013606     24720.8941
0.0800    102008.878701     0.000024490    -31490.9627
0.1000     70902.502651     0.000021769    -62597.3388
0.1200     51791.714932     0.000008163    -81708.1265
0.1400     39048.073524     0.000021769    -94451.7679
0.1600     30093.446607     0.000021769   -103406.3948
0.1800     23660.860577     0.000013606   -109838.9808
0.2000     18965.902089     0.000021769   -114533.9393
0.2400     12863.527289     0.000019048   -120636.3141
0.2800      9113.109661     0.000016327   -124386.7318
0.3200      6521.293918     0.000016327   -126978.5475
0.3600      4802.635676     0.000019048   -128697.2058    -35337.474
0.4000      3601.918158     0.000013606   -129897.9233    -25383.427
0.4500      2559.361987     0.000019048   -130940.4794    -16867.469
0.5000      1868.224333     0.000021769   -131631.6171    -11236.422
0.5500      1401.173731     0.000019048   -132098.6677     -7742.342
0.6000      1062.647793     0.000008163   -132437.1936     -6163.137
0.6500       787.659719     0.000021769   -132712.1817     -4706.099
0.7000       587.883720     0.000010885   -132911.9577     -3346.407
0.7500       445.902297     0.000021769   -133053.9391     -2384.602
0.8000       344.092693     0.000024490   -133155.7487     -1722.196
0.8500       269.909984     0.000019048   -133229.9314     -1267.261
0.9000       214.749445     0.000013606   -133285.0920      -953.096
0.9500       172.803546     0.000021769   -133327.0379      -733.224
1.0000       140.203940     0.000021769   -133359.6375      -575.641
1.1000        93.696864     0.000019048   -133406.1446      -370.173
1.2000        63.367877     0.000021769   -133436.4735      -244.168
1.3000        43.378103     0.000005442   -133456.4633      -161.806
1.4000        30.132365     0.000024490   -133469.7090      -107.487
1.5000        21.320613     0.000016327   -133478.5208       -71.862
1.6000        15.403721     0.000019048   -133484.4377       -48.627
1.7000        11.367387     0.000024490   -133488.4740       -33.458
1.8000         8.557380     0.000021769   -133491.2840       -23.447
1.9000         6.557731     0.000016327   -133493.2837       -16.712
2.0000         5.106172     0.000021769   -133494.7353       -12.081
2.1000         4.034525     0.000016327   -133495.8069        -8.810
2.2000         3.232529     0.000027211   -133496.6089        -6.455
2.3000         2.625682     0.000021769   -133497.2157        -4.710
2.4000         2.160677     0.000019048   -133497.6807        -3.408
2.5000         1.799501     0.000021769   -133498.0419        -2.440
2.6000         1.535700     0.000016327   -133498.3057        -1.732
2.7000         1.326882     0.000010885   -133498.5145        -1.211
2.8000         1.152974     0.000008163   -133498.6884        -0.827
2.9000         1.003929     0.000008163   -133498.8375        -0.537
3.0000         0.872884     0.000008163   -133498.9685        -0.331
3.1000         0.755881     0.000008163   -133499.0855        -0.188
3.2000         0.650328     0.000008163   -133499.1911        -0.076
3.3000         0.554979     0.000008163   -133499.2864        -0.000
3.4000         0.470754     0.000008163   -133499.3707         0.050
3.5000         0.399014     0.000024490   -133499.4424         0.091
3.6000         0.340687     0.000019048   -133499.5007         0.123
3.7000         0.295837     0.000019048   -133499.5456         0.148
3.8000         0.263205     0.000021769   -133499.5782         0.162
3.9000         0.240113     0.000013606   -133499.6013         0.172
4.0000         0.223387     0.000013606   -133499.6180         0.176
5.0000         0.186189     0.000010885   -133499.6552         0.080
6.0000         0.214897     0.000008163   -133499.6265         0.026
7.0000         0.228763     0.000016327   -133499.6126         0.007
8.0000         0.232802     0.000002721   -133499.6086         0.002
9.0000         0.233817     0.000002721   -133499.6076         0.000
10.0000         0.234051     0.000002721   -133499.6074        -0.000
100.0000         0.234132     0.000002721   -133499.6073
1000.0000         0.234132     0.000002721   -133499.6073
