0.0020    331116.565936     0.000019048    189739.3252
0.0040    161930.169684     0.000019048     20552.9289
0.0060    105761.358019     0.000005442    -35615.8828
0.0080     77751.534392     0.000008163    -63625.7064
0.0100     61034.720904     0.000019048    -80342.5199
0.0120     49941.587086     0.000024490    -91435.6537
0.0140     42044.593001     0.000019048    -99332.6478
0.0160     36148.896713     0.000021769   -105228.3441
0.0180     31598.755253     0.000024490   -109778.4855
0.0200     27983.059386     0.000008163   -113394.1814
0.0400     11973.358742     0.000010885   -129403.8820
0.0600      6920.441061     0.000024490   -134456.7997
0.0800      4560.880774     0.000027211   -136816.3600
0.1000      3232.708906     0.000024490   -138144.5319
0.1200      2399.967980     0.000010885   -138977.2728    -33856.270
0.1400      1841.411910     0.000016327   -139535.8289    -23150.934
0.1600      1450.163267     0.000019048   -139927.0775    -16417.604
0.1800      1168.015505     0.000021769   -140209.2253    -11991.585
0.2000       959.129906     0.000013606   -140418.1109     -9009.374
0.2400       676.195128     0.000016327   -140701.0456     -5528.307
0.2800       495.008924     0.000010885   -140882.2318     -3720.668
0.3200       369.336003     0.000016327   -141007.9048     -2651.293
0.3600       278.451655     0.000008163   -141098.7891     -1939.882
0.4000       211.588716     0.000005442   -141165.6521     -1434.976
0.4500       151.665584     0.000019048   -141225.5752      -994.483
0.5000       109.928638     0.000016327   -141267.3121      -696.763
0.5500        80.504891     0.000019048   -141296.7359      -494.286
0.6000        59.487589     0.000019048   -141317.7532      -355.627
0.6500        44.242266     0.000016327   -141332.9985      -259.867
0.7000        33.024147     0.000024490   -141344.2166      -192.720
0.7500        24.650281     0.000019048   -141352.5905      -144.730
0.8000        18.326704     0.000005442   -141358.9141      -109.902
0.8500        13.504575     0.000021769   -141363.7362       -84.183
0.9000         9.796258     0.000016327   -141367.4445       -64.913
0.9500         6.925537     0.000016327   -141370.3152       -50.404
1.0000         4.693732     0.000013606   -141372.5470       -39.299
1.1000         1.583842     0.000005442   -141375.6569       -23.995
1.2000        -0.316458     0.000013606   -141377.5572       -14.623
1.3000        -1.465679     0.000021769   -141378.7065        -8.648
1.4000        -2.129093     0.000019048   -141379.3699        -4.808
1.5000        -2.478863     0.000027211   -141379.7196        -2.247
1.6000        -2.621606     0.000016327   -141379.8624        -0.674
1.7000        -2.627960     0.000021769   -141379.8687         0.449
1.8000        -2.548429     0.000008163   -141379.7892         1.147
1.9000        -2.362417     0.000019048   -141379.6032         1.482
2.0000        -2.106448     0.000013606   -141379.3472         1.738
2.1000        -1.833400     0.000021769   -141379.0742         1.809
2.2000        -1.555316     0.000008163   -141378.7961         1.758
2.3000        -1.282038     0.000021769   -141378.5228         1.675
2.4000        -1.022403     0.000010885   -141378.2632         1.172
2.5000        -0.780801     0.000010885   -141378.0216         1.423
2.6000        -0.558653     0.000019048   -141377.7994         1.258
2.7000        -0.357411     0.000019048   -141377.5982         1.111
2.8000        -0.178305     0.000019048   -141377.4191         0.976
2.9000        -0.021048     0.000019048   -141377.2618         0.858
3.0000         0.115983     0.000010885   -141377.1248         0.075
3.1000         0.235096     0.000013606   -141377.0057         0.617
3.2000         0.338004     0.000019048   -141376.9028         0.524
3.3000         0.425858     0.000016327   -141376.8149         0.452
3.4000         0.500238     0.000013606   -141376.7405         0.385
3.5000         0.562816     0.000010885   -141376.6780         0.331
3.6000         0.615348     0.000008163   -141376.6254         0.278
3.7000         0.659569     0.000008163   -141376.5812         0.232
3.8000         0.697123     0.000019048   -141376.5436         0.189
3.9000         0.728865     0.000019048   -141376.5119         0.158
4.0000         0.755500     0.000008163   -141376.4853         0.134
5.0000         0.869946     0.000021769   -141376.3708         0.019
6.0000         0.896001     0.000021769   -141376.3448         0.024
7.0000         0.906123     0.000016327   -141376.3347         0.007
8.0000         0.912072     0.000013606   -141376.3287         0.005
9.0000         0.916183     0.000013606   -141376.3246         0.003
10.0000         0.919274     0.000013606   -141376.3215         0.003
100.0000         0.939958     0.000019048   -141376.3008
1000.0000         0.941699     0.000019048   -141376.2991
