0.0020  26238230.775831     0.000008163  25645013.3179
0.0040  12777168.140515     0.000013606  12183950.6824
0.0060   8299205.205035     0.000024490   7705987.7447
0.0080   6067870.502971     0.000024490   5474653.0441
0.0100   4734112.957049     0.000019048   4140895.4979
0.0120   3848802.848430     0.000021769   3255585.3905
0.0140   3219502.579642     0.000021769   2626285.1207
0.0160   2750381.891509     0.000021769   2157164.4325
0.0180   2388591.737275     0.000013606   1795374.2783
0.0200   2101551.794608     0.000019048   1508334.3356
0.0400    855274.772033     0.000024490    262057.3130
0.0600    475709.555616     0.000008163   -117507.9034
0.0800    301891.688599     0.000016327   -291325.7705
0.1000    207212.020815     0.000013606   -386005.4383
0.1200    149603.604250     0.000010885   -443613.8549
0.1400    111361.172331     0.000013606   -481856.2866
0.1600     85161.184034     0.000016327   -508056.2750
0.1800     66783.188767     0.000002721   -526434.2703
0.2000     53517.439978     0.000021769   -539700.0191
0.2400     35104.297912     0.000010885   -558113.1612
0.2800     23783.999667     0.000016327   -569433.4592
0.3200     16666.779627     0.000013606   -576550.6793
0.3600     12148.949945     0.000027211   -581068.5090
0.4000      8953.111580     0.000024490   -584264.3473
0.4500      6216.284902     0.000019048   -587001.1740    -43070.317
0.5000      4473.756505     0.000010885   -588743.7026    -27965.274
0.5500      3315.512735     0.000016327   -589901.9464    -19138.728
0.6000      2501.902362     0.000013606   -590715.5565    -13820.315
0.6500      1904.162473     0.000013606   -591313.2965    -10292.411
0.7000      1456.935100     0.000021769   -591760.5239     -7714.199
0.7500      1121.745867     0.000010885   -592095.7131     -5779.947
0.8000       870.360719     0.000008163   -592347.0982     -4343.224
0.8500       680.885700     0.000024490   -592536.5734     -3287.811
0.9000       536.788645     0.000021769   -592680.6705     -2515.063
0.9500       425.954545     0.000010885   -592791.5044     -1946.820
1.0000       339.759058     0.000013606   -592877.7001     -1524.281
1.1000       218.270773     0.000013606   -592999.1883      -957.676
1.2000       141.113004     0.000010885   -593076.3460      -612.636
1.3000        91.391025     0.000016327   -593126.0680      -396.559
1.4000        59.369971     0.000008163   -593158.0890      -262.637
1.5000        38.324693     0.000013606   -593179.1343      -176.941
1.6000        24.005042     0.000013606   -593193.4540      -119.157
1.7000        14.280154     0.000019048   -593203.1788       -80.108
1.8000         7.711029     0.000013606   -593209.7479       -53.496
1.9000         3.328612     0.000021769   -593214.1303       -35.269
2.0000         0.465138     0.000019048   -593216.9938       -22.682
2.1000        -1.344327     0.000027211   -593218.8033       -13.992
2.2000        -2.425733     0.000016327   -593219.8847        -8.008
2.3000        -2.928531     0.000013606   -593220.3876        -4.148
2.4000        -2.809612     0.000024490   -593220.2687        -1.753
2.5000        -2.551634     0.000019048   -593220.0107        -0.283
2.6000        -2.221702     0.000010885   -593219.6806         0.687
2.7000        -1.861774     0.000019048   -593219.3209         1.240
2.8000        -1.497914     0.000024490   -593218.9568         1.598
2.9000        -1.144707     0.000021769   -593218.6036         1.714
3.0000        -0.810845     0.000024490   -593218.2700         1.791
3.1000        -0.500007     0.000013606   -593217.9590         1.776
3.2000        -0.214037     0.000013606   -593217.6730         1.687
3.3000         0.047419     0.000016327   -593217.4115         1.615
3.4000         0.285080     0.000027211   -593217.1739         1.522
3.5000         0.539509     0.000019048   -593216.9195         1.376
3.6000         0.791601     0.000016327   -593216.6675         1.235
3.7000         1.016267     0.000024490   -593216.4427         1.107
3.8000         1.215212     0.000016327   -593216.2438         0.985
3.9000         1.390900     0.000021769   -593216.0680         0.858
4.0000         1.545678     0.000019048   -593215.9132         0.750
5.0000         2.310895     0.000019048   -593215.1480         0.170
6.0000         2.465657     0.000013606   -593214.9935         0.034
7.0000         2.492730     0.000021769   -593214.9663         0.006
8.0000         2.497290     0.000008163   -593214.9616         0.001
9.0000         2.497993     0.000005442   -593214.9611        -0.001
10.0000         2.498036     0.000024490   -593214.9611        -0.000
100.0000         2.497497     0.000008163   -593214.9616
1000.0000         2.497440     0.000013606   -593214.9616
