0.0020   8260825.413595     0.000027211   7971576.7248
0.0040   4028064.568530     0.000013606   3738815.8806
0.0060   2622848.073557     0.000010885   2333599.3861
0.0080   1923836.168980     0.000019048   1634587.4815
0.0100   1506044.101547     0.000027211   1216795.4139
0.0120   1228913.351509     0.000010885    939664.6641
0.0140   1031690.784474     0.000016327    742442.0970
0.0160    884300.869243     0.000016327    595052.1818
0.0180    770166.632404     0.000019048    480917.9448
0.0200    679319.982505     0.000027211    390071.2949
0.0400    282715.049160     0.000021769     -6533.6383
0.0600    160028.550947     0.000021769   -129220.1365
0.0800    103138.035260     0.000021769   -186110.6522
0.1000     71806.385375     0.000016327   -217442.3021
0.1200     52313.748461     0.000027211   -236934.9390
0.1400     39320.136577     0.000013606   -249928.5509
0.1600     30333.043027     0.000021769   -258915.6445
0.1800     23933.842390     0.000013606   -265314.8451
0.2000     19264.191551     0.000010885   -269984.4959
0.2400     12941.801944     0.000021769   -276306.8856
0.2800      8901.285147     0.000024490   -280347.4024
0.3200      6325.215649     0.000008163   -282923.4718
0.3600      4629.414090     0.000010885   -284619.2735    -34516.468
0.4000      3480.255735     0.000016327   -285768.4317    -23786.313
0.4500      2504.234259     0.000010885   -286744.4533    -16118.863
0.5000      1818.642954     0.000019048   -287430.0444    -11567.783
0.5500      1327.874391     0.000027211   -287920.8131     -8206.364
0.6000       983.749526     0.000016327   -288264.9380     -5718.495
0.6500       743.573891     0.000008163   -288505.1136     -4011.624
0.7000       573.800620     0.000013606   -288674.8869     -2862.363
0.7500       451.190669     0.000019048   -288797.4968     -2095.999
0.8000       359.698064     0.000021769   -288888.9894     -1595.324
0.8500       288.240573     0.000019048   -288960.4468     -1268.428
0.9000       230.753582     0.000021769   -289017.9339     -1023.356
0.9500       184.953703     0.000008163   -289063.7337      -815.003
1.0000       148.771524     0.000016327   -289099.9158      -638.949
1.1000        99.402919     0.000019048   -289149.2847      -380.593
1.2000        70.723958     0.000021769   -289177.9636      -225.726
1.3000        53.814258     0.000021769   -289194.8733      -146.746
1.4000        41.718518     0.000019048   -289206.9690      -109.933
1.5000        32.210714     0.000024490   -289216.4767       -84.005
1.6000        25.025325     0.000013606   -289223.6621       -62.284
1.7000        19.827129     0.000019048   -289228.8603       -45.573
1.8000        16.159730     0.000019048   -289232.5279       -33.243
1.9000        13.497764     0.000021769   -289235.1897       -24.057
2.0000        11.575880     0.000024490   -289237.1116       -17.390
2.1000        10.191530     0.000016327   -289238.4959       -12.509
2.2000         9.190918     0.000016327   -289239.4967        -9.104
2.3000         8.459375     0.000024490   -289240.2281        -6.649
2.4000         7.913855     0.000021769   -289240.7737        -5.044
2.5000         7.493316     0.000027211   -289241.1941        -3.856
2.6000         7.157718     0.000002721   -289241.5297        -3.113
2.7000         6.879640     0.000021769   -289241.8078        -2.580
2.8000         6.644500     0.000019048   -289242.0429        -2.167
2.9000         6.441835     0.000021769   -289242.2456        -1.893
3.0000         6.267900     0.000021769   -289242.4195        -1.629
3.1000         6.118286     0.000019048   -289242.5691        -1.405
3.2000         5.991917     0.000016327   -289242.6957        -1.208
3.3000         5.886113     0.000010885   -289242.8013        -1.030
3.4000         5.799418     0.000005442   -289242.8881        -0.879
3.5000         5.730124     0.000019048   -289242.9574        -0.717
3.6000         5.675475     0.000027211   -289243.0121        -0.578
3.7000         5.634718     0.000024490   -289243.0527        -0.476
3.8000         5.605199     0.000019048   -289243.0823        -0.366
3.9000         5.585400     0.000021769   -289243.1022        -0.305
4.0000         5.574127     0.000024490   -289243.1134        -0.215
5.0000         5.669258     0.000013606   -289243.0181         0.054
6.0000         5.802419     0.000019048   -289242.8851         0.052
7.0000         5.867210     0.000008163   -289242.8203         0.029
8.0000         5.891542     0.000008163   -289242.7961         0.013
9.0000         5.899428     0.000019048   -289242.7882         0.003
10.0000         5.901624     0.000016327   -289242.7857         0.003
100.0000         5.899379     0.000021769   -289242.7882
1000.0000         5.899115     0.000013606   -289242.7885
