0.0020   8036505.811020     0.000013606   7881393.5679
0.0040   3929136.042466     0.000021769   3774023.7997
0.0060   2563566.372238     0.000008163   2408454.1283
0.0080   1882893.138566     0.000016327   1727780.8947
0.0100   1475641.664113     0.000024490   1320529.4202
0.0120   1204774.304850     0.000016327   1049662.0611
0.0140   1011900.910121     0.000016327    856788.6661
0.0160    867888.319280     0.000019048    712776.0753
0.0180    756384.240545     0.000027211    601271.9967
0.0200    667483.716090     0.000019048    512371.4720
0.0400    278154.062022     0.000010885    123041.8181
0.0600    158244.121427     0.000019048      3131.8775
0.0800    102161.211415     0.000008163    -52951.0325
0.1000     71031.633784     0.000024490    -84080.6102
0.1200     51869.313705     0.000021769   -103242.9302
0.1400     39091.053747     0.000016327   -116021.1902
0.1600     30125.373990     0.000021769   -124986.8699
0.1800     23702.533526     0.000008163   -131409.7104
0.2000     19014.399385     0.000008163   -136097.8446
0.2400     12894.926385     0.000013606   -142217.3175
0.2800      9054.945598     0.000019048   -146057.2983
0.3200      6455.407485     0.000019048   -148656.8364
0.3600      4734.648012     0.000010885   -150377.5959    -35290.548
0.4000      3548.565122     0.000010885   -151563.6788    -24737.716
0.4500      2542.987165     0.000016327   -152569.2568    -16162.325
0.5000      1877.211354     0.000008163   -153235.0326    -10925.348
0.5500      1411.967341     0.000010885   -153700.2766     -8074.639
0.6000      1047.469586     0.000024490   -154064.7743     -6407.508
0.6500       773.651483     0.000021769   -154338.5925     -4628.269
0.7000       576.843965     0.000013606   -154535.4000     -3319.186
0.7500       434.952722     0.000016327   -154677.2912     -2405.654
0.8000       331.279739     0.000021769   -154780.9642     -1771.146
0.8500       254.265374     0.000019048   -154857.9786     -1326.947
0.9000       196.063110     0.000016327   -154916.1808     -1011.238
0.9500       151.370849     0.000027211   -154960.8731      -781.703
1.0000       116.617453     0.000019048   -154995.6265      -610.339
1.1000        68.012609     0.000021769   -155044.2313      -375.241
1.2000        38.223407     0.000024490   -155074.0205      -228.118
1.3000        20.448091     0.000021769   -155091.7958      -136.844
1.4000        10.057468     0.000024490   -155102.1865       -81.791
1.5000         4.002301     0.000021769   -155108.2416       -48.552
1.6000         0.552919     0.000008163   -155111.6910       -28.339
1.7000        -1.326207     0.000016327   -155113.5702       -15.906
1.8000        -2.264619     0.000024490   -155114.5086        -8.108
1.9000        -2.592032     0.000013606   -155114.8360        -3.307
2.0000        -2.332066     0.000013606   -155114.5760        -0.889
2.1000        -2.021458     0.000008163   -155114.2654         0.712
2.2000        -1.666486     0.000005442   -155113.9104         1.719
2.3000        -1.255942     0.000021769   -155113.4999         2.313
2.4000        -0.851080     0.000024490   -155113.0950         2.622
2.5000        -0.307949     0.000024490   -155112.5519         2.485
2.6000         0.205098     0.000027211   -155112.0388         2.258
2.7000         0.626801     0.000021769   -155111.6171         2.068
2.8000         0.982043     0.000019048   -155111.2619         1.924
2.9000         1.286517     0.000002721   -155110.9574         1.789
3.0000         1.585907     0.000024490   -155110.6580         1.616
3.1000         1.864854     0.000010885   -155110.3791         1.450
3.2000         2.108897     0.000008163   -155110.1350         1.307
3.3000         2.323263     0.000024490   -155109.9207         1.163
3.4000         2.512279     0.000019048   -155109.7317         1.027
3.5000         2.678812     0.000013606   -155109.5651         0.913
3.6000         2.825177     0.000021769   -155109.4188         0.809
3.7000         2.953642     0.000019048   -155109.2903         0.710
3.8000         3.066436     0.000010885   -155109.1775         0.617
3.9000         3.165197     0.000010885   -155109.0787         0.539
4.0000         3.251163     0.000021769   -155108.9928         0.469
5.0000         3.663571     0.000008163   -155108.5804         0.099
6.0000         3.741232     0.000019048   -155108.5027         0.018
7.0000         3.753747     0.000010885   -155108.4902         0.003
8.0000         3.755605     0.000024490   -155108.4883         0.000
9.0000         3.755779     0.000002721   -155108.4882        -0.000
10.0000         3.755703     0.000008163   -155108.4882        -0.000
100.0000         3.754813     0.000021769   -155108.4891
1000.0000         3.754740     0.000021769   -155108.4892
