0.0020  22244281.280709     0.000019048  21801816.1903
0.0040  10843531.485483     0.000019048  10401066.3948
0.0060   7052060.147048     0.000021769   6609595.0561
0.0080   5161754.993190     0.000021769   4719289.9025
0.0100   4031708.100725     0.000024490   3589243.0111
0.0120   3280000.328902     0.000024490   2837535.2389
0.0140   2745179.605232     0.000016327   2302714.5151
0.0160   2347055.270543     0.000019048   1904590.1806
0.0180   2039021.278751     0.000010885   1596556.1887
0.0200   1793960.257794     0.000027211   1351495.1679
0.0400    730581.902422     0.000010885    288116.8125
0.0600    406590.485203     0.000027211    -35874.6048
0.0800    258648.448620     0.000010885   -183816.6414
0.1000    177444.926723     0.000019048   -265020.1633
0.1200    128344.982134     0.000021769   -314120.1079
0.1400     96074.055513     0.000002721   -346391.0344
0.1600     73590.086254     0.000013606   -368875.0039
0.1800     57507.317371     0.000021769   -384957.7726
0.2000     45838.043493     0.000016327   -396627.0465
0.2400     30604.746813     0.000024490   -411860.3432
0.2800     20851.226624     0.000019048   -421613.8635
0.3200     14775.966829     0.000016327   -427689.1233
0.3600     10755.781584     0.000016327   -431709.3086
0.4000      8067.164280     0.000010885   -434397.9257
0.4500      5834.497821     0.000024490   -436630.5921    -36943.783
0.5000      4242.062293     0.000019048   -438223.0278    -26188.862
0.5500      3159.862260     0.000013606   -439305.2277    -17759.334
0.6000      2412.095661     0.000016327   -440052.9944    -12537.330
0.6500      1875.264952     0.000019048   -440589.8252     -9332.050
0.7000      1459.618016     0.000024490   -441005.4719     -7340.722
0.7500      1136.124497     0.000019048   -441328.9656     -5677.695
0.8000       887.155854     0.000019048   -441577.9341     -4340.738
0.8500       697.214173     0.000016327   -441767.8759     -3298.017
0.9000       553.108620     0.000024490   -441911.9815     -2507.144
0.9500       443.293040     0.000005442   -442021.7969     -1920.173
1.0000       358.681658     0.000024490   -442106.4083     -1487.453
1.1000       240.729552     0.000008163   -442224.3604      -924.927
1.2000       166.026071     0.000019048   -442299.0639      -602.251
1.3000       117.030010     0.000016327   -442348.0599      -408.745
1.4000        83.486313     0.000016327   -442381.6037      -284.669
1.5000        59.901749     0.000021769   -442405.1883      -198.051
1.6000        43.408092     0.000010885   -442421.6820      -137.374
1.7000        31.888561     0.000016327   -442433.2014       -96.055
1.8000        23.719434     0.000019048   -442441.3705       -68.605
1.9000        17.768769     0.000010885   -442447.3214       -50.279
2.0000        13.334136     0.000010885   -442451.7560       -37.518
2.1000        10.058404     0.000027211   -442455.0317       -28.234
2.2000         7.614772     0.000019048   -442457.4753       -21.196
2.3000         5.785869     0.000008163   -442459.3042       -15.767
2.4000         4.593958     0.000002721   -442460.4960       -11.871
2.5000         3.760615     0.000013606   -442461.3295        -8.997
2.6000         3.135498     0.000016327   -442461.9546        -6.653
2.7000         2.680940     0.000019048   -442462.4090        -4.854
2.8000         2.364042     0.000019048   -442462.7260        -3.399
2.9000         2.157358     0.000019048   -442462.9325        -2.303
3.0000         2.038071     0.000008163   -442463.0520        -1.451
3.1000         1.986081     0.000024490   -442463.1040        -0.802
3.2000         1.985466     0.000027211   -442463.1045        -0.333
3.3000         2.023845     0.000016327   -442463.0661         0.024
3.4000         2.088910     0.000005442   -442463.0011         0.278
3.5000         2.173483     0.000010885   -442462.9165         0.439
3.6000         2.270603     0.000008163   -442462.8193         0.546
3.7000         2.374216     0.000010885   -442462.7159         0.611
3.8000         2.480327     0.000021769   -442462.6098         0.643
3.9000         2.586103     0.000021769   -442462.5040         0.638
4.0000         2.689449     0.000024490   -442462.4006         0.623
5.0000         3.393479     0.000005442   -442461.6966         0.274
6.0000         3.651603     0.000021769   -442461.4384         0.123
7.0000         3.752707     0.000008163   -442461.3374         0.052
8.0000         3.803726     0.000016327   -442461.2862         0.031
9.0000         3.835416     0.000008163   -442461.2547         0.022
10.0000         3.857697     0.000010885   -442461.2324         0.016
100.0000         3.990067     0.000002721   -442461.0998         0.000
1000.0000         4.000108     0.000013606   -442461.0901
