0.0020   6948625.082002     0.000019048   6829148.6482
0.0040   3401859.528729     0.000016327   3282383.0944
0.0060   2221333.563129     0.000008163   2101857.1295
0.0080   1632661.721403     0.000008163   1513185.2878
0.0100   1280360.512800     0.000019048   1160884.0791
0.0120   1046147.073229     0.000008163    926670.6396
0.0140    879332.951251     0.000016327    759856.5178
0.0160    754717.099628     0.000013606    635240.6661
0.0180    658095.143133     0.000016327    538618.7095
0.0200    581140.918345     0.000013606    461664.4849
0.0400    242805.605587     0.000008163    123329.1720
0.0600    138341.392044     0.000024490     18864.9585
0.0800     89517.387757     0.000005442    -29959.0458
0.1000     62313.891802     0.000019048    -57162.5418
0.1200     45601.596078     0.000019048    -73874.8375
0.1400     34489.958516     0.000024490    -84986.4751
0.1600     26666.997040     0.000021769    -92809.4365
0.1800     20998.778990     0.000013606    -98477.6546
0.2000     16805.454757     0.000013606   -102670.9788
0.2400     11277.211497     0.000013606   -108199.2221
0.2800      8011.053048     0.000008163   -111465.3805
0.3200      5800.836233     0.000019048   -113675.5973    -47891.020
0.3600      4219.858531     0.000024490   -115256.5750    -32229.561
0.4000      3150.900685     0.000010885   -116325.5329    -22002.697
0.4500      2254.712626     0.000027211   -117221.7209    -14564.555
0.5000      1646.440147     0.000024490   -117829.9934    -10066.424
0.5500      1223.288813     0.000024490   -118253.1448     -7038.203
0.6000       925.112578     0.000019048   -118551.3210     -5020.178
0.6500       708.673437     0.000021769   -118767.7601     -3731.439
0.7000       543.075795     0.000016327   -118933.3578     -2962.844
0.7500       411.512151     0.000016327   -119064.9214     -2292.645
0.8000       311.693363     0.000010885   -119164.7402     -1702.145
0.8500       237.618653     0.000021769   -119238.8149     -1258.363
0.9000       183.149261     0.000013606   -119293.2843      -936.376
0.9500       142.331210     0.000010885   -119334.1024      -706.849
1.0000       111.287366     0.000024490   -119365.1462      -541.857
1.1000        68.569308     0.000013606   -119407.8643      -332.032
1.2000        41.918173     0.000016327   -119434.5154      -210.787
1.3000        25.348985     0.000024490   -119451.0846      -135.990
1.4000        14.811296     0.000019048   -119461.6223       -86.721
1.5000         8.207401     0.000016327   -119468.2262       -53.965
1.6000         4.196365     0.000019048   -119472.2372       -32.547
1.7000         1.849757     0.000027211   -119474.5838       -18.868
1.8000         0.552054     0.000010885   -119475.8815       -10.389
1.9000        -0.044148     0.000005442   -119476.4777        -5.340
2.0000        -0.072437     0.000027211   -119476.5060        -2.902
2.1000         0.015883     0.000021769   -119476.4177        -1.728
2.2000         0.110688     0.000016327   -119476.3229        -1.127
2.3000         0.183437     0.000005442   -119476.2501        -0.813
2.4000         0.234647     0.000024490   -119476.1989        -0.535
2.5000         0.276383     0.000019048   -119476.1572        -0.317
2.6000         0.324681     0.000008163   -119476.1089        -0.069
2.7000         0.421866     0.000016327   -119476.0117         0.155
2.8000         0.518206     0.000024490   -119475.9154         0.344
2.9000         0.613282     0.000005442   -119475.8203         0.487
3.0000         0.708337     0.000013606   -119475.7252         0.590
3.1000         0.803648     0.000016327   -119475.6299         0.673
3.2000         0.897854     0.000024490   -119475.5357         0.738
3.3000         0.990661     0.000024490   -119475.4429         0.766
3.4000         1.082728     0.000024490   -119475.3508         0.781
3.5000         1.172757     0.000013606   -119475.2608         0.790
3.6000         1.259779     0.000024490   -119475.1738         0.791
3.7000         1.350159     0.000010885   -119475.0834         0.770
3.8000         1.448781     0.000027211   -119474.9848         0.733
3.9000         1.542383     0.000019048   -119474.8912         0.699
4.0000         1.629974     0.000019048   -119474.8036         0.664
5.0000         2.264990     0.000002721   -119474.1686         0.267
6.0000         2.504287     0.000005442   -119473.9293         0.088
7.0000         2.566260     0.000024490   -119473.8673         0.027
8.0000         2.584658     0.000016327   -119473.8489         0.011
9.0000         2.592313     0.000013606   -119473.8413         0.007
10.0000         2.596740     0.000013606   -119473.8368         0.004
100.0000         2.619935     0.000002721   -119473.8136         0.000
1000.0000         2.621617     0.000021769   -119473.8119
