0.0020         0.000000     0.000013606  32820084.9412
0.0040  16350220.082131     0.000024490  15596881.3225
0.0060  10626622.112131     0.000024490   9873283.3527
0.0080   7772421.334578     0.000008163   7019082.5732
0.0100   6064156.326413     0.000024490   5310817.5663
0.0120   4929035.363530     0.000021769   4175696.6039
0.0140   4122512.456332     0.000024490   3369173.6950
0.0160   3521509.966793     0.000019048   2768171.2054
0.0180   3057505.286059     0.000016327   2304166.5261
0.0200   2689212.544032     0.000016327   1935873.7840
0.0400   1087772.482882     0.000016327    334433.7228
0.0600    600624.408313     0.000027211   -152714.3517
0.0800    380509.198988     0.000005442   -372829.5609
0.1000    261190.709411     0.000013606   -492148.0507
0.1200    187911.481946     0.000021769   -565427.2781
0.1400    140500.804522     0.000024490   -612837.9556
0.1600    108460.531655     0.000013606   -644878.2283
0.1800     84985.339851     0.000027211   -668353.4201
0.2000     67305.848429     0.000021769   -686032.9118
0.2400     43675.458368     0.000024490   -709663.3016
0.2800     29742.430325     0.000019048   -723596.3296
0.3200     20871.877513     0.000019048   -732466.8825
0.3600     14783.884659     0.000013606   -738554.8754
0.4000     10796.537520     0.000016327   -742542.2224
0.4500      7565.327543     0.000008163   -745773.4326    -51364.942
0.5000      5443.218556     0.000008163   -747895.5416    -34963.679
0.5500      3970.533399     0.000016327   -749368.2267    -24637.949
0.6000      2927.657883     0.000008163   -750411.1021    -17445.561
0.6500      2192.462702     0.000024490   -751146.2974    -12308.014
0.7000      1670.066321     0.000024490   -751668.6936     -8770.527
0.7500      1296.170176     0.000019048   -752042.5899     -6416.607
0.8000      1013.950828     0.000027211   -752324.8091     -4987.351
0.8500       794.362512     0.000024490   -752544.3974     -3866.258
0.9000       624.518192     0.000027211   -752714.2417     -2984.291
0.9500       493.590315     0.000008163   -752845.1696     -2299.194
1.0000       392.542763     0.000024490   -752946.2172     -1773.397
1.1000       253.520870     0.000005442   -753085.2392     -1069.625
1.2000       168.893880     0.000019048   -753169.8661      -662.079
1.3000       116.105152     0.000021769   -753222.6548      -422.334
1.4000        82.053007     0.000010885   -753256.7072      -276.883
1.5000        59.445077     0.000010885   -753279.3149      -186.917
1.6000        44.050578     0.000027211   -753294.7095      -130.482
1.7000        33.116995     0.000005442   -753305.6431       -93.396
1.8000        25.106224     0.000008163   -753313.6538       -67.510
1.9000        19.197719     0.000013606   -753319.5622       -49.090
2.0000        14.839025     0.000024490   -753323.9209       -35.794
2.1000        11.630140     0.000005442   -753327.1300       -26.223
2.2000         9.275274     0.000024490   -753329.4849       -19.251
2.3000         7.591487     0.000021769   -753331.1687       -14.195
2.4000         6.333066     0.000013606   -753332.4270       -10.637
2.5000         5.381998     0.000027211   -753333.3780        -7.983
2.6000         4.655832     0.000016327   -753334.1043        -6.044
2.7000         4.096681     0.000008163   -753334.6635        -4.596
2.8000         3.664009     0.000024490   -753335.0961        -3.505
2.9000         3.328258     0.000005442   -753335.4319        -2.649
3.0000         3.068493     0.000021769   -753335.6915        -2.019
3.1000         2.868538     0.000021769   -753335.8915        -1.507
3.2000         2.716179     0.000010885   -753336.0439        -1.127
3.3000         2.601850     0.000021769   -753336.1582        -0.831
3.4000         2.517607     0.000024490   -753336.2425        -0.577
3.5000         2.456677     0.000024490   -753336.3035        -0.401
3.6000         2.414454     0.000021769   -753336.3457        -0.275
3.7000         2.386682     0.000010885   -753336.3734        -0.163
3.8000         2.369424     0.000013606   -753336.3906        -0.068
3.9000         2.360303     0.000010885   -753336.3998        -0.018
4.0000         2.357707     0.000021769   -753336.4023         0.026
5.0000         2.437972     0.000019048   -753336.3220         0.091
6.0000         2.505163     0.000016327   -753336.2548         0.039
7.0000         2.531337     0.000002721   -753336.2287         0.013
8.0000         2.539310     0.000005442   -753336.2208         0.003
9.0000         2.541392     0.000002721   -753336.2186
10.0000         2.541928     0.000002721   -753336.2180        -0.001
100.0000         2.542070     0.000027211   -753336.2180
1000.0000         2.542072     0.000021769   -753336.2180
