0.0020  16063023.548920     0.000002721  15762400.3504
0.0040   7832620.503570     0.000010885   7531997.3058
0.0060   5099648.704995     0.000016327   4799025.5051
0.0080   3735807.679593     0.000021769   3435184.4817
0.0100   2920524.787481     0.000016327   2619901.5884
0.0120   2379093.647994     0.000008163   2078470.4492
0.0140   1993491.516413     0.000010885   1692868.3175
0.0160   1705854.748774     0.000024490   1405231.5500
0.0180   1483738.567393     0.000021769   1183115.3684
0.0200   1306980.261412     0.000027211   1006357.0626
0.0400    536694.671680     0.000024490    236071.4728
0.0600    299919.363852     0.000013606      -703.8351
0.0800    191777.307850     0.000013606   -108845.8911
0.1000    131873.915037     0.000008163   -168749.2839
0.1200     95205.108867     0.000016327   -205418.0900
0.1400     71609.819904     0.000019048   -229013.3790
0.1600     55402.542691     0.000010885   -245220.6562
0.1800     43615.719223     0.000010885   -257007.4797
0.2000     34767.746727     0.000024490   -265855.4522
0.2400     23184.925881     0.000021769   -277438.2732
0.2800     16447.589043     0.000016327   -284175.6099
0.3200     11932.964567     0.000019048   -288690.2344
0.3600      8693.214035     0.000024490   -291929.9848
0.4000      6529.577742     0.000019048   -294093.6212    -44241.951
0.4500      4750.891882     0.000008163   -295872.3071    -28424.976
0.5000      3570.767858     0.000008163   -297052.4311    -19594.987
0.5500      2729.013579     0.000019048   -297894.1854    -14499.060
0.6000      2094.250572     0.000016327   -298528.9484    -11034.928
0.6500      1613.699022     0.000024490   -299009.5000     -8289.765
0.7000      1253.644998     0.000021769   -299369.5538     -6209.541
0.7500       983.014064     0.000019048   -299640.1848     -4695.452
0.8000       777.272068     0.000024490   -299845.9269     -3602.352
0.8500       618.293234     0.000010885   -300004.9056     -2799.371
0.9000       493.986673     0.000010885   -300129.2122     -2198.896
0.9500       395.897768     0.000024490   -300227.3011     -1742.036
1.0000       317.962466     0.000027211   -300305.2365     -1388.933
1.1000       205.752778     0.000019048   -300417.4462      -895.977
1.2000       133.086913     0.000021769   -300490.1121      -584.917
1.3000        85.539328     0.000010885   -300537.6596      -379.616
1.4000        54.413619     0.000019048   -300568.7854      -249.728
1.5000        34.173320     0.000021769   -300589.0257      -166.328
1.6000        20.711693     0.000013606   -300602.4872      -110.623
1.7000        11.805335     0.000008163   -300611.3935       -73.332
1.8000         5.948991     0.000027211   -300617.2500       -48.238
1.9000         2.142511     0.000013606   -300621.0566       -31.254
2.0000        -0.280582     0.000019048   -300623.4795       -19.760
2.1000        -1.768194     0.000021769   -300624.9671       -11.941
2.2000        -2.623502     0.000013606   -300625.8224        -6.622
2.3000        -3.053521     0.000027211   -300626.2526        -3.062
2.4000        -3.200550     0.000013606   -300626.3995        -0.687
2.5000        -3.162645     0.000010885   -300626.3617         0.833
2.6000        -3.007542     0.000013606   -300626.2066         1.788
2.7000        -2.776795     0.000016327   -300625.9758         2.345
2.8000        -2.355089     0.000019048   -300625.5541         2.407
2.9000        -1.977507     0.000013606   -300625.1764         2.361
3.0000        -1.640458     0.000010885   -300624.8395         2.281
3.1000        -1.294609     0.000019048   -300624.4936         2.135
3.2000        -0.958366     0.000008163   -300624.1573         1.962
3.3000        -0.659316     0.000008163   -300623.8582         1.800
3.4000        -0.367754     0.000010885   -300623.5668         1.604
3.5000        -0.084312     0.000021769   -300623.2833         1.398
3.6000         0.162640     0.000005442   -300623.0362         1.211
3.7000         0.376462     0.000027211   -300622.8226         1.045
3.8000         0.560813     0.000010885   -300622.6381         0.897
3.9000         0.719475     0.000016327   -300622.4794         0.763
4.0000         0.855461     0.000016327   -300622.3434         0.651
5.0000         1.463641     0.000010885   -300621.7352         0.120
6.0000         1.574269     0.000005442   -300621.6247         0.021
7.0000         1.601663     0.000005442   -300621.5972         0.007
8.0000         1.613720     0.000021769   -300621.5853         0.003
9.0000         1.621334     0.000027211   -300621.5777         0.002
10.0000         1.626839     0.000005442   -300621.5722         0.001
100.0000         1.661329     0.000024490   -300621.5377
1000.0000         1.664075     0.000005442   -300621.5349
