0.0020  15290691.911167     0.000024490  14582010.9015
0.0040   7450978.857912     0.000019048   6742297.8479
0.0060   4848022.186186     0.000013606   4139341.1775
0.0080   3552524.762546     0.000019048   2843843.7521
0.0100   2778628.878624     0.000027211   2069947.8691
0.0120   2264788.825648     0.000010885   1556107.8162
0.0140   1898956.684056     0.000013606   1190275.6745
0.0160   1626080.031288     0.000010885    917399.0218
0.0180   1415095.717436     0.000008163    706414.7080
0.0200   1247288.998231     0.000008163    538607.9888
0.0400    513353.845328     0.000008163   -195327.1642
0.0600    286955.019125     0.000027211   -421725.9902
0.0800    183182.102371     0.000019048   -525498.9072
0.1000    125956.023588     0.000019048   -582724.9859
0.1200     91110.245125     0.000016327   -617570.7643
0.1400     68093.292296     0.000019048   -640587.7171
0.1600     52022.593011     0.000024490   -656658.4166
0.1800     40528.393981     0.000021769   -668152.6156
0.2000     32163.073355     0.000024490   -676517.9361
0.2400     21273.562073     0.000027211   -687407.4475
0.2800     14733.928629     0.000024490   -693947.0810
0.3200     10377.804444     0.000016327   -698303.2051
0.3600      7514.579218     0.000024490   -701166.4303
0.4000      5601.786528     0.000021769   -703079.2230    -39347.846
0.4500      4006.240520     0.000024490   -704674.7689    -25844.128
0.5000      2914.944863     0.000019048   -705766.0646    -18427.430
0.5500      2129.226939     0.000027211   -706551.7825    -13204.020
0.6000      1570.752797     0.000016327   -707110.2566     -9332.047
0.6500      1175.577353     0.000027211   -707505.4322     -6647.939
0.7000       891.903298     0.000021769   -707789.1061     -4841.195
0.7500       680.598555     0.000013606   -708000.4108     -3672.797
0.8000       518.453242     0.000016327   -708162.5561     -2817.568
0.8500       394.534316     0.000027211   -708286.4752     -2171.531
0.9000       298.835660     0.000016327   -708382.1739     -1674.016
0.9500       225.213938     0.000024490   -708455.7954     -1281.811
1.0000       168.990772     0.000016327   -708512.0188      -974.536
1.1000        93.911192     0.000024490   -708587.0983      -559.208
1.2000        50.678303     0.000008163   -708630.3312      -323.666
1.3000        25.534801     0.000013606   -708655.4748      -190.158
1.4000        10.748553     0.000021769   -708670.2609      -112.955
1.5000         2.072602     0.000027211   -708678.9367       -66.613
1.6000        -2.349179     0.000010885   -708683.3586       -39.246
1.7000        -4.456642     0.000016327   -708685.4661       -22.131
1.8000        -5.428486     0.000008163   -708686.4378       -10.849
1.9000        -5.669832     0.000013606   -708686.6792        -3.713
2.0000        -5.468016     0.000019048   -708686.4776         0.745
2.1000        -4.750650     0.000024490   -708685.7600         2.832
2.2000        -3.821822     0.000024490   -708684.8313         3.416
2.3000        -2.963196     0.000005442   -708683.9728         3.520
2.4000        -2.211723     0.000013606   -708683.2212         3.329
2.5000        -1.573069     0.000021769   -708682.5825         2.944
2.6000        -1.040207     0.000021769   -708682.0497         2.632
2.7000        -0.597415     0.000008163   -708681.6070         2.285
2.8000        -0.226788     0.000027211   -708681.2364         2.073
2.9000         0.164406     0.000008163   -708680.8451         1.835
3.0000         0.502771     0.000027211   -708680.5068         1.612
3.1000         0.854990     0.000013606   -708680.1545         1.463
3.2000         1.156484     0.000019048   -708679.8529         1.364
3.3000         1.420198     0.000010885   -708679.5893         1.227
3.4000         1.655419     0.000021769   -708679.3542         1.157
3.5000         1.866710     0.000024490   -708679.1427         1.101
3.6000         2.058177     0.000005442   -708678.9512         1.040
3.7000         2.236684     0.000024490   -708678.7727         0.962
3.8000         2.414639     0.000021769   -708678.5950         0.891
3.9000         2.577229     0.000010885   -708678.4322         0.826
4.0000         2.725695     0.000008163   -708678.2837         0.781
5.0000         3.649397     0.000024490   -708677.3601         0.301
6.0000         3.972486     0.000008163   -708677.0371         0.119
7.0000         4.077560     0.000008163   -708676.9318         0.037
8.0000         4.118570     0.000002721   -708676.8910         0.016
9.0000         4.139632     0.000013606   -708676.8698         0.011
10.0000         4.153156     0.000010885   -708676.8564         0.006
100.0000         4.227748     0.000010885   -708676.7816         0.000
1000.0000         4.233342     0.000005442   -708676.7762
