0.0020    566455.494201     0.000010885    547674.4749
0.0040    278590.883011     0.000013606    259809.8636
0.0060    182651.496878     0.000027211    163870.4775
0.0080    134724.431217     0.000010885    115943.4118
0.0100    106038.306163     0.000019048     87257.2868
0.0120     86983.693736     0.000024490     68202.6743
0.0140     73432.676827     0.000008163     54651.6574
0.0160     63298.538806     0.000019048     44517.5194
0.0180     55438.336006     0.000016327     36657.3166
0.0200     49185.084783     0.000013606     30404.0654
0.0400     21550.230886     0.000008163      2769.2115
0.0600     12746.021264     0.000021769     -6034.9981
0.0800      8523.935399     0.000010885    -10257.0840
0.1000      6117.206930     0.000021769    -12663.8125
0.1200      4605.471471     0.000013606    -14175.5479
0.1400      3594.241168     0.000013606    -15186.7782    -41917.796
0.1600      2880.780724     0.000016327    -15900.2387    -30295.644
0.1800      2354.787283     0.000019048    -16426.2321    -22815.499
0.2000      1951.945524     0.000019048    -16829.0739    -17774.468
0.2400      1377.938543     0.000019048    -17403.0808    -11530.766
0.2800       996.581865     0.000013606    -17784.4375     -7816.219
0.3200       735.459853     0.000024490    -18045.5595     -5402.782
0.3600       553.817972     0.000024490    -18227.2014     -3785.913
0.4000       425.831824     0.000027211    -18355.1876     -2687.409
0.4500       315.953133     0.000010885    -18465.0663     -1785.870
0.5000       242.141296     0.000008163    -18538.8781     -1220.570
0.5500       190.784085     0.000024490    -18590.2353      -869.613
0.6000       153.107249     0.000024490    -18627.9121      -655.525
0.6500       123.849531     0.000019048    -18657.1699      -520.159
0.7000       100.241896     0.000010885    -18680.7775      -424.556
0.7500        80.894054     0.000019048    -18700.1253      -348.625
0.8000        65.066862     0.000027211    -18715.9525      -284.306
0.8500        52.244884     0.000016327    -18728.7745      -229.330
0.9000        41.972359     0.000019048    -18739.0470      -183.125
0.9500        33.818649     0.000019048    -18747.2007      -145.074
1.0000        27.390042     0.000021769    -18753.6293      -114.264
1.1000        18.396493     0.000027211    -18762.6229       -70.158
1.2000        12.929171     0.000008163    -18768.0902       -42.921
1.3000         9.670114     0.000008163    -18771.3493       -26.639
1.4000         7.605678     0.000010885    -18773.4137       -17.238
1.5000         6.174345     0.000019048    -18774.8450       -12.258
1.6000         5.015806     0.000010885    -18776.0036        -9.891
1.7000         3.980518     0.000019048    -18777.0389        -8.641
1.8000         3.272121     0.000013606    -18777.7473        -7.253
1.9000         2.666717     0.000010885    -18778.3527        -5.975
2.0000         2.156517     0.000010885    -18778.8629        -4.724
2.1000         1.740348     0.000027211    -18779.2790        -3.625
2.2000         1.410225     0.000016327    -18779.6092        -2.685
2.3000         1.152767     0.000008163    -18779.8666        -1.880
2.4000         0.955076     0.000021769    -18780.0643        -1.244
2.5000         0.806919     0.000021769    -18780.2125        -0.749
2.6000         0.696478     0.000010885    -18780.3229        -0.355
2.7000         0.614433     0.000019048    -18780.4050        -0.045
2.8000         0.553793     0.000010885    -18780.4656         0.166
2.9000         0.509958     0.000013606    -18780.5094         0.319
3.0000         0.477334     0.000013606    -18780.5421         0.427
3.1000         0.452596     0.000016327    -18780.5668         0.495
3.2000         0.433252     0.000010885    -18780.5861         0.534
3.3000         0.418509     0.000024490    -18780.6009         0.545
3.4000         0.408024     0.000019048    -18780.6114         0.541
3.5000         0.400530     0.000019048    -18780.6189         0.532
3.6000         0.395588     0.000021769    -18780.6238         0.512
3.7000         0.393169     0.000021769    -18780.6262         0.488
3.8000         0.396500     0.000019048    -18780.6229         0.457
3.9000         0.403001     0.000013606    -18780.6164         0.422
4.0000         0.410073     0.000019048    -18780.6093         0.387
5.0000         0.450833     0.000016327    -18780.5686         0.135
6.0000         0.461274     0.000016327    -18780.5581         0.038
7.0000         0.465769     0.000027211    -18780.5536         0.009
8.0000         0.462879     0.000008163    -18780.5565         0.003
9.0000         0.459274     0.000010885    -18780.5601         0.001
10.0000         0.456207     0.000027211    -18780.5632         0.001
100.0000         0.435937     0.000010885    -18780.5835
1000.0000         0.434318     0.000013606    -18780.5851
