0.0020  12206184.323061     0.000019048  11638850.1636
0.0040   5948631.516630     0.000010885   5381297.3568
0.0060   3870187.551455     0.000013606   3302853.3922
0.0080   2835843.105810     0.000008163   2268508.9454
0.0100   2217833.283769     0.000024490   1650499.1233
0.0120   1807679.940955     0.000027211   1240345.7806
0.0140   1515761.645919     0.000010885    948427.4855
0.0160   1297614.768589     0.000005442    730280.6082
0.0180   1129031.526332     0.000019048    561697.3660
0.0200    994925.299269     0.000010885    427591.1389
0.0400    409638.025133     0.000024490   -157696.1353
0.0600    230188.626052     0.000016327   -337145.5343
0.0800    147923.560756     0.000019048   -419410.5998
0.1000    102329.508920     0.000019048   -465004.6516
0.1200     74301.669335     0.000016327   -493032.4910
0.1400     56005.600300     0.000021769   -511328.5602
0.1600     43212.208332     0.000010885   -524121.9520
0.1800     33863.520569     0.000010885   -533470.6399
0.2000     26901.758632     0.000013606   -540432.4018
0.2400     17729.109264     0.000024490   -549605.0510
0.2800     12293.525333     0.000021769   -555040.6351
0.3200      8838.426678     0.000024490   -558495.7339
0.3600      6455.710655     0.000019048   -560878.4497    -50046.413
0.4000      4778.481260     0.000021769   -562555.6790    -34677.325
0.4500      3388.162667     0.000016327   -563945.9977    -22063.271
0.5000      2488.970236     0.000021769   -564845.1901    -14589.452
0.5500      1880.213367     0.000019048   -565453.9471    -10222.826
0.6000      1436.057671     0.000016327   -565898.1027     -7718.996
0.6500      1101.211789     0.000016327   -566232.9487     -5753.589
0.7000       853.311245     0.000016327   -566480.8492     -4249.869
0.7500       669.668426     0.000013606   -566664.4921     -3165.971
0.8000       531.818538     0.000016327   -566802.3417     -2394.136
0.8500       426.700361     0.000010885   -566907.4602     -1839.453
0.9000       345.347408     0.000024490   -566988.8130     -1433.827
0.9500       281.527035     0.000016327   -567052.6332     -1132.736
1.0000       230.781460     0.000019048   -567103.3790      -906.743
1.1000       156.688426     0.000021769   -567177.4721      -602.682
1.2000       106.599281     0.000021769   -567227.5612      -412.895
1.3000        72.027980     0.000010885   -567262.1324      -282.938
1.4000        48.545065     0.000016327   -567285.6153      -191.566
1.5000        32.601435     0.000010885   -567301.5590      -128.909
1.6000        21.921876     0.000021769   -567312.2384       -88.258
1.7000        14.473706     0.000013606   -567319.6867       -61.959
1.8000         9.107722     0.000005442   -567325.0528       -44.169
1.9000         5.215110     0.000021769   -567328.9454       -31.430
2.0000         2.613146     0.000016327   -567331.5473       -22.577
2.1000         0.894444     0.000021769   -567333.2660       -16.056
2.2000        -0.290770     0.000019048   -567334.4511       -11.356
2.3000        -1.081509     0.000002721   -567335.2418        -7.666
2.4000        -1.581347     0.000024490   -567335.7417        -5.085
2.5000        -1.866024     0.000016327   -567336.0263        -3.059
2.6000        -1.994291     0.000019048   -567336.1548        -1.602
2.7000        -1.972946     0.000016327   -567336.1333        -0.612
2.8000        -1.820913     0.000008163   -567335.9814         0.103
2.9000        -1.630031     0.000021769   -567335.7904         0.546
3.0000        -1.415667     0.000016327   -567335.5760         0.848
3.1000        -1.174841     0.000005442   -567335.3352         1.056
3.2000        -0.932747     0.000024490   -567335.0933         1.171
3.3000        -0.695586     0.000021769   -567334.8560         1.168
3.4000        -0.467173     0.000021769   -567334.6277         1.185
3.5000        -0.250984     0.000024490   -567334.4113         1.163
3.6000        -0.048197     0.000016327   -567334.2086         1.115
3.7000         0.140903     0.000013606   -567334.0195         1.024
3.8000         0.315794     0.000024490   -567333.8445         0.965
3.9000         0.475857     0.000021769   -567333.6845         0.894
4.0000         0.621462     0.000019048   -567333.5389         0.808
5.0000         1.443807     0.000016327   -567332.7166         0.250
6.0000         1.655996     0.000021769   -567332.5044         0.050
7.0000         1.706650     0.000013606   -567332.4537         0.020
8.0000         1.721733     0.000021769   -567332.4388         0.007
9.0000         1.728495     0.000021769   -567332.4320         0.005
10.0000         1.732656     0.000024490   -567332.4276         0.003
100.0000         1.755489     0.000008163   -567332.4050
1000.0000         1.757198     0.000008163   -567332.4031
