0.0020         0.000000     0.000005442  29854888.3169
0.0040  14844695.048176     0.000016327  14210349.4915
0.0060   9645375.417240     0.000027211   9011029.8611
0.0080   7053420.113629     0.000024490   6419074.5568
0.0100   5503925.091375     0.000019048   4869579.5338
0.0120   4473685.633053     0.000013606   3839340.0755
0.0140   3743976.845595     0.000013606   3109631.2883
0.0160   3199614.048382     0.000024490   2565268.4915
0.0180   2778509.467810     0.000008163   2144163.9108
0.0200   2444580.031423     0.000024490   1810234.4745
0.0400    993652.319701     0.000019048    359306.7627
0.0600    554318.093420     0.000021769    -80027.4635
0.0800    353317.499190     0.000019048   -281028.0577
0.1000    243643.591101     0.000019048   -390701.9658
0.1200    175573.212259     0.000013606   -458772.3448
0.1400    130860.096932     0.000027211   -503485.4601
0.1600    100573.548842     0.000021769   -533772.0080
0.1800     79093.128553     0.000010885   -555252.4285
0.2000     62665.731498     0.000027211   -571679.8256
0.2400     40576.551031     0.000008163   -593769.0061
0.2800     27473.391487     0.000024490   -606872.1654
0.3200     19328.837047     0.000008163   -615016.7199
0.3600     13686.233683     0.000008163   -620659.3234
0.4000      9843.795653     0.000019048   -624501.7613
0.4500      6713.125465     0.000019048   -627632.4316    -49331.548
0.5000      4710.489658     0.000021769   -629635.0674    -32211.207
0.5500      3377.640205     0.000019048   -630967.9167    -21946.916
0.6000      2453.165070     0.000024490   -631892.3920    -15489.634
0.6500      1797.446243     0.000002721   -632548.1107    -10992.234
0.7000      1333.404865     0.000024490   -633012.1521     -7758.469
0.7500      1005.512694     0.000016327   -633340.0443     -5504.340
0.8000       771.956958     0.000024490   -633573.5999     -3997.354
0.8500       600.137039     0.000016327   -633745.4200     -2974.103
0.9000       470.442304     0.000019048   -633875.1147     -2271.666
0.9500       370.476351     0.000024490   -633975.0807     -1773.790
1.0000       291.991022     0.000010885   -634053.5660     -1393.245
1.1000       182.346933     0.000013606   -634163.2099      -846.425
1.2000       115.661206     0.000019048   -634229.8958      -510.045
1.3000        75.251543     0.000024490   -634270.3056      -310.734
1.4000        50.533383     0.000010885   -634295.0236      -194.922
1.5000        34.873706     0.000019048   -634310.6832      -126.681
1.6000        24.593314     0.000021769   -634320.9636       -84.851
1.7000        17.749139     0.000008163   -634327.8079       -58.236
1.8000        13.112238     0.000016327   -634332.4447       -40.496
1.9000         9.903381     0.000021769   -634335.6537       -28.136
2.0000         7.690874     0.000021769   -634337.8660       -19.446
2.1000         6.293713     0.000016327   -634339.2633       -13.593
2.2000         5.438927     0.000005442   -634340.1180        -9.723
2.3000         4.824246     0.000024490   -634340.7327        -6.989
2.4000         4.439591     0.000019048   -634341.1175        -5.264
2.5000         4.164473     0.000021769   -634341.3926        -4.069
2.6000         3.942090     0.000008163   -634341.6149        -3.308
2.7000         3.722119     0.000013606   -634341.8348        -2.751
2.8000         3.503416     0.000008163   -634342.0536        -2.369
2.9000         3.286881     0.000005442   -634342.2702        -2.025
3.0000         3.078760     0.000027211   -634342.4783        -1.808
3.1000         2.883741     0.000010885   -634342.6732        -1.537
3.2000         2.706399     0.000016327   -634342.8506        -1.321
3.3000         2.550443     0.000016327   -634343.0065        -1.118
3.4000         2.416516     0.000013606   -634343.1404        -0.923
3.5000         2.310582     0.000016327   -634343.2465        -0.752
3.6000         2.224981     0.000019048   -634343.3320        -0.609
3.7000         2.157056     0.000019048   -634343.4000        -0.472
3.8000         2.104687     0.000013606   -634343.4522        -0.353
3.9000         2.066548     0.000021769   -634343.4903        -0.263
4.0000         2.041579     0.000027211   -634343.5154        -0.186
5.0000         2.148476     0.000019048   -634343.4084         0.096
6.0000         2.325987     0.000013606   -634343.2310         0.059
7.0000         2.405207     0.000005442   -634343.1518         0.023
8.0000         2.432628     0.000013606   -634343.1243         0.007
9.0000         2.441036     0.000005442   -634343.1159        -0.000
10.0000         2.443494     0.000010885   -634343.1135        -0.000
100.0000         2.445121     0.000010885   -634343.1118        -0.000
1000.0000         2.445183     0.000002721   -634343.1118
