0.0020   8950158.074617     0.000016327   8694077.2621
0.0040   4365431.076215     0.000016327   4109350.2626
0.0060   2843854.922989     0.000024490   2587774.1106
0.0080   2086464.285061     0.000016327   1830383.4727
0.0100   1633838.576067     0.000016327   1377757.7637
0.0120   1333648.843964     0.000010885   1077568.0317
0.0140   1119870.759984     0.000013606    863789.9477
0.0160    959991.373837     0.000019048    703910.5616
0.0180    836229.932095     0.000024490    580149.1198
0.0200    737748.328244     0.000005442    481667.5159
0.0400    306929.933362     0.000024490     50849.1211
0.0600    173498.830722     0.000016327    -82581.9816
0.0800    111554.748980     0.000021769   -144526.0633
0.1000     77524.438897     0.000021769   -178556.3734
0.1200     56417.163965     0.000019048   -199663.6484
0.1400     42386.986555     0.000021769   -213693.8258
0.1600     32738.433082     0.000024490   -223342.3792
0.1800     25906.878258     0.000013606   -230173.9341
0.2000     20928.166019     0.000019048   -235152.6463
0.2400     14094.995744     0.000016327   -241985.8166
0.2800      9708.216554     0.000024490   -246372.5957
0.3200      6906.632143     0.000013606   -249174.1802
0.3600      5066.614917     0.000021769   -251014.1974    -37380.903
0.4000      3824.157390     0.000005442   -252256.6549    -25711.197
0.4500      2761.517235     0.000013606   -253319.2951    -17828.829
0.5000      1993.963935     0.000013606   -254086.8484    -12944.544
0.5500      1449.133620     0.000016327   -254631.6787     -9015.569
0.6000      1071.945973     0.000021769   -255008.8664     -6245.375
0.6500       809.084163     0.000013606   -255271.7281     -4395.888
0.7000       622.348891     0.000019048   -255458.4634     -3162.803
0.7500       486.740670     0.000019048   -255594.0716     -2335.999
0.8000       384.982820     0.000021769   -255695.8295     -1803.185
0.8500       304.039665     0.000013606   -255776.7727     -1457.945
0.9000       237.547345     0.000021769   -255843.2650     -1181.509
0.9500       184.461237     0.000019048   -255896.3511      -926.779
1.0000       143.995690     0.000021769   -255936.8166      -708.952
1.1000        90.691645     0.000019048   -255990.1207      -403.658
1.2000        60.504286     0.000024490   -256020.3080      -238.001
1.3000        41.314663     0.000016327   -256039.4976      -166.714
1.4000        27.540882     0.000024490   -256053.2714      -115.287
1.5000        18.192459     0.000013606   -256062.6199       -77.357
1.6000        12.021475     0.000013606   -256068.7908       -51.803
1.7000         8.089404     0.000021769   -256072.7229       -35.149
1.8000         5.452132     0.000013606   -256075.3602       -23.659
1.9000         3.703321     0.000016327   -256077.1090       -15.643
2.0000         2.581932     0.000024490   -256078.2304       -10.078
2.1000         1.895870     0.000027211   -256078.9164        -6.320
2.2000         1.581121     0.000024490   -256079.2312        -4.049
2.3000         1.505713     0.000010885   -256079.3066        -2.781
2.4000         1.488689     0.000010885   -256079.3236        -2.161
2.5000         1.507174     0.000016327   -256079.3051        -1.906
2.6000         1.500608     0.000010885   -256079.3117        -1.788
2.7000         1.460270     0.000005442   -256079.3520        -1.742
2.8000         1.392358     0.000024490   -256079.4200        -1.599
2.9000         1.313418     0.000019048   -256079.4989        -1.443
3.0000         1.258777     0.000008163   -256079.5535        -1.225
3.1000         1.203027     0.000021769   -256079.6093        -0.978
3.2000         1.152212     0.000019048   -256079.6601        -0.749
3.3000         1.111180     0.000024490   -256079.7011        -0.571
3.4000         1.081359     0.000021769   -256079.7309        -0.376
3.5000         1.061791     0.000002721   -256079.7505        -0.211
3.6000         1.051791     0.000010885   -256079.7605        -0.074
3.7000         1.050705     0.000021769   -256079.7616         0.020
3.8000         1.057761     0.000019048   -256079.7545         0.107
3.9000         1.091367     0.000016327   -256079.7209         0.179
4.0000         1.135504     0.000013606   -256079.6768         0.223
5.0000         1.570190     0.000005442   -256079.2421         0.195
6.0000         1.777252     0.000019048   -256079.0351         0.087
7.0000         1.846002     0.000010885   -256078.9663         0.029
8.0000         1.868280     0.000016327   -256078.9440         0.011
9.0000         1.876386     0.000016327   -256078.9359         0.006
10.0000         1.880171     0.000010885   -256078.9321         0.003
100.0000         1.894906     0.000024490   -256078.9174
1000.0000         1.895916     0.000010885   -256078.9164
