0.0020    268156.958629     0.000021769    182987.1456
0.0040    131351.400709     0.000010885     46181.5877
0.0060     85881.923863     0.000013606       712.1109
0.0080     63214.652029     0.000013606    -21955.1610
0.0100     49667.281373     0.000024490    -35502.5316
0.0120     40677.568876     0.000010885    -44492.2441
0.0140     34274.579373     0.000013606    -50895.2336
0.0160     29501.793485     0.000016327    -55668.0195
0.0180     25808.847977     0.000019048    -59360.9650
0.0200     22871.563861     0.000024490    -62298.2491
0.0400      9872.369428     0.000013606    -75297.4436
0.0600      5736.178576     0.000016327    -79433.6344
0.0800      3796.720888     0.000027211    -81373.0921
0.1000      2708.214932     0.000021769    -82461.5981    -42536.288
0.1200      2023.231941     0.000027211    -83146.5811    -27953.324
0.1400      1558.086970     0.000021769    -83611.7260    -19452.082
0.1600      1226.151509     0.000013606    -83943.6615    -14074.428
0.1800       982.268363     0.000019048    -84187.5446    -10449.229
0.2000       799.572909     0.000016327    -84370.2401     -7905.122
0.2400       553.166700     0.000010885    -84616.6463     -4731.104
0.2800       402.418508     0.000013606    -84767.3945     -2987.172
0.3200       304.774626     0.000016327    -84865.0384     -1995.461
0.3600       237.592797     0.000013606    -84932.2202     -1413.206
0.4000       188.665256     0.000016327    -84981.1477     -1053.260
0.4500       143.526824     0.000016327    -85026.2862      -765.312
0.5000       110.235972     0.000016327    -85059.5770      -570.599
0.5500        85.277859     0.000021769    -85084.5351      -428.961
0.6000        66.514788     0.000016327    -85103.2982      -323.516
0.6500        52.329403     0.000027211    -85117.4836      -245.465
0.7000        41.520590     0.000010885    -85128.2924      -187.793
0.7500        33.183394     0.000024490    -85136.6296      -144.979
0.8000        26.767545     0.000013606    -85143.0455      -113.217
0.8500        21.719788     0.000027211    -85148.0932       -89.457
0.9000        17.678534     0.000021769    -85152.1345       -71.570
0.9500        14.392945     0.000019048    -85155.4201       -58.156
1.0000        11.683978     0.000016327    -85158.1290       -47.868
1.1000         7.534444     0.000019048    -85162.2786       -33.452
1.2000         4.698815     0.000016327    -85165.1142       -23.817
1.3000         2.655650     0.000024490    -85167.1573       -17.217
1.4000         1.176618     0.000024490    -85168.6364       -12.514
1.5000         0.102424     0.000016327    -85169.7106        -8.948
1.6000        -0.662682     0.000024490    -85170.4757        -6.360
1.7000        -1.191304     0.000013606    -85171.0043        -4.284
1.8000        -1.546015     0.000019048    -85171.3590        -2.737
1.9000        -1.761005     0.000024490    -85171.5740        -1.610
2.0000        -1.874218     0.000021769    -85171.6872        -0.707
2.1000        -1.914488     0.000008163    -85171.7275        -0.044
2.2000        -1.896618     0.000010885    -85171.7096         0.400
2.3000        -1.836165     0.000016327    -85171.6492         0.740
2.4000        -1.748961     0.000016327    -85171.5620         1.003
2.5000        -1.643645     0.000013606    -85171.4566         1.160
2.6000        -1.524265     0.000016327    -85171.3373         1.240
2.7000        -1.396241     0.000019048    -85171.2093         1.285
2.8000        -1.256021     0.000008163    -85171.0690         1.305
2.9000        -1.093528     0.000016327    -85170.9065         1.281
3.0000        -0.938450     0.000021769    -85170.7514         1.231
3.1000        -0.790807     0.000021769    -85170.6038         1.146
3.2000        -0.651386     0.000019048    -85170.4644         1.069
3.3000        -0.521934     0.000013606    -85170.3349         1.001
3.4000        -0.403033     0.000013606    -85170.2160         0.962
3.5000        -0.294773     0.000016327    -85170.1078         0.864
3.6000        -0.196657     0.000016327    -85170.0097         0.792
3.7000        -0.107779     0.000019048    -85169.9208         0.716
3.8000        -0.027045     0.000013606    -85169.8401         0.640
3.9000         0.047827     0.000019048    -85169.7652         0.569
4.0000         0.125877     0.000019048    -85169.6871         0.509
5.0000         0.546914     0.000019048    -85169.2661         0.143
6.0000         0.668255     0.000021769    -85169.1448         0.085
7.0000         0.710332     0.000013606    -85169.1027         0.031
8.0000         0.732433     0.000016327    -85169.0806         0.021
9.0000         0.746569     0.000008163    -85169.0664         0.014
10.0000         0.756694     0.000008163    -85169.0563         0.011
100.0000         0.820834     0.000016327    -85168.9922         0.000
1000.0000         0.826010     0.000005442    -85168.9870
