0.0020   1880721.699457     0.000019048   1856600.7297
0.0040    923005.865595     0.000013606    898884.8957
0.0060    604120.519048     0.000019048    579999.5491
0.0080    444922.502842     0.000010885    420801.5329
0.0100    349615.759568     0.000013606    325494.7898
0.0120    286270.816132     0.000016327    262149.8463
0.0140    241220.082019     0.000019048    217099.1122
0.0160    207604.747388     0.000021769    183483.7775
0.0180    181537.935067     0.000024490    157416.9652
0.0200    160797.033589     0.000016327    136676.0637
0.0400     69397.836281     0.000027211     45276.8664
0.0600     40360.195230     0.000024490     16239.2254
0.0800     26641.843683     0.000005442      2520.8738
0.1000     18936.442295     0.000016327     -5184.5276
0.1200     14111.829884     0.000019048    -10009.1400
0.1400     10844.688782     0.000016327    -13276.2811
0.1600      8512.051456     0.000005442    -15608.9184
0.1800      6794.912132     0.000013606    -17326.0577
0.2000      5508.108337     0.000013606    -18612.8615
0.2400      3775.431072     0.000016327    -20345.5388    -33119.590
0.2800      2725.471265     0.000016327    -21395.4986    -20549.401
0.3200      2061.092174     0.000027211    -22059.8777    -13338.400
0.3600      1595.138529     0.000016327    -22525.8313    -10628.541
0.4000      1218.464021     0.000013606    -22902.5058     -8128.765
0.4500       882.666259     0.000010885    -23238.3036     -5472.693
0.5000       655.774374     0.000019048    -23465.1955     -3724.508
0.5500       499.687551     0.000013606    -23621.2823     -2594.519
0.6000       389.728169     0.000016327    -23731.2417     -1852.053
0.6500       310.451277     0.000027211    -23810.5186     -1351.882
0.7000       252.347314     0.000019048    -23868.6225     -1010.941
0.7500       208.385053     0.000021769    -23912.5848      -776.733
0.8000       174.057395     0.000024490    -23946.9125      -623.224
0.8500       145.789005     0.000024490    -23975.1808      -525.201
0.9000       121.343746     0.000019048    -23999.6261      -453.520
0.9500        99.956527     0.000019048    -24021.0133      -390.537
1.0000        81.580486     0.000024490    -24039.3894      -331.034
1.1000        53.408324     0.000027211    -24067.5615      -224.518
1.2000        35.088393     0.000027211    -24085.8815      -145.588
1.3000        23.265978     0.000016327    -24097.7039       -93.684
1.4000        15.657633     0.000027211    -24105.3122       -60.701
1.5000        10.722006     0.000024490    -24110.2478       -39.975
1.6000         7.469161     0.000016327    -24113.5007       -26.962
1.7000         5.281931     0.000024490    -24115.6879       -18.745
1.8000         3.782066     0.000016327    -24117.1878       -13.540
1.9000         2.732797     0.000027211    -24118.2371       -10.283
2.0000         1.958195     0.000016327    -24119.0117        -8.158
2.1000         1.340379     0.000019048    -24119.6295        -6.585
2.2000         0.829044     0.000013606    -24120.1408        -5.271
2.3000         0.407880     0.000021769    -24120.5620        -4.154
2.4000         0.068801     0.000021769    -24120.9010        -3.172
2.5000        -0.196289     0.000019048    -24121.1661        -2.353
2.6000        -0.395801     0.000019048    -24121.3656        -1.678
2.7000        -0.530260     0.000008163    -24121.5001        -1.126
2.8000        -0.587834     0.000016327    -24121.5577        -0.718
2.9000        -0.613089     0.000013606    -24121.5829        -0.397
3.0000        -0.612958     0.000008163    -24121.5828        -0.147
3.1000        -0.593777     0.000021769    -24121.5636         0.036
3.2000        -0.559461     0.000016327    -24121.5293         0.166
3.3000        -0.514295     0.000016327    -24121.4841         0.263
3.4000        -0.462096     0.000019048    -24121.4319         0.335
3.5000        -0.405287     0.000016327    -24121.3751         0.372
3.6000        -0.345615     0.000010885    -24121.3155         0.395
3.7000        -0.284599     0.000027211    -24121.2544         0.403
3.8000        -0.223678     0.000010885    -24121.1935         0.407
3.9000        -0.164196     0.000019048    -24121.1340         0.401
4.0000        -0.106516     0.000024490    -24121.0764         0.388
5.0000         0.316711     0.000027211    -24120.6531         0.195
6.0000         0.498720     0.000013606    -24120.4711         0.087
7.0000         0.567298     0.000013606    -24120.4026         0.035
8.0000         0.595962     0.000019048    -24120.3739         0.018
9.0000         0.610907     0.000024490    -24120.3589         0.011
10.0000         0.620267     0.000019048    -24120.3496         0.008
100.0000         0.669664     0.000016327    -24120.3002         0.000
1000.0000         0.673234     0.000016327    -24120.2966
