0.0020  20546319.357173     0.000021769  19913874.8227
0.0040   9998562.416610     0.000010885   9366117.8820
0.0060   6496420.272598     0.000019048   5863975.7385
0.0080   4755298.492180     0.000016327   4122853.9587
0.0100   3715723.944616     0.000024490   3083279.4105
0.0120   3025144.867521     0.000024490   2392700.3339
0.0140   2534092.934448     0.000019048   1901648.4009
0.0160   2167788.371739     0.000024490   1535343.8381
0.0180   1884509.654446     0.000021769   1252065.1209
0.0200   1659481.600893     0.000021769   1027037.0672
0.0400    678162.940167     0.000016327     45718.4066
0.0600    378537.382631     0.000008163   -253907.1509
0.0800    241256.779855     0.000021769   -391187.7537
0.1000    166153.694311     0.000005442   -466290.8393
0.1200    120214.999819     0.000005442   -512229.5339
0.1400     89604.363689     0.000019048   -542840.1698
0.1600     68304.759004     0.000027211   -564139.7747
0.1800     53229.629527     0.000010885   -579214.9041
0.2000     42367.402978     0.000024490   -590077.1307
0.2400     28339.875700     0.000016327   -604104.6578
0.2800     19365.182182     0.000013606   -613079.3515
0.3200     13750.532046     0.000019048   -618694.0015
0.3600     10017.947727     0.000005442   -622426.5857
0.4000      7476.136340     0.000013606   -624968.3973
0.4500      5266.660907     0.000010885   -627177.8726    -36501.571
0.5000      3759.107176     0.000013606   -628685.4264    -24478.143
0.5500      2751.158741     0.000013606   -629693.3749    -16417.058
0.6000      2066.650105     0.000024490   -630377.8835    -11337.433
0.6500      1585.152357     0.000016327   -630859.3813     -8147.326
0.7000      1232.342249     0.000010885   -631212.1915     -6092.039
0.7500       964.545320     0.000016327   -631479.9883     -4679.727
0.8000       757.606506     0.000021769   -631686.9272     -3621.022
0.8500       597.755509     0.000019048   -631846.7781     -2792.336
0.9000       474.498963     0.000005442   -631970.0345     -2150.489
0.9500       379.329562     0.000016327   -632065.2040     -1663.046
1.0000       305.753719     0.000024490   -632138.7798     -1296.167
1.1000       202.558815     0.000024490   -632241.9746      -812.637
1.2000       136.609747     0.000019048   -632307.9239      -530.692
1.3000        92.840415     0.000024490   -632351.6932      -358.119
1.4000        62.965481     0.000021769   -632381.5680      -246.954
1.5000        42.234925     0.000010885   -632402.2987      -172.241
1.6000        27.753518     0.000010885   -632416.7801      -120.412
1.7000        17.638430     0.000021769   -632426.8951       -83.929
1.8000        10.606110     0.000019048   -632433.9273       -58.119
1.9000         5.756750     0.000019048   -632438.7767       -39.906
2.0000         2.453943     0.000024490   -632442.0796       -26.970
2.1000         0.244949     0.000019048   -632444.2886       -17.793
2.2000        -1.191492     0.000021769   -632445.7251       -11.377
2.3000        -2.084545     0.000019048   -632446.6182        -6.826
2.4000        -2.597872     0.000013606   -632447.1314        -3.678
2.5000        -2.847068     0.000010885   -632447.3807        -1.480
2.6000        -2.741088     0.000013606   -632447.2745        -0.280
2.7000        -2.545324     0.000008163   -632447.0789         0.466
2.8000        -2.330683     0.000016327   -632446.8642         0.937
2.9000        -2.109615     0.000008163   -632446.6432         1.235
3.0000        -1.889826     0.000008163   -632446.4234         1.417
3.1000        -1.676695     0.000019048   -632446.2103         1.481
3.2000        -1.340673     0.000010885   -632445.8742         1.297
3.3000        -1.062385     0.000019048   -632445.5959         1.136
3.4000        -0.834857     0.000013606   -632445.3684         0.993
3.5000        -0.646565     0.000016327   -632445.1801         0.876
3.6000        -0.489400     0.000013606   -632445.0231         0.787
3.7000        -0.357180     0.000010885   -632444.8908         0.703
3.8000        -0.244783     0.000019048   -632444.7784         0.623
3.9000        -0.129328     0.000024490   -632444.6628         0.531
4.0000        -0.020479     0.000021769   -632444.5539         0.439
5.0000         0.378097     0.000021769   -632444.1556         0.071
6.0000         0.435388     0.000016327   -632444.0982         0.023
7.0000         0.450466     0.000010885   -632444.0832         0.005
8.0000         0.458036     0.000002721   -632444.0756         0.003
9.0000         0.463086     0.000027211   -632444.0704         0.002
10.0000         0.466825     0.000005442   -632444.0669         0.001
100.0000         0.491280     0.000013606   -632444.0424
1000.0000         0.493296     0.000027211   -632444.0402
