0.0020   9580832.824441     0.000027211   9123346.1009
0.0040   4668538.264627     0.000019048   4211051.5408
0.0060   3036509.091484     0.000021769   2579022.3667
0.0080   2224309.601702     0.000010885   1766822.8770
0.0100   1739332.131334     0.000016327   1281845.4066
0.0120   1417766.557140     0.000024490    960279.8324
0.0140   1189213.657776     0.000016327    731726.9331
0.0160   1018810.857178     0.000027211    561324.1323
0.0180    886832.856260     0.000016327    429346.1316
0.0200    781713.574474     0.000005442    324226.8498
0.0400    324346.458844     0.000013606   -133140.2659
0.0600    182796.717084     0.000019048   -274690.0076
0.0800    117800.505881     0.000016327   -339686.2188
0.1000     81784.456836     0.000027211   -375702.2680
0.1200     59369.632448     0.000013606   -398117.0922
0.1400     44646.372281     0.000027211   -412840.3524
0.1600     34616.902576     0.000013606   -422869.8221
0.1800     27370.835994     0.000027211   -430115.8887
0.2000     21858.765185     0.000024490   -435627.9597
0.2400     14412.516977     0.000013606   -443074.2077
0.2800      9917.517673     0.000027211   -447569.2071
0.3200      7089.069100     0.000016327   -450397.6556
0.3600      5212.291284     0.000024490   -452274.4335    -38827.936
0.4000      3888.905339     0.000024490   -453597.8195    -28086.119
0.4500      2729.794225     0.000019048   -454756.9305    -18837.237
0.5000      1955.807974     0.000016327   -455530.9168    -12566.972
0.5500      1436.353832     0.000013606   -456050.3709     -8519.219
0.6000      1079.948583     0.000019048   -456406.7762     -5935.024
0.6500       827.699468     0.000027211   -456659.0253     -4281.392
0.7000       642.501956     0.000019048   -456844.2228     -3213.051
0.7500       500.946127     0.000002721   -456985.7787     -2494.946
0.8000       390.069707     0.000019048   -457096.6550     -1951.671
0.8500       304.390863     0.000013606   -457182.3339     -1508.217
0.9000       238.415403     0.000013606   -457248.3093     -1159.088
0.9500       187.776102     0.000019048   -457298.9486      -892.684
1.0000       148.702467     0.000013606   -457338.0223      -691.670
1.1000        94.376079     0.000008163   -457392.3488      -424.173
1.2000        60.473921     0.000016327   -457426.2509      -266.892
1.3000        38.896081     0.000024490   -457447.8287      -171.768
1.4000        25.037061     0.000021769   -457461.6877      -113.414
1.5000        15.856489     0.000019048   -457470.8683       -75.811
1.6000         9.694479     0.000016327   -457477.0304       -50.537
1.7000         5.576831     0.000021769   -457481.1480       -33.301
1.8000         2.861795     0.000013606   -457483.8629       -21.644
1.9000         1.112100     0.000016327   -457485.6126       -13.639
2.0000         0.192891     0.000013606   -457486.5318        -8.581
2.1000        -0.298487     0.000019048   -457487.0232        -5.287
2.2000        -0.552269     0.000013606   -457487.2771        -3.189
2.3000        -0.662494     0.000010885   -457487.3873        -1.875
2.4000        -0.693156     0.000013606   -457487.4180        -1.084
2.5000        -0.682919     0.000024490   -457487.4077        -0.601
2.6000        -0.655030     0.000013606   -457487.3797        -0.322
2.7000        -0.621794     0.000008163   -457487.3465        -0.144
2.8000        -0.588485     0.000024490   -457487.3133        -0.037
2.9000        -0.557855     0.000024490   -457487.2825         0.022
3.0000        -0.530595     0.000021769   -457487.2553         0.061
3.1000        -0.506203     0.000019048   -457487.2308         0.082
3.2000        -0.484717     0.000016327   -457487.2096         0.106
3.3000        -0.465914     0.000010885   -457487.1905         0.106
3.4000        -0.449268     0.000010885   -457487.1739         0.100
3.5000        -0.434520     0.000010885   -457487.1592         0.097
3.6000        -0.421477     0.000010885   -457487.1462         0.087
3.7000        -0.410076     0.000008163   -457487.1348         0.081
3.8000        -0.400103     0.000008163   -457487.1250         0.075
3.9000        -0.391346     0.000005442   -457487.1160         0.069
4.0000        -0.383624     0.000005442   -457487.1084         0.061
5.0000        -0.345704     0.000019048   -457487.0705         0.016
6.0000        -0.338175     0.000005442   -457487.0629         0.002
7.0000        -0.336951     0.000002721   -457487.0616         0.000
8.0000        -0.336771     0.000002721   -457487.0616        -0.000
9.0000        -0.336746     0.000002721   -457487.0616        -0.000
10.0000        -0.336738     0.000002721   -457487.0616        -0.000
100.0000        -0.336738     0.000002721   -457487.0616
1000.0000        -0.336738     0.000002721   -457487.0616
