0.0020   3516373.398201     0.000021769   3349072.1388
0.0040   1717920.873298     0.000016327   1550619.6134
0.0060   1120584.291738     0.000024490    953283.0317
0.0080    822954.800749     0.000016327    655653.5408
0.0100    645151.225476     0.000021769    477849.9655
0.0120    527077.752019     0.000019048    359776.4921
0.0140    443161.861778     0.000013606    275860.6019
0.0160    380539.292212     0.000027211    213238.0323
0.0180    332098.601699     0.000024490    164797.3418
0.0200    293552.428501     0.000016327    126251.1686
0.0400    123977.296968     0.000010885    -43323.9629
0.0600     71375.570180     0.000013606    -95925.6897
0.0800     46674.617432     0.000024490   -120626.6424
0.1000     32737.407000     0.000021769   -134563.8529
0.1200     24116.008016     0.000010885   -143185.2519
0.1400     18421.331635     0.000024490   -148879.9282
0.1600     14434.890081     0.000024490   -152866.3698
0.1800     11501.792011     0.000021769   -155799.4679
0.2000      9283.248269     0.000019048   -158018.0116
0.2400      6271.396460     0.000010885   -161029.8634
0.2800      4448.970980     0.000016327   -162852.2889    -35555.405
0.3200      3299.706038     0.000024490   -164001.5538    -23109.656
0.3600      2525.748098     0.000016327   -164775.5118    -16343.238
0.4000      1957.491187     0.000024490   -165343.7687    -12342.805
0.4500      1434.169685     0.000016327   -165867.0902     -8766.548
0.5000      1062.614701     0.000013606   -166238.6452     -6227.859
0.5500       797.537861     0.000024490   -166503.7220     -4464.060
0.6000       606.632122     0.000027211   -166694.6278     -3234.001
0.6500       467.587943     0.000016327   -166833.6719     -2370.888
0.7000       365.185993     0.000024490   -166936.0739     -1761.031
0.7500       288.926954     0.000021769   -167012.3329     -1319.146
0.8000       231.471642     0.000010885   -167069.7882     -1011.679
0.8500       186.583100     0.000019048   -167114.6768      -809.117
0.9000       149.925812     0.000013606   -167151.3341      -666.376
0.9500       119.386675     0.000027211   -167181.8732      -549.315
1.0000        94.299476     0.000027211   -167206.9604      -444.291
1.1000        58.726998     0.000013606   -167242.5329      -277.660
1.2000        36.693879     0.000016327   -167264.5660      -170.566
1.3000        23.175255     0.000024490   -167278.0846      -104.643
1.4000        14.856647     0.000010885   -167286.4032       -64.709
1.5000         9.684147     0.000019048   -167291.5757       -40.525
1.6000         6.427152     0.000021769   -167294.8327       -25.715
1.7000         4.351053     0.000019048   -167296.9088       -16.500
1.8000         3.052060     0.000024490   -167298.2078       -10.768
1.9000         2.266415     0.000019048   -167298.9935        -7.239
2.0000         1.748749     0.000019048   -167299.5111        -5.011
2.1000         1.394285     0.000016327   -167299.8656        -3.558
2.2000         1.141597     0.000016327   -167300.1183        -2.582
2.3000         0.956780     0.000013606   -167300.3031        -1.885
2.4000         0.819455     0.000024490   -167300.4404        -1.389
2.5000         0.716462     0.000024490   -167300.5434        -1.021
2.6000         0.639756     0.000021769   -167300.6201        -0.747
2.7000         0.583004     0.000019048   -167300.6769        -0.539
2.8000         0.541474     0.000021769   -167300.7184        -0.363
2.9000         0.511757     0.000013606   -167300.7481        -0.270
3.0000         0.491062     0.000024490   -167300.7688        -0.173
3.1000         0.477076     0.000021769   -167300.7828        -0.118
3.2000         0.468126     0.000024490   -167300.7918        -0.072
3.3000         0.462890     0.000019048   -167300.7970        -0.039
3.4000         0.460352     0.000013606   -167300.7995        -0.013
3.5000         0.459671     0.000016327   -167300.8002         0.000
3.6000         0.460251     0.000010885   -167300.7996         0.011
3.7000         0.461666     0.000013606   -167300.7982         0.018
3.8000         0.463579     0.000016327   -167300.7963         0.022
3.9000         0.465786     0.000019048   -167300.7941         0.023
4.0000         0.468082     0.000019048   -167300.7918         0.024
5.0000         0.484216     0.000010885   -167300.7757         0.009
6.0000         0.488570     0.000002721   -167300.7713         0.002
7.0000         0.489400     0.000002721   -167300.7705         0.000
8.0000         0.489541     0.000002721   -167300.7704        -0.000
9.0000         0.489566     0.000002721   -167300.7703        -0.000
10.0000         0.489568     0.000002721   -167300.7703        -0.000
100.0000         0.489568     0.000002721   -167300.7703
1000.0000         0.489568     0.000002721   -167300.7703
