0.0020  13900427.100435     0.000024490  13571024.6297
0.0040   6775440.819655     0.000021769   6446038.3482
0.0060   4411982.350727     0.000016327   4082579.8790
0.0080   3233801.508092     0.000024490   2904399.0376
0.0100   2529301.833301     0.000019048   2199899.3623
0.0120   2060998.266834     0.000016327   1731595.7959
0.0140   1728150.175448     0.000019048   1398747.7045
0.0160   1479597.652724     0.000024490   1150195.1818
0.0180   1287198.946232     0.000021769    957796.4752
0.0200   1134147.328691     0.000021769    804744.8576
0.0400    467706.154658     0.000013606    138303.6837
0.0600    262364.795778     0.000024490    -67037.6752
0.0800    167916.324417     0.000010885   -161486.1466
0.1000    115694.401802     0.000019048   -213708.0692
0.1200     83800.360120     0.000019048   -245602.1109
0.1400     63116.109000     0.000008163   -266286.3620
0.1600     48903.445990     0.000013606   -280499.0249
0.1800     38530.615256     0.000027211   -290871.8558
0.2000     30631.111472     0.000016327   -298771.3595
0.2400     20072.165323     0.000021769   -309330.3058
0.2800     13832.460936     0.000019048   -315570.0100
0.3200      9936.781747     0.000013606   -319465.6892
0.3600      7245.936488     0.000027211   -322156.5344
0.4000      5320.221142     0.000013606   -324082.2498    -39836.992
0.4500      3718.874491     0.000013606   -325683.5964    -25425.604
0.5000      2678.478648     0.000019048   -326723.9923    -16868.618
0.5500      1975.954827     0.000008163   -327426.5162    -11627.432
0.6000      1483.409868     0.000024490   -327919.0613     -8336.662
0.6500      1123.078921     0.000019048   -328279.3921     -6258.787
0.7000       850.575092     0.000013606   -328551.8960     -4727.465
0.7500       646.635282     0.000021769   -328755.8356     -3488.158
0.8000       497.181479     0.000016327   -328905.2896     -2541.197
0.8500       388.308009     0.000016327   -329014.1629     -1859.827
0.9000       308.105461     0.000021769   -329094.3655     -1384.285
0.9500       247.733572     0.000021769   -329154.7376     -1053.184
1.0000       201.191383     0.000021769   -329201.2797      -818.494
1.1000       135.781976     0.000027211   -329266.6890      -520.939
1.2000        93.541674     0.000019048   -329308.9293      -345.624
1.3000        65.350377     0.000013606   -329337.1206      -232.325
1.4000        46.372409     0.000024490   -329356.0986      -156.345
1.5000        33.595693     0.000027211   -329368.8752      -105.253
1.6000        25.003063     0.000024490   -329377.4680       -71.406
1.7000        19.195662     0.000024490   -329383.2755       -49.166
1.8000        15.225290     0.000008163   -329387.2456       -34.557
1.9000        12.465176     0.000010885   -329390.0059       -24.830
2.0000        10.507395     0.000013606   -329391.9635       -18.253
2.1000         9.085368     0.000019048   -329393.3856       -13.658
2.2000         8.026404     0.000021769   -329394.4446       -10.372
2.3000         7.221009     0.000024490   -329395.2501        -7.879
2.4000         6.660770     0.000010885   -329395.8101        -6.047
2.5000         6.291111     0.000021769   -329396.1799        -4.638
2.6000         5.998007     0.000024490   -329396.4730        -3.506
2.7000         5.772598     0.000019048   -329396.6983        -2.557
2.8000         5.606114     0.000013606   -329396.8648        -1.848
2.9000         5.489333     0.000021769   -329396.9816        -1.252
3.0000         5.412820     0.000024490   -329397.0583        -0.802
3.1000         5.370281     0.000005442   -329397.1007        -0.462
3.2000         5.354620     0.000005442   -329397.1163        -0.186
3.3000         5.359363     0.000002721   -329397.1116         0.017
3.4000         5.380814     0.000008163   -329397.0901         0.152
3.5000         5.414668     0.000008163   -329397.0564         0.260
3.6000         5.457003     0.000019048   -329397.0139         0.334
3.7000         5.505184     0.000008163   -329396.9658         0.381
3.8000         5.557236     0.000005442   -329396.9138         0.400
3.9000         5.611265     0.000010885   -329396.8597         0.406
4.0000         5.665611     0.000016327   -329396.8055         0.406
5.0000         6.075290     0.000013606   -329396.3957         0.194
6.0000         6.231559     0.000027211   -329396.2395         0.086
7.0000         6.279715     0.000005442   -329396.1913         0.033
8.0000         6.295830     0.000019048   -329396.1753         0.017
9.0000         6.302513     0.000008163   -329396.1685         0.011
10.0000         6.306192     0.000024490   -329396.1647         0.008
100.0000         6.323096     0.000013606   -329396.1478         0.000
1000.0000         6.324230     0.000013606   -329396.1467
