0.0020  10963689.476584     0.000019048  10776454.6993
0.0040   5359876.086862     0.000019048   5172641.3110
0.0060   3494284.411354     0.000016327   3307049.6343
0.0080   2563510.718516     0.000013606   2376275.9423
0.0100   2006509.959964     0.000021769   1819275.1838
0.0120   1637449.791791     0.000021769   1450215.0156
0.0140   1374543.947322     0.000019048   1187309.1711
0.0160   1177860.742758     0.000013606    990625.9665
0.0180   1025536.954066     0.000013606    838302.1778
0.0200    904738.123806     0.000019048    717503.3476
0.0400    374780.757265     0.000021769    187545.9811
0.0600    210922.972220     0.000013606     23688.1961
0.0800    135458.366739     0.000024490    -51776.4094
0.1000     94006.801909     0.000024490    -93227.9742
0.1200     68256.945134     0.000019048   -118977.8310
0.1400     51156.697762     0.000021769   -136078.0784
0.1600     39432.107115     0.000021769   -147802.6690
0.1800     31215.782463     0.000024490   -156018.9937
0.2000     25334.297682     0.000021769   -161900.4785
0.2400     17152.967457     0.000021769   -170081.8087
0.2800     11964.791694     0.000021769   -175269.9845
0.3200      8532.326134     0.000021769   -178702.4500
0.3600      6296.463797     0.000008163   -180938.3124    -45162.624
0.4000      4798.576025     0.000021769   -182436.2001    -30920.855
0.4500      3451.166186     0.000019048   -183783.6100    -23782.787
0.5000      2465.456071     0.000019048   -184769.3201    -15999.088
0.5500      1807.375700     0.000021769   -185427.4005    -10712.245
0.6000      1362.418602     0.000013606   -185872.3576     -7337.272
0.6500      1053.079512     0.000016327   -186181.6967     -5196.026
0.7000       830.000349     0.000019048   -186404.7758     -3824.981
0.7500       662.799061     0.000019048   -186571.9771     -2921.553
0.8000       533.543967     0.000021769   -186701.2322     -2297.858
0.8500       430.964220     0.000013606   -186803.8119     -1838.881
0.9000       348.524110     0.000013606   -186886.2521     -1479.158
0.9500       282.149738     0.000016327   -186952.6264     -1188.648
1.0000       228.732059     0.000019048   -187006.0441      -955.263
1.1000       150.566600     0.000013606   -187084.2095      -625.198
1.2000        99.850060     0.000021769   -187134.9261      -415.887
1.3000        65.922725     0.000010885   -187168.8534      -277.627
1.4000        43.121660     0.000013606   -187191.6545      -185.751
1.5000        27.787140     0.000019048   -187206.9890      -123.883
1.6000        17.546251     0.000008163   -187217.2299       -81.861
1.7000        10.887478     0.000013606   -187223.8887       -53.395
1.8000         6.777907     0.000016327   -187227.9983       -34.395
1.9000         4.255536     0.000008163   -187230.5206       -21.700
2.0000         2.745276     0.000024490   -187232.0309       -13.370
2.1000         1.943530     0.000010885   -187232.8326        -8.098
2.2000         1.551934     0.000010885   -187233.2242        -4.904
2.3000         1.368954     0.000019048   -187233.4072        -3.003
2.4000         1.285581     0.000019048   -187233.4906        -1.934
2.5000         1.240720     0.000019048   -187233.5354        -1.285
2.6000         1.207623     0.000024490   -187233.5685        -0.896
2.7000         1.180814     0.000016327   -187233.5953        -0.552
2.8000         1.162455     0.000008163   -187233.6137        -0.270
2.9000         1.157722     0.000024490   -187233.6184        -0.022
3.0000         1.168623     0.000019048   -187233.6075         0.202
3.1000         1.196096     0.000019048   -187233.5801         0.372
3.2000         1.239553     0.000021769   -187233.5366         0.518
3.3000         1.295562     0.000024490   -187233.4806         0.636
3.4000         1.361835     0.000016327   -187233.4143         0.709
3.5000         1.436645     0.000027211   -187233.3395         0.757
3.6000         1.516415     0.000024490   -187233.2597         0.790
3.7000         1.598601     0.000019048   -187233.1775         0.807
3.8000         1.681651     0.000027211   -187233.0945         0.799
3.9000         1.764939     0.000027211   -187233.0112         0.782
4.0000         1.846410     0.000027211   -187232.9298         0.763
5.0000         2.444745     0.000010885   -187232.3314         0.381
6.0000         2.765513     0.000021769   -187232.0106         0.122
7.0000         2.854514     0.000019048   -187231.9217         0.040
8.0000         2.876555     0.000016327   -187231.8996         0.015
9.0000         2.882797     0.000019048   -187231.8934         0.008
10.0000         2.885083     0.000024490   -187231.8911         0.004
100.0000         2.891350     0.000008163   -187231.8848         0.000
1000.0000         2.891695     0.000021769   -187231.8845
