0.0020  25769055.681219     0.000016327  25004275.5398
0.0040  12533395.588239     0.000021769  11768615.4471
0.0060   8141468.478792     0.000005442   7376688.3366
0.0080   5958171.100005     0.000016327   5193390.9583
0.0100   4654294.696298     0.000013606   3889514.5536
0.0120   3789021.585367     0.000013606   3024241.4433
0.0140   3174603.648098     0.000024490   2409823.5062
0.0160   2716784.021021     0.000024490   1952003.8792
0.0180   2363121.782699     0.000002721   1598341.6408
0.0200   2082360.573985     0.000016327   1317580.4322
0.0400    854109.526801     0.000016327     89329.3849
0.0600    473406.009988     0.000005442   -291374.1319
0.0800    299521.650009     0.000013606   -465258.4918
0.1000    205310.418104     0.000019048   -559469.7239
0.1200    147648.356621     0.000013606   -617131.7852
0.1400    109618.907351     0.000021769   -655161.2344
0.1600     83730.000653     0.000027211   -681050.1413
0.1800     65714.519517     0.000024490   -699065.6224
0.2000     52755.204871     0.000016327   -712024.9371
0.2400     34681.729632     0.000013606   -730098.4121
0.2800     23818.419041     0.000019048   -740961.7228
0.3200     16925.050687     0.000019048   -747855.0913
0.3600     12329.046017     0.000019048   -752451.0958
0.4000      9115.191648     0.000019048   -755664.9503
0.4500      6428.116746     0.000010885   -758352.0250    -42487.566
0.5000      4700.936883     0.000013606   -760079.2050    -27910.466
0.5500      3537.650017     0.000024490   -761242.4919    -19362.297
0.6000      2708.565255     0.000021769   -762071.5766    -14172.068
0.6500      2094.723177     0.000016327   -762685.4186    -10557.972
0.7000      1637.972118     0.000010885   -763142.1698     -7867.279
0.7500      1296.308401     0.000016327   -763483.8336     -5918.746
0.8000      1037.083388     0.000016327   -763743.0586     -4526.461
0.8500       836.907456     0.000019048   -763943.2344     -3522.245
0.9000       679.467018     0.000024490   -764100.6749     -2788.542
0.9500       553.252963     0.000027211   -764226.8889     -2246.158
1.0000       450.846736     0.000027211   -764329.2952     -1832.298
1.1000       299.972136     0.000008163   -764480.1696     -1229.619
1.2000       198.676397     0.000013606   -764581.4654      -826.367
1.3000       130.445062     0.000021769   -764649.6969      -556.846
1.4000        84.361045     0.000019048   -764695.7808      -375.843
1.5000        53.196821     0.000008163   -764726.9451      -257.047
1.6000        31.788843     0.000019048   -764748.3532      -174.652
1.7000        17.275617     0.000019048   -764762.8664      -116.987
1.8000         7.895196     0.000016327   -764772.2467       -76.907
1.9000         1.959419     0.000016327   -764778.1826       -49.749
2.0000        -1.803041     0.000024490   -764781.9448       -31.029
2.1000        -4.061105     0.000008163   -764784.2031       -18.409
2.2000        -5.222199     0.000019048   -764785.3642       -10.121
2.3000        -5.769368     0.000010885   -764785.9112        -4.711
2.4000        -5.882034     0.000013606   -764786.0238        -1.318
2.5000        -5.290015     0.000021769   -764785.4320         0.277
2.6000        -4.692741     0.000019048   -764784.8347         1.112
2.7000        -4.136500     0.000005442   -764784.2785         1.639
2.8000        -3.629995     0.000027211   -764783.7718         1.946
2.9000        -3.169178     0.000016327   -764783.3111         2.068
3.0000        -2.565292     0.000008163   -764782.7073         2.001
3.1000        -2.038446     0.000027211   -764782.1802         1.841
3.2000        -1.578079     0.000019048   -764781.7201         1.740
3.3000        -1.157127     0.000013606   -764781.2991         1.627
3.4000        -0.769827     0.000019048   -764780.9116         1.495
3.5000        -0.431121     0.000021769   -764780.5731         1.362
3.6000        -0.134269     0.000013606   -764780.2762         1.274
3.7000         0.127526     0.000013606   -764780.0144         1.197
3.8000         0.359533     0.000019048   -764779.7823         1.076
3.9000         0.566315     0.000010885   -764779.5755         0.985
4.0000         0.751132     0.000027211   -764779.3908         0.909
5.0000         1.810162     0.000005442   -764778.3317         0.329
6.0000         2.134271     0.000005442   -764778.0076         0.095
7.0000         2.218488     0.000019048   -764777.9235         0.024
8.0000         2.240273     0.000019048   -764777.9015         0.005
9.0000         2.247011     0.000021769   -764777.8950         0.002
10.0000         2.249895     0.000013606   -764777.8920        -0.001
100.0000         2.261662     0.000013606   -764777.8803
1000.0000         2.262516     0.000005442   -764777.8794
