0.0020         0.000000     0.000013606  31838470.5115
0.0040  15832895.645281     0.000027211  15130519.3673
0.0060  10280547.117213     0.000019048   9578170.8405
0.0080   7513718.945744     0.000024490   6811342.6672
0.0100   5859585.972287     0.000027211   5157209.6957
0.0120   4761023.520751     0.000027211   4058647.2439
0.0140   3981821.689243     0.000013606   3279445.4119
0.0160   3401070.329319     0.000010885   2698694.0517
0.0180   2952735.123058     0.000021769   2250358.8455
0.0200   2597089.579931     0.000013606   1894713.3024
0.0400   1051992.705686     0.000013606    349616.4281
0.0600    582833.397431     0.000027211   -119542.8801
0.0800    369349.209543     0.000019048   -333027.0680
0.1000    253520.450031     0.000010885   -448855.8274
0.1200    182553.337427     0.000027211   -519822.9400
0.1400    136610.696545     0.000021769   -565765.5810
0.1600    105497.676716     0.000019048   -596878.6009
0.1800     82977.402165     0.000008163   -619398.8755
0.2000     65824.202341     0.000021769   -636552.0753
0.2400     42769.118959     0.000008163   -659607.1586
0.2800     29069.705477     0.000008163   -673306.5721
0.3200     20456.339493     0.000013606   -681919.9381
0.3600     14454.619676     0.000021769   -687921.6577
0.4000     10474.742689     0.000021769   -691901.5348
0.4500      7255.703172     0.000019048   -695120.5743    -50847.184
0.5000      5173.790035     0.000010885   -697202.4875    -33962.768
0.5500      3746.676379     0.000005442   -698629.6011    -23933.522
0.6000      2731.525292     0.000024490   -699644.7522    -17034.729
0.6500      2010.800812     0.000005442   -700365.4768    -12040.307
0.7000      1501.219364     0.000021769   -700875.0583     -8525.423
0.7500      1140.379156     0.000019048   -701235.8983     -6111.032
0.8000       877.759971     0.000010885   -701498.5176     -4524.869
0.8500       680.334732     0.000021769   -701695.9429     -3448.510
0.9000       528.689288     0.000013606   -701847.5882     -2664.212
0.9500       410.851752     0.000013606   -701965.4257     -2063.283
1.0000       319.266389     0.000021769   -702057.0111     -1597.470
1.1000       195.157237     0.000008163   -702181.1204      -946.169
1.2000       121.673393     0.000021769   -702254.6042      -566.388
1.3000        77.321870     0.000027211   -702298.9556      -346.889
1.4000        49.854747     0.000019048   -702326.4227      -217.312
1.5000        32.525145     0.000024490   -702343.7523      -138.138
1.6000        21.666949     0.000008163   -702354.6105       -88.973
1.7000        14.708579     0.000005442   -702361.5690       -57.172
1.8000        10.269344     0.000016327   -702366.0082       -36.111
1.9000         7.857331     0.000019048   -702368.4203       -22.918
2.0000         6.637572     0.000008163   -702369.6399       -14.664
2.1000         5.892856     0.000008163   -702370.3847        -9.125
2.2000         5.523554     0.000024490   -702370.7539        -5.588
2.3000         5.587874     0.000013606   -702370.6897        -3.738
2.4000         5.906868     0.000013606   -702370.3708        -3.140
2.5000         6.103094     0.000021769   -702370.1746        -2.614
2.6000         6.205104     0.000010885   -702370.0725        -2.236
2.7000         6.245486     0.000021769   -702370.0320        -1.825
2.8000         6.254273     0.000000000   -702370.0233        -1.445
2.9000         6.252850     0.000010885   -702370.0246        -1.065
3.0000         6.255182     0.000021769   -702370.0225        -0.742
3.1000         6.268668     0.000008163   -702370.0089        -0.443
3.2000         6.295125     0.000019048   -702369.9825        -0.207
3.3000         6.335055     0.000021769   -702369.9425        -0.015
3.4000         6.386566     0.000013606   -702369.8910         0.144
3.5000         6.446483     0.000016327   -702369.8312         0.260
3.6000         6.513407     0.000019048   -702369.7642         0.331
3.7000         6.584859     0.000005442   -702369.6927         0.393
3.8000         6.657970     0.000013606   -702369.6195         0.429
3.9000         6.731283     0.000005442   -702369.5463         0.437
4.0000         6.804133     0.000024490   -702369.4733         0.437
5.0000         7.338739     0.000024490   -702368.9389         0.211
6.0000         7.539845     0.000027211   -702368.7378         0.066
7.0000         7.601792     0.000008163   -702368.6758         0.030
8.0000         7.622766     0.000013606   -702368.6548         0.014
9.0000         7.631844     0.000002721   -702368.6456         0.008
10.0000         7.637093     0.000021769   -702368.6404         0.006
100.0000         7.662963     0.000021769   -702368.6146         0.000
1000.0000         7.664778     0.000008163   -702368.6126
