0.0020  15949868.222204     0.000016327  15458350.1735
0.0040   7767573.203319     0.000027211   7276055.1547
0.0060   5051957.228772     0.000019048   4560439.1796
0.0080   3699501.711990     0.000021769   3207983.6628
0.0100   2892015.190121     0.000019048   2400497.1417
0.0120   2355089.477613     0.000019048   1863571.4292
0.0140   1973270.199548     0.000013606   1481752.1512
0.0160   1688483.694977     0.000016327   1196965.6465
0.0180   1468214.365755     0.000010885    976696.3174
0.0200   1293240.928809     0.000021769    801722.8805
0.0400    532049.305837     0.000010885     40531.2575
0.0600    297701.461197     0.000024490   -193816.5871
0.0800    190372.317231     0.000021769   -301145.7312
0.1000    131300.730970     0.000019048   -360217.3173
0.1200     95472.231571     0.000019048   -396045.8168
0.1400     71760.077546     0.000019048   -419757.9709
0.1600     55066.459912     0.000024490   -436451.5885
0.1800     42911.708198     0.000016327   -448606.3400
0.2000     33963.664220     0.000008163   -457554.3842
0.2400     22286.148590     0.000008163   -469231.8998
0.2800     15437.950642     0.000013606   -476080.0977
0.3200     10904.358291     0.000008163   -480613.6901
0.3600      7821.547858     0.000019048   -483696.5005
0.4000      5762.876352     0.000010885   -485755.1721    -42317.906
0.4500      4052.179237     0.000024490   -487465.8690    -27419.146
0.5000      2920.649275     0.000016327   -488597.3992    -18596.536
0.5500      2128.604015     0.000024490   -489389.4443    -13616.674
0.6000      1542.892047     0.000027211   -489975.1562     -9867.234
0.6500      1127.071690     0.000024490   -490390.9766     -6921.955
0.7000       835.300413     0.000021769   -490682.7480     -4864.962
0.7500       628.946305     0.000021769   -490889.1021     -3465.774
0.8000       480.549427     0.000010885   -491037.4989     -2518.338
0.8500       371.521505     0.000019048   -491146.5268     -1871.888
0.9000       289.619280     0.000013606   -491228.4290     -1421.474
0.9500       226.898775     0.000024490   -491291.1497     -1097.439
1.0000       178.206654     0.000013606   -491339.8418      -855.984
1.1000       110.224432     0.000021769   -491407.8240      -526.999
1.2000        68.323021     0.000019048   -491449.7255      -325.842
1.3000        42.824212     0.000013606   -491475.2242      -205.491
1.4000        26.846791     0.000013606   -491491.2016      -134.166
1.5000        16.289765     0.000024490   -491501.7585       -88.246
1.6000         9.270425     0.000021769   -491508.7780       -57.873
1.7000         4.647089     0.000019048   -491513.4012       -37.691
1.8000         1.772071     0.000024490   -491516.2764       -24.359
1.9000        -0.003652     0.000024490   -491518.0519       -15.453
2.0000        -1.068466     0.000021769   -491519.1167        -9.594
2.1000        -1.667171     0.000013606   -491519.7156        -5.649
2.2000        -1.964094     0.000016327   -491520.0125        -3.056
2.3000        -2.069427     0.000024490   -491520.1178        -1.392
2.4000        -2.056139     0.000019048   -491520.1045        -0.284
2.5000        -1.972701     0.000021769   -491520.0209         0.375
2.6000        -1.850965     0.000016327   -491519.8993         0.777
2.7000        -1.711447     0.000021769   -491519.7597         0.986
2.8000        -1.567069     0.000021769   -491519.6155         1.068
2.9000        -1.425861     0.000024490   -491519.4742         1.090
3.0000        -1.292748     0.000016327   -491519.3412         1.059
3.1000        -1.169747     0.000021769   -491519.2182         0.990
3.2000        -1.058548     0.000021769   -491519.1069         0.916
3.3000        -0.959155     0.000024490   -491519.0076         0.836
3.4000        -0.871045     0.000008163   -491518.9194         0.741
3.5000        -0.793800     0.000019048   -491518.8421         0.660
3.6000        -0.726452     0.000013606   -491518.7749         0.582
3.7000        -0.668004     0.000010885   -491518.7164         0.512
3.8000        -0.617663     0.000024490   -491518.6661         0.438
3.9000        -0.574536     0.000021769   -491518.6228         0.385
4.0000        -0.537569     0.000008163   -491518.5858         0.331
5.0000        -0.372083     0.000013606   -491518.4204         0.064
6.0000        -0.343577     0.000019048   -491518.3921         0.010
7.0000        -0.338815     0.000005442   -491518.3872         0.001
8.0000        -0.338012     0.000008163   -491518.3863        -0.000
9.0000        -0.337876     0.000016327   -491518.3863        -0.000
10.0000        -0.337851     0.000027211   -491518.3863        -0.000
100.0000        -0.337846     0.000027211   -491518.3861
1000.0000        -0.337843     0.000024490   -491518.3861
