0.0020  17901754.059884     0.000008163  17344516.2806
0.0040   8715498.972370     0.000013606   8158261.1928
0.0060   5665804.697815     0.000027211   5108566.9199
0.0080   4148787.234767     0.000019048   3591549.4544
0.0100   3243744.198986     0.000016327   2686506.4201
0.0120   2642417.575467     0.000016327   2085179.7966
0.0140   2214524.913841     0.000024490   1657287.1350
0.0160   1895307.920206     0.000021769   1338070.1413
0.0180   1648118.560101     0.000019048   1090880.7811
0.0200   1451688.322731     0.000019048    894450.5438
0.0400    594466.095715     0.000024490     37228.3168
0.0600    332196.009274     0.000010885   -225041.7697
0.0800    212148.649242     0.000016327   -345089.1297
0.1000    146319.307898     0.000024490   -410918.4711
0.1200    106160.979016     0.000013606   -451076.8001
0.1400     79505.034589     0.000016327   -477732.7443
0.1600     60775.047777     0.000021769   -496462.7313
0.1800     47300.440220     0.000021769   -509937.3386
0.2000     37492.587120     0.000008163   -519745.1919
0.2400     24792.241488     0.000013606   -532445.5374
0.2800     17134.086773     0.000008163   -540103.6922
0.3200     12021.886217     0.000027211   -545215.8929
0.3600      8711.623448     0.000013606   -548526.1556
0.4000      6467.099166     0.000005442   -550770.6798    -46524.814
0.4500      4572.327439     0.000010885   -552665.4514    -30658.115
0.5000      3276.357942     0.000024490   -553961.4211    -21885.739
0.5500      2354.564473     0.000024490   -554883.2145    -15239.779
0.6000      1720.582645     0.000013606   -555517.1962    -10415.196
0.6500      1285.208761     0.000010885   -555952.5701     -7209.434
0.7000       980.325853     0.000013606   -556257.4531     -5118.939
0.7500       760.773766     0.000013606   -556477.0053     -3744.946
0.8000       597.964585     0.000016327   -556639.8143     -2817.896
0.8500       474.088865     0.000016327   -556763.6901     -2170.270
0.9000       378.193925     0.000013606   -556859.5850     -1724.490
0.9500       301.167834     0.000019048   -556936.6112     -1396.878
1.0000       238.783521     0.000010885   -556998.9955     -1113.563
1.1000       150.341292     0.000010885   -557087.4377      -688.745
1.2000        95.675263     0.000021769   -557142.1038      -426.507
1.3000        61.576094     0.000019048   -557176.2029      -267.793
1.4000        39.976689     0.000016327   -557197.8022      -170.654
1.5000        26.078387     0.000024490   -557211.7005      -110.343
1.6000        16.985805     0.000010885   -557220.7931       -72.439
1.7000        10.936037     0.000024490   -557226.8431       -48.211
1.8000         6.865729     0.000010885   -557230.9133       -32.396
1.9000         4.190767     0.000010885   -557233.5882       -21.712
2.0000         2.414152     0.000016327   -557235.3648       -14.573
2.1000         1.323097     0.000008163   -557236.4558        -9.776
2.2000         0.603639     0.000005442   -557237.1752        -6.489
2.3000         0.142038     0.000019048   -557237.6370        -4.171
2.4000        -0.140596     0.000013606   -557237.9195        -2.550
2.5000        -0.299480     0.000013606   -557238.0784        -1.453
2.6000        -0.373232     0.000010885   -557238.1521        -0.660
2.7000        -0.389463     0.000010885   -557238.1684        -0.135
2.8000        -0.367591     0.000010885   -557238.1467         0.198
2.9000        -0.321274     0.000021769   -557238.1001         0.443
3.0000        -0.260756     0.000016327   -557238.0397         0.573
3.1000        -0.192036     0.000013606   -557237.9709         0.626
3.2000        -0.120400     0.000019048   -557237.8993         0.675
3.3000        -0.049236     0.000021769   -557237.8283         0.672
3.4000         0.019824     0.000016327   -557237.7592         0.638
3.5000         0.085313     0.000005442   -557237.6936         0.604
3.6000         0.146035     0.000005442   -557237.6329         0.568
3.7000         0.201685     0.000019048   -557237.5774         0.526
3.8000         0.252386     0.000027211   -557237.5265         0.468
3.9000         0.298223     0.000024490   -557237.4808         0.421
4.0000         0.339179     0.000021769   -557237.4397         0.377
5.0000         0.595502     0.000021769   -557237.1834         0.090
6.0000         0.647193     0.000002721   -557237.1317         0.020
7.0000         0.654080     0.000021769   -557237.1249         0.004
8.0000         0.653952     0.000024490   -557237.1252         0.001
9.0000         0.652897     0.000005442   -557237.1260        -0.000
10.0000         0.651939     0.000021769   -557237.1271        -0.000
100.0000         0.645120     0.000019048   -557237.1339
1000.0000         0.644567     0.000019048   -557237.1344
