0.0020  18661506.385198     0.000024490  18254031.9697
0.0040   9095196.977487     0.000021769   8687722.5631
0.0060   5918099.594585     0.000024490   5510625.1790
0.0080   4333162.422638     0.000021769   3925688.0092
0.0100   3384949.533193     0.000013606   2977475.1191
0.0120   2755524.497401     0.000013606   2348050.0829
0.0140   2308028.101915     0.000016327   1900553.6873
0.0160   1973835.548339     0.000021769   1566361.1336
0.0180   1715338.761722     0.000008163   1307864.3472
0.0200   1510275.226904     0.000019048   1102800.8123
0.0400    619016.145506     0.000024490    211541.7309
0.0600    345700.278145     0.000021769    -61774.1365
0.0800    220733.505329     0.000019048   -186740.9093
0.1000    152001.483742     0.000024490   -255472.9309
0.1200    110282.326277     0.000021769   -297192.0884
0.1400     82894.410033     0.000019048   -324580.0045
0.1600     63673.494585     0.000016327   -343800.9199
0.1800     49768.414904     0.000008163   -357705.9996
0.2000     39526.142739     0.000016327   -367948.2719
0.2400     26069.599987     0.000021769   -381404.8147
0.2800     18006.993934     0.000016327   -389467.4207
0.3200     12601.157659     0.000005442   -394873.2570
0.3600      9096.465190     0.000019048   -398377.9493
0.4000      6728.972095     0.000019048   -400745.4426    -49090.746
0.4500      4740.757610     0.000019048   -402733.6571    -31799.089
0.5000      3429.367455     0.000013606   -404045.0472    -21682.144
0.5500      2497.405720     0.000019048   -404977.0089    -15865.707
0.6000      1831.731339     0.000019048   -405642.6832    -10974.643
0.6500      1373.653303     0.000016327   -406100.7612     -7617.567
0.7000      1052.497847     0.000024490   -406421.9166     -5427.570
0.7500       820.561516     0.000008163   -406653.8530     -3975.112
0.8000       646.371326     0.000019048   -406828.0432     -3050.045
0.8500       510.091743     0.000013606   -406964.3228     -2413.331
0.9000       402.832962     0.000021769   -407071.5816     -1904.207
0.9500       318.103100     0.000013606   -407156.3114     -1497.887
1.0000       251.249821     0.000024490   -407223.1649     -1177.502
1.1000       157.867442     0.000016327   -407316.5471      -722.484
1.2000       101.142462     0.000016327   -407373.2722      -444.310
1.3000        66.108035     0.000013606   -407408.3066      -279.673
1.4000        43.814873     0.000021769   -407430.5998      -180.176
1.5000        29.373314     0.000027211   -407445.0412      -117.371
1.6000        19.977538     0.000008163   -407454.4370       -76.365
1.7000        14.132584     0.000027211   -407460.2820       -50.108
1.8000        10.441304     0.000024490   -407463.9732       -32.846
1.9000         8.500271     0.000013606   -407465.9142       -22.244
2.0000         7.161609     0.000008163   -407467.2530       -14.767
2.1000         6.265900     0.000002721   -407468.1486        -9.604
2.2000         6.040807     0.000021769   -407468.3739        -6.715
2.3000         6.086982     0.000005442   -407468.3276        -5.180
2.4000         6.082264     0.000013606   -407468.3322        -4.215
2.5000         6.027466     0.000008163   -407468.3872        -3.506
2.6000         5.933230     0.000002721   -407468.4813        -2.992
2.7000         5.817298     0.000008163   -407468.5973        -2.481
2.8000         5.697609     0.000005442   -407468.7170        -2.027
2.9000         5.588472     0.000021769   -407468.8261        -1.621
3.0000         5.498737     0.000005442   -407468.9159        -1.219
3.1000         5.432314     0.000019048   -407468.9823        -0.907
3.2000         5.390545     0.000013606   -407469.0239        -0.621
3.3000         5.370893     0.000010885   -407469.0438        -0.362
3.4000         5.370338     0.000008163   -407469.0444        -0.174
3.5000         5.386542     0.000005442   -407469.0280        -0.027
3.6000         5.415479     0.000005442   -407468.9992         0.107
3.7000         5.453950     0.000013606   -407468.9605         0.192
3.8000         5.499350     0.000021769   -407468.9154         0.254
3.9000         5.550058     0.000019048   -407468.8645         0.291
4.0000         5.603626     0.000002721   -407468.8109         0.319
5.0000         6.066533     0.000019048   -407468.3480         0.217
6.0000         6.269702     0.000021769   -407468.1450         0.090
7.0000         6.334829     0.000005442   -407468.0797         0.031
8.0000         6.355790     0.000002721   -407468.0588         0.013
9.0000         6.363714     0.000002721   -407468.0509         0.008
10.0000         6.367589     0.000016327   -407468.0471         0.004
100.0000         6.383636     0.000024490   -407468.0310
1000.0000         6.384700     0.000024490   -407468.0299
