0.0020  11764450.880615     0.000019048  11183568.7950
0.0040   5733787.226807     0.000019048   5152905.1413
0.0060   3730121.308860     0.000010885   3149239.2222
0.0080   2733006.138145     0.000027211   2152124.0526
0.0100   2137455.590927     0.000019048   1556573.5053
0.0120   1742101.649694     0.000021769   1161219.5641
0.0140   1460725.296029     0.000021769    879843.2103
0.0160   1250537.179177     0.000021769    669655.0936
0.0180   1088075.640587     0.000021769    507193.5548
0.0200    958850.068712     0.000010885    377967.9830
0.0400    395251.326209     0.000013606   -185630.7595
0.0600    222258.533190     0.000016327   -358623.5526
0.0800    143041.691437     0.000016327   -437840.3942
0.1000     98881.742457     0.000016327   -482000.3432
0.1200     71756.959098     0.000021769   -509125.1266
0.1400     54121.499851     0.000013606   -526760.5859
0.1600     41786.135652     0.000021769   -539095.9500
0.1800     32775.261897     0.000010885   -548106.8237
0.2000     26055.914122     0.000019048   -554826.1715
0.2400     17180.068563     0.000027211   -563702.0170
0.2800     11918.827297     0.000019048   -568963.2583
0.3200      8579.988347     0.000024490   -572302.0974
0.3600      6287.633617     0.000021769   -574594.4521    -48152.411
0.4000      4667.351963     0.000019048   -576214.7337    -33624.641
0.4500      3317.429283     0.000021769   -577564.6565    -21437.688
0.5000      2444.047214     0.000010885   -578438.0386    -14162.300
0.5500      1853.687494     0.000013606   -579028.3983     -9902.900
0.6000      1423.255683     0.000016327   -579458.8301     -7492.771
0.6500      1097.329680     0.000005442   -579784.7559     -5627.927
0.7000       854.524005     0.000021769   -580027.5616     -4170.661
0.7500       674.073327     0.000016327   -580208.0123     -3110.667
0.8000       538.360384     0.000010885   -580343.7253     -2357.822
0.8500       434.484515     0.000019048   -580447.6013     -1819.878
0.9000       353.622423     0.000027211   -580528.4632     -1427.093
0.9500       289.776200     0.000010885   -580592.3096     -1134.149
1.0000       238.690161     0.000019048   -580643.3955      -912.696
1.1000       164.092465     0.000021769   -580717.9933      -610.442
1.2000       113.440000     0.000016327   -580768.6457      -420.190
1.3000        78.300501     0.000021769   -580803.7851      -289.515
1.4000        53.971113     0.000019048   -580828.1146      -197.589
1.5000        37.277270     0.000013606   -580844.8085      -134.396
1.6000        25.835814     0.000013606   -580856.2498       -94.805
1.7000        17.598279     0.000021769   -580864.4875       -68.375
1.8000        11.724585     0.000024490   -580870.3611       -49.698
1.9000         7.358468     0.000021769   -580874.7272       -36.486
2.0000         4.113024     0.000027211   -580877.9727       -26.814
2.1000         1.737010     0.000010885   -580880.3488       -19.298
2.2000         0.047827     0.000016327   -580882.0378       -13.771
2.3000        -0.970266     0.000010885   -580883.0560        -9.818
2.4000        -1.683370     0.000010885   -580883.7690        -6.943
2.5000        -2.158514     0.000013606   -580884.2443        -4.613
2.6000        -2.426100     0.000013606   -580884.5118        -2.867
2.7000        -2.541098     0.000013606   -580884.6269        -1.591
2.8000        -2.560301     0.000027211   -580884.6460        -0.590
2.9000        -2.511620     0.000024490   -580884.5973         0.057
3.0000        -2.416181     0.000019048   -580884.5018         0.524
3.1000        -2.290342     0.000021769   -580884.3760         0.869
3.2000        -2.146307     0.000016327   -580884.2321         1.081
3.3000        -1.992095     0.000021769   -580884.0778         1.182
3.4000        -1.834135     0.000019048   -580883.9197         1.249
3.5000        -1.677427     0.000013606   -580883.7632         1.281
3.6000        -1.525016     0.000016327   -580883.6106         1.265
3.7000        -1.369596     0.000024490   -580883.4552         1.212
3.8000        -1.178093     0.000021769   -580883.2639         1.147
3.9000        -1.001268     0.000008163   -580883.0870         1.068
4.0000        -0.839270     0.000021769   -580882.9249         0.975
5.0000         0.124114     0.000027211   -580881.9616         0.319
6.0000         0.382464     0.000013606   -580881.7033         0.074
7.0000         0.455995     0.000010885   -580881.6296         0.037
8.0000         0.485604     0.000019048   -580881.6002         0.020
9.0000         0.502366     0.000013606   -580881.5833         0.014
10.0000         0.513830     0.000024490   -580881.5719         0.010
100.0000         0.579842     0.000019048   -580881.5058         0.000
1000.0000         0.584830     0.000016327   -580881.5009
