0.0020   5475896.265902     0.000013606   5357540.2570
0.0040   2679074.878694     0.000013606   2560718.8691
0.0060   1747761.894386     0.000024490   1629405.8848
0.0080   1284579.980379     0.000027211   1166223.9708
0.0100   1007678.262259     0.000008163    889322.2528
0.0120    823652.259966     0.000016327    705296.2503
0.0140    692638.054637     0.000016327    574282.0451
0.0160    594662.592259     0.000021769    476306.5828
0.0180    518798.049062     0.000021769    400442.0396
0.0200    458406.387836     0.000024490    340050.3783
0.0400    192698.157431     0.000013606     74342.1478
0.0600    110348.253832     0.000024490     -8007.7558
0.0800     71977.424204     0.000010885    -46378.5854
0.1000     50233.613205     0.000013606    -68122.3964
0.1200     36868.976083     0.000016327    -81487.0335
0.1400     28058.039633     0.000016327    -90297.9700
0.1600     21858.487996     0.000013606    -96497.5216
0.1800     17305.246789     0.000021769   -101050.7628
0.2000     13895.275562     0.000010885   -104460.7340
0.2400      9330.965294     0.000016327   -109025.0443
0.2800      6589.068986     0.000024490   -111766.9406
0.3200      4857.881763     0.000021769   -113498.1278    -34814.069
0.3600      3655.936205     0.000019048   -114700.0734    -26715.167
0.4000      2734.203002     0.000019048   -115621.8066    -19329.284
0.4500      1952.853772     0.000021769   -116403.1558    -12467.923
0.5000      1442.448910     0.000021769   -116913.5607     -8311.274
0.5500      1094.144004     0.000019048   -117261.8656     -5822.874
0.6000       845.313508     0.000021769   -117510.6961     -4216.014
0.6500       662.993089     0.000010885   -117693.0165     -3134.460
0.7000       525.721368     0.000008163   -117830.2882     -2407.065
0.7500       419.106607     0.000013606   -117936.9030     -1907.012
0.8000       333.993896     0.000010885   -118022.0157     -1536.356
0.8500       265.259847     0.000021769   -118090.7498     -1219.997
0.9000       210.917258     0.000024490   -118145.0924      -948.493
0.9500       169.131983     0.000013606   -118186.8776      -728.319
1.0000       137.624664     0.000013606   -118218.3849      -567.521
1.1000        92.588296     0.000013606   -118263.4213      -370.586
1.2000        62.204500     0.000024490   -118293.8051      -245.724
1.3000        41.905076     0.000024490   -118314.1045      -164.654
1.4000        28.232240     0.000027211   -118327.7774      -111.384
1.5000        18.996643     0.000010885   -118337.0130       -75.332
1.6000        12.790083     0.000013606   -118343.2195       -50.523
1.7000         8.757620     0.000021769   -118347.2520       -33.524
1.8000         6.207007     0.000013606   -118349.8026       -21.983
1.9000         4.585343     0.000013606   -118351.4243       -14.165
2.0000         3.586291     0.000008163   -118352.4233        -9.102
2.1000         2.983779     0.000019048   -118353.0258        -5.865
2.2000         2.613353     0.000019048   -118353.3962        -3.937
2.3000         2.364202     0.000013606   -118353.6454        -2.788
2.4000         2.221481     0.000021769   -118353.7881        -2.156
2.5000         2.101574     0.000019048   -118353.9080        -1.743
2.6000         1.990165     0.000019048   -118354.0194        -1.467
2.7000         1.887725     0.000019048   -118354.1219        -1.206
2.8000         1.799397     0.000016327   -118354.2102        -0.969
2.9000         1.728302     0.000013606   -118354.2813        -0.767
3.0000         1.677003     0.000013606   -118354.3326        -0.566
3.1000         1.644695     0.000013606   -118354.3649        -0.381
3.2000         1.630871     0.000008163   -118354.3787        -0.227
3.3000         1.632591     0.000010885   -118354.3770        -0.095
3.4000         1.647356     0.000008163   -118354.3622        -0.001
3.5000         1.673193     0.000013606   -118354.3364         0.087
3.6000         1.706865     0.000016327   -118354.3027         0.161
3.7000         1.746882     0.000019048   -118354.2627         0.196
3.8000         1.791011     0.000019048   -118354.2186         0.235
3.9000         1.837860     0.000024490   -118354.1717         0.258
4.0000         1.886468     0.000008163   -118354.1231         0.267
5.0000         2.307325     0.000013606   -118353.7023         0.194
6.0000         2.519348     0.000016327   -118353.4903         0.078
7.0000         2.601755     0.000024490   -118353.4078         0.035
8.0000         2.633935     0.000019048   -118353.3757         0.017
9.0000         2.648725     0.000021769   -118353.3609         0.009
10.0000         2.657166     0.000021769   -118353.3524         0.007
100.0000         2.696576     0.000027211   -118353.3130         0.000
1000.0000         2.699351     0.000021769   -118353.3103
