0.0020         0.000000     0.000010885  31523262.7616
0.0040  15752299.160964     0.000019048  14927109.4991
0.0060  10240322.608191     0.000013606   9415132.9478
0.0080   7497658.207906     0.000008163   6672468.5458
0.0100   5855725.997255     0.000016327   5030536.3371
0.0120   4763826.677098     0.000019048   3938637.0146
0.0140   3986385.690013     0.000010885   3161196.0293
0.0160   3406838.486771     0.000021769   2581648.8254
0.0180   2959498.258135     0.000013606   2134308.5968
0.0200   2604480.436102     0.000019048   1779290.7748
0.0400   1059139.617401     0.000013606    233949.9561
0.0600    587101.199377     0.000005442   -238088.4619
0.0800    371796.186997     0.000021769   -453393.4744
0.1000    254116.622628     0.000019048   -571073.0386
0.1200    181772.937102     0.000013606   -643416.7243
0.1400    135225.765742     0.000027211   -689963.8956
0.1600    104119.550346     0.000016327   -721070.1110
0.1800     81612.451736     0.000019048   -743577.2095
0.2000     64759.847251     0.000019048   -760429.8140
0.2400     42304.940740     0.000005442   -782884.7206
0.2800     29316.887847     0.000005442   -795872.7735
0.3200     20932.022133     0.000024490   -804257.6392
0.3600     15140.076750     0.000019048   -810049.5845
0.4000     11332.771230     0.000024490   -813856.8901
0.4500      8226.903384     0.000013606   -816962.7581    -49607.584
0.5000      6163.736180     0.000019048   -819025.9250    -34342.683
0.5500      4695.085597     0.000024490   -820494.5758    -25031.926
0.6000      3612.831370     0.000021769   -821576.8299    -18614.512
0.6500      2803.919336     0.000016327   -822385.7419    -14009.159
0.7000      2189.884933     0.000019048   -822999.7763    -10745.447
0.7500      1715.743705     0.000019048   -823473.9175     -8343.540
0.8000      1346.377479     0.000024490   -823843.2839     -6502.466
0.8500      1059.253408     0.000016327   -824130.4079     -5037.190
0.9000       837.488903     0.000019048   -824352.1724     -3881.791
0.9500       666.788559     0.000002721   -824522.8727     -2990.061
1.0000       535.121232     0.000019048   -824654.5400     -2311.765
1.1000       353.106906     0.000024490   -824836.5546     -1414.539
1.2000       239.716181     0.000013606   -824949.9453      -901.751
1.3000       166.086089     0.000005442   -825023.5752      -598.945
1.4000       116.451637     0.000008163   -825073.2096      -410.995
1.5000        82.039042     0.000024490   -825107.6222      -288.267
1.6000        57.882816     0.000019048   -825131.7786      -205.945
1.7000        40.464815     0.000013606   -825149.1966      -148.863
1.8000        27.687808     0.000019048   -825161.9735      -108.559
1.9000        18.191558     0.000016327   -825171.4697       -79.707
2.0000        11.086723     0.000019048   -825178.5746       -58.632
2.1000         5.786158     0.000013606   -825183.8751       -42.892
2.2000         1.886523     0.000021769   -825187.7748       -31.036
2.3000        -0.915639     0.000021769   -825190.5770       -22.030
2.4000        -2.865825     0.000008163   -825192.5272       -15.157
2.5000        -4.164350     0.000021769   -825193.8258       -10.043
2.6000        -4.975509     0.000019048   -825194.6369        -6.198
2.7000        -5.427408     0.000013606   -825195.0886        -3.438
2.8000        -5.560847     0.000010885   -825195.2222        -1.497
2.9000        -5.427117     0.000016327   -825195.0884        -0.293
3.0000        -5.211908     0.000010885   -825194.8731         0.556
3.1000        -4.852957     0.000021769   -825194.5142         1.037
3.2000        -4.458043     0.000024490   -825194.1194         1.278
3.3000        -4.084131     0.000016327   -825193.7455         1.439
3.4000        -3.716679     0.000016327   -825193.3781         1.501
3.5000        -3.377470     0.000027211   -825193.0388         1.506
3.6000        -3.065508     0.000010885   -825192.7270         1.470
3.7000        -2.780515     0.000013606   -825192.4418         1.419
3.8000        -2.520983     0.000010885   -825192.1822         1.356
3.9000        -2.284506     0.000010885   -825191.9457         1.262
4.0000        -2.068980     0.000010885   -825191.7302         1.176
5.0000        -0.626121     0.000024490   -825190.2875         0.346
6.0000        -0.231044     0.000010885   -825189.8924         0.118
7.0000        -0.104114     0.000019048   -825189.7655         0.039
8.0000        -0.046673     0.000021769   -825189.7081         0.019
9.0000        -0.012436     0.000013606   -825189.6738         0.012
10.0000         0.011168     0.000021769   -825189.6502         0.010
100.0000         0.151440     0.000008163   -825189.5098         0.000
1000.0000         0.162147     0.000005442   -825189.4991
