0.0020         0.000000     0.000021769  44226700.4225
0.0040  22008300.665627     0.000016327  20988608.1543
0.0060  14283780.848473     0.000008163  13264088.3360
0.0080  10432171.189477     0.000021769   9412478.6775
0.0100   8127585.927959     0.000010885   7107893.4159
0.0120   6600481.342555     0.000021769   5580788.8302
0.0140   5516044.471989     0.000021769   4496351.9610
0.0160   4708080.255549     0.000013606   3688387.7433
0.0180   4084978.202564     0.000024490   3065285.6926
0.0200   3590325.400572     0.000024490   2570632.8893
0.0400   1442978.337436     0.000010885    423285.8261
0.0600    796990.557409     0.000013606   -222701.9538
0.0800    504470.671533     0.000010885   -515221.8396
0.1000    346086.386567     0.000024490   -673606.1246
0.1200    251491.125197     0.000019048   -768201.3860
0.1400    188683.352389     0.000016327   -831009.1588
0.1600    144220.522623     0.000027211   -875471.9885
0.1800    112009.453957     0.000016327   -907683.0573
0.2000     88566.805554     0.000019048   -931125.7057
0.2400     57844.435675     0.000019048   -961848.0755
0.2800     38972.942335     0.000024490   -980719.5688
0.3200     27036.599146     0.000013606   -992655.9122
0.3600     19229.641329     0.000019048  -1000462.8699
0.4000     14105.400577     0.000019048  -1005587.1107
0.4500      9580.033790     0.000027211  -1010112.4774
0.5000      6695.232925     0.000016327  -1012997.2783    -45673.976
0.5500      4834.733085     0.000019048  -1014857.7781    -30076.981
0.6000      3584.406996     0.000019048  -1016108.1042    -20677.916
0.6500      2708.767057     0.000010885  -1016983.7443    -14750.074
0.7000      2076.417875     0.000019048  -1017616.0933    -10794.287
0.7500      1609.435649     0.000010885  -1018083.0754     -8047.205
0.8000      1258.724998     0.000019048  -1018433.7863     -6090.285
0.8500       991.642869     0.000027211  -1018700.8683     -4672.342
0.9000       785.547706     0.000008163  -1018906.9636     -3622.620
0.9500       625.036242     0.000013606  -1019067.4749     -2832.592
1.0000       499.112797     0.000008163  -1019193.3984     -2230.007
1.1000       320.933577     0.000010885  -1019371.5778     -1405.208
1.2000       207.607904     0.000021769  -1019484.9034      -904.327
1.3000       134.561131     0.000024490  -1019557.9500      -590.979
1.4000        86.637594     0.000024490  -1019605.8736      -386.963
1.5000        54.851178     0.000010885  -1019637.6600      -256.884
1.6000        33.610594     0.000024490  -1019658.9007      -171.835
1.7000        19.421424     0.000021769  -1019673.0898      -115.120
1.8000        10.016518     0.000013606  -1019682.4946       -77.023
1.9000         3.846140     0.000024490  -1019688.6651       -51.307
2.0000        -0.219435     0.000019048  -1019692.7307       -33.788
2.1000        -2.852443     0.000010885  -1019695.3637       -21.760
2.2000        -4.505391     0.000019048  -1019697.0165       -13.531
2.3000        -5.492683     0.000013606  -1019698.0040        -7.970
2.4000        -6.030473     0.000013606  -1019698.5417        -4.154
2.5000        -6.267097     0.000021769  -1019698.7782        -1.633
2.6000        -6.306287     0.000019048  -1019698.8174         0.011
2.7000        -6.218239     0.000019048  -1019698.7295         1.076
2.8000        -6.052960     0.000024490  -1019698.5641         1.694
2.9000        -5.842559     0.000013606  -1019698.3537         2.066
3.0000        -5.598083     0.000016327  -1019698.1093         2.190
3.1000        -5.278856     0.000016327  -1019697.7902         2.120
3.2000        -4.995253     0.000013606  -1019697.5063         2.021
3.3000        -4.743423     0.000024490  -1019697.2546         1.858
3.4000        -4.457104     0.000021769  -1019696.9684         1.706
3.5000        -4.186623     0.000019048  -1019696.6979         1.539
3.6000        -3.946812     0.000013606  -1019696.4582         1.361
3.7000        -3.701403     0.000013606  -1019696.2127         1.178
3.8000        -3.486430     0.000010885  -1019695.9977         1.013
3.9000        -3.302410     0.000021769  -1019695.8135         0.863
4.0000        -3.144984     0.000016327  -1019695.6562         0.725
5.0000        -2.451703     0.000024490  -1019694.9629         0.123
6.0000        -2.337652     0.000016327  -1019694.8489         0.017
7.0000        -2.314169     0.000008163  -1019694.8255         0.003
8.0000        -2.304781     0.000008163  -1019694.8160        -0.000
9.0000        -2.298898     0.000010885  -1019694.8102        -0.000
10.0000        -2.294620     0.000008163  -1019694.8059        -0.001
100.0000        -2.267746     0.000010885  -1019694.7789
1000.0000        -2.265607     0.000002721  -1019694.7768
