0.0020   2867043.219826     0.000019048   2782748.0373
0.0040   1403292.878907     0.000024490   1318997.6956
0.0060    916248.601654     0.000016327    831953.4184
0.0080    673769.260468     0.000024490    589474.0771
0.0100    528989.844344     0.000024490    444694.6610
0.0120    432647.774842     0.000024490    348352.5916
0.0140    364184.191327     0.000008163    279889.0080
0.0160    313163.081930     0.000021769    228867.8986
0.0180    273673.434601     0.000019048    189378.2513
0.0200    242161.018854     0.000021769    157865.8355
0.0400    102867.843673     0.000016327     18572.6604
0.0600     59215.962592     0.000008163    -25079.2207
0.0800     38862.833320     0.000024490    -45432.3500
0.1000     27320.957842     0.000008163    -56974.2255
0.1200     20085.004019     0.000019048    -64210.1793
0.1400     15307.659011     0.000010885    -68987.5243
0.1600     12030.459701     0.000013606    -72264.7236
0.1800      9703.968390     0.000013606    -74591.2149
0.2000      7944.153145     0.000021769    -76351.0302
0.2400      5463.360704     0.000016327    -78831.8226    -49214.796
0.2800      3858.878133     0.000021769    -80436.3052    -32345.025
0.3200      2792.299869     0.000021769    -81502.8834    -21746.080
0.3600      2068.667367     0.000021769    -82226.5160    -14877.413
0.4000      1570.011803     0.000016327    -82725.1715    -10343.659
0.4500      1149.139623     0.000008163    -83146.0437     -6790.192
0.5000       865.874262     0.000010885    -83429.3090     -4726.945
0.5500       661.614769     0.000010885    -83633.5685     -3539.761
0.6000       506.116376     0.000016327    -83789.0669     -2722.188
0.6500       387.302741     0.000021769    -83907.8806     -2059.128
0.7000       298.068029     0.000019048    -83997.1153     -1528.506
0.7500       231.963072     0.000021769    -84063.2202     -1129.375
0.8000       182.999087     0.000013606    -84112.1842      -838.371
0.8500       146.456718     0.000021769    -84148.7266      -628.123
0.9000       118.885468     0.000021769    -84176.2978      -476.481
0.9500        97.760638     0.000021769    -84197.4227      -367.509
1.0000        81.266094     0.000019048    -84213.9172      -289.572
1.1000        57.244695     0.000013606    -84237.9386      -193.102
1.2000        40.591702     0.000021769    -84254.5916      -137.581
1.3000        28.703323     0.000008163    -84266.4800       -99.497
1.4000        20.276847     0.000005442    -84274.9065       -71.180
1.5000        14.314239     0.000016327    -84280.8691       -50.195
1.6000        10.146849     0.000013606    -84285.0365       -35.036
1.7000         7.259089     0.000010885    -84287.9242       -24.301
1.8000         5.262581     0.000002721    -84289.9207       -16.889
1.9000         3.876998     0.000005442    -84291.3063       -11.803
2.0000         2.903968     0.000005442    -84292.2793        -8.401
2.1000         2.207753     0.000005442    -84292.9755        -6.083
2.2000         1.696231     0.000008163    -84293.4871        -4.562
2.3000         1.308936     0.000027211    -84293.8744        -3.505
2.4000         1.007148     0.000019048    -84294.1762        -2.779
2.5000         0.766134     0.000008163    -84294.4172        -2.296
2.6000         0.571227     0.000016327    -84294.6121        -1.859
2.7000         0.411621     0.000019048    -84294.7717        -1.547
2.8000         0.281698     0.000019048    -84294.9016        -1.296
2.9000         0.176213     0.000021769    -84295.0071        -1.074
3.0000         0.092040     0.000021769    -84295.0913        -0.888
3.1000         0.025881     0.000021769    -84295.1574        -0.739
3.2000        -0.024123     0.000021769    -84295.2074        -0.598
3.3000        -0.060924     0.000024490    -84295.2442        -0.478
3.4000        -0.086475     0.000024490    -84295.2698        -0.374
3.5000        -0.102252     0.000024490    -84295.2856        -0.291
3.6000        -0.109964     0.000024490    -84295.2933        -0.222
3.7000        -0.110764     0.000024490    -84295.2941        -0.160
3.8000        -0.106375     0.000021769    -84295.2897        -0.101
3.9000        -0.098078     0.000021769    -84295.2814        -0.057
4.0000        -0.086219     0.000021769    -84295.2695        -0.025
5.0000         0.091602     0.000019048    -84295.0917         0.077
6.0000         0.221267     0.000024490    -84294.9620         0.055
7.0000         0.280076     0.000016327    -84294.9032         0.024
8.0000         0.302778     0.000013606    -84294.8805         0.010
9.0000         0.311179     0.000013606    -84294.8721         0.004
10.0000         0.314490     0.000010885    -84294.8688         0.002
100.0000         0.321097     0.000013606    -84294.8622
1000.0000         0.321481     0.000019048    -84294.8618
