0.0020   2948992.830780     0.000016327   2583665.7417
0.0040   1438317.098089     0.000016327   1072990.0091
0.0060    936646.300422     0.000024490    571319.2112
0.0080    687031.060410     0.000016327    321703.9713
0.0100    538115.601078     0.000013606    172788.5119
0.0120    439258.889371     0.000008163     73931.8002
0.0140    368973.682264     0.000013606      3646.5931
0.0160    316487.373415     0.000019048    -48839.7157
0.0180    275868.451819     0.000016327    -89458.6373
0.0200    243477.834531     0.000016327   -121849.2546
0.0400    102107.125767     0.000010885   -263219.9634
0.0600     58143.581234     0.000021769   -307183.5078
0.0800     37640.344530     0.000021769   -327686.7445
0.1000     26291.555695     0.000013606   -339035.5334
0.1200     19295.124239     0.000016327   -346031.9648
0.1400     14601.431280     0.000013606   -350725.6580
0.1600     11277.127988     0.000021769   -354049.9613
0.1800      8858.325790     0.000024490   -356468.7632
0.2000      7072.580044     0.000008163   -358254.5092
0.2400      4714.815029     0.000016327   -360612.2741    -44647.856
0.2800      3297.718833     0.000027211   -362029.3704    -27919.499
0.3200      2380.784542     0.000021769   -362946.3046    -18744.100
0.3600      1749.851424     0.000013606   -363577.2378    -13156.270
0.4000      1303.529914     0.000005442   -364023.5592     -9354.423
0.4500       921.569576     0.000008163   -364405.5195     -6160.702
0.5000       668.013154     0.000019048   -364659.0759     -4135.369
0.5500       496.062603     0.000013606   -364831.0266     -2859.524
0.6000       375.050657     0.000013606   -364952.0384     -2053.862
0.6500       286.496701     0.000013606   -365040.5924     -1530.357
0.7000       219.785463     0.000016327   -365107.3036     -1162.676
0.7500       168.954004     0.000021769   -365158.1351      -887.299
0.8000       130.218699     0.000019048   -365196.8705      -675.270
0.8500       100.814154     0.000016327   -365226.2751      -511.578
0.9000        78.612245     0.000013606   -365248.4769      -385.696
0.9500        61.875710     0.000016327   -365265.2135      -290.900
1.0000        49.262668     0.000021769   -365277.8266      -220.206
1.1000        32.376639     0.000027211   -365294.7126      -129.239
1.2000        22.265366     0.000016327   -365304.8238       -80.021
1.3000        15.822044     0.000016327   -365311.2672       -53.086
1.4000        11.420528     0.000024490   -365315.6686       -37.453
1.5000         8.261657     0.000024490   -365318.8276       -27.379
1.6000         5.940201     0.000013606   -365321.1490       -20.492
1.7000         4.221236     0.000021769   -365322.8679       -15.407
1.8000         3.199802     0.000021769   -365323.8895       -12.498
1.9000         2.300144     0.000027211   -365324.7891        -9.448
2.0000         1.573485     0.000016327   -365325.5156        -6.981
2.1000         1.023840     0.000021769   -365326.0653        -4.823
2.2000         0.624553     0.000013606   -365326.4645        -3.170
2.3000         0.352910     0.000024490   -365326.7363        -1.950
2.4000         0.178692     0.000019048   -365326.9105        -1.010
2.5000         0.076701     0.000013606   -365327.0125        -0.369
2.6000         0.032999     0.000013606   -365327.0561         0.065
2.7000         0.031005     0.000013606   -365327.0582         0.395
2.8000         0.057065     0.000019048   -365327.0321         0.604
2.9000         0.103523     0.000024490   -365326.9856         0.713
3.0000         0.165543     0.000002721   -365326.9235         0.761
3.1000         0.235618     0.000013606   -365326.8536         0.793
3.2000         0.308833     0.000013606   -365326.7804         0.786
3.3000         0.382195     0.000008163   -365326.7069         0.749
3.4000         0.454724     0.000008163   -365326.6345         0.693
3.5000         0.524949     0.000016327   -365326.5641         0.636
3.6000         0.590738     0.000024490   -365326.4985         0.586
3.7000         0.651022     0.000005442   -365326.4381         0.540
3.8000         0.705572     0.000008163   -365326.3837         0.491
3.9000         0.754607     0.000019048   -365326.3344         0.443
4.0000         0.798867     0.000013606   -365326.2903         0.379
5.0000         1.036055     0.000019048   -365326.0530         0.110
6.0000         1.098464     0.000021769   -365325.9907         0.083
7.0000         1.115961     0.000024490   -365325.9733         0.029
8.0000         1.122840     0.000021769   -365325.9662         0.018
9.0000         1.126516     0.000002721   -365325.9627         0.014
10.0000         1.128906     0.000013606   -365325.9603         0.010
100.0000         1.142756     0.000013606   -365325.9464         0.000
1000.0000         1.143801     0.000016327   -365325.9453
