0.0020   2478735.271213     0.000024490   2355914.6784
0.0040   1212629.274463     0.000016327   1089808.6815
0.0060    791601.156850     0.000013606    668780.5640
0.0080    581806.427811     0.000019048    458985.8348
0.0100    456426.971872     0.000027211    333606.3788
0.0120    373162.752202     0.000016327    250342.1593
0.0140    313938.313015     0.000013606    191117.7201
0.0160    269759.309397     0.000016327    146938.7164
0.0180    235565.328068     0.000019048    112744.7351
0.0200    208351.645051     0.000008163     85531.0521
0.0400     88456.193850     0.000008163    -34364.3991
0.0600     51027.421524     0.000016327    -71793.1714
0.0800     33449.222349     0.000021769    -89371.3706
0.1000     23506.882530     0.000024490    -99313.7104
0.1200     17319.195298     0.000019048   -105501.3976
0.1400     13241.043111     0.000008163   -109579.5498
0.1600     10434.232017     0.000013606   -112386.3609
0.1800      8397.555447     0.000016327   -114423.0375
0.2000      6853.263251     0.000024490   -115967.3297
0.2400      4682.128730     0.000021769   -118138.4642    -42959.916
0.2800      3287.890724     0.000027211   -119532.7022    -27917.214
0.3200      2374.498533     0.000027211   -120446.0944    -18465.805
0.3600      1764.375499     0.000010885   -121056.2175    -12490.310
0.4000      1346.211233     0.000016327   -121474.3817     -8706.108
0.4500       988.486850     0.000013606   -121832.1061     -5879.192
0.5000       737.603586     0.000021769   -122082.9894     -4302.533
0.5500       548.891785     0.000019048   -122271.7012     -3284.517
0.6000       405.748552     0.000016327   -122414.8444     -2458.502
0.6500       299.637767     0.000010885   -122520.9552     -1810.542
0.7000       221.646666     0.000016327   -122598.9463     -1329.156
0.7500       164.303876     0.000016327   -122656.2891      -977.430
0.8000       122.041356     0.000016327   -122698.5516      -721.738
0.8500        90.721801     0.000010885   -122729.8711      -536.224
0.9000        67.380611     0.000016327   -122753.2123      -401.806
0.9500        49.824276     0.000019048   -122770.7687      -304.399
1.0000        36.496131     0.000005442   -122784.0968      -233.376
1.1000        18.331675     0.000016327   -122802.2613      -141.083
1.2000         7.339926     0.000008163   -122813.2530       -85.958
1.3000         0.732612     0.000013606   -122819.8603       -50.757
1.4000        -2.801141     0.000027211   -122823.3941       -28.797
1.5000        -4.601531     0.000013606   -122825.1945       -14.833
1.6000        -5.392085     0.000005442   -122825.9850        -5.971
1.7000        -5.550711     0.000024490   -122826.1437        -0.599
1.8000        -5.335211     0.000002721   -122825.9281         2.561
1.9000        -4.912713     0.000021769   -122825.5057         4.226
2.0000        -4.390583     0.000019048   -122824.9835         5.017
2.1000        -3.835210     0.000005442   -122824.4281         5.219
2.2000        -3.284856     0.000024490   -122823.8778         5.114
2.3000        -2.763282     0.000013606   -122823.3562         4.829
2.4000        -2.095109     0.000019048   -122822.6881         4.089
2.5000        -1.530257     0.000021769   -122822.1232         3.491
2.6000        -1.037154     0.000021769   -122821.6301         2.983
2.7000        -0.628137     0.000005442   -122821.2211         2.560
2.8000        -0.260976     0.000021769   -122820.8539         2.189
2.9000         0.081885     0.000024490   -122820.5111         1.821
3.0000         0.366037     0.000016327   -122820.2269         1.513
3.1000         0.603217     0.000010885   -122819.9897         1.263
3.2000         0.800856     0.000021769   -122819.7921         1.061
3.3000         0.965520     0.000010885   -122819.6274         0.890
3.4000         1.103022     0.000027211   -122819.4899         0.747
3.5000         1.218407     0.000016327   -122819.3745         0.623
3.6000         1.315353     0.000016327   -122819.2776         0.522
3.7000         1.396639     0.000005442   -122819.1963         0.444
3.8000         1.464743     0.000008163   -122819.1282         0.380
3.9000         1.521830     0.000002721   -122819.0711         0.324
4.0000         1.570059     0.000002721   -122819.0229         0.275
5.0000         1.803003     0.000008163   -122818.7899         0.067
6.0000         1.881192     0.000002721   -122818.7118         0.049
7.0000         1.923106     0.000002721   -122818.6698         0.022
8.0000         1.951117     0.000010885   -122818.6418         0.016
9.0000         1.971422     0.000010885   -122818.6215         0.012
10.0000         1.986859     0.000005442   -122818.6061         0.009
100.0000         2.092238     0.000016327   -122818.5007         0.000
1000.0000         2.101215     0.000010885   -122818.4917
