0.0020  22568824.539893     0.000010885  21905111.0605
0.0040  10980578.267142     0.000027211  10316864.7871
0.0060   7133830.649802     0.000019048   6470117.1710
0.0080   5220700.879001     0.000019048   4556987.4004
0.0100   4078055.807227     0.000013606   3414342.3293
0.0120   3318896.603691     0.000019048   2655183.1250
0.0140   2779437.817116     0.000010885   2115724.3385
0.0160   2377040.267502     0.000021769   1713326.7887
0.0180   2065929.215288     0.000021769   1402215.7365
0.0200   1818702.078129     0.000019048   1154988.5993
0.0400    742509.428778     0.000008163     78795.9500
0.0600    413570.739326     0.000021769   -250142.7394
0.0800    263131.964576     0.000005442   -400581.5140
0.1000    181036.268170     0.000013606   -482677.2106
0.1200    130732.290437     0.000019048   -532981.1883
0.1400     97219.648049     0.000013606   -566493.8306
0.1600     74073.374729     0.000019048   -589640.1039
0.1800     57797.213274     0.000021769   -605916.2655
0.2000     46152.683839     0.000016327   -617560.7949
0.2400     30715.022653     0.000005442   -632998.4561
0.2800     21141.450119     0.000008163   -642572.0287
0.3200     15029.262160     0.000024490   -648684.2166
0.3600     10969.020453     0.000005442   -652744.4584
0.4000      8162.389692     0.000019048   -655551.0891
0.4500      5707.287443     0.000021769   -658006.1913    -39624.110
0.5000      4092.463349     0.000008163   -659621.0154    -25969.146
0.5500      3024.071927     0.000024490   -660689.4069    -17439.213
0.6000      2293.296094     0.000024490   -661420.1826    -12200.934
0.6500      1770.670474     0.000013606   -661942.8082     -8939.280
0.7000      1381.010339     0.000021769   -662332.4683     -6771.960
0.7500      1084.162380     0.000021769   -662629.3163     -5170.715
0.8000       857.657503     0.000019048   -662855.8213     -3941.989
0.8500       684.829609     0.000021769   -663028.6490     -3017.090
0.9000       552.058679     0.000019048   -663161.4199     -2331.285
0.9500       448.924822     0.000013606   -663264.5538     -1822.695
1.0000       367.868696     0.000021769   -663345.6101     -1442.031
1.1000       251.642106     0.000013606   -663461.8367      -932.261
1.2000       175.258876     0.000008163   -663538.2199      -623.942
1.3000       123.504260     0.000021769   -663589.9744      -426.745
1.4000        87.782717     0.000010885   -663625.6962      -294.576
1.5000        63.093339     0.000021769   -663650.3853      -205.844
1.6000        45.557431     0.000019048   -663667.9214      -147.620
1.7000        32.471443     0.000016327   -663681.0074      -108.615
1.8000        22.399189     0.000016327   -663691.0794       -81.753
1.9000        15.109781     0.000016327   -663698.3691       -60.914
2.0000         9.861078     0.000010885   -663703.6176       -44.847
2.1000         6.000039     0.000024490   -663707.4786       -32.935
2.2000         3.173510     0.000024490   -663710.3051       -24.066
2.3000         1.119178     0.000019048   -663712.3595       -17.348
2.4000        -0.356994     0.000019048   -663713.8358       -12.412
2.5000        -1.400886     0.000024490   -663714.8796        -8.653
2.6000        -2.121694     0.000016327   -663715.6004        -5.910
2.7000        -2.601472     0.000016327   -663716.0802        -3.825
2.8000        -2.902773     0.000019048   -663716.3814        -2.298
2.9000        -3.072071     0.000027211   -663716.5509        -1.168
3.0000        -3.144826     0.000024490   -663716.6236        -0.327
3.1000        -3.147441     0.000024490   -663716.6263         0.237
3.2000        -3.100047     0.000024490   -663716.5787         0.664
3.3000        -3.017507     0.000021769   -663716.4962         0.975
3.4000        -2.910893     0.000008163   -663716.3896         1.150
3.5000        -2.788836     0.000008163   -663716.2676         1.266
3.6000        -2.610234     0.000005442   -663716.0889         1.277
3.7000        -2.438209     0.000027211   -663715.9169         1.237
3.8000        -2.275539     0.000010885   -663715.7542         1.182
3.9000        -2.123654     0.000013606   -663715.6023         1.118
4.0000        -1.982214     0.000024490   -663715.4608         1.056
5.0000        -1.042874     0.000010885   -663714.5215         0.415
6.0000        -0.655593     0.000010885   -663714.1343         0.108
7.0000        -0.523379     0.000005442   -663714.0020         0.059
8.0000        -0.461775     0.000008163   -663713.9405         0.034
9.0000        -0.424155     0.000024490   -663713.9030         0.023
10.0000        -0.397648     0.000024490   -663713.8763         0.018
100.0000        -0.241591     0.000016327   -663713.7204         0.000
1000.0000        -0.229599     0.000005442   -663713.7084
