0.0020  10108243.365435     0.000016327   9911261.0300
0.0040   4935555.427068     0.000016327   4738573.0923
0.0060   3219262.742284     0.000021769   3022280.4078
0.0080   2362930.157931     0.000021769   2165947.8232
0.0100   1850322.989170     0.000005442   1653340.6545
0.0120   1509369.974286     0.000021769   1312387.6396
0.0140   1266861.084793     0.000016327   1069878.7500
0.0160   1085702.342034     0.000010885    888720.0072
0.0180    945399.495623     0.000024490    748417.1609
0.0200    833591.173271     0.000027211    636608.8385
0.0400    345652.656442     0.000021769    148670.3217
0.0600    195400.721207     0.000021769     -1581.6136
0.0800    125580.497379     0.000016327    -71401.8374
0.1000     87103.248242     0.000027211   -109879.0865
0.1200     63262.826469     0.000019048   -133719.5083
0.1400     47443.408421     0.000024490   -149538.9263
0.1600     36567.000302     0.000016327   -160415.3345
0.1800     28888.932924     0.000019048   -168093.4019
0.2000     23353.572138     0.000016327   -173628.7626
0.2400     15765.476980     0.000021769   -181216.8578
0.2800     10954.621772     0.000019048   -186027.7130
0.3200      7827.669429     0.000016327   -189154.6653
0.3600      5751.665945     0.000021769   -191230.6688    -42122.521
0.4000      4354.899206     0.000016327   -192627.4356    -28782.300
0.4500      3167.907864     0.000016327   -193814.4269    -20320.311
0.5000      2285.411892     0.000019048   -194696.9229    -14803.922
0.5500      1668.878329     0.000021769   -195313.4564    -10126.973
0.6000      1245.786809     0.000021769   -195736.5480     -7004.924
0.6500       949.482133     0.000021769   -196032.8526     -4979.370
0.7000       735.754408     0.000010885   -196246.5803     -3653.177
0.7500       576.873064     0.000016327   -196405.4617     -2760.415
0.8000       455.467503     0.000021769   -196526.8673     -2126.894
0.8500       361.363170     0.000019048   -196620.9716     -1655.848
0.9000       287.933474     0.000013606   -196694.4013     -1295.486
0.9500       230.262158     0.000024490   -196752.0726     -1023.831
1.0000       184.467218     0.000016327   -196797.8676      -828.307
1.1000       117.086501     0.000010885   -196865.2483      -530.741
1.2000        74.922579     0.000010885   -196907.4122      -327.880
1.3000        48.729888     0.000019048   -196933.6049      -204.760
1.4000        32.168735     0.000021769   -196950.1660      -130.150
1.5000        21.511267     0.000021769   -196960.8235       -83.779
1.6000        14.547449     0.000021769   -196967.7873       -54.576
1.7000         9.919838     0.000027211   -196972.4149       -35.963
1.8000         6.789303     0.000019048   -196975.5455       -23.879
1.9000         4.627973     0.000021769   -196977.7068       -15.982
2.0000         3.096439     0.000021769   -196979.2383       -10.805
2.1000         1.971811     0.000019048   -196980.3630        -7.380
2.2000         1.107289     0.000021769   -196981.2275        -5.120
2.3000         0.568098     0.000013606   -196981.7667        -3.545
2.4000         0.278060     0.000010885   -196982.0567        -2.359
2.5000         0.085115     0.000010885   -196982.2496        -1.572
2.6000        -0.040618     0.000027211   -196982.3754        -1.004
2.7000        -0.120100     0.000019048   -196982.4549        -0.621
2.8000        -0.167492     0.000013606   -196982.5023        -0.368
2.9000        -0.192896     0.000027211   -196982.5277        -0.173
3.0000        -0.203383     0.000019048   -196982.5382        -0.055
3.1000        -0.203789     0.000016327   -196982.5385         0.022
3.2000        -0.197661     0.000024490   -196982.5324         0.080
3.3000        -0.187530     0.000021769   -196982.5223         0.113
3.4000        -0.175018     0.000021769   -196982.5098         0.126
3.5000        -0.161312     0.000019048   -196982.4961         0.133
3.6000        -0.147303     0.000016327   -196982.4821         0.136
3.7000        -0.133564     0.000016327   -196982.4683         0.133
3.8000        -0.120367     0.000024490   -196982.4551         0.124
3.9000        -0.107920     0.000021769   -196982.4427         0.118
4.0000        -0.096383     0.000021769   -196982.4311         0.109
5.0000        -0.028781     0.000010885   -196982.3635         0.033
6.0000        -0.010348     0.000024490   -196982.3451         0.007
7.0000        -0.006242     0.000027211   -196982.3410         0.001
8.0000        -0.005412     0.000013606   -196982.3402        -0.000
9.0000        -0.005255     0.000013606   -196982.3400        -0.000
10.0000        -0.005227     0.000013606   -196982.3400        -0.000
100.0000        -0.005219     0.000013606   -196982.3400
1000.0000        -0.005219     0.000013606   -196982.3400
