0.0020    778271.146442     0.000010885    754552.1408
0.0040    382374.716854     0.000019048    358655.7113
0.0060    250481.758215     0.000010885    226762.7526
0.0080    184644.078230     0.000019048    160925.0727
0.0100    145266.426678     0.000013606    121547.4211
0.0120    119107.118334     0.000008163     95388.1128
0.0140    100508.163305     0.000019048     76789.1577
0.0160     86585.645454     0.000019048     62866.6399
0.0180     75790.269202     0.000005442     52071.2636
0.0200     67168.794633     0.000008163     43449.7891
0.0400     29315.550598     0.000008163      5596.5450
0.0600     17223.649513     0.000024490     -6495.3561
0.0800     11459.744184     0.000024490    -12259.2614
0.1000      8190.845180     0.000010885    -15528.1604
0.1200      6152.042526     0.000024490    -17566.9630
0.1400      4782.589985     0.000024490    -18936.4156
0.1600      3809.817673     0.000019048    -19909.1879    -41522.964
0.1800      3086.178420     0.000016327    -20632.8271    -31500.532
0.2000      2529.499020     0.000013606    -21189.5065    -24549.197
0.2400      1743.356385     0.000013606    -21975.6492    -15576.828
0.2800      1236.540603     0.000019048    -22482.4650    -10196.130
0.3200       901.308898     0.000010885    -22817.6967     -6822.722
0.3600       674.631556     0.000019048    -23044.3740     -4667.275
0.4000       517.554267     0.000019048    -23201.4513     -3276.186
0.4500       383.080479     0.000021769    -23335.9251     -2197.578
0.5000       290.469560     0.000008163    -23428.5360     -1565.886
0.5500       222.428947     0.000013606    -23496.5766     -1187.672
0.6000       169.806861     0.000016327    -23549.1987      -930.172
0.6500       128.523448     0.000013606    -23590.4821      -727.652
0.7000        96.454197     0.000008163    -23622.5514      -560.906
0.7500        71.920177     0.000019048    -23647.0854      -426.305
0.8000        53.381600     0.000013606    -23665.6240      -320.640
0.8500        39.494430     0.000024490    -23679.5111      -239.416
0.9000        29.158396     0.000024490    -23689.8472      -177.897
0.9500        21.489239     0.000027211    -23697.5163      -132.039
1.0000        15.772128     0.000019048    -23703.2334       -98.789
1.1000         8.118909     0.000027211    -23710.8867       -57.402
1.2000         3.478367     0.000021769    -23715.5272       -35.334
1.3000         0.657267     0.000021769    -23718.3483       -23.154
1.4000        -0.539689     0.000016327    -23719.5453       -16.613
1.5000        -1.358181     0.000010885    -23720.3637       -11.683
1.6000        -1.883752     0.000016327    -23720.8893        -7.887
1.7000        -2.189181     0.000021769    -23721.1947        -4.967
1.8000        -2.327451     0.000024490    -23721.3330        -2.737
1.9000        -2.346338     0.000021769    -23721.3519        -1.087
2.0000        -2.278587     0.000027211    -23721.2842         0.080
2.1000        -2.154024     0.000016327    -23721.1596         0.914
2.2000        -1.993033     0.000008163    -23720.9986         1.431
2.3000        -1.810042     0.000010885    -23720.8156         1.757
2.4000        -1.617919     0.000019048    -23720.6235         1.946
2.5000        -1.423415     0.000013606    -23720.4290         2.007
2.6000        -1.205982     0.000021769    -23720.2116         1.981
2.7000        -0.919808     0.000010885    -23719.9254         1.854
2.8000        -0.665838     0.000010885    -23719.6714         1.714
2.9000        -0.439987     0.000027211    -23719.4456         1.565
3.0000        -0.238723     0.000019048    -23719.2443         1.425
3.1000        -0.046902     0.000024490    -23719.0525         1.289
3.2000         0.136808     0.000010885    -23718.8688         1.149
3.3000         0.299363     0.000005442    -23718.7062         1.021
3.4000         0.443412     0.000019048    -23718.5622         0.903
3.5000         0.570827     0.000021769    -23718.4347         0.797
3.6000         0.682998     0.000019048    -23718.3226         0.700
3.7000         0.781451     0.000010885    -23718.2241         0.614
3.8000         0.867581     0.000013606    -23718.1380         0.540
3.9000         0.942682     0.000010885    -23718.0629         0.472
4.0000         1.008090     0.000010885    -23717.9975         0.409
5.0000         1.319685     0.000010885    -23717.6859         0.094
6.0000         1.377446     0.000021769    -23717.6281         0.027
7.0000         1.385147     0.000008163    -23717.6204         0.007
8.0000         1.384638     0.000024490    -23717.6209         0.003
9.0000         1.383139     0.000016327    -23717.6224         0.002
10.0000         1.381789     0.000024490    -23717.6238         0.001
100.0000         1.372325     0.000021769    -23717.6332
1000.0000         1.371539     0.000013606    -23717.6340
