0.0020  24081490.971198     0.000008163  23442236.1611
0.0040  11723279.527154     0.000024490  11084024.7192
0.0060   7619881.724772     0.000016327   6980626.9168
0.0080   5577391.525773     0.000019048   4938136.7167
0.0100   4356343.740522     0.000010885   3717088.9306
0.0120   3545647.987084     0.000019048   2906393.1785
0.0140   2968944.859822     0.000013606   2329690.0506
0.0160   2538578.902543     0.000013606   1899324.0933
0.0180   2205905.085972     0.000002721   1566650.2768
0.0200   1941860.464167     0.000019048   1302605.6549
0.0400    791821.985856     0.000024490    152567.1766
0.0600    440246.166326     0.000024490   -199008.6429
0.0800    280389.123187     0.000013606   -358865.6861
0.1000    193137.517532     0.000024490   -446117.2916
0.1200    139607.116175     0.000021769   -499647.6929
0.1400    103919.615196     0.000019048   -535335.1942
0.1600     79254.339076     0.000008163   -560000.4702
0.1800     61981.690851     0.000019048   -577273.1185
0.2000     49656.531323     0.000013606   -589598.2778
0.2400     32935.735380     0.000008163   -606319.0739
0.2800     22518.213903     0.000019048   -616736.5952
0.3200     15895.187647     0.000010885   -623359.6215
0.3600     11609.857069     0.000024490   -627644.9521
0.4000      8612.260336     0.000013606   -630642.5489
0.4500      6008.465138     0.000005442   -633246.3440    -41592.651
0.5000      4319.785879     0.000008163   -634935.0234    -27101.058
0.5500      3203.678153     0.000005442   -636051.1311    -18265.646
0.6000      2434.680714     0.000019048   -636820.1285    -12909.185
0.6500      1879.625190     0.000021769   -637375.1841     -9522.292
0.7000      1464.883195     0.000016327   -637789.9260     -7195.476
0.7500      1149.712913     0.000024490   -638105.0963     -5495.853
0.8000       908.086511     0.000013606   -638346.7226     -4229.985
0.8500       721.434117     0.000019048   -638533.3751     -3279.746
0.9000       576.213877     0.000027211   -638678.5952     -2560.784
0.9500       462.464018     0.000016327   -638792.3451     -2013.037
1.0000       372.760195     0.000016327   -638882.0491     -1593.302
1.1000       244.599181     0.000013606   -639010.2099     -1017.699
1.2000       161.850831     0.000016327   -639092.9584      -663.239
1.3000       107.865141     0.000024490   -639146.9442      -440.137
1.4000        72.239715     0.000027211   -639182.5696      -294.117
1.5000        48.498860     0.000024490   -639206.3105      -197.570
1.6000        32.550484     0.000010885   -639222.2588      -134.252
1.7000        21.627296     0.000016327   -639233.1820       -91.536
1.8000        14.095851     0.000024490   -639240.7133       -62.674
1.9000         8.904276     0.000021769   -639245.9050       -42.664
2.0000         5.361660     0.000013606   -639249.4476       -28.639
2.1000         3.084031     0.000027211   -639251.7252       -19.032
2.2000         1.692677     0.000013606   -639253.1165       -12.346
2.3000         0.828554     0.000013606   -639253.9808        -7.654
2.4000         0.533191     0.000010885   -639254.2760        -4.530
2.5000         0.477429     0.000016327   -639254.3318        -2.383
2.6000         0.563442     0.000008163   -639254.2458        -0.963
2.7000         0.734441     0.000010885   -639254.0749         0.002
2.8000         0.951218     0.000016327   -639253.8580         0.589
2.9000         1.190406     0.000008163   -639253.6188         0.961
3.0000         1.435744     0.000010885   -639253.3734         1.204
3.1000         1.677817     0.000013606   -639253.1315         1.303
3.2000         1.911364     0.000005442   -639252.8977         1.354
3.3000         2.132688     0.000005442   -639252.6765         1.361
3.4000         2.357530     0.000013606   -639252.4517         1.319
3.5000         2.602961     0.000016327   -639252.2063         1.215
3.6000         2.827471     0.000021769   -639251.9818         1.131
3.7000         3.031537     0.000008163   -639251.7777         1.038
3.8000         3.216011     0.000024490   -639251.5932         0.940
3.9000         3.382401     0.000021769   -639251.4267         0.837
4.0000         3.531503     0.000021769   -639251.2778         0.747
5.0000         4.318786     0.000016327   -639250.4903         0.192
6.0000         4.495834     0.000008163   -639250.3135         0.041
7.0000         4.529574     0.000008163   -639250.2797         0.009
8.0000         4.535789     0.000005442   -639250.2735         0.001
9.0000         4.536866     0.000005442   -639250.2724
10.0000         4.536959     0.000010885   -639250.2724        -0.000
100.0000         4.535832     0.000005442   -639250.2735
1000.0000         4.535737     0.000005442   -639250.2735
