0.0020         0.000000     0.000021769  36591246.3252
0.0040  18257146.599661     0.000024490  17334162.3172
0.0060  11863638.379069     0.000013606  10940654.0969
0.0080   8678972.112107     0.000024490   7755987.8304
0.0100   6772596.752470     0.000024490   5849612.4698
0.0120   5505428.288981     0.000019048   4582444.0070
0.0140   4604237.141715     0.000016327   3681252.8608
0.0160   3933184.256039     0.000008163   3010199.9739
0.0180   3415214.209188     0.000010885   2492229.9272
0.0200   3004143.614073     0.000008163   2081159.3321
0.0400   1218217.106571     0.000024490    295232.8246
0.0600    674106.018599     0.000010885   -248878.2633
0.0800    426243.436148     0.000010885   -496740.8459
0.1000    290581.103838     0.000024490   -632403.1782
0.1200    207811.405127     0.000008163   -715172.8768
0.1400    154978.565153     0.000024490   -768005.7167
0.1600    118832.375569     0.000016327   -804151.9063
0.1800     92479.881691     0.000021769   -830504.4002
0.2000     72967.329399     0.000027211   -850016.9526
0.2400     47643.193328     0.000021769   -875341.0887
0.2800     32710.040592     0.000024490   -890274.2413
0.3200     22662.540529     0.000013606   -900321.7415
0.3600     16286.775266     0.000019048   -906697.5065
0.4000     12046.442072     0.000002721   -910937.8399
0.4500      8504.654966     0.000013606   -914479.6270
0.5000      6106.455560     0.000019048   -916877.8264    -40240.642
0.5500      4418.983725     0.000019048   -918565.2981    -27810.115
0.6000      3254.767468     0.000021769   -919729.5146    -19364.390
0.6500      2432.876574     0.000016327   -920551.4054    -13889.523
0.7000      1836.057619     0.000021769   -921148.2242    -10209.799
0.7500      1393.558458     0.000019048   -921590.7234     -7615.853
0.8000      1062.511937     0.000016327   -921921.7699     -5694.656
0.8500       815.484650     0.000019048   -922168.7972     -4243.866
0.9000       631.754072     0.000019048   -922352.5277     -3159.188
0.9500       494.399097     0.000024490   -922489.8829     -2398.151
1.0000       389.592893     0.000024490   -922594.6890     -1833.648
1.1000       247.057361     0.000008163   -922737.2245     -1091.746
1.2000       159.126984     0.000016327   -922825.1548      -692.281
1.3000       102.354700     0.000021769   -922881.9273      -452.117
1.4000        65.933188     0.000016327   -922918.3487      -284.764
1.5000        43.401714     0.000021769   -922940.8803      -178.312
1.6000        29.049401     0.000021769   -922955.2326      -122.768
1.7000        19.661298     0.000021769   -922964.6206       -83.334
1.8000        13.566380     0.000016327   -922970.7157       -57.644
1.9000         9.509020     0.000016327   -922974.7729       -41.054
2.0000         6.746290     0.000013606   -922977.5356       -30.020
2.1000         4.784014     0.000013606   -922979.4979       -22.159
2.2000         3.349094     0.000016327   -922980.9327       -16.119
2.3000         2.402674     0.000013606   -922981.8791       -11.547
2.4000         1.792760     0.000013606   -922982.4892        -8.157
2.5000         1.403243     0.000002721   -922982.8786        -5.658
2.6000         1.159584     0.000016327   -922983.1224        -3.866
2.7000         1.091329     0.000019048   -922983.1904        -2.721
2.8000         1.083680     0.000005442   -922983.1983        -1.991
2.9000         1.125099     0.000013606   -922983.1567        -1.565
3.0000         1.127474     0.000016327   -922983.1545        -1.392
3.1000         1.094665     0.000013606   -922983.1872        -1.170
3.2000         1.042757     0.000008163   -922983.2392        -1.109
3.3000         0.997058     0.000002721   -922983.2849        -1.036
3.4000         0.931549     0.000024490   -922983.3504        -0.900
3.5000         0.857926     0.000010885   -922983.4239        -0.814
3.6000         0.784913     0.000019048   -922983.4971        -0.718
3.7000         0.718718     0.000008163   -922983.5632        -0.589
3.8000         0.661634     0.000002721   -922983.6204        -0.474
3.9000         0.615056     0.000021769   -922983.6669        -0.390
4.0000         0.580433     0.000019048   -922983.7015        -0.305
5.0000         0.649571     0.000016327   -922983.6324         0.069
6.0000         0.863488     0.000013606   -922983.4185         0.061
7.0000         0.965923     0.000008163   -922983.3159         0.029
8.0000         1.002830     0.000013606   -922983.2792         0.010
9.0000         1.015314     0.000010885   -922983.2666         0.001
10.0000         1.019731     0.000010885   -922983.2623         0.000
100.0000         1.028542     0.000021769   -922983.2533
1000.0000         1.029105     0.000008163   -922983.2528
