0.0020    918835.668164     0.000024490    883853.3265
0.0040    451004.627019     0.000016327    416022.2854
0.0060    295165.523300     0.000005442    260183.1816
0.0080    217433.269926     0.000027211    182450.9282
0.0100    170963.285591     0.000013606    135980.9439
0.0120    140103.255101     0.000021769    105120.9134
0.0140    118126.046769     0.000013606     83143.7051
0.0160    101702.353716     0.000013606     66720.0120
0.0180     88988.607036     0.000013606     54006.2653
0.0200     78843.485824     0.000016327     43861.1441
0.0400     34204.617943     0.000016327      -777.7238
0.0600     19962.023761     0.000016327    -15020.3179
0.0800     13207.679537     0.000005442    -21774.6622
0.1000      9400.672181     0.000013606    -25581.6695
0.1200      7024.757034     0.000016327    -27957.5847
0.1400      5419.576447     0.000021769    -29562.7652
0.1600      4272.440796     0.000021769    -30709.9009    -49025.203
0.1800      3419.672193     0.000021769    -31562.6695    -36992.241
0.2000      2769.729539     0.000021769    -32212.6122    -28457.114
0.2400      1872.062411     0.000005442    -33110.2793    -17467.680
0.2800      1311.432721     0.000024490    -33670.9090    -11113.660
0.3200       949.604560     0.000021769    -34032.7371     -7292.328
0.3600       708.531004     0.000021769    -34273.8107     -4951.408
0.4000       541.742276     0.000013606    -34440.5994     -3503.206
0.4500       396.035547     0.000010885    -34586.3062     -2426.644
0.5000       291.963160     0.000024490    -34690.3785     -1782.143
0.5500       214.627402     0.000016327    -34767.7143     -1331.246
0.6000       157.078812     0.000013606    -34825.2629      -984.724
0.6500       114.764593     0.000024490    -34867.5771      -719.357
0.7000        83.899267     0.000010885    -34898.4424      -523.626
0.7500        61.703438     0.000008163    -34920.6383      -383.078
0.8000        45.517199     0.000008163    -34936.8245      -283.506
0.8500        33.357484     0.000024490    -34948.9842      -211.243
0.9000        24.117678     0.000021769    -34958.2240      -158.900
0.9500        17.015490     0.000027211    -34965.3262      -120.989
1.0000        11.771119     0.000013606    -34970.5706       -91.714
1.1000         4.853294     0.000010885    -34977.4884       -53.684
1.2000         0.779098     0.000019048    -34981.5626       -32.107
1.3000        -1.621892     0.000027211    -34983.9636       -18.833
1.4000        -2.964676     0.000019048    -34985.3064       -10.173
1.5000        -3.482547     0.000016327    -34985.8242        -4.728
1.6000        -3.565588     0.000027211    -34985.9073        -1.208
1.7000        -3.343984     0.000024490    -34985.6857         0.850
1.8000        -2.972763     0.000019048    -34985.3145         1.998
1.9000        -2.577191     0.000016327    -34984.9189         2.671
2.0000        -2.165624     0.000013606    -34984.5073         2.958
2.1000        -1.542600     0.000019048    -34983.8843         2.899
2.2000        -1.011181     0.000019048    -34983.3529         2.733
2.3000        -0.556302     0.000010885    -34982.8980         2.540
2.4000        -0.166381     0.000024490    -34982.5081         2.342
2.5000         0.170373     0.000024490    -34982.1713         2.125
2.6000         0.464226     0.000016327    -34981.8775         1.922
2.7000         0.721543     0.000021769    -34981.6201         1.736
2.8000         0.948475     0.000024490    -34981.3932         1.558
2.9000         1.149970     0.000024490    -34981.1917         1.390
3.0000         1.359021     0.000005442    -34980.9827         1.227
3.1000         1.554255     0.000010885    -34980.7874         1.070
3.2000         1.725309     0.000005442    -34980.6164         0.928
3.3000         1.874696     0.000016327    -34980.4670         0.804
3.4000         2.004732     0.000013606    -34980.3370         0.688
3.5000         2.117376     0.000005442    -34980.2243         0.595
3.6000         2.214355     0.000010885    -34980.1274         0.509
3.7000         2.297472     0.000005442    -34980.0442         0.435
3.8000         2.368428     0.000008163    -34979.9733         0.370
3.9000         2.428761     0.000019048    -34979.9129         0.315
4.0000         2.480047     0.000013606    -34979.8617         0.267
5.0000         2.703069     0.000013606    -34979.6386         0.050
6.0000         2.738530     0.000024490    -34979.6032         0.011
7.0000         2.742884     0.000024490    -34979.5988         0.003
8.0000         2.742596     0.000010885    -34979.5991         0.001
9.0000         2.741801     0.000016327    -34979.5999         0.000
10.0000         2.741099     0.000013606    -34979.6006         0.000
100.0000         2.736253     0.000021769    -34979.6054
1000.0000         2.735866     0.000019048    -34979.6058
