0.0020  11673555.966796     0.000008163  11437293.5602
0.0040   5691469.839974     0.000027211   5455207.4349
0.0060   3711998.101627     0.000008163   3475735.6959
0.0080   2722322.377189     0.000013606   2486059.9717
0.0100   2130125.537712     0.000024490   1893863.1321
0.0120   1736494.095675     0.000016327   1500231.6902
0.0140   1456605.026911     0.000019048   1220342.6213
0.0160   1247688.672788     0.000013606   1011426.2673
0.0180   1085840.478822     0.000016327    849578.0734
0.0200    956948.820185     0.000021769    720686.4148
0.0400    395843.524245     0.000027211    159581.1187
0.0600    223013.623254     0.000013606    -13248.7823
0.0800    143047.496216     0.000016327    -93214.9093
0.1000     98900.864586     0.000021769   -137361.5409
0.1200     71547.123670     0.000016327   -164715.2818
0.1400     53568.033621     0.000016327   -182694.3719
0.1600     41358.975473     0.000010885   -194903.4300
0.1800     32834.135750     0.000016327   -203428.2698
0.2000     26486.646041     0.000024490   -209775.7595
0.2400     17770.154561     0.000016327   -218492.2510
0.2800     12273.439677     0.000008163   -223988.9658
0.3200      8772.775142     0.000021769   -227489.6304
0.3600      6514.188778     0.000019048   -229748.2167    -45768.539
0.4000      4952.823820     0.000005442   -231309.5817    -33977.838
0.4500      3519.468249     0.000008163   -232742.9373    -23396.930
0.5000      2562.559973     0.000024490   -233699.8455    -15465.319
0.5500      1920.174760     0.000016327   -234342.2307    -10621.792
0.6000      1470.183940     0.000021769   -234792.2216     -7592.773
0.6500      1144.008920     0.000016327   -235118.3966     -5580.176
0.7000       899.842337     0.000027211   -235362.5632     -4317.440
0.7500       703.320217     0.000019048   -235559.0853     -3517.144
0.8000       545.883437     0.000021769   -235716.5221     -2783.259
0.8500       423.135564     0.000016327   -235839.2699     -2141.369
0.9000       329.266047     0.000027211   -235933.1395     -1629.476
0.9500       257.816461     0.000024490   -236004.5890     -1240.259
1.0000       203.241054     0.000021769   -236059.1645      -949.946
1.1000       128.538694     0.000016327   -236133.8668      -573.414
1.2000        82.491984     0.000008163   -236179.9135      -360.257
1.3000        52.986822     0.000002721   -236209.4187      -234.583
1.4000        33.438773     0.000019048   -236228.9667      -157.095
1.5000        20.276253     0.000027211   -236242.1293      -106.931
1.6000        11.376040     0.000021769   -236251.0295       -73.129
1.7000         5.296938     0.000010885   -236257.1086       -49.801
1.8000         1.179459     0.000005442   -236261.2261       -33.459
1.9000        -1.560095     0.000024490   -236263.9656       -21.949
2.0000        -3.328555     0.000016327   -236265.7341       -13.894
2.1000        -4.412690     0.000021769   -236266.8182        -8.166
2.2000        -5.015757     0.000021769   -236267.4213        -4.170
2.3000        -5.283180     0.000021769   -236267.6887        -1.381
2.4000        -5.318500     0.000021769   -236267.7240         0.528
2.5000        -4.760748     0.000008163   -236267.1663         1.267
2.6000        -4.222803     0.000016327   -236266.6283         1.695
2.7000        -3.726339     0.000019048   -236266.1318         1.951
2.8000        -3.273868     0.000010885   -236265.6794         2.036
2.9000        -2.864729     0.000010885   -236265.2702         2.085
3.0000        -2.495767     0.000016327   -236264.9013         2.061
3.1000        -2.158653     0.000024490   -236264.5642         1.985
3.2000        -1.818091     0.000021769   -236264.2236         1.892
3.3000        -1.510374     0.000021769   -236263.9159         1.771
3.4000        -1.233049     0.000019048   -236263.6386         1.632
3.5000        -0.921519     0.000019048   -236263.3270         1.439
3.6000        -0.593037     0.000013606   -236262.9986         1.192
3.7000        -0.323342     0.000019048   -236262.7289         0.989
3.8000        -0.101743     0.000027211   -236262.5073         0.821
3.9000         0.080581     0.000024490   -236262.3249         0.685
4.0000         0.230772     0.000024490   -236262.1747         0.572
5.0000         0.837891     0.000019048   -236261.5676         0.101
6.0000         0.937226     0.000021769   -236261.4683         0.017
7.0000         0.960619     0.000019048   -236261.4449         0.006
8.0000         0.970165     0.000016327   -236261.4353         0.003
9.0000         0.975939     0.000016327   -236261.4296         0.002
10.0000         0.980059     0.000016327   -236261.4255         0.001
100.0000         1.005962     0.000008163   -236261.3996
1000.0000         1.008057     0.000021769   -236261.3975
