0.0020  16054954.571915     0.000016327  15482845.1729
0.0040   7815427.350706     0.000019048   7243317.9514
0.0060   5079073.674320     0.000016327   4506964.2748
0.0080   3719178.327443     0.000013606   3147068.9283
0.0100   2907854.176067     0.000024490   2335744.7772
0.0120   2369148.344504     0.000008163   1797038.9456
0.0140   1985794.401929     0.000021769   1413685.0031
0.0160   1699681.105265     0.000016327   1127571.7064
0.0180   1478181.236642     0.000013606    906071.8376
0.0200   1302220.353336     0.000013606    730110.9544
0.0400    534128.911761     0.000021769    -37980.4871
0.0600    299263.472036     0.000016327   -272845.9270
0.0800    191777.311924     0.000019048   -380332.0870
0.1000    132535.981543     0.000008163   -439573.4173
0.1200     96271.756640     0.000021769   -475837.6422
0.1400     72151.604072     0.000021769   -499957.7948
0.1600     55231.687106     0.000005442   -516877.7119
0.1800     43040.400571     0.000024490   -529068.9982
0.2000     34127.942637     0.000021769   -537981.4562
0.2400     22521.332340     0.000024490   -549588.0665
0.2800     15648.591628     0.000019048   -556460.8072
0.3200     10993.313351     0.000021769   -561116.0854
0.3600      7937.658626     0.000008163   -564171.7402
0.4000      5892.879063     0.000010885   -566216.5198    -42088.478
0.4500      4188.929152     0.000027211   -567920.4697    -27424.598
0.5000      3040.288488     0.000008163   -569069.1103    -19330.050
0.5500      2213.391892     0.000013606   -569896.0070    -13938.717
0.6000      1625.831147     0.000027211   -570483.5677     -9778.733
0.6500      1214.409052     0.000008163   -570894.9898     -6857.506
0.7000       924.058071     0.000013606   -571185.3409     -4886.721
0.7500       714.914795     0.000005442   -571394.4841     -3567.470
0.8000       560.233018     0.000013606   -571549.1660     -2672.766
0.8500       442.933591     0.000019048   -571666.4653     -2048.858
0.9000       352.175550     0.000024490   -571757.2232     -1598.212
0.9500       280.963046     0.000010885   -571828.4357     -1262.728
1.0000       224.485810     0.000021769   -571884.9129     -1009.605
1.1000       142.475784     0.000013606   -571966.9232      -654.718
1.2000        89.444487     0.000019048   -572019.9544      -417.338
1.3000        56.113183     0.000024490   -572053.2856      -264.860
1.4000        34.831757     0.000005442   -572074.5671      -170.190
1.5000        20.948353     0.000016327   -572088.4507      -110.986
1.6000        11.896319     0.000021769   -572097.5025       -73.144
1.7000         5.980104     0.000008163   -572103.4188       -48.209
1.8000         2.088632     0.000027211   -572107.3103       -31.528
1.9000        -0.430947     0.000027211   -572109.8298       -20.285
2.0000        -2.023940     0.000024490   -572111.4228       -12.780
2.1000        -2.995294     0.000002721   -572112.3942        -7.773
2.2000        -3.549348     0.000008163   -572112.9483        -4.383
2.3000        -3.826529     0.000021769   -572113.2255        -2.204
2.4000        -3.884538     0.000019048   -572113.2835        -0.760
2.5000        -3.794324     0.000024490   -572113.1932         0.077
2.6000        -3.652896     0.000021769   -572113.0517         0.641
2.7000        -3.483113     0.000027211   -572112.8819         0.996
2.8000        -3.296650     0.000024490   -572112.6955         1.152
2.9000        -3.104243     0.000005442   -572112.5031         1.303
3.0000        -2.911725     0.000024490   -572112.3107         1.341
3.1000        -2.700277     0.000013606   -572112.0993         1.313
3.2000        -2.437929     0.000027211   -572111.8367         1.252
3.3000        -2.196659     0.000013606   -572111.5956         1.151
3.4000        -1.976021     0.000005442   -572111.3749         1.031
3.5000        -1.776776     0.000016327   -572111.1757         0.933
3.6000        -1.598933     0.000013606   -572110.9977         0.835
3.7000        -1.441290     0.000010885   -572110.8402         0.736
3.8000        -1.302054     0.000019048   -572110.7009         0.628
3.9000        -1.180068     0.000008163   -572110.5790         0.558
4.0000        -1.074121     0.000013606   -572110.4731         0.487
5.0000        -0.574454     0.000013606   -572109.9732         0.102
6.0000        -0.479748     0.000005442   -572109.8785         0.022
7.0000        -0.462749     0.000021769   -572109.8617         0.003
8.0000        -0.459424     0.000024490   -572109.8584        -0.000
9.0000        -0.458575     0.000024490   -572109.8576        -0.001
10.0000        -0.458234     0.000024490   -572109.8570        -0.001
100.0000        -0.456879     0.000016327   -572109.8557
1000.0000        -0.456803     0.000027211   -572109.8557
