0.0020   3883949.463832     0.000024490   3744232.3416
0.0040   1897861.215853     0.000021769   1758144.0931
0.0060   1238310.673197     0.000016327   1098593.5506
0.0080    909911.427823     0.000016327    770194.3054
0.0100    713514.727933     0.000019048    573797.6052
0.0120    583033.975602     0.000021769    443316.8531
0.0140    490412.767855     0.000024490    350695.6452
0.0160    421274.885382     0.000021769    281557.7629
0.0180    367697.923648     0.000016327    227980.8011
0.0200    325011.378214     0.000013606    185294.2556
0.0400    137248.799827     0.000010885     -2468.3228
0.0600     78886.742534     0.000021769    -60830.3801
0.0800     51502.236999     0.000019048    -88214.8856
0.1000     36092.566181     0.000019048   -103624.5564
0.1200     26575.814800     0.000010885   -113141.3078
0.1400     20301.752124     0.000021769   -119415.3705
0.1600     15910.911434     0.000021769   -123806.2111
0.1800     12686.532442     0.000019048   -127030.5901
0.2000     10248.166061     0.000019048   -129468.9565
0.2400      6911.925805     0.000021769   -132805.1968
0.2800      4851.006330     0.000024490   -134866.1163    -40548.455
0.3200      3539.813815     0.000016327   -136177.3088    -26214.600
0.3600      2674.920279     0.000010885   -137042.2023    -17830.212
0.4000      2058.394039     0.000013606   -137658.7286    -13359.922
0.4500      1492.639056     0.000021769   -138224.4835     -9443.117
0.5000      1097.008431     0.000021769   -138620.1142     -6537.602
0.5500       822.144618     0.000010885   -138894.9780     -4576.887
0.6000       627.040873     0.000019048   -139090.0817     -3311.369
0.6500       483.811815     0.000010885   -139233.3108     -2434.739
0.7000       378.542952     0.000027211   -139338.5796     -1809.605
0.7500       299.682429     0.000021769   -139417.4402     -1375.150
0.8000       239.071102     0.000013606   -139478.0515     -1070.047
0.8500       191.406432     0.000027211   -139525.7162      -848.875
0.9000       153.347313     0.000024490   -139563.7753      -680.046
0.9500       122.862718     0.000016327   -139594.2599      -549.772
1.0000        98.039827     0.000019048   -139619.0828      -445.066
1.1000        61.501714     0.000013606   -139655.6209      -284.452
1.2000        38.010467     0.000010885   -139679.1121      -178.750
1.3000        23.378818     0.000002721   -139693.7438      -111.928
1.4000        14.091824     0.000008163   -139703.0308       -71.061
1.5000         8.361605     0.000024490   -139708.7610       -45.642
1.6000         4.656683     0.000010885   -139712.4659       -29.734
1.7000         2.235686     0.000013606   -139714.8869       -19.466
1.8000         0.651294     0.000024490   -139716.4713       -12.680
1.9000        -0.215999     0.000024490   -139717.3386        -8.210
2.0000        -0.717984     0.000008163   -139717.8406        -5.181
2.1000        -0.974606     0.000016327   -139718.0972        -3.081
2.2000        -1.082437     0.000016327   -139718.2050        -1.650
2.3000        -1.091177     0.000013606   -139718.2138        -0.654
2.4000        -1.035307     0.000021769   -139718.1579         0.039
2.5000        -0.939272     0.000008163   -139718.0619         0.448
2.6000        -0.820304     0.000013606   -139717.9429         0.755
2.7000        -0.689586     0.000019048   -139717.8122         0.919
2.8000        -0.555787     0.000024490   -139717.6784         0.977
2.9000        -0.420152     0.000008163   -139717.5427         1.014
3.0000        -0.281932     0.000013606   -139717.4045         1.001
3.1000        -0.154095     0.000016327   -139717.2767         0.950
3.2000        -0.037051     0.000016327   -139717.1597         0.895
3.3000         0.069269     0.000013606   -139717.0533         0.835
3.4000         0.165219     0.000010885   -139716.9574         0.768
3.5000         0.251420     0.000008163   -139716.8712         0.700
3.6000         0.328409     0.000027211   -139716.7942         0.633
3.7000         0.396837     0.000021769   -139716.7258         0.577
3.8000         0.457336     0.000019048   -139716.6652         0.509
3.9000         0.510763     0.000024490   -139716.6118         0.451
4.0000         0.557649     0.000010885   -139716.5649         0.399
5.0000         0.800320     0.000005442   -139716.3223         0.098
6.0000         0.836745     0.000005442   -139716.2858         0.020
7.0000         0.836187     0.000010885   -139716.2864         0.006
8.0000         0.831861     0.000013606   -139716.2907         0.001
9.0000         0.828130     0.000005442   -139716.2945         0.002
10.0000         0.825207     0.000013606   -139716.2974         0.000
100.0000         0.806075     0.000005442   -139716.3165
1000.0000         0.804510     0.000005442   -139716.3181
