0.0020  19144369.301003     0.000016327  18669613.0354
0.0040   9325652.400004     0.000027211   8850896.1346
0.0060   6065752.915242     0.000019048   5590996.6493
0.0080   4440601.339577     0.000027211   3965845.0718
0.0100   3468219.572504     0.000019048   2993463.3054
0.0120   2822830.373789     0.000027211   2348074.1070
0.0140   2364080.928069     0.000005442   1889324.6614
0.0160   2021703.470848     0.000016327   1546947.2043
0.0180   1757058.893153     0.000024490   1282302.6263
0.0200   1546982.318910     0.000016327   1072226.0521
0.0400    633878.789902     0.000021769    159122.5232
0.0600    354068.378133     0.000010885   -120687.8886
0.0800    226230.702267     0.000016327   -248525.5644
0.1000    155875.102486     0.000021769   -318881.1642
0.1200    112968.189021     0.000013606   -361788.0777
0.1400     84783.754562     0.000019048   -389972.5121
0.1600     65028.853838     0.000019048   -409727.4128
0.1800     50837.972871     0.000024490   -423918.2938
0.2000     40462.425084     0.000010885   -434293.8415
0.2400     27036.518649     0.000019048   -447719.7481
0.2800     18720.732519     0.000027211   -456035.5341
0.3200     13239.798832     0.000013606   -461516.4679
0.3600      9619.226796     0.000010885   -465137.0400
0.4000      7116.017958     0.000021769   -467640.2487
0.4500      5007.243241     0.000024490   -469749.0235    -34105.052
0.5000      3554.258225     0.000013606   -471202.0084    -24584.497
0.5500      2529.174295     0.000013606   -472227.0925    -16780.070
0.6000      1835.210390     0.000016327   -472921.0562    -11343.732
0.6500      1363.112876     0.000021769   -473393.1538     -7790.628
0.7000      1035.143472     0.000021769   -473721.1233     -5490.396
0.7500       800.630210     0.000016327   -473955.6365     -3991.930
0.8000       627.655363     0.000016327   -474128.6115     -2991.684
0.8500       496.686289     0.000024490   -474259.5805     -2294.496
0.9000       395.497009     0.000021769   -474360.7696     -1783.570
0.9500       316.477910     0.000027211   -474439.7888     -1395.918
1.0000       254.366040     0.000013606   -474501.9007     -1098.245
1.1000       166.077044     0.000019048   -474590.1897      -700.603
1.2000       109.558245     0.000013606   -474646.7086      -456.202
1.3000        72.531252     0.000021769   -474683.7354      -300.329
1.4000        48.012410     0.000021769   -474708.2542      -199.797
1.5000        31.561992     0.000010885   -474724.7049      -133.741
1.6000        20.486448     0.000008163   -474735.7802       -89.544
1.7000        13.082464     0.000016327   -474743.1841       -59.676
1.8000         8.344938     0.000021769   -474747.9219       -39.599
1.9000         5.273452     0.000008163   -474750.9932       -25.967
2.0000         3.363258     0.000019048   -474752.9035       -16.809
2.1000         2.209593     0.000027211   -474754.0572       -10.788
2.2000         1.510741     0.000021769   -474754.7560        -6.934
2.3000         1.090660     0.000016327   -474755.1762        -4.471
2.4000         0.824709     0.000013606   -474755.4420        -3.095
2.5000         0.634347     0.000016327   -474755.6322        -2.139
2.6000         0.478401     0.000019048   -474755.7884        -1.660
2.7000         0.341544     0.000016327   -474755.9250        -1.216
2.8000         0.222489     0.000021769   -474756.0442        -0.873
2.9000         0.124631     0.000016327   -474756.1422        -0.555
3.0000         0.050681     0.000024490   -474756.2159        -0.273
3.1000         0.002509     0.000021769   -474756.2641        -0.050
3.2000        -0.021222     0.000019048   -474756.2880         0.164
3.3000        -0.022975     0.000027211   -474756.2897         0.336
3.4000        -0.005559     0.000019048   -474756.2723         0.463
3.5000         0.027410     0.000010885   -474756.2393         0.557
3.6000         0.072565     0.000024490   -474756.1942         0.629
3.7000         0.126751     0.000024490   -474756.1400         0.686
3.8000         0.186719     0.000019048   -474756.0799         0.703
3.9000         0.250897     0.000021769   -474756.0159         0.708
4.0000         0.317274     0.000019048   -474755.9495         0.712
5.0000         0.857211     0.000019048   -474755.4094         0.404
6.0000         1.167094     0.000013606   -474755.0997         0.128
7.0000         1.261977     0.000010885   -474755.0047         0.040
8.0000         1.284405     0.000005442   -474754.9824         0.013
9.0000         1.290193     0.000010885   -474754.9764         0.006
10.0000         1.292068     0.000005442   -474754.9745         0.003
100.0000         1.296141     0.000024490   -474754.9705
1000.0000         1.296365     0.000027211   -474754.9705
