0.0020         0.000000     0.000013606  28967760.8066
0.0040  14422477.537897     0.000008163  13759817.8965
0.0060   9366070.839583     0.000019048   8703411.1982
0.0080   6847043.755642     0.000013606   6184384.1141
0.0100   5341266.916726     0.000005442   4678607.2763
0.0120   4341767.225220     0.000016327   3679107.5851
0.0140   3631302.496922     0.000021769   2968642.8578
0.0160   3102408.214200     0.000027211   2439748.5739
0.0180   2694372.613420     0.000024490   2031712.9733
0.0200   2370611.835028     0.000021769   1707952.1948
0.0400    964440.221193     0.000024490    301780.5809
0.0600    535489.661387     0.000016327   -127169.9788
0.0800    339591.031188     0.000021769   -323068.6090
0.1000    233417.046621     0.000008163   -429242.5936
0.1200    168351.535103     0.000027211   -494308.1052
0.1400    125747.543138     0.000008163   -536912.0970
0.1600     96808.412252     0.000008163   -565851.2281
0.1800     76440.185302     0.000010885   -586219.4549
0.2000     60899.057488     0.000019048   -601760.5827
0.2400     39898.949417     0.000027211   -622760.6908
0.2800     27171.438424     0.000024490   -635488.2016
0.3200     19283.554089     0.000010885   -643376.0860
0.3600     13892.164771     0.000016327   -648767.4756
0.4000     10112.474759     0.000016327   -652547.1654
0.4500      7057.900138     0.000013606   -655601.7401    -48048.786
0.5000      5099.638431     0.000021769   -657560.0017    -31783.192
0.5500      3769.175709     0.000016327   -658890.4645    -22251.390
0.6000      2818.069940     0.000019048   -659841.5703    -16183.153
0.6500      2122.747127     0.000013606   -660536.8930    -11855.772
0.7000      1612.168471     0.000016327   -661047.4716     -8680.076
0.7500      1240.361997     0.000019048   -661419.2783     -6355.559
0.8000       965.818897     0.000021769   -661693.8212     -4736.340
0.8500       758.599804     0.000021769   -661901.0403     -3613.895
0.9000       598.405472     0.000016327   -662061.2346     -2827.054
0.9500       471.616302     0.000019048   -662188.0239     -2239.135
1.0000       371.516169     0.000013606   -662288.1241     -1768.452
1.1000       230.255791     0.000027211   -662429.3844     -1096.238
1.2000       143.086960     0.000019048   -662516.5531      -680.658
1.3000        88.672018     0.000013606   -662570.9683      -428.145
1.4000        54.195463     0.000008163   -662605.4449      -273.692
1.5000        32.008746     0.000008163   -662627.6314      -177.394
1.6000        17.572869     0.000013606   -662642.0673      -115.783
1.7000         8.150771     0.000019048   -662651.4895       -75.434
1.8000         2.037595     0.000016327   -662657.6026       -48.639
1.9000        -1.814848     0.000021769   -662661.4552       -30.748
2.0000        -3.972728     0.000019048   -662663.6130       -19.200
2.1000        -5.234044     0.000019048   -662664.8743       -11.456
2.2000        -5.901893     0.000024490   -662665.5420        -6.431
2.3000        -6.189564     0.000021769   -662665.8297        -3.154
2.4000        -6.210449     0.000027211   -662665.8506        -1.196
2.5000        -6.084120     0.000016327   -662665.7244        -0.138
2.6000        -5.908244     0.000016327   -662665.5486         0.509
2.7000        -5.686330     0.000010885   -662665.3265         0.694
2.8000        -5.477964     0.000024490   -662665.1181         0.813
2.9000        -5.300257     0.000019048   -662664.9404         0.804
3.0000        -5.143849     0.000021769   -662664.7839         0.821
3.1000        -4.930716     0.000021769   -662664.5709         0.761
3.2000        -4.745882     0.000021769   -662664.3861         0.711
3.3000        -4.585039     0.000016327   -662664.2253         0.677
3.4000        -4.441093     0.000016327   -662664.0813         0.666
3.5000        -4.310095     0.000019048   -662663.9502         0.612
3.6000        -4.192628     0.000019048   -662663.8329         0.591
3.7000        -4.082131     0.000019048   -662663.7224         0.566
3.8000        -3.981019     0.000008163   -662663.6212         0.561
3.9000        -3.888536     0.000021769   -662663.5287         0.509
4.0000        -3.800273     0.000027211   -662663.4405         0.497
5.0000        -3.203750     0.000024490   -662662.8440         0.262
6.0000        -2.930814     0.000008163   -662662.5711         0.117
7.0000        -2.816377     0.000021769   -662662.4565         0.073
8.0000        -2.768098     0.000021769   -662662.4084         0.044
9.0000        -2.745181     0.000021769   -662662.3855         0.017
10.0000        -2.731945     0.000013606   -662662.3722         0.026
100.0000        -2.667321     0.000021769   -662662.3074         0.000
1000.0000        -2.662823     0.000016327   -662662.3031
