0.0020         0.000000     0.000024490  44261225.6159
0.0040  22022290.363288     0.000008163  21004120.4024
0.0060  14290575.496367     0.000016327  13272405.5346
0.0080  10435150.112988     0.000021769   9416980.1499
0.0100   8128428.939154     0.000013606   7110258.9760
0.0120   6600798.377904     0.000013606   5582628.4158
0.0140   5516690.481521     0.000005442   4498520.5188
0.0160   4708829.585965     0.000024490   3690659.6227
0.0180   4085489.009328     0.000019048   3067319.0479
0.0200   3589874.367179     0.000019048   2571704.4052
0.0400   1444473.127852     0.000010885    426303.1661
0.0600    798252.412417     0.000016327   -219917.5495
0.0800    505514.666056     0.000013606   -512655.2959
0.1000    347485.829599     0.000008163   -670684.1323
0.1200    252896.126170     0.000010885   -765273.8357
0.1400    189942.202496     0.000019048   -828227.7593
0.1600    145213.998859     0.000021769   -872955.9630
0.1800    112748.445033     0.000019048   -905421.5168
0.2000     89171.168567     0.000021769   -928998.7934
0.2400     58234.713579     0.000008163   -959935.2482
0.2800     39282.957546     0.000019048   -978887.0043
0.3200     27222.997184     0.000010885   -990946.9647
0.3600     19372.350570     0.000016327   -998797.6113
0.4000     14217.460167     0.000000000  -1003952.5017
0.4500      9646.170285     0.000013606  -1008523.7915
0.5000      6745.518523     0.000016327  -1011424.4433    -45941.409
0.5500      4873.947455     0.000024490  -1013296.0146    -30261.574
0.6000      3616.770214     0.000016327  -1014553.1917    -20783.763
0.6500      2737.553247     0.000016327  -1015432.4087    -14810.781
0.7000      2102.453164     0.000021769  -1016067.5088    -10847.286
0.7500      1632.747563     0.000027211  -1016537.2143     -8104.536
0.8000      1279.164218     0.000019048  -1016890.7978     -6154.335
0.8500      1008.766665     0.000019048  -1017161.1953     -4733.690
0.9000       799.596196     0.000019048  -1017370.3657     -3676.898
0.9500       636.520382     0.000010885  -1017533.4414     -2877.054
1.0000       508.687420     0.000019048  -1017661.2746     -2263.941
1.1000       328.132926     0.000016327  -1017841.8290     -1423.072
1.2000       213.266263     0.000021769  -1017956.6957      -920.910
1.3000       138.647663     0.000024490  -1018031.3142      -602.851
1.4000        89.943324     0.000021769  -1018080.0185      -392.421
1.5000        57.976859     0.000019048  -1018111.9851      -257.824
1.6000        36.800719     0.000021769  -1018133.1613      -170.796
1.7000        22.706198     0.000013606  -1018147.2557      -113.562
1.8000        13.328150     0.000016327  -1018156.6338       -75.451
1.9000         7.112251     0.000013606  -1018162.8497       -49.897
2.0000         3.027428     0.000010885  -1018166.9344       -32.734
2.1000         0.380946     0.000010885  -1018169.5810       -21.094
2.2000        -1.293701     0.000027211  -1018171.2556       -13.237
2.3000        -2.312824     0.000013606  -1018172.2747        -7.944
2.4000        -2.891935     0.000010885  -1018172.8537        -4.368
2.5000        -3.178294     0.000024490  -1018173.1403        -1.978
2.6000        -3.272494     0.000021769  -1018173.2344        -0.441
2.7000        -3.242717     0.000016327  -1018173.2045         0.562
2.8000        -3.112029     0.000008163  -1018173.0739         1.138
2.9000        -2.925326     0.000024490  -1018172.8872         1.478
3.0000        -2.723028     0.000021769  -1018172.6850         1.622
3.1000        -2.517574     0.000013606  -1018172.4796         1.664
3.2000        -2.317921     0.000027211  -1018172.2798         1.651
3.3000        -2.128889     0.000021769  -1018172.0907         1.558
3.4000        -1.952929     0.000021769  -1018171.9149         1.460
3.5000        -1.778512     0.000021769  -1018171.7405         1.345
3.6000        -1.620586     0.000024490  -1018171.5824         1.203
3.7000        -1.482714     0.000013606  -1018171.4445         1.079
3.8000        -1.346480     0.000019048  -1018171.3084         0.956
3.9000        -1.166770     0.000019048  -1018171.1285         0.824
4.0000        -1.005529     0.000016327  -1018170.9674         0.692
5.0000        -0.293576     0.000016327  -1018170.2556         0.117
6.0000        -0.182787     0.000019048  -1018170.1446         0.016
7.0000        -0.166602     0.000019048  -1018170.1285         0.001
8.0000        -0.163312     0.000024490  -1018170.1252        -0.001
9.0000        -0.161938     0.000024490  -1018170.1239        -0.001
10.0000        -0.161021     0.000021769  -1018170.1228        -0.001
100.0000        -0.155295     0.000008163  -1018170.1171
1000.0000        -0.154844     0.000008163  -1018170.1168
