0.0020  10979807.488840     0.000024490  10792966.3649
0.0040   5366852.609168     0.000024490   5180011.4850
0.0060   3498603.108676     0.000013606   3311761.9842
0.0080   2566952.783718     0.000024490   2380111.6591
0.0100   2009598.947988     0.000013606   1822757.8231
0.0120   1640442.436994     0.000016327   1453601.3122
0.0140   1377388.999598     0.000027211   1190547.8750
0.0160   1180504.475367     0.000019048    993663.3507
0.0180   1027990.834641     0.000010885    841149.7100
0.0200    907056.078464     0.000021769    720214.9536
0.0400    375661.021598     0.000016327    188819.8968
0.0600    211398.518933     0.000008163     24557.3942
0.0800    135783.787873     0.000010885    -51057.3369
0.1000     94212.845478     0.000019048    -92628.2793
0.1200     68393.939029     0.000010885   -118447.1857
0.1400     51261.379246     0.000021769   -135579.7455
0.1600     39525.433409     0.000016327   -147315.6913
0.1800     31300.290466     0.000013606   -155540.8343
0.2000     25407.820842     0.000010885   -161433.3039
0.2400     17200.302946     0.000021769   -169640.8218
0.2800     11989.959024     0.000010885   -174851.1657
0.3200      8547.183814     0.000021769   -178293.9409
0.3600      6308.646350     0.000021769   -180532.4784    -45215.269
0.4000      4809.099784     0.000013606   -182032.0250    -30923.515
0.4500      3456.409167     0.000013606   -183384.7156    -23947.261
0.5000      2466.632591     0.000016327   -184374.4922    -16039.043
0.5500      1807.234411     0.000019048   -185033.8903    -10726.768
0.6000      1361.850401     0.000016327   -185479.2744     -7341.914
0.6500      1052.396299     0.000013606   -185788.7284     -5197.349
0.7000       829.378253     0.000019048   -186011.7465     -3826.648
0.7500       662.295901     0.000024490   -186178.8289     -2925.363
0.8000       532.700533     0.000021769   -186308.4242     -2302.452
0.8500       429.796694     0.000021769   -186411.3281     -1842.994
0.9000       347.127550     0.000021769   -186493.9972     -1483.252
0.9500       280.547166     0.000027211   -186560.5776     -1193.395
1.0000       226.889542     0.000024490   -186614.2352      -960.410
1.1000       148.172389     0.000024490   -186692.9524      -632.715
1.2000        96.835059     0.000010885   -186744.2897      -420.345
1.3000        62.531709     0.000024490   -186778.5930      -280.250
1.4000        39.454516     0.000024490   -186801.6702      -187.162
1.5000        23.971825     0.000016327   -186817.1529      -124.415
1.6000        13.674067     0.000021769   -186827.4507       -81.788
1.7000         7.137878     0.000024490   -186833.9869       -53.195
1.8000         2.947949     0.000016327   -186838.1768       -33.765
1.9000         0.479846     0.000024490   -186840.6449       -20.917
2.0000        -0.877780     0.000008163   -186842.0025       -12.570
2.1000        -1.584147     0.000024490   -186842.7089        -7.329
2.2000        -1.912458     0.000010885   -186843.0372        -4.155
2.3000        -2.038359     0.000016327   -186843.1631        -2.308
2.4000        -2.070806     0.000024490   -186843.1956        -1.244
2.5000        -2.065266     0.000016327   -186843.1900        -0.547
2.6000        -2.041238     0.000024490   -186843.1660        -0.071
2.7000        -1.999491     0.000013606   -186843.1242         0.350
2.8000        -1.937411     0.000010885   -186843.0622         0.684
2.9000        -1.760215     0.000021769   -186842.8850         0.884
3.0000        -1.555801     0.000013606   -186842.6806         1.011
3.1000        -1.360828     0.000021769   -186842.4856         1.106
3.2000        -1.170931     0.000019048   -186842.2957         1.184
3.3000        -0.978622     0.000021769   -186842.1034         1.232
3.4000        -0.726454     0.000010885   -186841.8512         1.187
3.5000        -0.487900     0.000021769   -186841.6127         1.146
3.6000        -0.254519     0.000016327   -186841.3793         1.095
3.7000        -0.043027     0.000005442   -186841.1678         1.042
3.8000         0.149472     0.000008163   -186840.9753         0.972
3.9000         0.325737     0.000008163   -186840.7990         0.907
4.0000         0.486575     0.000021769   -186840.6382         0.854
5.0000         1.460455     0.000021769   -186839.6643         0.343
6.0000         1.774039     0.000027211   -186839.3507         0.102
7.0000         1.853159     0.000005442   -186839.2716         0.026
8.0000         1.871249     0.000010885   -186839.2535         0.006
9.0000         1.875565     0.000005442   -186839.2492         0.001
10.0000         1.876789     0.000002721   -186839.2480         0.000
100.0000         1.879382     0.000010885   -186839.2454
1000.0000         1.879554     0.000021769   -186839.2452
