0.0020   2865228.097359     0.000016327   2524209.0131
0.0040   1397665.507791     0.000008163   1056646.4234
0.0060    910279.423815     0.000021769    569260.3395
0.0080    667753.484118     0.000021769    326734.3998
0.0100    523053.872979     0.000027211    182034.7887
0.0120    426988.011694     0.000019048     85968.9274
0.0140    358677.951744     0.000016327     17658.8675
0.0160    307661.765740     0.000027211    -33357.3185
0.0180    268186.383090     0.000019048    -72832.7012
0.0200    236715.619879     0.000013606   -104303.4644
0.0400     99310.733707     0.000016327   -241708.3506
0.0600     56547.632187     0.000024490   -284471.4522
0.0800     36665.244394     0.000019048   -304353.8399
0.1000     25662.196297     0.000005442   -315356.8879
0.1200     18884.588895     0.000016327   -322134.4953
0.1400     14329.035712     0.000016327   -326690.0485
0.1600     11090.113672     0.000019048   -329928.9706
0.1800      8718.517248     0.000024490   -332300.5670
0.2000      6958.789026     0.000027211   -334060.2954
0.2400      4638.399239     0.000019048   -336380.6851    -43793.345
0.2800      3249.716793     0.000008163   -337769.3676    -27345.749
0.3200      2351.806786     0.000027211   -338667.2775    -18381.136
0.3600      1732.153287     0.000027211   -339286.9311    -12986.955
0.4000      1290.215487     0.000005442   -339728.8689     -9316.322
0.4500       908.353899     0.000016327   -340110.7305     -6176.403
0.5000       653.752630     0.000019048   -340365.3317     -4147.129
0.5500       481.099900     0.000027211   -340537.9842     -2847.322
0.6000       361.283558     0.000021769   -340657.8006     -2015.128
0.6500       274.983938     0.000024490   -340744.1002     -1478.705
0.7000       210.651876     0.000024490   -340808.4323     -1118.668
0.7500       161.576409     0.000016327   -340857.5078      -858.685
0.8000       123.952559     0.000013606   -340895.1316      -660.030
0.8500        95.107296     0.000010885   -340923.9771      -504.978
0.9000        73.104425     0.000019048   -340945.9799      -384.361
0.9500        56.376113     0.000024490   -340962.7081      -291.741
1.0000        43.699091     0.000005442   -340975.3851      -221.356
1.1000        26.770457     0.000010885   -340992.3139      -128.298
1.2000        16.905570     0.000024490   -341002.1788       -76.191
1.3000        10.974734     0.000013606   -341008.1095       -47.420
1.4000         7.218098     0.000010885   -341011.8661       -31.202
1.5000         4.695653     0.000024490   -341014.3886       -21.662
1.6000         2.997806     0.000008163   -341016.0866       -15.856
1.7000         1.789552     0.000013606   -341017.2947       -11.656
1.8000         0.909160     0.000013606   -341018.1750        -8.798
1.9000         0.275548     0.000024490   -341018.8088        -6.455
2.0000         0.101852     0.000021769   -341018.9824        -5.282
2.1000        -0.056953     0.000027211   -341019.1413        -3.989
2.2000        -0.215068     0.000008163   -341019.2994        -2.837
2.3000        -0.337416     0.000008163   -341019.4216        -1.887
2.4000        -0.418587     0.000016327   -341019.5030        -1.102
2.5000        -0.462362     0.000013606   -341019.5468        -0.527
2.6000        -0.470599     0.000010885   -341019.5549        -0.123
2.7000        -0.451810     0.000024490   -341019.5362         0.193
2.8000        -0.413902     0.000002721   -341019.4981         0.404
2.9000        -0.361539     0.000005442   -341019.4458         0.530
3.0000        -0.297459     0.000021769   -341019.3816         0.601
3.1000        -0.227215     0.000010885   -341019.3114         0.648
3.2000        -0.154452     0.000024490   -341019.2387         0.671
3.3000        -0.081528     0.000016327   -341019.1658         0.658
3.4000        -0.008846     0.000010885   -341019.0931         0.625
3.5000         0.062118     0.000024490   -341019.0221         0.598
3.6000         0.129787     0.000008163   -341018.9544         0.554
3.7000         0.192855     0.000002721   -341018.8915         0.520
3.8000         0.251012     0.000008163   -341018.8333         0.480
3.9000         0.304262     0.000010885   -341018.7799         0.436
4.0000         0.353305     0.000019048   -341018.7310         0.381
5.0000         0.637789     0.000008163   -341018.4466         0.115
6.0000         0.727464     0.000016327   -341018.3568         0.086
7.0000         0.759524     0.000027211   -341018.3247         0.030
8.0000         0.775302     0.000024490   -341018.3089         0.019
9.0000         0.785190     0.000008163   -341018.2991         0.014
10.0000         0.792181     0.000005442   -341018.2920         0.011
100.0000         0.835651     0.000008163   -341018.2485         0.000
1000.0000         0.839061     0.000008163   -341018.2452
