0.0020   7666497.098024     0.000013606   7466021.6136
0.0040   3740058.183887     0.000024490   3539582.6977
0.0060   2439606.972257     0.000021769   2239131.4869
0.0080   1790730.050105     0.000021769   1590254.5647
0.0100   1402721.411824     0.000016327   1202245.9265
0.0120   1145278.287727     0.000021769    944802.8023
0.0140    962030.402002     0.000024490    761554.9168
0.0160    825041.747801     0.000024490    624566.2624
0.0180    718973.180903     0.000021769    518497.6955
0.0200    634555.833190     0.000019048    434080.3480
0.0400    265018.890512     0.000016327     64543.4052
0.0600    150760.603819     0.000008163    -49714.8815
0.0800     97097.663440     0.000016327   -103377.8219
0.1000     67507.012029     0.000016327   -132968.4733
0.1200     49339.153013     0.000019048   -151136.3323
0.1400     37206.094890     0.000016327   -163269.3904
0.1600     28699.410713     0.000016327   -171776.0746
0.1800     22622.333958     0.000027211   -177853.1513
0.2000     18199.001193     0.000024490   -182276.4841
0.2400     12415.040832     0.000024490   -188060.4445
0.2800      8757.220079     0.000013606   -191718.2652
0.3200      6282.759237     0.000021769   -194192.7261    -49617.522
0.3600      4655.568310     0.000013606   -195819.9170    -33119.943
0.4000      3553.208872     0.000010885   -196922.2764    -22833.688
0.4500      2626.229796     0.000008163   -197849.2555    -15002.367
0.5000      1993.187080     0.000027211   -198482.2982    -10929.414
0.5500      1507.919700     0.000016327   -198967.5656     -8481.493
0.6000      1143.191884     0.000016327   -199332.2934     -6199.299
0.6500       878.485035     0.000010885   -199597.0003     -4489.969
0.7000       685.702444     0.000016327   -199789.7829     -3293.960
0.7500       542.909465     0.000016327   -199932.5758     -2465.394
0.8000       434.933394     0.000010885   -200040.5519     -1884.314
0.8500       351.622522     0.000013606   -200123.8628     -1468.111
0.9000       286.106865     0.000013606   -200189.3785     -1164.917
0.9500       233.887704     0.000010885   -200241.5976      -937.527
1.0000       191.883045     0.000019048   -200283.6023      -766.012
1.1000       128.973908     0.000016327   -200346.5114      -518.262
1.2000        86.522579     0.000016327   -200388.9627      -348.150
1.3000        58.000432     0.000021769   -200417.4849      -229.934
1.4000        39.158445     0.000016327   -200436.3269      -153.556
1.5000        26.157730     0.000019048   -200449.3276      -106.441
1.6000        16.852945     0.000016327   -200458.6324       -76.118
1.7000         9.970054     0.000010885   -200465.5153       -55.269
1.8000         4.914016     0.000019048   -200470.5713       -39.872
1.9000         1.299124     0.000010885   -200474.1862       -28.134
2.0000        -1.038022     0.000019048   -200476.5233       -19.239
2.1000        -2.588724     0.000013606   -200478.0740       -12.586
2.2000        -3.571215     0.000019048   -200479.0565        -7.808
2.3000        -4.143882     0.000021769   -200479.6292        -4.298
2.4000        -4.195812     0.000005442   -200479.6811        -2.157
2.5000        -4.095560     0.000021769   -200479.5809        -0.623
2.6000        -3.807231     0.000010885   -200479.2925         0.299
2.7000        -3.486974     0.000024490   -200478.9723         0.865
2.8000        -3.161779     0.000008163   -200478.6471         1.291
2.9000        -2.834187     0.000027211   -200478.3195         1.490
3.0000        -2.513658     0.000021769   -200477.9990         1.593
3.1000        -2.212784     0.000019048   -200477.6981         1.648
3.2000        -1.932858     0.000021769   -200477.4182         1.630
3.3000        -1.673678     0.000016327   -200477.1590         1.574
3.4000        -1.435211     0.000005442   -200476.9205         1.512
3.5000        -1.180166     0.000016327   -200476.6655         1.414
3.6000        -0.940554     0.000019048   -200476.4259         1.297
3.7000        -0.723244     0.000013606   -200476.2086         1.174
3.8000        -0.527468     0.000010885   -200476.0128         1.067
3.9000        -0.351906     0.000010885   -200475.8372         0.956
4.0000        -0.195375     0.000016327   -200475.6807         0.848
5.0000         0.628112     0.000013606   -200474.8572         0.234
6.0000         0.831950     0.000013606   -200474.6533         0.055
7.0000         0.891625     0.000021769   -200474.5937         0.025
8.0000         0.917538     0.000008163   -200474.5678         0.013
9.0000         0.933141     0.000016327   -200474.5522         0.009
10.0000         0.944181     0.000021769   -200474.5411         0.006
100.0000         1.010873     0.000010885   -200474.4744         0.000
1000.0000         1.016106     0.000016327   -200474.4692
