0.0020   2142365.955624     0.000013606   2055181.1729
0.0040   1048714.346036     0.000016327    961529.5634
0.0060    684879.120223     0.000013606    597694.3376
0.0080    503747.044904     0.000021769    416562.2624
0.0100    395488.146569     0.000019048    308303.3640
0.0120    323534.403276     0.000024490    236349.6207
0.0140    272333.533919     0.000021769    185148.7513
0.0160    234127.336366     0.000016327    146942.5538
0.0180    204572.190009     0.000019048    117387.4074
0.0200    181027.798041     0.000024490     93843.0155
0.0400     77053.853951     0.000019048    -10130.9286
0.0600     44441.696411     0.000021769    -42743.0862
0.0800     29253.840194     0.000021769    -57930.9424
0.1000     20657.718627     0.000019048    -66527.0639
0.1200     15231.066635     0.000021769    -71953.7159
0.1400     11606.148779     0.000016327    -75578.6338
0.1600      9096.593269     0.000016327    -78088.1893
0.1800      7306.825382     0.000010885    -79877.9572
0.2000      5993.994594     0.000013606    -81190.7880
0.2400      4191.023874     0.000021769    -82993.7587    -36602.614
0.2800      2983.727128     0.000021769    -84201.0554    -24626.386
0.3200      2165.797740     0.000008163    -85018.9848    -16805.805
0.3600      1603.574018     0.000019048    -85581.2086    -11638.562
0.4000      1211.345688     0.000016327    -85973.4369     -8186.050
0.4500       877.092777     0.000016327    -86307.6898     -5402.881
0.5000       653.123880     0.000019048    -86531.6587     -3692.846
0.5500       496.798021     0.000021769    -86687.9845     -2645.391
0.6000       381.995983     0.000027211    -86802.7866     -1993.948
0.6500       293.903681     0.000024490    -86890.8789     -1549.540
0.7000       225.144195     0.000019048    -86959.6384     -1206.619
0.7500       171.745150     0.000024490    -87013.0374      -931.560
0.8000       130.596921     0.000016327    -87054.1857      -714.328
0.8500        99.265203     0.000021769    -87085.5174      -544.289
0.9000        75.440074     0.000027211    -87109.3425      -414.276
0.9500        57.264043     0.000016327    -87127.5185      -315.739
1.0000        43.381969     0.000027211    -87141.4006      -241.323
1.1000        24.525182     0.000016327    -87160.2574      -143.079
1.2000        13.139199     0.000024490    -87171.6434       -87.926
1.3000         5.940876     0.000016327    -87178.8417       -56.823
1.4000         1.178953     0.000010885    -87183.6036       -37.981
1.5000        -1.964826     0.000027211    -87186.7474       -25.052
1.6000        -3.914256     0.000016327    -87188.6968       -15.558
1.7000        -5.005172     0.000008163    -87189.7878        -8.763
1.8000        -5.509573     0.000016327    -87190.2921        -3.939
1.9000        -5.569245     0.000027211    -87190.3518        -0.951
2.0000        -5.340258     0.000005442    -87190.1228         0.724
2.1000        -5.031401     0.000019048    -87189.8140         1.801
2.2000        -4.674453     0.000024490    -87189.4570         2.475
2.3000        -4.297044     0.000016327    -87189.0796         2.837
2.4000        -3.914727     0.000013606    -87188.6973         2.979
2.5000        -3.540918     0.000016327    -87188.3235         2.987
2.6000        -3.184182     0.000005442    -87187.9668         2.900
2.7000        -2.846717     0.000019048    -87187.6293         2.749
2.8000        -2.532140     0.000013606    -87187.3147         2.575
2.9000        -2.242390     0.000019048    -87187.0250         2.387
3.0000        -1.976445     0.000021769    -87186.7590         2.185
3.1000        -1.733064     0.000019048    -87186.5156         1.993
3.2000        -1.512257     0.000021769    -87186.2948         1.808
3.3000        -1.313293     0.000013606    -87186.0959         1.635
3.4000        -1.134413     0.000010885    -87185.9170         1.469
3.5000        -0.973314     0.000024490    -87185.7559         1.316
3.6000        -0.828990     0.000010885    -87185.6116         1.173
3.7000        -0.700429     0.000010885    -87185.4830         1.050
3.8000        -0.586531     0.000013606    -87185.3691         0.939
3.9000        -0.485947     0.000008163    -87185.2685         0.836
4.0000        -0.397009     0.000008163    -87185.1796         0.741
5.0000         0.150120     0.000016327    -87184.6325         0.227
6.0000         0.335857     0.000010885    -87184.4467         0.123
7.0000         0.420778     0.000024490    -87184.3618         0.060
8.0000         0.472044     0.000016327    -87184.3105         0.040
9.0000         0.507493     0.000019048    -87184.2751         0.029
10.0000         0.533988     0.000027211    -87184.2486         0.023
100.0000         0.706862     0.000027211    -87184.0757         0.000
1000.0000         0.721246     0.000019048    -87184.0613
