0.0020  12389110.853606     0.000016327  12113202.7834
0.0040   6041608.901189     0.000013606   5765700.8295
0.0060   3936747.113207     0.000019048   3660839.0430
0.0080   2887156.288677     0.000010885   2611248.2178
0.0100   2259427.696126     0.000027211   1983519.6252
0.0120   1841998.200457     0.000024490   1566090.1296
0.0140   1545198.630852     0.000010885   1269290.5599
0.0160   1323599.148326     0.000016327   1047691.0773
0.0180   1151976.957579     0.000013606    876068.8866
0.0200   1015344.047354     0.000024490    739435.9763
0.0400    420213.980346     0.000021769    144305.9094
0.0600    236596.946306     0.000010885    -39311.1246
0.0800    151866.282693     0.000013606   -124041.7883
0.1000    104988.729111     0.000027211   -170919.3418
0.1200     76102.837261     0.000016327   -199805.2337
0.1400     57257.839734     0.000021769   -218650.2312
0.1600     44468.401982     0.000016327   -231439.6690
0.1800     35428.295044     0.000016327   -240479.7759
0.2000     28476.566447     0.000008163   -247431.5045
0.2400     19104.077743     0.000024490   -256803.9932
0.2800     13249.370399     0.000019048   -262658.7006
0.3200      9603.234964     0.000021769   -266304.8360
0.3600      7197.584223     0.000021769   -268710.4867    -51036.876
0.4000      5433.856952     0.000013606   -270474.2140    -37478.897
0.4500      3893.089902     0.000016327   -272014.9811    -25007.626
0.5000      2855.437603     0.000016327   -273052.6334    -17081.473
0.5500      2138.246980     0.000027211   -273769.8241    -11941.273
0.6000      1632.483925     0.000021769   -274275.5870     -8509.187
0.6500      1264.544879     0.000019048   -274643.5262     -6586.895
0.7000       967.837646     0.000021769   -274940.2333     -5251.790
0.7500       738.329485     0.000021769   -275169.7415     -3952.944
0.8000       567.336768     0.000008163   -275340.7341     -2920.827
0.8500       440.961440     0.000008163   -275467.1096     -2162.022
0.9000       347.009472     0.000024490   -275561.0615     -1617.153
0.9500       276.251507     0.000024490   -275631.8193     -1227.822
1.0000       222.093090     0.000021769   -275685.9779      -948.278
1.1000       146.545564     0.000024490   -275761.5255      -593.850
1.2000        98.048015     0.000027211   -275810.0230      -390.059
1.3000        65.736156     0.000013606   -275842.3349      -262.595
1.4000        43.840147     0.000008163   -275864.2308      -178.553
1.5000        29.038932     0.000019048   -275879.0322      -122.109
1.6000        18.964180     0.000027211   -275889.1069       -83.854
1.7000        12.064477     0.000019048   -275896.0064       -57.763
1.8000         7.337610     0.000013606   -275900.7332       -39.884
1.9000         4.107914     0.000024490   -275903.9630       -27.580
2.0000         1.986467     0.000024490   -275906.0844       -19.213
2.1000         0.588261     0.000019048   -275907.4828       -13.466
2.2000        -0.348714     0.000021769   -275908.4196        -9.418
2.3000        -0.969561     0.000021769   -275909.0406        -6.548
2.4000        -1.371865     0.000024490   -275909.4428        -4.442
2.5000        -1.621946     0.000024490   -275909.6929        -2.916
2.6000        -1.764139     0.000019048   -275909.8352        -1.779
2.7000        -1.831087     0.000021769   -275909.9021        -0.945
2.8000        -1.843882     0.000010885   -275909.9149        -0.369
2.9000        -1.819348     0.000010885   -275909.8904         0.080
3.0000        -1.768801     0.000013606   -275909.8398         0.379
3.1000        -1.699994     0.000013606   -275909.7710         0.592
3.2000        -1.619451     0.000016327   -275909.6904         0.741
3.3000        -1.531534     0.000016327   -275909.6025         0.839
3.4000        -1.438805     0.000016327   -275909.5097         0.880
3.5000        -1.343609     0.000019048   -275909.4145         0.915
3.6000        -1.247784     0.000019048   -275909.3187         0.926
3.7000        -1.106130     0.000021769   -275909.1772         0.882
3.8000        -0.960113     0.000013606   -275909.0311         0.814
3.9000        -0.827577     0.000019048   -275908.8986         0.758
4.0000        -0.707515     0.000021769   -275908.7786         0.704
5.0000         0.067073     0.000024490   -275908.0039         0.271
6.0000         0.364325     0.000008163   -275907.7067         0.080
7.0000         0.441483     0.000010885   -275907.6294         0.022
8.0000         0.460025     0.000016327   -275907.6109         0.006
9.0000         0.464169     0.000013606   -275907.6068         0.002
10.0000         0.464969     0.000010885   -275907.6060         0.000
100.0000         0.463334     0.000019048   -275907.6077
1000.0000         0.463173     0.000019048   -275907.6077
