0.0020    602195.875777     0.000005442    589052.0891
0.0040    296155.383626     0.000010885    283011.5970
0.0060    194269.787793     0.000005442    181126.0012
0.0080    143350.225421     0.000016327    130206.4388
0.0100    112855.220075     0.000008163     99711.4335
0.0120     92593.583029     0.000010885     79449.7964
0.0140     78170.975897     0.000019048     65027.1893
0.0160     67400.611114     0.000021769     54256.8245
0.0180     59038.439741     0.000016327     45894.6531
0.0200     52334.544942     0.000010885     39190.7583
0.0400     22953.930474     0.000013606      9810.1439
0.0600     13598.505228     0.000016327       454.7186
0.0800      9113.603137     0.000021769     -4030.1835
0.1000      6539.319996     0.000021769     -6604.4666
0.1200      4918.843908     0.000019048     -8224.9427
0.1400      3832.079865     0.000008163     -9311.7067    -44972.521
0.1600      3068.674437     0.000027211    -10075.1122    -32325.799
0.1800      2509.282561     0.000021769    -10634.5040    -24167.774
0.2000      2083.836820     0.000024490    -11059.9498    -18716.002
0.2400      1480.222172     0.000010885    -11663.5644    -12143.947
0.2800      1076.525042     0.000021769    -12067.2616     -8333.398
0.3200       796.187172     0.000021769    -12347.5994     -5846.695
0.3600       598.269064     0.000024490    -12545.5175     -4152.912
0.4000       457.184112     0.000019048    -12686.6025     -2980.366
0.4500       334.715779     0.000021769    -12809.0708     -1999.167
0.5000       251.903634     0.000013606    -12891.8830     -1366.721
0.5500       194.843908     0.000027211    -12948.9427      -956.685
0.6000       154.437783     0.000019048    -12989.3488      -692.683
0.6500       124.477470     0.000021769    -13019.3091      -528.200
0.7000       100.650186     0.000010885    -13043.1364      -429.811
0.7500        80.504044     0.000027211    -13063.2826      -364.840
0.8000        63.275565     0.000021769    -13080.5110      -309.951
0.8500        48.797938     0.000010885    -13094.9887      -258.480
0.9000        36.883553     0.000024490    -13106.9031      -211.373
0.9500        27.245587     0.000024490    -13116.5410      -170.193
1.0000        19.550076     0.000024490    -13124.2365      -135.477
1.1000         8.685508     0.000008163    -13135.1011       -83.783
1.2000         2.053337     0.000013606    -13141.7333       -50.432
1.3000        -1.912289     0.000013606    -13145.6989       -29.394
1.4000        -4.229288     0.000021769    -13148.0159       -16.304
1.5000        -5.453787     0.000019048    -13149.2404        -8.218
1.6000        -6.013855     0.000013606    -13149.8005        -3.261
1.7000        -6.184163     0.000021769    -13149.9708        -0.274
1.8000        -6.119380     0.000016327    -13149.9060         1.496
1.9000        -5.918130     0.000005442    -13149.7047         2.515
2.0000        -5.638430     0.000005442    -13149.4250         3.067
2.1000        -5.317586     0.000027211    -13149.1042         3.348
2.2000        -4.978007     0.000016327    -13148.7646         3.443
2.3000        -4.634054     0.000016327    -13148.4207         3.431
2.4000        -4.295365     0.000019048    -13148.0820         3.346
2.5000        -3.818989     0.000021769    -13147.6056         2.997
2.6000        -3.307902     0.000010885    -13147.0945         2.551
2.7000        -2.882759     0.000008163    -13146.6694         2.187
2.8000        -2.525362     0.000013606    -13146.3120         1.882
2.9000        -2.222532     0.000021769    -13146.0091         1.623
3.0000        -1.959465     0.000024490    -13145.7461         1.400
3.1000        -1.713096     0.000016327    -13145.4997         1.190
3.2000        -1.503647     0.000008163    -13145.2903         1.007
3.3000        -1.289649     0.000010885    -13145.0763         0.810
3.4000        -1.118568     0.000005442    -13144.9052         0.656
3.5000        -0.981972     0.000005442    -13144.7686         0.533
3.6000        -0.872114     0.000019048    -13144.6587         0.435
3.7000        -0.783098     0.000019048    -13144.5697         0.358
3.8000        -0.710451     0.000019048    -13144.4971         0.296
3.9000        -0.650997     0.000021769    -13144.4376         0.248
4.0000        -0.601829     0.000005442    -13144.3884         0.209
5.0000        -0.380595     0.000013606    -13144.1672         0.055
6.0000        -0.311415     0.000024490    -13144.0980         0.020
7.0000        -0.273798     0.000016327    -13144.0604         0.013
8.0000        -0.249207     0.000024490    -13144.0358         0.010
9.0000        -0.231289     0.000019048    -13144.0179         0.007
10.0000        -0.217667     0.000024490    -13144.0043         0.005
100.0000        -0.125360     0.000016327    -13143.9120         0.000
1000.0000        -0.117512     0.000010885    -13143.9041
