0.0020         0.000000     0.000019048  35038207.4641
0.0040  17448382.865889     0.000027211  16653230.8064
0.0060  11335103.957977     0.000010885  10539951.8987
0.0080   8286836.388058     0.000013606   7491684.3302
0.0100   6463231.654107     0.000019048   5668079.5953
0.0120   5252029.932933     0.000019048   4456877.8746
0.0140   4392266.204218     0.000013606   3597114.1441
0.0160   3751623.823474     0.000024490   2956471.7636
0.0180   3257114.504030     0.000008163   2461962.4452
0.0200   2864763.105756     0.000024490   2069611.0470
0.0400   1163456.562041     0.000027211    368304.5031
0.0600    646087.001950     0.000021769   -149065.0569
0.0800    412395.458648     0.000013606   -382756.6001
0.1000    283582.064877     0.000021769   -511569.9941
0.1200    204025.359460     0.000021769   -591126.6995
0.1400    152257.922942     0.000019048   -642894.1360
0.1600    116686.444637     0.000019048   -678465.6144
0.1800     90617.017481     0.000010885   -704535.0414
0.2000     71364.228960     0.000024490   -723787.8298
0.2400     46217.128455     0.000016327   -748934.9304
0.2800     31518.606048     0.000005442   -763633.4528
0.3200     21833.751319     0.000016327   -773318.3075
0.3600     15484.044719     0.000013606   -779668.0141
0.4000     11314.893808     0.000019048   -783837.1652
0.4500      7857.617417     0.000019048   -787294.4413
0.5000      5556.463453     0.000021769   -789595.5953    -37541.607
0.5500      3988.948461     0.000027211   -791163.1105    -26014.906
0.6000      2892.961818     0.000016327   -792259.0971    -18109.681
0.6500      2140.567500     0.000024490   -793011.4914    -12389.628
0.7000      1620.604698     0.000027211   -793531.4541     -8698.119
0.7500      1247.922036     0.000024490   -793904.1368     -6464.075
0.8000       964.676117     0.000002721   -794187.3826     -4923.240
0.8500       750.022170     0.000019048   -794402.0367     -3741.491
0.9000       586.772195     0.000016327   -794565.2866     -2847.393
0.9500       462.528982     0.000021769   -794689.5297     -2183.008
1.0000       366.791765     0.000010885   -794785.2671     -1686.752
1.1000       234.203868     0.000024490   -794917.8551     -1028.814
1.2000       152.297141     0.000021769   -794999.7617      -641.256
1.3000       101.368096     0.000002721   -795050.6908      -406.880
1.4000        69.088303     0.000019048   -795082.9706      -262.465
1.5000        48.145673     0.000005442   -795103.9133      -172.135
1.6000        34.262304     0.000024490   -795117.7966      -114.797
1.7000        24.882185     0.000008163   -795127.1766       -77.809
1.8000        18.452023     0.000013606   -795133.6069       -53.435
1.9000        13.988342     0.000008163   -795138.0704       -37.292
2.0000        10.854199     0.000013606   -795141.2046       -26.306
2.1000         8.629343     0.000013606   -795143.4294       -18.837
2.2000         7.033898     0.000005442   -795145.0248       -13.490
2.3000         5.881055     0.000008163   -795146.1778        -9.728
2.4000         5.041338     0.000024490   -795147.0175        -7.064
2.5000         4.425101     0.000019048   -795147.6339        -5.095
2.6000         3.970937     0.000024490   -795148.0880        -3.690
2.7000         3.633418     0.000008163   -795148.4255        -2.609
2.8000         3.382262     0.000019048   -795148.6766        -1.818
2.9000         3.200087     0.000021769   -795148.8587        -1.228
3.0000         3.074373     0.000008163   -795148.9844        -0.815
3.1000         2.979221     0.000019048   -795149.0796        -0.482
3.2000         2.905105     0.000027211   -795149.1536        -0.249
3.3000         2.847553     0.000019048   -795149.2113        -0.091
3.4000         2.801593     0.000013606   -795149.2573         0.046
3.5000         2.763938     0.000010885   -795149.2949         0.115
3.6000         2.733164     0.000008163   -795149.3256         0.162
3.7000         2.707101     0.000019048   -795149.3517         0.211
3.8000         2.684255     0.000008163   -795149.3746         0.229
3.9000         2.664404     0.000024490   -795149.3945         0.226
4.0000         2.647715     0.000024490   -795149.4110         0.227
5.0000         2.595086     0.000010885   -795149.4638         0.123
6.0000         2.625312     0.000019048   -795149.4336         0.044
7.0000         2.639652     0.000002721   -795149.4192         0.011
8.0000         2.645163     0.000016327   -795149.4138         0.001
9.0000         2.646858     0.000027211   -795149.4121        -0.002
10.0000         2.647337     0.000008163   -795149.4116        -0.002
100.0000         2.647489     0.000010885   -795149.4113        -0.000
1000.0000         2.647495     0.000008163   -795149.4113
