0.0020         0.000000     0.000016327  33920984.0628
0.0040  16896144.263057     0.000021769  16122367.6221
0.0060  10978736.821481     0.000019048  10204960.1796
0.0080   8027693.316864     0.000016327   7253916.6758
0.0100   6261932.396300     0.000019048   5488155.7551
0.0120   5088934.885196     0.000019048   4315158.2439
0.0140   4256074.785932     0.000013606   3482298.1458
0.0160   3635393.992285     0.000016327   2861617.3516
0.0180   3156170.593595     0.000016327   2382393.9529
0.0200   2775809.954832     0.000019048   2002033.3143
0.0400   1121820.847672     0.000021769    348044.2070
0.0600    619287.997559     0.000021769   -154488.6431
0.0800    392346.983670     0.000010885   -381429.6571
0.1000    269139.665907     0.000024490   -504636.9748
0.1200    193743.480006     0.000013606   -580033.1606
0.1400    145000.890060     0.000010885   -628775.7505
0.1600    111936.410793     0.000024490   -661840.2299
0.1800     87541.510861     0.000005442   -686235.1297
0.2000     69216.802882     0.000013606   -704559.8378
0.2400     44925.133049     0.000016327   -728851.5076
0.2800     30619.049825     0.000024490   -743157.5907
0.3200     21332.073113     0.000010885   -752444.5675
0.3600     15120.570078     0.000005442   -758656.0705
0.4000     11056.256989     0.000010885   -762720.3836
0.4500      7735.109843     0.000021769   -766041.5307
0.5000      5518.243189     0.000016327   -768258.3974    -36417.393
0.5500      3991.070180     0.000010885   -769785.5706    -25391.699
0.6000      2924.871044     0.000019048   -770851.7697    -17702.037
0.6500      2181.838115     0.000016327   -771594.8024    -12391.637
0.7000      1659.754993     0.000010885   -772116.8857     -8750.741
0.7500      1284.352081     0.000016327   -772492.2887     -6460.619
0.8000       999.391833     0.000010885   -772777.2489     -4993.759
0.8500       780.418829     0.000016327   -772996.2217     -3836.067
0.9000       612.470322     0.000016327   -773164.1705     -2937.183
0.9500       483.951872     0.000016327   -773292.6888     -2249.002
1.0000       385.396120     0.000024490   -773391.2447     -1726.598
1.1000       250.592978     0.000019048   -773526.0477     -1042.815
1.2000       168.598574     0.000008163   -773608.0422      -649.002
1.3000       116.800675     0.000005442   -773659.8399      -415.111
1.4000        83.287093     0.000008163   -773693.3535      -272.432
1.5000        61.203281     0.000008163   -773715.4374      -184.906
1.6000        46.025260     0.000010885   -773730.6154      -129.572
1.7000        35.140693     0.000016327   -773741.5000       -92.266
1.8000        27.238335     0.000016327   -773749.4024       -66.158
1.9000        21.483813     0.000008163   -773755.1568       -47.650
2.0000        17.293884     0.000013606   -773759.3468       -34.450
2.1000        14.241998     0.000024490   -773762.3986       -25.027
2.2000        12.012819     0.000013606   -773764.6277       -18.307
2.3000        10.372837     0.000027211   -773766.2678       -13.457
2.4000         9.153750     0.000021769   -773767.4868       -10.098
2.5000         8.234645     0.000002721   -773768.4060        -7.542
2.6000         7.561454     0.000019048   -773769.0792        -5.714
2.7000         7.047738     0.000016327   -773769.5930        -4.323
2.8000         6.654463     0.000024490   -773769.9862        -3.281
2.9000         6.352960     0.000016327   -773770.2877        -2.480
3.0000         6.123206     0.000019048   -773770.5174        -1.889
3.1000         5.949467     0.000016327   -773770.6912        -1.395
3.2000         5.819554     0.000013606   -773770.8210        -1.033
3.3000         5.724132     0.000024490   -773770.9166        -0.799
3.4000         5.655731     0.000002721   -773770.9849        -0.535
3.5000         5.607730     0.000013606   -773771.0330        -0.352
3.6000         5.576031     0.000013606   -773771.0646        -0.237
3.7000         5.556755     0.000021769   -773771.0839        -0.131
3.8000         5.546262     0.000008163   -773771.0945        -0.045
3.9000         5.542463     0.000010885   -773771.0981         0.002
4.0000         5.544063     0.000005442   -773771.0967         0.041
5.0000         5.638296     0.000005442   -773771.0023         0.089
6.0000         5.705734     0.000010885   -773770.9348         0.038
7.0000         5.731082     0.000008163   -773770.9095         0.012
8.0000         5.738576     0.000016327   -773770.9021         0.003
9.0000         5.740516     0.000019048   -773770.9002        -0.000
10.0000         5.741000     0.000013606   -773770.8997        -0.001
100.0000         5.741131     0.000016327   -773770.8994
1000.0000         5.741131     0.000013606   -773770.8994
