0.0020  13253248.044181     0.000019048  12986590.4435
0.0040   6464604.373273     0.000021769   6197946.7745
0.0060   4210657.245695     0.000019048   3943999.6461
0.0080   3085796.420677     0.000016327   2819138.8222
0.0100   2412851.136703     0.000010885   2146193.5370
0.0120   1965832.261712     0.000008163   1699174.6619
0.0140   1648061.531467     0.000010885   1381403.9319
0.0160   1410939.927353     0.000024490   1144282.3278
0.0180   1227344.932108     0.000016327    960687.3323
0.0200   1081269.835344     0.000019048    814612.2358
0.0400    446587.490278     0.000024490    179929.8906
0.0600    250796.060340     0.000024490    -15861.5394
0.0800    160611.667184     0.000021769   -106045.9325
0.1000    110739.040723     0.000016327   -155918.5590
0.1200     79978.332860     0.000021769   -186679.2668
0.1400     59981.477307     0.000027211   -206676.1224
0.1600     46507.319563     0.000024490   -220150.2801
0.1800     36827.630476     0.000024490   -229829.9692
0.2000     29575.173074     0.000019048   -237082.4266
0.2400     19705.375262     0.000021769   -246952.2244
0.2800     13701.545119     0.000027211   -252956.0546
0.3200      9945.771306     0.000013606   -256711.8284
0.3600      7428.771569     0.000008163   -259228.8281
0.4000      5576.518151     0.000013606   -261081.0815    -39035.923
0.4500      4002.135131     0.000019048   -262655.4646    -25043.063
0.5000      2973.169857     0.000024490   -263684.4298    -16851.658
0.5500      2260.799265     0.000016327   -264396.8004    -11994.354
0.6000      1742.911414     0.000019048   -264914.6883     -8940.388
0.6500      1348.245625     0.000005442   -265309.3541     -6947.684
0.7000      1040.993163     0.000013606   -265616.6065     -5368.032
0.7500       806.228158     0.000019048   -265851.3715     -4052.358
0.8000       629.838768     0.000019048   -266027.7609     -3032.857
0.8500       498.024964     0.000019048   -266159.5747     -2276.937
0.9000       398.633253     0.000024490   -266258.9665     -1727.730
0.9500       322.706827     0.000016327   -266334.8929     -1330.286
1.0000       263.796688     0.000010885   -266393.8030     -1040.982
1.1000       180.144448     0.000013606   -266477.4552      -667.616
1.2000       125.232812     0.000027211   -266532.3669      -448.343
1.3000        87.893389     0.000005442   -266569.7063      -307.978
1.4000        62.125878     0.000021769   -266595.4738      -215.467
1.5000        43.860278     0.000024490   -266613.7394      -151.377
1.6000        30.760372     0.000016327   -266626.8393      -107.673
1.7000        21.580757     0.000008163   -266636.0189       -76.496
1.8000        15.092208     0.000010885   -266642.5075       -54.502
1.9000        10.471277     0.000024490   -266647.1284       -38.808
2.0000         7.180189     0.000013606   -266650.4195       -27.627
2.1000         4.840594     0.000024490   -266652.7591       -19.587
2.2000         3.185780     0.000027211   -266654.4139       -13.813
2.3000         2.027110     0.000008163   -266655.5726        -9.598
2.4000         1.226298     0.000010885   -266656.3734        -6.574
2.5000         0.685278     0.000021769   -266656.9144        -4.372
2.6000         0.399752     0.000024490   -266657.2000        -3.019
2.7000         0.259482     0.000016327   -266657.3402        -2.171
2.8000         0.156604     0.000005442   -266657.4431        -1.547
2.9000         0.084325     0.000013606   -266657.5154        -1.066
3.0000         0.036346     0.000013606   -266657.5633        -0.701
3.1000         0.007448     0.000008163   -266657.5922        -0.440
3.2000        -0.007004     0.000021769   -266657.6067        -0.245
3.3000        -0.010866     0.000021769   -266657.6105        -0.104
3.4000        -0.007140     0.000005442   -266657.6068        -0.012
3.5000         0.001614     0.000002721   -266657.5981         0.052
3.6000         0.013393     0.000005442   -266657.5863         0.091
3.7000         0.026803     0.000002721   -266657.5729         0.113
3.8000         0.040872     0.000021769   -266657.5588         0.122
3.9000         0.054804     0.000013606   -266657.5449         0.122
4.0000         0.068020     0.000021769   -266657.5317         0.118
5.0000         0.141453     0.000010885   -266657.4582         0.028
6.0000         0.156003     0.000019048   -266657.4437         0.003
7.0000         0.157701     0.000024490   -266657.4420        -0.000
8.0000         0.157837     0.000010885   -266657.4419        -0.001
9.0000         0.157812     0.000008163   -266657.4419        -0.000
10.0000         0.157780     0.000010885   -266657.4419        -0.000
100.0000         0.157565     0.000002721   -266657.4421
1000.0000         0.157549     0.000008163   -266657.4421
