0.0020  17824387.994743     0.000021769  17411011.9228
0.0040   8682571.074835     0.000016327   8269195.0038
0.0060   5647741.280907     0.000019048   5234365.2090
0.0080   4134960.991633     0.000013606   3721584.9199
0.0100   3230296.345323     0.000013606   2816920.2744
0.0120   2629737.555013     0.000010885   2216361.4838
0.0140   2202941.188066     0.000021769   1789565.1169
0.0160   1884406.271893     0.000016327   1471030.2008
0.0180   1638063.819630     0.000019048   1224687.7485
0.0200   1442400.210109     0.000021769   1029024.1391
0.0400    591900.284220     0.000010885    178524.2131
0.0600    330759.509385     0.000024490    -82616.5617
0.0800    211424.261093     0.000024490   -201951.8100
0.1000    145598.238416     0.000008163   -267777.8327
0.1200    105447.714557     0.000016327   -307928.3567
0.1400     79231.030156     0.000019048   -334145.0409
0.1600     60945.442417     0.000013606   -352430.6288
0.1800     47685.933131     0.000021769   -365690.1380
0.2000     37931.137856     0.000019048   -375444.9334
0.2400     25096.030299     0.000005442   -388280.0408
0.2800     17489.379935     0.000013606   -395886.6911
0.3200     12291.283541     0.000021769   -401084.7874
0.3600      8884.934668     0.000010885   -404491.1364
0.4000      6568.886487     0.000024490   -406807.1846    -48186.124
0.4500      4608.775386     0.000005442   -408767.2957    -31462.774
0.5000      3315.001046     0.000019048   -410061.0700    -21236.141
0.5500      2407.658111     0.000008163   -410968.4130    -15451.038
0.6000      1753.095412     0.000019048   -411622.9758    -10887.855
0.6500      1298.633977     0.000010885   -412077.4371     -7503.090
0.7000       984.204574     0.000019048   -412391.8664     -5236.827
0.7500       762.709361     0.000010885   -412613.3618     -3748.594
0.8000       601.669645     0.000016327   -412774.4015     -2772.998
0.8500       479.938627     0.000016327   -412896.1325     -2133.446
0.9000       384.539881     0.000013606   -412991.5313     -1688.536
0.9500       308.727895     0.000024490   -413067.3431     -1342.431
1.0000       248.658474     0.000024490   -413127.4125     -1064.643
1.1000       163.150338     0.000021769   -413212.9208      -667.663
1.2000       109.679994     0.000019048   -413266.3912      -425.685
1.3000        75.140197     0.000019048   -413300.9309      -279.355
1.4000        52.282912     0.000016327   -413323.7882      -188.972
1.5000        36.706268     0.000019048   -413339.3648      -130.767
1.6000        25.902030     0.000008163   -413350.1691       -91.269
1.7000        18.393992     0.000021769   -413357.6773       -63.595
1.8000        13.306364     0.000024490   -413362.7647       -44.466
1.9000         9.782638     0.000021769   -413366.2886       -30.943
2.0000         7.359953     0.000010885   -413368.7112       -21.435
2.1000         5.714932     0.000010885   -413370.3561       -14.898
2.2000         4.641799     0.000005442   -413371.4293       -10.522
2.3000         4.061470     0.000010885   -413372.0098        -7.708
2.4000         3.614691     0.000021769   -413372.4563        -5.885
2.5000         3.252891     0.000021769   -413372.8182        -4.606
2.6000         2.944243     0.000024490   -413373.1268        -3.851
2.7000         2.666788     0.000010885   -413373.4044        -3.267
2.8000         2.406715     0.000021769   -413373.6645        -2.864
2.9000         2.158903     0.000024490   -413373.9121        -2.518
3.0000         1.923661     0.000021769   -413374.1475        -2.181
3.1000         1.710644     0.000021769   -413374.3606        -1.941
3.2000         1.515539     0.000005442   -413374.5557        -1.656
3.3000         1.338836     0.000016327   -413374.7323        -1.395
3.4000         1.182920     0.000016327   -413374.8882        -1.166
3.5000         1.049233     0.000027211   -413375.0218        -0.952
3.6000         0.937152     0.000005442   -413375.1339        -0.762
3.7000         0.845523     0.000021769   -413375.2256        -0.592
3.8000         0.772629     0.000008163   -413375.2985        -0.453
3.9000         0.719831     0.000008163   -413375.3513        -0.336
4.0000         0.681120     0.000002721   -413375.3900        -0.231
5.0000         0.667931     0.000016327   -413375.4033         0.147
6.0000         0.863208     0.000013606   -413375.2079         0.089
7.0000         0.962358     0.000019048   -413375.1089         0.033
8.0000         0.991638     0.000008163   -413375.0795         0.010
9.0000         0.999475     0.000005442   -413375.0716         0.002
10.0000         1.001499     0.000016327   -413375.0697         0.001
100.0000         1.002038     0.000000000   -413375.0691
1000.0000         1.002008     0.000027211   -413375.0691
