0.0020   8454419.950196     0.000024490   8111888.9359
0.0040   4121376.513520     0.000010885   3778845.5013
0.0060   2682775.638329     0.000013606   2340244.6248
0.0080   1966447.962167     0.000016327   1623916.9486
0.0100   1538538.748505     0.000024490   1196007.7349
0.0120   1254900.491235     0.000021769    912369.4777
0.0140   1053167.371433     0.000021769    710636.3580
0.0160    902599.223159     0.000019048    560068.2097
0.0180    786073.920401     0.000021769    443542.9069
0.0200    693159.443773     0.000021769    350628.4303
0.0400    288187.728692     0.000021769    -54343.2848
0.0600    162778.158426     0.000024490   -179752.8551
0.0800    104871.476433     0.000021769   -237659.5371
0.1000     72885.352620     0.000021769   -269645.6609
0.1200     53040.131181     0.000024490   -289490.8824
0.1400     39884.499330     0.000016327   -302646.5142
0.1600     30775.912886     0.000008163   -311755.1007
0.1800     24292.515996     0.000016327   -318238.4975
0.2000     19559.664361     0.000016327   -322971.3492
0.2400     12963.610923     0.000027211   -329567.4027
0.2800      8897.827216     0.000024490   -333633.1864
0.3200      6320.284261     0.000024490   -336210.7293
0.3600      4613.251596     0.000021769   -337917.7619    -34830.669
0.4000      3447.364654     0.000021769   -339083.6489    -24299.704
0.4500      2441.590725     0.000021769   -340089.4229    -16619.297
0.5000      1745.788480     0.000021769   -340785.2251    -11496.828
0.5500      1268.295004     0.000027211   -341262.7184     -7866.237
0.6000       940.502560     0.000019048   -341590.5110     -5421.487
0.6500       711.498241     0.000005442   -341819.5153     -3815.491
0.7000       548.862119     0.000008163   -341982.1515     -2747.996
0.7500       430.182807     0.000016327   -342100.8308     -2044.187
0.8000       340.503532     0.000027211   -342190.5100     -1575.480
0.8500       270.432712     0.000024490   -342260.5807     -1243.350
0.9000       214.946229     0.000013606   -342316.0672      -984.260
0.9500       171.192008     0.000019048   -342359.8215      -772.969
1.0000       137.057663     0.000005442   -342393.9557      -601.673
1.1000        90.213465     0.000008163   -342440.8002      -357.662
1.2000        62.483567     0.000010885   -342468.5299      -212.364
1.3000        46.014735     0.000027211   -342484.9988      -135.584
1.4000        34.933903     0.000021769   -342496.0796       -97.390
1.5000        26.746405     0.000021769   -342504.2672       -78.400
1.6000        20.056429     0.000013606   -342510.9571       -61.717
1.7000        14.844949     0.000008163   -342516.1686       -46.681
1.8000        10.912918     0.000024490   -342520.1007       -34.700
1.9000         8.005054     0.000013606   -342523.0085       -25.309
2.0000         5.888734     0.000016327   -342525.1247       -18.245
2.1000         4.368572     0.000024490   -342526.6450       -13.005
2.2000         3.289697     0.000016327   -342527.7237        -9.181
2.3000         2.530380     0.000005442   -342528.4832        -6.423
2.4000         2.000372     0.000021769   -342529.0132        -4.483
2.5000         1.631881     0.000005442   -342529.3817        -3.102
2.6000         1.376113     0.000021769   -342529.6375        -2.168
2.7000         1.198314     0.000024490   -342529.8152        -1.509
2.8000         1.074156     0.000024490   -342529.9392        -1.057
2.9000         0.986174     0.000021769   -342530.0274        -0.763
3.0000         0.923119     0.000021769   -342530.0905        -0.549
3.1000         0.877105     0.000027211   -342530.1365        -0.410
3.2000         0.842936     0.000002721   -342530.1705        -0.305
3.3000         0.816897     0.000027211   -342530.1967        -0.233
3.4000         0.796908     0.000024490   -342530.2165        -0.180
3.5000         0.781389     0.000021769   -342530.2320        -0.136
3.6000         0.769481     0.000021769   -342530.2440        -0.106
3.7000         0.760110     0.000013606   -342530.2535        -0.082
3.8000         0.752850     0.000005442   -342530.2606        -0.063
3.9000         0.747396     0.000019048   -342530.2661        -0.047
4.0000         0.743549     0.000013606   -342530.2699        -0.034
5.0000         0.744632     0.000016327   -342530.2688         0.015
6.0000         0.757731     0.000024490   -342530.2557         0.009
7.0000         0.763013     0.000016327   -342530.2505         0.002
8.0000         0.764401     0.000016327   -342530.2492         0.000
9.0000         0.764703     0.000016327   -342530.2489        -0.000
10.0000         0.764755     0.000016327   -342530.2486        -0.000
100.0000         0.764774     0.000016327   -342530.2486
1000.0000         0.764774     0.000016327   -342530.2486
