0.0020   2535961.264435     0.000013606   2457636.4890
0.0040   1241188.618360     0.000016327   1162863.8429
0.0060    810291.245587     0.000024490    731966.4701
0.0080    595819.639683     0.000013606    517494.8642
0.0100    467758.025023     0.000010885    389433.2497
0.0120    382584.823765     0.000027211    304260.0482
0.0140    321979.244622     0.000021769    243654.4692
0.0160    276830.558489     0.000019048    198505.7831
0.0180    241903.647634     0.000021769    163578.8722
0.0200    214049.576513     0.000021769    135724.8011
0.0400     91008.865803     0.000024490     12684.0904
0.0600     52339.378995     0.000019048    -25985.3964
0.0800     34388.939487     0.000019048    -43935.8359
0.1000     24257.119325     0.000019048    -54067.6561
0.1200     17870.094528     0.000008163    -60454.6809
0.1400     13608.401515     0.000021769    -64716.3739
0.1600     10663.819724     0.000024490    -67660.9557
0.1800      8567.438680     0.000010885    -69757.3367
0.2000      7032.275322     0.000021769    -71292.5001
0.2400      4865.628208     0.000024490    -73459.1472    -43184.213
0.2800      3451.563587     0.000027211    -74873.2118    -28653.050
0.3200      2503.666801     0.000024490    -75821.1086    -19400.920
0.3600      1856.236010     0.000024490    -76468.5394    -13362.359
0.4000      1406.584039     0.000013606    -76918.1914     -9356.733
0.4500      1024.648295     0.000021769    -77300.1271     -6159.329
0.5000       768.863213     0.000021769    -77555.9122     -4219.248
0.5500       589.124280     0.000019048    -77735.6511     -3058.798
0.6000       454.586662     0.000016327    -77870.1887     -2350.292
0.6500       350.528828     0.000019048    -77974.2466     -1820.539
0.7000       270.662444     0.000010885    -78054.1130     -1391.264
0.7500       209.624472     0.000016327    -78115.1509     -1060.897
0.8000       163.322328     0.000019048    -78161.4531      -799.697
0.8500       128.496732     0.000013606    -78196.2787      -600.604
0.9000       102.277863     0.000016327    -78222.4975      -453.206
0.9500        82.409631     0.000016327    -78242.3658      -344.843
1.0000        67.211160     0.000021769    -78257.5642      -265.186
1.1000        46.228447     0.000024490    -78278.5469      -163.319
1.2000        32.907865     0.000021769    -78291.8675      -107.857
1.3000        23.806410     0.000021769    -78300.9690       -76.612
1.4000        17.198933     0.000024490    -78307.5765       -56.699
1.5000        12.287183     0.000016327    -78312.4882       -42.135
1.6000         8.657044     0.000024490    -78316.1183       -30.914
1.7000         6.015648     0.000016327    -78318.7598       -22.303
1.8000         4.124358     0.000016327    -78320.6510       -15.851
1.9000         2.788744     0.000016327    -78321.9866       -11.111
2.0000         1.856514     0.000027211    -78322.9189        -7.718
2.1000         1.212945     0.000021769    -78323.5625        -5.301
2.2000         0.773155     0.000024490    -78324.0022        -3.602
2.3000         0.476082     0.000021769    -78324.2993        -2.418
2.4000         0.278043     0.000016327    -78324.4974        -1.597
2.5000         0.147861     0.000013606    -78324.6275        -1.035
2.6000         0.064162     0.000008163    -78324.7112        -0.662
2.7000         0.011627     0.000019048    -78324.7638        -0.408
2.8000        -0.020104     0.000008163    -78324.7955        -0.238
2.9000        -0.038208     0.000019048    -78324.8136        -0.132
3.0000        -0.047536     0.000027211    -78324.8229        -0.062
3.1000        -0.051383     0.000010885    -78324.8268        -0.018
3.2000        -0.051941     0.000016327    -78324.8273         0.007
3.3000        -0.050600     0.000021769    -78324.8260         0.020
3.4000        -0.048298     0.000021769    -78324.8237         0.026
3.5000        -0.045601     0.000021769    -78324.8210         0.028
3.6000        -0.042877     0.000021769    -78324.8183         0.027
3.7000        -0.040297     0.000021769    -78324.8157         0.025
3.8000        -0.037965     0.000019048    -78324.8134         0.022
3.9000        -0.035916     0.000019048    -78324.8113         0.019
4.0000        -0.034158     0.000016327    -78324.8096         0.016
5.0000        -0.027067     0.000002721    -78324.8025         0.002
6.0000        -0.026297     0.000002721    -78324.8017         0.000
7.0000        -0.026226     0.000002721    -78324.8016        -0.000
8.0000        -0.026218     0.000002721    -78324.8016        -0.000
9.0000        -0.026218     0.000002721    -78324.8016        -0.000
10.0000        -0.026218     0.000002721    -78324.8016        -0.000
100.0000        -0.026218     0.000002721    -78324.8016
1000.0000        -0.026218     0.000002721    -78324.8016
