0.0020         0.000000     0.000016327  33098533.3604
0.0040  16462690.152507     0.000024490  15745860.8938
0.0060  10695106.483465     0.000021769   9978277.2262
0.0080   7819704.476404     0.000010885   7102875.2182
0.0100   6100367.952795     0.000016327   5383538.6942
0.0120   4957893.735455     0.000016327   4241064.4779
0.0140   4148573.072985     0.000010885   3431743.8157
0.0160   3544010.701412     0.000016327   2827181.4442
0.0180   3076557.936718     0.000024490   2359728.6785
0.0200   2706374.604744     0.000027211   1989545.3467
0.0400   1099192.089810     0.000021769    382362.8316
0.0600    614259.510902     0.000019048   -102569.7472
0.0800    390757.917585     0.000019048   -326071.3405
0.1000    268488.865379     0.000027211   -448340.3927
0.1200    193401.348150     0.000010885   -523427.9099
0.1400    144943.553886     0.000013606   -571885.7043
0.1600    112072.331861     0.000019048   -604756.9264
0.1800     87895.938921     0.000019048   -628933.3192
0.2000     69660.982731     0.000019048   -647168.2754
0.2400     45464.810987     0.000008163   -671364.4471
0.2800     31024.904602     0.000019048   -685804.3534
0.3200     21594.451048     0.000021769   -695234.8072
0.3600     15292.036284     0.000016327   -701537.2218
0.4000     11106.268131     0.000024490   -705722.9900
0.4500      7676.947033     0.000016327   -709152.3111
0.5000      5388.629242     0.000010885   -711440.6289    -37564.884
0.5500      3826.710246     0.000021769   -713002.5478    -25791.309
0.6000      2747.157398     0.000016327   -714082.1006    -17902.175
0.6500      1992.060515     0.000008163   -714837.1976    -12559.248
0.7000      1466.008131     0.000021769   -715363.2499     -8715.308
0.7500      1099.202472     0.000016327   -715730.0557     -6130.709
0.8000       838.078044     0.000019048   -715991.1801     -4430.483
0.8500       646.837003     0.000021769   -716182.4212     -3302.791
0.9000       503.080052     0.000024490   -716326.1782     -2500.682
0.9500       393.990184     0.000021769   -716435.2679     -1906.839
1.0000       310.362611     0.000005442   -716518.8956     -1462.177
1.1000       195.904026     0.000021769   -716633.3541      -875.279
1.2000       126.287033     0.000024490   -716702.9712      -539.532
1.3000        82.807603     0.000024490   -716746.4506      -342.519
1.4000        54.921054     0.000024490   -716774.3371      -223.741
1.5000        36.591066     0.000016327   -716792.6670      -148.819
1.6000        24.518934     0.000016327   -716804.7393       -99.936
1.7000        16.480517     0.000016327   -716812.7776       -67.106
1.8000        11.290607     0.000008163   -716817.9676       -45.368
1.9000         7.870719     0.000010885   -716821.3875       -30.721
2.0000         5.586364     0.000008163   -716823.6717       -20.782
2.1000         4.155273     0.000008163   -716825.1030       -14.300
2.2000         3.203043     0.000024490   -716826.0551       -10.038
2.3000         2.556897     0.000019048   -716826.7014        -7.290
2.4000         2.114445     0.000010885   -716827.1438        -5.588
2.5000         1.766126     0.000016327   -716827.4921        -4.434
2.6000         1.514812     0.000002721   -716827.7433        -3.738
2.7000         1.309600     0.000008163   -716827.9485        -3.175
2.8000         1.112326     0.000008163   -716828.1457        -2.777
2.9000         0.926456     0.000008163   -716828.3316        -2.323
3.0000         0.756202     0.000010885   -716828.5019        -1.956
3.1000         0.605141     0.000002721   -716828.6530        -1.597
3.2000         0.473837     0.000016327   -716828.7844        -1.285
3.3000         0.363142     0.000021769   -716828.8949        -1.026
3.4000         0.271741     0.000013606   -716828.9863        -0.788
3.5000         0.197672     0.000008163   -716829.0606        -0.586
3.6000         0.139409     0.000005442   -716829.1188        -0.433
3.7000         0.094960     0.000016327   -716829.1632        -0.290
3.8000         0.061843     0.000021769   -716829.1964        -0.179
3.9000         0.038314     0.000013606   -716829.2198        -0.089
4.0000         0.023271     0.000021769   -716829.2347        -0.025
5.0000         0.239316     0.000016327   -716829.0187         0.122
6.0000         0.422968     0.000013606   -716828.8353         0.050
7.0000         0.483449     0.000019048   -716828.7746         0.018
8.0000         0.501454     0.000019048   -716828.7566         0.005
9.0000         0.506981     0.000005442   -716828.7512         0.001
10.0000         0.508943     0.000010885   -716828.7493         0.000
100.0000         0.514121     0.000016327   -716828.7441
1000.0000         0.514467     0.000010885   -716828.7436
