0.0020         0.000000     0.000016327  39904892.9298
0.0040  19859441.556325     0.000021769  18953996.6955
0.0060  12894115.773201     0.000024490  11988670.9126
0.0080   9421679.937747     0.000021769   8516235.0774
0.0100   7344297.221857     0.000016327   6438852.3600
0.0120   5966210.901278     0.000010885   5060766.0401
0.0140   4988166.399475     0.000016327   4082721.5388
0.0160   4258910.208037     0.000024490   3353465.3479
0.0180   3696106.824247     0.000021769   2790661.9630
0.0200   3249391.375677     0.000016327   2343946.5146
0.0400   1308289.742074     0.000024490    402844.8809
0.0600    722966.082157     0.000024490   -182478.7789
0.0800    457989.321811     0.000013606   -447455.5393
0.1000    313830.477736     0.000021769   -591614.3832
0.1200    227122.061372     0.000024490   -678322.7997
0.1400    170923.601117     0.000021769   -734521.2599
0.1600    131139.416282     0.000027211   -774305.4447
0.1800    102075.629855     0.000010885   -803369.2312
0.2000     80634.465292     0.000019048   -824810.3957
0.2400     52611.890429     0.000019048   -852832.9708
0.2800     35507.580820     0.000010885   -869937.2801
0.3200     24686.013961     0.000019048   -880758.8471
0.3600     17615.238620     0.000010885   -887829.6225
0.4000     12785.732713     0.000024490   -892659.1283
0.4500      8832.883083     0.000024490   -896611.9779
0.5000      6122.276076     0.000016327   -899322.5850    -44360.767
0.5500      4324.564979     0.000013606   -901120.2961    -28801.153
0.6000      3141.951235     0.000010885   -902302.9099    -19286.181
0.6500      2335.133765     0.000010885   -903109.7272    -13448.474
0.7000      1762.392381     0.000024490   -903682.4686     -9712.051
0.7500      1344.299396     0.000019048   -904100.5617     -7155.092
0.8000      1034.502382     0.000021769   -904410.3588     -5330.042
0.8500       802.803650     0.000024490   -904642.0573     -4004.605
0.9000       628.047812     0.000013606   -904816.8132     -3034.324
0.9500       495.078947     0.000027211   -904949.7820     -2319.318
1.0000       393.013248     0.000013606   -905051.8478     -1788.707
1.1000       252.215785     0.000027211   -905192.6453     -1092.379
1.2000       165.160757     0.000021769   -905279.7003      -688.776
1.3000       109.654299     0.000010885   -905335.2066      -444.519
1.4000        73.492024     0.000016327   -905371.3690      -291.858
1.5000        49.514338     0.000024490   -905395.3468      -194.602
1.6000        33.360380     0.000021769   -905411.5006      -131.553
1.7000        22.345141     0.000013606   -905422.5160       -89.765
1.8000        14.827789     0.000021769   -905430.0332       -61.762
1.9000         9.819442     0.000024490   -905435.0417       -43.122
2.0000         6.339270     0.000010885   -905438.5218       -30.269
2.1000         3.913992     0.000024490   -905440.9471       -21.323
2.2000         2.222219     0.000027211   -905442.6389       -14.925
2.3000         1.048112     0.000021769   -905443.8130       -10.425
2.4000         0.242160     0.000016327   -905444.6188        -7.162
2.5000        -0.300117     0.000013606   -905445.1611        -4.709
2.6000        -0.653038     0.000019048   -905445.5140        -3.040
2.7000        -0.870239     0.000019048   -905445.7312        -1.718
2.8000        -0.990495     0.000008163   -905445.8514        -0.849
2.9000        -1.041829     0.000019048   -905445.9029        -0.185
3.0000        -1.044662     0.000021769   -905445.9056         0.272
3.1000        -1.012713     0.000019048   -905445.8738         0.564
3.2000        -0.951659     0.000016327   -905445.8128         0.789
3.3000        -0.808119     0.000024490   -905445.6691         0.861
3.4000        -0.663675     0.000024490   -905445.5246         0.910
3.5000        -0.522516     0.000019048   -905445.3837         0.928
3.6000        -0.386122     0.000013606   -905445.2471         0.901
3.7000        -0.255480     0.000024490   -905445.1165         0.867
3.8000        -0.132588     0.000021769   -905444.9937         0.829
3.9000        -0.009486     0.000021769   -905444.8705         0.778
4.0000         0.116193     0.000013606   -905444.7448         0.710
5.0000         0.889897     0.000027211   -905443.9711         0.243
6.0000         1.120372     0.000010885   -905443.7407         0.064
7.0000         1.173674     0.000019048   -905443.6873         0.014
8.0000         1.184849     0.000021769   -905443.6762         0.002
9.0000         1.187016     0.000019048   -905443.6740        -0.001
10.0000         1.187288     0.000019048   -905443.6737        -0.001
100.0000         1.185750     0.000024490   -905443.6753
1000.0000         1.185606     0.000008163   -905443.6753
