0.0020   3027051.923891     0.000013606   2909211.3675
0.0040   1480197.272665     0.000013606   1362356.7169
0.0060    965985.796085     0.000019048    848145.2402
0.0080    710075.939601     0.000016327    592235.3838
0.0100    557024.473360     0.000021769    439183.9174
0.0120    455340.666108     0.000005442    337500.1102
0.0140    383048.058203     0.000021769    265207.5023
0.0160    329147.420630     0.000016327    211306.8647
0.0180    287388.910453     0.000010885    169548.3546
0.0200    254134.549504     0.000019048    136293.9936
0.0400    107465.788445     0.000019048    -10374.7674
0.0600     61781.653743     0.000024490    -56058.9021
0.0800     40533.224102     0.000002721    -77307.3318
0.1000     28511.248378     0.000008163    -89329.3075
0.1200     21025.817597     0.000024490    -96814.7383
0.1400     16091.818098     0.000021769   -101748.7378
0.1600     12662.272985     0.000016327   -105178.2829
0.1800     10163.356374     0.000027211   -107677.1995
0.2000      8264.515106     0.000024490   -109576.0408
0.2400      5610.955484     0.000016327   -112229.6004
0.2800      3930.949493     0.000024490   -113909.6064    -33366.534
0.3200      2845.502123     0.000027211   -114995.0537    -21801.283
0.3600      2127.565843     0.000016327   -115712.9901    -14650.450
0.4000      1636.683520     0.000021769   -116203.8724    -10247.470
0.4500      1210.590482     0.000016327   -116629.9654     -7139.818
0.5000       899.862520     0.000013606   -116940.6934     -5390.857
0.5500       666.184736     0.000019048   -117174.3711     -3969.825
0.6000       496.480557     0.000024490   -117344.0753     -2858.581
0.6500       374.407693     0.000013606   -117466.1482     -2056.275
0.7000       286.246367     0.000027211   -117554.3095     -1493.971
0.7500       221.757010     0.000024490   -117618.7989     -1098.436
0.8000       174.158507     0.000016327   -117666.3974      -817.018
0.8500       138.485505     0.000027211   -117702.0704      -620.604
0.9000       111.127839     0.000008163   -117729.4280      -482.570
0.9500        89.694429     0.000008163   -117750.8615      -382.875
1.0000        72.618195     0.000013606   -117767.9377      -308.096
1.1000        47.685239     0.000019048   -117792.8707      -203.135
1.2000        31.560985     0.000024490   -117808.9949      -136.799
1.3000        20.654666     0.000021769   -117819.9012       -90.041
1.4000        13.467129     0.000019048   -117827.0887       -57.868
1.5000         8.845742     0.000010885   -117831.7101       -36.426
1.6000         6.003229     0.000027211   -117834.5527       -22.660
1.7000         4.454748     0.000010885   -117836.1011       -14.264
1.8000         3.503764     0.000016327   -117837.0521        -8.967
1.9000         2.927690     0.000013606   -117837.6282        -5.676
2.0000         2.577632     0.000013606   -117837.9783        -3.628
2.1000         2.362474     0.000010885   -117838.1934        -2.353
2.2000         2.226477     0.000024490   -117838.3294        -1.557
2.3000         2.138519     0.000021769   -117838.4174        -1.031
2.4000         2.079955     0.000019048   -117838.4759        -0.696
2.5000         2.040300     0.000016327   -117838.5156        -0.468
2.6000         2.013883     0.000013606   -117838.5420        -0.317
2.7000         1.996446     0.000013606   -117838.5594        -0.187
2.8000         1.985270     0.000024490   -117838.5706        -0.132
2.9000         1.978856     0.000016327   -117838.5770        -0.081
3.0000         1.975825     0.000019048   -117838.5801        -0.041
3.1000         1.975014     0.000024490   -117838.5809        -0.015
3.2000         1.975819     0.000016327   -117838.5801         0.003
3.3000         1.977732     0.000021769   -117838.5782         0.017
3.4000         1.980318     0.000027211   -117838.5756         0.022
3.5000         1.983278     0.000013606   -117838.5726         0.026
3.6000         1.986345     0.000019048   -117838.5695         0.029
3.7000         1.989414     0.000013606   -117838.5665         0.029
3.8000         1.992399     0.000021769   -117838.5635         0.029
3.9000         1.995254     0.000013606   -117838.5606         0.027
4.0000         1.997929     0.000013606   -117838.5580         0.025
5.0000         2.012906     0.000021769   -117838.5430         0.007
6.0000         2.016280     0.000019048   -117838.5396         0.001
7.0000         2.016841     0.000019048   -117838.5391         0.000
8.0000         2.016925     0.000019048   -117838.5390        -0.000
9.0000         2.016939     0.000019048   -117838.5389        -0.000
10.0000         2.016939     0.000019048   -117838.5389        -0.000
100.0000         2.016939     0.000019048   -117838.5389
1000.0000         2.016939     0.000019048   -117838.5389
