0.0020   5207396.004012     0.000013606   5109106.1463
0.0040   2548959.022884     0.000021769   2450669.1642
0.0060   1664261.636379     0.000010885   1565971.7777
0.0080   1223299.594998     0.000019048   1125009.7363
0.0100    959762.516772     0.000010885    861472.6581
0.0120    784670.625024     0.000019048    686380.7665
0.0140    659950.630821     0.000010885    561660.7721
0.0160    566693.312319     0.000008163    468403.4538
0.0180    494505.569404     0.000005442    396215.7109
0.0200    437051.868322     0.000021769    338762.0096
0.0400    183921.671790     0.000013606     85631.8132
0.0600    105217.303575     0.000016327      6927.4449
0.0800     68486.417432     0.000027211    -29803.4412
0.1000     47874.433197     0.000019048    -50415.4254
0.1200     35158.398146     0.000010885    -63131.4605
0.1400     26770.066107     0.000013606    -71519.7925
0.1600     20895.810184     0.000013606    -77394.0485
0.1800     16583.371425     0.000019048    -81706.4872
0.2000     13337.351542     0.000013606    -84952.5071
0.2400      8949.897966     0.000021769    -89339.9607
0.2800      6284.245156     0.000010885    -92005.6135
0.3200      4596.995159     0.000024490    -93692.8635    -33717.617
0.3600      3482.968934     0.000010885    -94806.8897    -23124.858
0.4000      2637.827389     0.000010885    -95652.0313    -18931.598
0.4500      1864.743312     0.000008163    -96425.1153    -12401.467
0.5000      1358.220613     0.000016327    -96931.6380     -8180.436
0.5500      1020.338674     0.000019048    -97269.5200     -5538.524
0.6000       787.898224     0.000021769    -97501.9604     -3885.640
0.6500       622.036363     0.000019048    -97667.8223     -2841.303
0.7000       498.341245     0.000021769    -97791.5174     -2158.308
0.7500       402.809751     0.000019048    -97887.0489     -1690.423
0.8000       327.099579     0.000002721    -97962.7591     -1353.803
0.8500       266.205509     0.000016327    -98023.6531     -1092.357
0.9000       217.752331     0.000021769    -98072.1063      -882.879
0.9500       178.756352     0.000010885    -98111.1023      -708.013
1.0000       147.418195     0.000010885    -98142.4405      -560.031
1.1000       103.197222     0.000021769    -98186.6614      -353.197
1.2000        73.450336     0.000024490    -98216.4083      -242.746
1.3000        51.792536     0.000024490    -98238.0661      -173.965
1.4000        36.869858     0.000021769    -98252.9888      -122.335
1.5000        26.303629     0.000027211    -98263.5550       -86.565
1.6000        18.876681     0.000019048    -98270.9820       -61.300
1.7000        13.754057     0.000019048    -98276.1046       -43.245
1.8000        10.259012     0.000016327    -98279.5996       -30.546
1.9000         7.795085     0.000024490    -98282.0636       -21.580
2.0000         6.070492     0.000027211    -98283.7882       -15.297
2.1000         4.861702     0.000005442    -98284.9969       -10.820
2.2000         4.002753     0.000021769    -98285.8559        -7.714
2.3000         3.377764     0.000016327    -98286.4809        -5.527
2.4000         2.904397     0.000021769    -98286.9543        -4.116
2.5000         2.524216     0.000021769    -98287.3344        -3.160
2.6000         2.198575     0.000016327    -98287.6601        -2.537
2.7000         1.903796     0.000019048    -98287.9548        -2.127
2.8000         1.629408     0.000016327    -98288.2292        -1.830
2.9000         1.371928     0.000016327    -98288.4867        -1.604
3.0000         1.133874     0.000016327    -98288.7248        -1.404
3.1000         0.917062     0.000021769    -98288.9416        -1.220
3.2000         0.724120     0.000021769    -98289.1345        -1.036
3.3000         0.556715     0.000021769    -98289.3019        -0.885
3.4000         0.414770     0.000016327    -98289.4439        -0.726
3.5000         0.297124     0.000024490    -98289.5615        -0.583
3.6000         0.202039     0.000010885    -98289.6566        -0.455
3.7000         0.128702     0.000016327    -98289.7300        -0.359
3.8000         0.075109     0.000008163    -98289.7835        -0.265
3.9000         0.038948     0.000019048    -98289.8197        -0.184
4.0000         0.017913     0.000019048    -98289.8407        -0.107
5.0000         0.165864     0.000013606    -98289.6928         0.128
6.0000         0.332180     0.000024490    -98289.5265         0.083
7.0000         0.406680     0.000013606    -98289.4520         0.034
8.0000         0.433540     0.000013606    -98289.4251         0.012
9.0000         0.442784     0.000027211    -98289.4159         0.004
10.0000         0.446270     0.000019048    -98289.4124         0.001
100.0000         0.453581     0.000024490    -98289.4051
1000.0000         0.454060     0.000016327    -98289.4046
