0.0020   2310365.166792     0.000016327   2206259.1834
0.0040   1130391.081095     0.000016327   1026285.0977
0.0060    738002.263805     0.000013606    633896.2806
0.0080    542624.897315     0.000019048    438518.9139
0.0100    425854.237423     0.000019048    321748.2541
0.0120    348270.812429     0.000021769    244164.8291
0.0140    293072.367034     0.000016327    188966.3837
0.0160    251888.975197     0.000013606    147782.9919
0.0180    220010.760297     0.000024490    115904.7770
0.0200    194633.361116     0.000010885     90527.3778
0.0400     82627.680849     0.000016327    -21478.3025
0.0600     47641.482485     0.000024490    -56464.5008
0.0800     31311.700133     0.000016327    -72794.2832
0.1000     22063.642196     0.000024490    -82042.3411
0.1200     16259.277399     0.000021769    -87846.7059
0.1400     12404.514639     0.000016327    -91701.4687
0.1600      9744.928735     0.000019048    -94361.0546
0.1800      7849.899817     0.000010885    -96256.0835
0.2000      6443.445774     0.000024490    -97662.5376
0.2400      4446.288584     0.000021769    -99659.6947    -39932.678
0.2800      3139.873623     0.000024490   -100966.1097    -26413.043
0.3200      2268.746288     0.000016327   -101837.2370    -17762.984
0.3600      1678.394192     0.000016327   -102427.5891    -12141.093
0.4000      1271.280807     0.000013606   -102834.7025     -8463.069
0.4500       925.945315     0.000019048   -103180.0380     -5596.118
0.5000       691.917331     0.000013606   -103414.0660     -3912.408
0.5500       523.626167     0.000013606   -103582.3572     -2901.279
0.6000       396.651801     0.000008163   -103709.3315     -2222.403
0.6500       298.923123     0.000021769   -103807.0602     -1710.685
0.7000       224.075342     0.000019048   -103881.9080     -1303.508
0.7500       167.506537     0.000021769   -103938.4768      -979.765
0.8000       125.006329     0.000024490   -103980.9770      -734.476
0.8500        93.094823     0.000024490   -104012.8885      -551.224
0.9000        69.105795     0.000021769   -104036.8775      -415.079
0.9500        50.986882     0.000021769   -104054.9965      -314.247
1.0000        37.224349     0.000021769   -104068.7590      -239.750
1.1000        18.502174     0.000021769   -104087.4811      -143.638
1.2000         7.102879     0.000019048   -104098.8805       -88.554
1.3000         0.066616     0.000021769   -104105.9167       -54.126
1.4000        -4.147754     0.000021769   -104110.1311       -31.209
1.5000        -6.465351     0.000010885   -104112.4487       -15.858
1.6000        -7.513896     0.000016327   -104113.4972        -5.682
1.7000        -7.572191     0.000013606   -104113.5555         0.330
1.8000        -7.181066     0.000010885   -104113.1644         3.925
1.9000        -6.562404     0.000013606   -104112.5457         5.898
2.0000        -5.831065     0.000013606   -104111.8144         6.902
2.1000        -5.061412     0.000021769   -104111.0447         7.207
2.2000        -4.297330     0.000024490   -104110.2807         7.126
2.3000        -3.255446     0.000010885   -104109.2388         6.231
2.4000        -2.320833     0.000010885   -104108.3042         5.330
2.5000        -1.506820     0.000021769   -104107.4901         4.548
2.6000        -0.840193     0.000010885   -104106.8235         3.901
2.7000        -0.286582     0.000002721   -104106.2699         3.358
2.8000         0.234687     0.000010885   -104105.7486         2.865
2.9000         0.678081     0.000008163   -104105.3052         2.427
3.0000         1.050812     0.000002721   -104104.9325         2.052
3.1000         1.365958     0.000019048   -104104.6174         1.738
3.2000         1.632006     0.000027211   -104104.3513         1.481
3.3000         1.856702     0.000019048   -104104.1266         1.257
3.4000         2.046566     0.000019048   -104103.9367         1.069
3.5000         2.207764     0.000021769   -104103.7756         0.901
3.6000         2.344607     0.000016327   -104103.6387         0.768
3.7000         2.460457     0.000019048   -104103.5229         0.658
3.8000         2.558456     0.000024490   -104103.4249         0.566
3.9000         2.641361     0.000010885   -104103.3420         0.488
4.0000         2.711768     0.000016327   -104103.2716         0.416
5.0000         3.052204     0.000002721   -104102.9311         0.106
6.0000         3.157600     0.000021769   -104102.8257         0.066
7.0000         3.208871     0.000021769   -104102.7745         0.030
8.0000         3.241563     0.000008163   -104102.7418         0.021
9.0000         3.264802     0.000010885   -104102.7185         0.015
10.0000         3.282290     0.000008163   -104102.7011         0.012
100.0000         3.400007     0.000013606   -104102.5833         0.000
1000.0000         3.409969     0.000013606   -104102.5733
