0.0020   9868603.202437     0.000005442   9551200.8069
0.0040   4811987.084925     0.000021769   4494584.6897
0.0060   3132250.690744     0.000019048   2814848.2953
0.0080   2296947.319845     0.000021769   1979544.9254
0.0100   1798339.662274     0.000013606   1480937.2681
0.0120   1467348.348925     0.000024490   1149945.9545
0.0140   1231702.785422     0.000027211    914300.3913
0.0160   1055634.566340     0.000024490    738232.1721
0.0180    919444.873009     0.000019048    602042.4786
0.0200    811121.698255     0.000027211    493719.3039
0.0400    339004.342258     0.000027211     21601.9480
0.0600    191859.319115     0.000008163   -125543.0752
0.0800    123275.244369     0.000024490   -194127.1499
0.1000     85157.207469     0.000013606   -232245.1868
0.1200     61537.151148     0.000016327   -255865.2431
0.1400     46042.167315     0.000013606   -271360.2270
0.1600     35485.796432     0.000016327   -281916.5979
0.1800     28050.010421     0.000016327   -289352.3840
0.2000     22539.639130     0.000021769   -294862.7551
0.2400     14894.559763     0.000019048   -302507.8346
0.2800     10212.221562     0.000024490   -307190.1727
0.3200      7212.029915     0.000021769   -310190.3644
0.3600      5244.505930     0.000016327   -312157.8884    -39893.120
0.4000      3908.956386     0.000021769   -313493.4379    -28080.233
0.4500      2735.535204     0.000016327   -314666.8592    -19404.170
0.5000      1931.984299     0.000008163   -315470.4100    -13084.602
0.5500      1393.542172     0.000008163   -316008.8520     -8770.193
0.6000      1029.528746     0.000013606   -316372.8657     -6000.050
0.6500       776.744175     0.000008163   -316625.6500     -4256.288
0.7000       593.538545     0.000016327   -316808.8556     -3159.435
0.7500       454.708373     0.000019048   -316947.6860     -2431.106
0.8000       347.264328     0.000013606   -317055.1299     -1884.746
0.8500       264.566341     0.000005442   -317137.8281     -1442.730
0.9000       201.727747     0.000021769   -317200.6665     -1090.235
0.9500       154.363120     0.000024490   -317248.0312      -820.914
1.0000       118.588698     0.000027211   -317283.8055      -622.464
1.1000        70.266135     0.000013606   -317332.1280      -367.883
1.2000        41.474812     0.000019048   -317360.9193      -221.129
1.3000        24.217065     0.000010885   -317378.1773      -135.079
1.4000        13.706149     0.000019048   -317388.6880       -82.919
1.5000         7.887506     0.000005442   -317394.5069       -52.299
1.6000         4.457091     0.000005442   -317397.9372       -32.742
1.7000         2.382516     0.000021769   -317400.0118       -19.658
1.8000         1.489163     0.000013606   -317400.9051       -11.400
1.9000         1.179053     0.000021769   -317401.2153        -6.192
2.0000         1.302890     0.000013606   -317401.0915        -3.177
2.1000         1.542089     0.000010885   -317400.8521        -1.442
2.2000         1.794382     0.000005442   -317400.5998        -0.588
2.3000         2.014155     0.000010885   -317400.3802        -0.171
2.4000         2.176996     0.000021769   -317400.2172        -0.105
2.5000         2.279496     0.000019048   -317400.1149        -0.109
2.6000         2.331309     0.000010885   -317400.0629        -0.103
2.7000         2.349369     0.000016327   -317400.0450        -0.115
2.8000         2.348918     0.000010885   -317400.0452        -0.019
2.9000         2.341791     0.000008163   -317400.0526         0.050
3.0000         2.338651     0.000021769   -317400.0556         0.123
3.1000         2.343579     0.000027211   -317400.0507         0.246
3.2000         2.357176     0.000002721   -317400.0371         0.339
3.3000         2.381658     0.000008163   -317400.0126         0.386
3.4000         2.415915     0.000024490   -317399.9783         0.453
3.5000         2.456993     0.000010885   -317399.9372         0.505
3.6000         2.503895     0.000019048   -317399.8904         0.534
3.7000         2.555517     0.000027211   -317399.8387         0.543
3.8000         2.610084     0.000021769   -317399.7843         0.545
3.9000         2.665873     0.000021769   -317399.7285         0.547
4.0000         2.721306     0.000010885   -317399.6730         0.533
5.0000         3.151556     0.000008163   -317399.2428         0.252
6.0000         3.414861     0.000019048   -317398.9794         0.099
7.0000         3.506806     0.000024490   -317398.8874         0.029
8.0000         3.537920     0.000024490   -317398.8564         0.010
9.0000         3.550927     0.000010885   -317398.8433         0.004
10.0000         3.558051     0.000021769   -317398.8362         0.003
100.0000         3.593559     0.000013606   -317398.8006
1000.0000         3.596198     0.000024490   -317398.7981
