0.0020  10366828.816043     0.000013606   9932554.8399
0.0040   5050511.708475     0.000021769   4616237.7335
0.0060   3285092.744095     0.000010885   2850818.7676
0.0080   2406428.592968     0.000021769   1972154.6170
0.0100   1881946.808800     0.000019048   1447672.8329
0.0120   1534038.785613     0.000010885   1099764.8096
0.0140   1286663.198847     0.000021769    852389.2228
0.0160   1102079.205102     0.000019048    667805.2292
0.0180    959036.378591     0.000024490    524762.4027
0.0200    845361.988077     0.000019048    411088.0120
0.0400    350570.232056     0.000008163    -83703.7439
0.0600    197328.409665     0.000013606   -236945.5663
0.0800    126939.703613     0.000027211   -307334.2723
0.1000     87975.957871     0.000021769   -346298.0180
0.1200     63955.607805     0.000027211   -370318.3681
0.1400     48172.164336     0.000013606   -386101.8116
0.1600     37361.011504     0.000013606   -396912.9645
0.1800     29443.444075     0.000005442   -404830.5319
0.2000     23501.766415     0.000008163   -410772.2096
0.2400     15474.446136     0.000005442   -418799.5298
0.2800     10620.046915     0.000008163   -423653.9291
0.3200      7570.740543     0.000008163   -426703.2354
0.3600      5549.834439     0.000027211   -428724.1414    -41860.468
0.4000      4122.555148     0.000013606   -430151.4208    -30251.403
0.4500      2881.172903     0.000021769   -431392.8030    -20049.259
0.5000      2060.042402     0.000016327   -432213.9336    -13303.856
0.5500      1510.214257     0.000008163   -432763.7616     -9023.924
0.6000      1132.379645     0.000013606   -433141.5965     -6312.746
0.6500       863.636116     0.000016327   -433410.3397     -4579.704
0.7000       664.890431     0.000024490   -433609.0855     -3446.037
0.7500       513.086896     0.000005442   -433760.8892     -2648.145
0.8000       396.635901     0.000016327   -433877.3401     -2029.969
0.8500       308.351365     0.000019048   -433965.6247     -1546.172
0.9000       241.338764     0.000010885   -434032.6372     -1177.869
0.9500       190.062945     0.000021769   -434083.9129      -903.349
1.0000       150.351986     0.000021769   -434123.6239      -699.840
1.1000        94.988047     0.000021769   -434178.9879      -432.252
1.2000        60.235288     0.000013606   -434213.7407      -278.493
1.3000        37.624574     0.000021769   -434236.3515      -182.035
1.4000        22.706955     0.000024490   -434251.2690      -119.254
1.5000        12.922096     0.000016327   -434261.0540       -77.008
1.6000         6.826697     0.000010885   -434267.1493       -48.579
1.7000         3.149262     0.000010885   -434270.8267       -29.946
1.8000         1.089928     0.000016327   -434272.8860       -17.828
1.9000         0.005897     0.000027211   -434273.9701       -10.288
2.0000        -0.530677     0.000019048   -434274.5067        -5.922
2.1000        -0.682704     0.000024490   -434274.6586        -3.378
2.2000        -0.696832     0.000013606   -434274.6727        -2.187
2.3000        -0.674200     0.000005442   -434274.6501        -1.353
2.4000        -0.649370     0.000005442   -434274.6254        -0.949
2.5000        -0.625476     0.000019048   -434274.6014        -0.493
2.6000        -0.595660     0.000019048   -434274.5718        -0.171
2.7000        -0.551447     0.000013606   -434274.5274         0.150
2.8000        -0.489413     0.000010885   -434274.4654         0.443
2.9000        -0.409042     0.000016327   -434274.3851         0.661
3.0000        -0.312360     0.000024490   -434274.2882         0.808
3.1000        -0.203011     0.000024490   -434274.1791         0.928
3.2000        -0.085414     0.000013606   -434274.0613         1.026
3.3000         0.037922     0.000019048   -434273.9380         1.034
3.4000         0.163701     0.000008163   -434273.8123         1.056
3.5000         0.288242     0.000024490   -434273.6877         1.049
3.6000         0.409951     0.000013606   -434273.5660         1.033
3.7000         0.527893     0.000019048   -434273.4482         0.977
3.8000         0.640567     0.000021769   -434273.3353         0.940
3.9000         0.772640     0.000019048   -434273.2033         0.879
4.0000         0.900349     0.000019048   -434273.0757         0.811
5.0000         1.695901     0.000021769   -434272.2800         0.295
6.0000         1.922243     0.000024490   -434272.0536         0.071
7.0000         1.972323     0.000024490   -434272.0036         0.024
8.0000         1.982930     0.000021769   -434271.9929         0.009
9.0000         1.985275     0.000005442   -434271.9908         0.004
10.0000         1.985904     0.000008163   -434271.9900         0.003
100.0000         1.985863     0.000008163   -434271.9902
1000.0000         1.985763     0.000016327   -434271.9902
