0.0020  12482552.355533     0.000024490  11943650.6648
0.0040   6084056.154512     0.000013606   5545154.4622
0.0060   3958894.096864     0.000010885   3419992.4056
0.0080   2901281.802728     0.000019048   2362380.1110
0.0100   2269449.897215     0.000021769   1730548.2056
0.0120   1849961.731450     0.000019048   1311060.0397
0.0140   1551431.544317     0.000021769   1012529.8527
0.0160   1328368.975949     0.000027211    789467.2841
0.0180   1155962.090243     0.000013606    617060.3986
0.0200   1018778.441832     0.000024490    479876.7500
0.0400    419204.417303     0.000019048   -119697.2745
0.0600    235344.514341     0.000013606   -303557.1773
0.0800    151114.897164     0.000013606   -387786.7945
0.1000    104584.198462     0.000019048   -434317.4934
0.1200     75997.372941     0.000024490   -462904.3188
0.1400     57246.044372     0.000024490   -481655.6474
0.1600     44141.178869     0.000016327   -494760.5129
0.1800     34548.275580     0.000016327   -504353.4162
0.2000     27421.996839     0.000027211   -511479.6950
0.2400     18036.349986     0.000024490   -520865.3417
0.2800     12478.086292     0.000005442   -526423.6054
0.3200      8953.949406     0.000024490   -529947.7424
0.3600      6526.219859     0.000024490   -532375.4718    -51010.918
0.4000      4814.467640     0.000021769   -534087.2240    -35408.390
0.4500      3393.403182     0.000027211   -535508.2886    -22570.733
0.5000      2472.761520     0.000010885   -536428.9304    -14935.145
0.5500      1850.892102     0.000019048   -537050.7997    -10365.120
0.6000      1405.261282     0.000013606   -537496.4304     -7699.910
0.6500      1068.823131     0.000013606   -537832.8686     -5803.331
0.7000       818.693092     0.000024490   -538082.9987     -4291.552
0.7500       633.703864     0.000021769   -538267.9878     -3177.132
0.8000       496.051088     0.000008163   -538405.6407     -2377.005
0.8500       392.350256     0.000021769   -538509.3415     -1802.767
0.9000       313.165567     0.000021769   -538588.5263     -1385.766
0.9500       251.921920     0.000008163   -538649.7699     -1078.627
1.0000       204.078776     0.000013606   -538697.6130      -849.400
1.1000       136.066365     0.000024490   -538765.6255      -542.710
1.2000        92.017776     0.000010885   -538809.6739      -357.439
1.3000        62.686692     0.000027211   -538839.0051      -240.495
1.4000        42.769904     0.000013606   -538858.9219      -163.345
1.5000        29.118871     0.000021769   -538872.5728      -111.479
1.6000        19.710488     0.000019048   -538881.9814       -76.633
1.7000        13.375590     0.000013606   -538888.3162       -53.460
1.8000         8.985290     0.000016327   -538892.7065       -37.557
1.9000         5.911855     0.000027211   -538895.7800       -26.551
2.0000         3.754013     0.000024490   -538897.9379       -18.769
2.1000         2.239487     0.000013606   -538899.4522       -13.151
2.2000         1.181473     0.000016327   -538900.5104        -9.227
2.3000         0.450662     0.000027211   -538901.2411        -6.250
2.4000        -0.045751     0.000019048   -538901.7374        -4.167
2.5000        -0.372657     0.000010885   -538902.0645        -2.619
2.6000        -0.579091     0.000021769   -538902.2707        -1.510
2.7000        -0.690993     0.000013606   -538902.3829        -0.752
2.8000        -0.682375     0.000021769   -538902.3742        -0.192
2.9000        -0.637506     0.000021769   -538902.3293         0.171
3.0000        -0.567592     0.000010885   -538902.2593         0.399
3.1000        -0.482844     0.000021769   -538902.1747         0.576
3.2000        -0.389762     0.000016327   -538902.0816         0.689
3.3000        -0.291608     0.000008163   -538901.9834         0.709
3.4000        -0.191179     0.000010885   -538901.8830         0.736
3.5000        -0.085267     0.000027211   -538901.7771         0.743
3.6000         0.031508     0.000027211   -538901.6604         0.719
3.7000         0.143116     0.000010885   -538901.5486         0.668
3.8000         0.248971     0.000024490   -538901.4427         0.627
3.9000         0.347955     0.000019048   -538901.3439         0.584
4.0000         0.439671     0.000021769   -538901.2522         0.545
5.0000         1.002775     0.000013606   -538900.6889         0.181
6.0000         1.167094     0.000013606   -538900.5246         0.048
7.0000         1.203846     0.000024490   -538900.4879         0.011
8.0000         1.210725     0.000005442   -538900.4811         0.002
9.0000         1.211359     0.000010885   -538900.4805        -0.000
10.0000         1.210825     0.000019048   -538900.4811        -0.000
100.0000         1.205078     0.000008163   -538900.4868
1000.0000         1.204621     0.000019048   -538900.4870
