0.0020   3928080.644929     0.000019048   3425801.5325
0.0040   1914511.746497     0.000016327   1412232.6343
0.0060   1246213.615504     0.000013606    743934.5033
0.0080    913821.869649     0.000016327    411542.7574
0.0100    715363.638014     0.000019048    213084.5258
0.0120    583555.920646     0.000016327     81276.8084
0.0140    489771.743647     0.000027211    -12507.3686
0.0160    419749.792780     0.000019048    -82529.3194
0.0180    365653.401660     0.000013606   -136625.7105
0.0200    322573.483918     0.000016327   -179705.6283
0.0400    134481.417265     0.000019048   -367797.6949
0.0600     76463.697489     0.000013606   -425815.4146
0.0800     49651.898803     0.000021769   -452627.2134
0.1000     34698.907307     0.000008163   -467580.2048
0.1200     25315.040232     0.000019048   -476964.0719
0.1400     19031.705117     0.000008163   -483247.4071
0.1600     14687.361775     0.000013606   -487591.7503
0.1800     11606.519978     0.000021769   -490672.5922
0.2000      9363.002120     0.000002721   -492916.1100
0.2400      6377.056311     0.000008163   -495902.0560
0.2800      4482.601686     0.000021769   -497796.5106    -38610.461
0.3200      3206.078155     0.000010885   -499073.0340    -25986.779
0.3600      2347.884780     0.000019048   -499931.2275    -17525.053
0.4000      1764.134798     0.000013606   -500514.9773    -12063.921
0.4500      1273.927540     0.000024490   -501005.1846     -7941.520
0.5000       940.634092     0.000019048   -501338.4782     -5593.707
0.5500       700.842944     0.000013606   -501578.2694     -4078.992
0.6000       525.595004     0.000010885   -501753.5173     -2986.717
0.6500       397.248087     0.000016327   -501881.8642     -2190.556
0.7000       302.924360     0.000019048   -501976.1879     -1614.698
0.7500       233.122495     0.000024490   -502045.9897     -1200.395
0.8000       180.950230     0.000013606   -502098.1619      -902.240
0.8500       141.512789     0.000024490   -502137.5993      -685.710
0.9000       111.370497     0.000016327   -502167.7417      -527.261
0.9500        88.109877     0.000016327   -502191.0022      -409.537
1.0000        69.946910     0.000008163   -502209.1653      -321.122
1.1000        44.355727     0.000016327   -502234.7565      -201.206
1.2000        28.185164     0.000013606   -502250.9269      -128.227
1.3000        17.819486     0.000024490   -502261.2928       -82.556
1.4000        11.113665     0.000016327   -502267.9985       -53.276
1.5000         6.754244     0.000013606   -502272.3581       -34.258
1.6000         4.096194     0.000027211   -502275.0161       -21.781
1.7000         2.594756     0.000024490   -502276.5173       -13.706
1.8000         1.674785     0.000019048   -502277.4373        -8.357
1.9000         1.158773     0.000013606   -502277.9535        -4.640
2.0000         0.911593     0.000013606   -502278.2006        -2.233
2.1000         0.842185     0.000010885   -502278.2700        -0.658
2.2000         0.882093     0.000008163   -502278.2300         0.351
2.3000         0.988000     0.000021769   -502278.1242         0.906
2.4000         1.130530     0.000016327   -502277.9816         1.245
2.5000         1.287611     0.000016327   -502277.8246         1.410
2.6000         1.448332     0.000010885   -502277.6637         1.423
2.7000         1.605546     0.000016327   -502277.5067         1.393
2.8000         1.752885     0.000013606   -502277.3592         1.327
2.9000         1.919946     0.000013606   -502277.1922         1.211
3.0000         2.083903     0.000024490   -502277.0284         1.072
3.1000         2.227710     0.000021769   -502276.8844         0.935
3.2000         2.351225     0.000021769   -502276.7609         0.821
3.3000         2.455940     0.000010885   -502276.6564         0.711
3.4000         2.544461     0.000010885   -502276.5677         0.608
3.5000         2.619448     0.000010885   -502276.4928         0.509
3.6000         2.682040     0.000010885   -502276.4302         0.438
3.7000         2.733684     0.000024490   -502276.3785         0.378
3.8000         2.775984     0.000019048   -502276.3361         0.331
3.9000         2.810624     0.000010885   -502276.3015         0.278
4.0000         2.839221     0.000005442   -502276.2730         0.227
5.0000         2.954749     0.000021769   -502276.1573         0.039
6.0000         2.975455     0.000010885   -502276.1366         0.043
7.0000         2.981406     0.000013606   -502276.1309         0.012
8.0000         2.984568     0.000019048   -502276.1277         0.008
9.0000         2.986668     0.000027211   -502276.1255         0.006
10.0000         2.988236     0.000016327   -502276.1238         0.005
100.0000         2.998266     0.000021769   -502276.1141         0.000
1000.0000         2.999107     0.000013606   -502276.1130
