0.0020  26052007.384181     0.000010885  25452712.0749
0.0040  12684289.485452     0.000010885  12084994.1768
0.0060   8238227.921113     0.000019048   7638932.6117
0.0080   6023196.256792     0.000024490   5423900.9470
0.0100   4699329.688510     0.000008163   4100034.3786
0.0120   3820651.192079     0.000016327   3221355.8816
0.0140   3196146.091450     0.000021769   2596850.7822
0.0160   2730619.254915     0.000027211   2131323.9456
0.0180   2371583.159623     0.000013606   1772287.8502
0.0200   2086744.586691     0.000010885   1487449.2774
0.0400    849812.894095     0.000024490    250517.5848
0.0600    472868.980318     0.000010885   -126426.3290
0.0800    300206.344962     0.000013606   -299088.9643
0.1000    206114.798157     0.000016327   -393180.5112
0.1200    148848.108747     0.000013606   -450447.2005
0.1400    110815.811519     0.000019048   -488479.4979
0.1600     84730.991216     0.000010885   -514564.3182
0.1800     66433.538449     0.000024490   -532861.7708
0.2000     53246.282055     0.000016327   -546049.0272
0.2400     34949.823819     0.000013606   -564345.4855
0.2800     23691.640881     0.000013606   -575603.6686
0.3200     16604.259385     0.000013606   -582691.0500
0.3600     12100.031532     0.000019048   -587195.2778
0.4000      8919.221490     0.000021769   -590376.0878
0.4500      6187.798475     0.000016327   -593107.5109    -43032.539
0.5000      4447.871556     0.000027211   -594847.4378    -27893.863
0.5500      3294.434105     0.000021769   -596000.8752    -19011.312
0.6000      2487.942072     0.000013606   -596807.3671    -13670.935
0.6500      1897.272561     0.000021769   -597398.0367    -10167.842
0.7000      1455.123725     0.000024490   -597840.1857     -7638.771
0.7500      1122.547526     0.000013606   -598172.7618     -5748.817
0.8000       871.937407     0.000013606   -598423.3719     -4340.092
0.8500       682.229062     0.000027211   -598613.0803     -3297.982
0.9000       537.486231     0.000019048   -598757.8231     -2529.672
0.9500       425.924506     0.000024490   -598869.3850     -1961.394
1.0000       339.157237     0.000005442   -598956.1520     -1537.476
1.1000       216.640256     0.000008163   -599078.6692      -964.625
1.2000       139.064321     0.000027211   -599156.2450      -614.239
1.3000        89.311383     0.000019048   -599205.9981      -395.859
1.4000        56.857570     0.000016327   -599238.4518      -259.975
1.5000        35.806486     0.000008163   -599259.5028      -173.166
1.6000        21.952222     0.000027211   -599273.3572      -116.737
1.7000        12.568533     0.000027211   -599282.7408       -78.290
1.8000         6.281802     0.000021769   -599289.0277       -52.095
1.9000         2.125243     0.000016327   -599293.1842       -34.228
2.0000        -0.570345     0.000010885   -599295.8798       -22.126
2.1000        -2.269028     0.000010885   -599297.5783       -13.827
2.2000        -3.213674     0.000027211   -599298.5231        -8.352
2.3000        -3.711776     0.000027211   -599299.0211        -4.782
2.4000        -3.940999     0.000019048   -599299.2505        -2.343
2.5000        -3.997765     0.000019048   -599299.3071        -0.803
2.6000        -3.946104     0.000027211   -599299.2554         0.241
2.7000        -3.752702     0.000013606   -599299.0621         0.820
2.8000        -3.478338     0.000019048   -599298.7876         1.167
2.9000        -3.206139     0.000013606   -599298.5155         1.300
3.0000        -2.945046     0.000019048   -599298.2545         1.368
3.1000        -2.699741     0.000024490   -599298.0091         1.359
3.2000        -2.472721     0.000027211   -599297.7821         1.296
3.3000        -2.264255     0.000013606   -599297.5737         1.235
3.4000        -2.074118     0.000016327   -599297.3835         1.158
3.5000        -1.901587     0.000016327   -599297.2110         1.058
3.6000        -1.745168     0.000021769   -599297.0545         0.977
3.7000        -1.603453     0.000027211   -599296.9127         0.892
3.8000        -1.475742     0.000024490   -599296.7851         0.817
3.9000        -1.360548     0.000005442   -599296.6700         0.735
4.0000        -1.256176     0.000013606   -599296.5655         0.670
5.0000        -0.525049     0.000021769   -599295.8343         0.176
6.0000        -0.334708     0.000010885   -599295.6441         0.037
7.0000        -0.291156     0.000021769   -599295.6006         0.009
8.0000        -0.279706     0.000013606   -599295.5892         0.003
9.0000        -0.275426     0.000019048   -599295.5848         0.000
10.0000        -0.272996     0.000016327   -599295.5824         0.000
100.0000        -0.259793     0.000027211   -599295.5690
1000.0000        -0.258832     0.000008163   -599295.5682
