0.0020   7850027.535369     0.000013606   7341378.6115
0.0040   3827349.520477     0.000016327   3318700.5963
0.0060   2489958.244694     0.000019048   1981309.3216
0.0080   1824749.267519     0.000019048   1316100.3445
0.0100   1427317.352095     0.000024490    918668.4290
0.0120   1163861.401356     0.000010885    655212.4784
0.0140    976594.681460     0.000016327    467945.7583
0.0160    836812.387787     0.000019048    328163.4648
0.0180    728624.666037     0.000019048    219975.7430
0.0200    642468.150812     0.000016327    133819.2278
0.0400    266017.496317     0.000024490   -242631.4267
0.0600    149857.885216     0.000024490   -358791.0379
0.0800     96604.998353     0.000021769   -412043.9247
0.1000     67058.579409     0.000013606   -441590.3436
0.1200     48637.839279     0.000019048   -460011.0837
0.1400     36539.855138     0.000010885   -472109.0679
0.1600     28316.675452     0.000019048   -480332.2476
0.1800     22511.806022     0.000019048   -486137.1170
0.2000     18112.622443     0.000021769   -490536.3007
0.2400     12020.946534     0.000008163   -496627.9766
0.2800      8279.735104     0.000024490   -500369.1879
0.3200      5909.820386     0.000021769   -502739.1026    -47309.310
0.3600      4352.448638     0.000016327   -504296.4745    -31898.465
0.4000      3274.698547     0.000010885   -505374.2245    -22725.657
0.4500      2331.625751     0.000021769   -506317.2972    -15490.562
0.5000      1687.225888     0.000016327   -506961.6971    -10582.570
0.5500      1245.937419     0.000010885   -507402.9857     -7283.464
0.6000       939.870597     0.000024490   -507709.0524     -5102.165
0.6500       723.320419     0.000019048   -507925.6026     -3653.384
0.7000       566.453543     0.000024490   -508082.4695     -2683.500
0.7500       449.610489     0.000013606   -508199.3125     -2030.936
0.8000       360.297134     0.000008163   -508288.6260     -1625.950
0.8500       286.518212     0.000013606   -508362.4048     -1345.183
0.9000       226.352027     0.000024490   -508422.5711     -1071.677
0.9500       178.818625     0.000027211   -508470.1045      -840.230
1.0000       141.665970     0.000019048   -508507.2571      -654.682
1.1000        90.168675     0.000021769   -508558.7544      -397.604
1.2000        58.629979     0.000019048   -508590.2929      -246.063
1.3000        38.823035     0.000019048   -508610.1001      -156.808
1.4000        25.995131     0.000008163   -508622.9278      -102.880
1.5000        17.448970     0.000021769   -508631.4741       -69.123
1.6000        11.622047     0.000010885   -508637.3009       -47.306
1.7000         7.577092     0.000027211   -508641.3458       -32.789
1.8000         4.746998     0.000019048   -508644.1761       -22.757
1.9000         2.840081     0.000019048   -508646.0828       -15.746
2.0000         1.580832     0.000019048   -508647.3421       -10.764
2.1000         0.784200     0.000019048   -508648.1389        -7.385
2.2000         0.255156     0.000027211   -508648.6679        -4.854
2.3000        -0.080823     0.000013606   -508649.0039        -3.136
2.4000        -0.278443     0.000010885   -508649.2015        -1.810
2.5000        -0.379262     0.000027211   -508649.3022        -0.953
2.6000        -0.411755     0.000021769   -508649.3348        -0.308
2.7000        -0.398802     0.000021769   -508649.3218         0.139
2.8000        -0.356233     0.000021769   -508649.2793         0.382
2.9000        -0.294416     0.000021769   -508649.2176         0.557
3.0000        -0.222641     0.000021769   -508649.1457         0.677
3.1000        -0.146539     0.000021769   -508649.0695         0.718
3.2000        -0.069193     0.000019048   -508648.9922         0.711
3.3000         0.006408     0.000021769   -508648.9166         0.698
3.4000         0.078094     0.000021769   -508648.8450         0.669
3.5000         0.144898     0.000016327   -508648.7781         0.628
3.6000         0.206660     0.000021769   -508648.7163         0.572
3.7000         0.263327     0.000027211   -508648.6597         0.524
3.8000         0.314458     0.000010885   -508648.6086         0.470
3.9000         0.360121     0.000019048   -508648.5629         0.424
4.0000         0.400642     0.000019048   -508648.5223         0.378
5.0000         0.669934     0.000005442   -508648.2532         0.084
6.0000         0.716909     0.000024490   -508648.2061         0.020
7.0000         0.722283     0.000021769   -508648.2007         0.004
8.0000         0.721483     0.000021769   -508648.2015         0.001
9.0000         0.720019     0.000010885   -508648.2031         0.000
10.0000         0.718803     0.000016327   -508648.2042         0.000
100.0000         0.710201     0.000005442   -508648.2129
1000.0000         0.709526     0.000024490   -508648.2135
