0.0020  11466746.993557     0.000021769  10974621.4240
0.0040   5584301.201312     0.000016327   5092175.6321
0.0060   3630900.769618     0.000021769   3138775.1996
0.0080   2658843.308327     0.000013606   2166717.7379
0.0100   2078495.109829     0.000013606   1586369.5395
0.0120   1693572.107175     0.000019048   1201446.5368
0.0140   1419976.365569     0.000013606    927850.7952
0.0160   1215955.641998     0.000021769    723830.0717
0.0180   1057758.264391     0.000013606    565632.6942
0.0200    932151.967566     0.000013606    440026.3972
0.0400    386159.981344     0.000019048   -105965.5890
0.0600    217113.132794     0.000016327   -275012.4376
0.0800    139535.285652     0.000016327   -352590.2846
0.1000     96634.496884     0.000024490   -395491.0736
0.1200     70262.132488     0.000021769   -421863.4380
0.1400     52994.821208     0.000013606   -439130.7491
0.1600     40963.684443     0.000016327   -451161.8860
0.1800     32187.492312     0.000013606   -459938.0780
0.2000     25622.824395     0.000024490   -466502.7459
0.2400     16859.345577     0.000013606   -475266.2247
0.2800     11639.251200     0.000027211   -480486.3190
0.3200      8350.131421     0.000027211   -483775.4388
0.3600      6121.492847     0.000019048   -486004.0775    -46752.827
0.4000      4532.920360     0.000008163   -487592.6499    -33347.292
0.4500      3180.643190     0.000010885   -488944.9271    -21630.755
0.5000      2299.161927     0.000013606   -489826.4084    -14268.085
0.5500      1708.610080     0.000019048   -490416.9602     -9755.715
0.6000      1296.515510     0.000019048   -490829.0547     -6976.183
0.6500       993.313746     0.000016327   -491132.2566     -5288.976
0.7000       759.258145     0.000008163   -491366.3122     -4059.866
0.7500       581.878935     0.000016327   -491543.6913     -3057.147
0.8000       448.889374     0.000013606   -491676.6810     -2295.656
0.8500       348.820782     0.000013606   -491776.7496     -1733.413
0.9000       272.909667     0.000027211   -491852.6606     -1322.405
0.9500       214.652836     0.000021769   -491910.9175     -1021.879
1.0000       169.357982     0.000019048   -491956.2123      -799.815
1.1000       105.522117     0.000024490   -492020.0483      -504.281
1.2000        65.038943     0.000008163   -492060.5315      -323.241
1.3000        39.015406     0.000016327   -492086.5548      -206.465
1.4000        22.317788     0.000024490   -492103.2526      -130.785
1.5000        11.662154     0.000016327   -492113.9083       -82.476
1.6000         5.016902     0.000008163   -492120.5536       -51.737
1.7000         0.895990     0.000010885   -492124.6745       -32.291
1.8000        -1.665577     0.000016327   -492127.2359       -19.969
1.9000        -3.238741     0.000013606   -492128.8090       -12.092
2.0000        -4.163858     0.000016327   -492129.7342        -7.160
2.1000        -4.583101     0.000013606   -492130.1535        -3.793
2.2000        -4.674570     0.000016327   -492130.2449        -1.817
2.3000        -4.612092     0.000024490   -492130.1823        -0.351
2.4000        -4.456571     0.000010885   -492130.0270         0.464
2.5000        -4.239470     0.000005442   -492129.8098         1.083
2.6000        -3.992764     0.000024490   -492129.5630         1.411
2.7000        -3.737238     0.000024490   -492129.3075         1.587
2.8000        -3.484670     0.000008163   -492129.0550         1.720
2.9000        -3.181842     0.000021769   -492128.7521         1.647
3.0000        -2.899282     0.000010885   -492128.4696         1.573
3.1000        -2.643957     0.000021769   -492128.2144         1.505
3.2000        -2.413411     0.000019048   -492127.9836         1.427
3.3000        -2.204659     0.000013606   -492127.7749         1.304
3.4000        -1.996625     0.000013606   -492127.5670         1.200
3.5000        -1.807139     0.000016327   -492127.3774         1.101
3.6000        -1.639280     0.000021769   -492127.2098         1.004
3.7000        -1.489633     0.000016327   -492127.0601         0.885
3.8000        -1.356129     0.000013606   -492126.9265         0.813
3.9000        -1.237675     0.000016327   -492126.8081         0.746
4.0000        -1.130081     0.000008163   -492126.7004         0.649
5.0000        -0.557347     0.000010885   -492126.1278         0.177
6.0000        -0.431510     0.000008163   -492126.0018         0.032
7.0000        -0.409346     0.000016327   -492125.9798         0.012
8.0000        -0.406299     0.000008163   -492125.9765         0.004
9.0000        -0.406274     0.000005442   -492125.9765         0.002
10.0000        -0.406650     0.000010885   -492125.9771         0.001
100.0000        -0.410231     0.000005442   -492125.9806
1000.0000        -0.410566     0.000005442   -492125.9809
