0.0020  12876968.552404     0.000021769  12615004.6921
0.0040   6280579.260894     0.000016327   6018615.4026
0.0060   4090982.684324     0.000005442   3829018.8256
0.0080   2998302.684953     0.000021769   2736338.8246
0.0100   2344607.200551     0.000016327   2082643.3412
0.0120   1910369.048244     0.000021769   1648405.1889
0.0140   1601675.532963     0.000010885   1339711.6737
0.0160   1371314.293671     0.000019048   1109350.4342
0.0180   1192951.833302     0.000008163    930987.9739
0.0200   1051035.649811     0.000010885    789071.7904
0.0400    434376.161593     0.000019048    172412.3022
0.0600    244122.154915     0.000021769    -17841.7045
0.0800    156341.712857     0.000008163   -105622.1465
0.1000    107813.948328     0.000024490   -154149.9111
0.1200     77855.901102     0.000010885   -184107.9583
0.1400     58339.455799     0.000013606   -203624.4036
0.1600     45170.532414     0.000013606   -216793.3270
0.1800     35830.349722     0.000024490   -226133.5096
0.2000     28758.714212     0.000019048   -233205.1452
0.2400     19209.110475     0.000005442   -242754.7489
0.2800     13264.425439     0.000019048   -248699.4339
0.3200      9565.061342     0.000024490   -252398.7980
0.3600      7148.420801     0.000019048   -254815.4386    -50848.860
0.4000      5369.121669     0.000021769   -256594.7377    -37950.804
0.4500      3836.396815     0.000013606   -258127.4626    -24336.231
0.5000      2840.463493     0.000021769   -259123.3959    -16213.927
0.5500      2160.766985     0.000021769   -259803.0924    -11397.200
0.6000      1671.187902     0.000016327   -260292.6715     -8440.697
0.6500      1299.074249     0.000024490   -260664.7851     -6563.778
0.7000      1006.433552     0.000024490   -260957.4258     -5163.914
0.7500       779.018667     0.000019048   -261184.8407     -3949.881
0.8000       606.538109     0.000021769   -261357.3213     -2973.402
0.8500       476.730964     0.000016327   -261487.1284     -2237.815
0.9000       378.594049     0.000010885   -261585.2653     -1698.302
0.9500       303.571697     0.000013606   -261660.2877     -1304.951
1.0000       245.421828     0.000013606   -261718.4375     -1016.656
1.1000       164.214081     0.000016327   -261799.6453      -641.701
1.2000       111.826908     0.000027211   -261852.0325      -424.909
1.3000        76.565314     0.000016327   -261887.2941      -290.343
1.4000        52.284559     0.000019048   -261911.5748      -201.063
1.5000        35.441619     0.000027211   -261928.4178      -139.529
1.6000        23.769750     0.000010885   -261940.0896       -96.483
1.7000        15.723376     0.000024490   -261948.1360       -66.279
1.8000        10.218034     0.000019048   -261953.6413       -45.194
1.9000         6.490130     0.000019048   -261957.3692       -30.385
2.0000         4.001302     0.000016327   -261959.8581       -20.106
2.1000         2.372543     0.000008163   -261961.4868       -12.970
2.2000         1.708302     0.000005442   -261962.1511        -8.931
2.3000         1.352866     0.000016327   -261962.5065        -6.374
2.4000         1.105689     0.000024490   -261962.7537        -4.651
2.5000         0.923694     0.000016327   -261962.9357        -3.400
2.6000         0.785522     0.000019048   -261963.0738        -2.507
2.7000         0.680851     0.000013606   -261963.1785        -1.800
2.8000         0.603214     0.000013606   -261963.2562        -1.289
2.9000         0.547994     0.000013606   -261963.3114        -0.883
3.0000         0.511087     0.000013606   -261963.3483        -0.579
3.1000         0.488943     0.000010885   -261963.3704        -0.362
3.2000         0.478265     0.000010885   -261963.3811        -0.194
3.3000         0.476148     0.000010885   -261963.3832        -0.074
3.4000         0.480281     0.000010885   -261963.3791         0.004
3.5000         0.488627     0.000008163   -261963.3707         0.058
3.6000         0.499536     0.000008163   -261963.3598         0.091
3.7000         0.511822     0.000005442   -261963.3476         0.109
3.8000         0.524603     0.000024490   -261963.3348         0.115
3.9000         0.537259     0.000021769   -261963.3221         0.115
4.0000         0.549287     0.000027211   -261963.3101         0.110
5.0000         0.617310     0.000024490   -261963.2421         0.028
6.0000         0.631119     0.000013606   -261963.2282         0.004
7.0000         0.633250     0.000002721   -261963.2261
8.0000         0.633552     0.000002721   -261963.2258        -0.000
9.0000         0.633593     0.000005442   -261963.2258        -0.000
10.0000         0.633598     0.000005442   -261963.2258        -0.000
100.0000         0.633601     0.000005442   -261963.2258
1000.0000         0.633601     0.000005442   -261963.2258
