0.0020   6006006.524632     0.000019048   5773142.6946
0.0040   2931521.276426     0.000008163   2698657.4461
0.0060   1910797.666970     0.000027211   1677933.8367
0.0080   1402295.253673     0.000008163   1169431.4232
0.0100   1098307.706264     0.000027211    865443.8759
0.0120    896775.425795     0.000021769    663911.5954
0.0140    753541.268390     0.000027211    520677.4380
0.0160    646553.887545     0.000024490    413690.0571
0.0180    563724.273111     0.000013606    330860.4428
0.0200    497762.622612     0.000021769    264898.7923
0.0400    208739.516047     0.000027211    -24124.3143
0.0600    119141.425728     0.000021769   -113722.4046
0.0800     77250.356413     0.000008163   -155613.4739
0.1000     54109.709621     0.000024490   -178754.1208
0.1200     39857.809552     0.000013606   -193006.0208
0.1400     30293.615048     0.000019048   -202570.2153
0.1600     23545.140888     0.000016327   -209318.6895
0.1800     18648.010763     0.000027211   -214215.8196
0.2000     15033.585234     0.000016327   -217830.2451
0.2400     10256.855632     0.000013606   -222606.9747
0.2800      7338.646021     0.000008163   -225525.1843
0.3200      5386.999216     0.000021769   -227476.8312    -40283.837
0.3600      4033.704307     0.000021769   -228830.1260    -28183.223
0.4000      3081.150644     0.000013606   -229782.6797    -19791.609
0.4500      2277.635740     0.000027211   -230586.1946    -12941.028
0.5000      1741.187980     0.000019048   -231122.6424     -9073.080
0.5500      1333.564974     0.000027211   -231530.2654     -7321.377
0.6000      1012.246870     0.000024490   -231851.5835     -5531.957
0.6500       774.982844     0.000016327   -232088.8475     -4031.521
0.7000       602.339021     0.000016327   -232261.4913     -2937.588
0.7500       475.905367     0.000016327   -232387.9250     -2165.547
0.8000       381.828475     0.000019048   -232482.0019     -1626.889
0.8500       310.407643     0.000027211   -232553.4227     -1250.416
0.9000       254.719287     0.000019048   -232609.1111      -986.032
0.9500       210.111480     0.000008163   -232653.7189      -797.071
1.0000       173.845974     0.000010885   -232689.9844      -655.536
1.1000       118.950101     0.000005442   -232744.8802      -457.103
1.2000        80.576389     0.000019048   -232783.2540      -322.051
1.3000        53.684209     0.000013606   -232810.1462      -225.143
1.4000        34.866441     0.000019048   -232828.9639      -155.297
1.5000        21.836530     0.000024490   -232841.9938      -106.124
1.6000        12.957090     0.000027211   -232850.8733       -72.768
1.7000         6.797744     0.000016327   -232857.0326       -50.102
1.8000         2.498931     0.000008163   -232861.3314       -34.491
1.9000        -0.476431     0.000019048   -232864.3068       -23.483
2.0000        -2.476893     0.000021769   -232866.3073       -15.461
2.1000        -3.756005     0.000010885   -232867.5864        -9.715
2.2000        -4.457869     0.000019048   -232868.2882        -5.524
2.3000        -4.542994     0.000021769   -232868.3733        -3.107
2.4000        -4.476038     0.000016327   -232868.3064        -1.302
2.5000        -4.308963     0.000019048   -232868.1393        -0.050
2.6000        -4.072264     0.000013606   -232867.9026         0.820
2.7000        -3.792088     0.000021769   -232867.6224         1.458
2.8000        -3.487546     0.000010885   -232867.3179         1.838
2.9000        -3.168356     0.000021769   -232866.9987         2.072
3.0000        -2.812486     0.000005442   -232866.6428         2.168
3.1000        -2.356575     0.000019048   -232866.1869         2.071
3.2000        -1.951416     0.000021769   -232865.7818         1.928
3.3000        -1.591050     0.000021769   -232865.4214         1.802
3.4000        -1.271643     0.000019048   -232865.1020         1.678
3.5000        -0.988125     0.000010885   -232864.8185         1.550
3.6000        -0.735353     0.000019048   -232864.5657         1.419
3.7000        -0.508989     0.000013606   -232864.3393         1.299
3.8000        -0.306493     0.000016327   -232864.1369         1.194
3.9000        -0.096459     0.000016327   -232863.9268         1.068
4.0000         0.098171     0.000013606   -232863.7322         0.945
5.0000         1.100510     0.000013606   -232862.7299         0.241
6.0000         1.355397     0.000027211   -232862.4750         0.090
7.0000         1.434245     0.000008163   -232862.3961         0.030
8.0000         1.469268     0.000021769   -232862.3611         0.016
9.0000         1.489876     0.000005442   -232862.3405         0.011
10.0000         1.504382     0.000021769   -232862.3260         0.008
100.0000         1.591464     0.000013606   -232862.2389         0.000
1000.0000         1.598201     0.000008163   -232862.2322
