0.0020         0.000000     0.000021769  28121816.7374
0.0040  13990375.176073     0.000013606  13377163.8989
0.0060   9089302.067510     0.000016327   8476090.7906
0.0080   6647434.609189     0.000010885   6034223.3315
0.0100   5187868.843212     0.000019048   4574657.5667
0.0120   4218019.552396     0.000021769   3604808.2752
0.0140   3529115.314898     0.000027211   2915904.0376
0.0160   3015964.959312     0.000013606   2402753.6823
0.0180   2619527.844129     0.000024490   2006316.5671
0.0200   2304936.953051     0.000010885   1691725.6759
0.0400    938042.357725     0.000019048    324831.0807
0.0600    521761.725045     0.000016327    -91449.5520
0.0800    331423.480330     0.000019048   -281787.7969
0.1000    228023.189616     0.000021769   -385188.0875
0.1200    164833.690417     0.000019048   -448377.5866
0.1400    123505.776690     0.000016327   -489705.5003
0.1600     95360.481500     0.000016327   -517850.7955
0.1800     75473.300311     0.000027211   -537737.9767
0.2000     60294.486324     0.000010885   -552916.7909
0.2400     39615.216778     0.000013606   -573596.0602
0.2800     27076.396863     0.000019048   -586134.8802
0.3200     19273.782853     0.000013606   -593937.4941
0.3600     14012.058125     0.000016327   -599199.2189
0.4000     10281.173599     0.000005442   -602930.1035
0.4500      7245.972450     0.000016327   -605965.3045    -48025.226
0.5000      5272.051646     0.000013606   -607939.2254    -32406.246
0.5500      3900.582098     0.000021769   -609310.6950    -23154.716
0.6000      2907.574926     0.000013606   -610303.7023    -16894.769
0.6500      2183.112006     0.000024490   -611028.1651    -12289.851
0.7000      1657.252546     0.000024490   -611554.0245     -8925.827
0.7500      1274.064745     0.000013606   -611937.2124     -6535.714
0.8000       991.589107     0.000027211   -612219.6879     -4856.405
0.8500       779.951430     0.000013606   -612431.3257     -3672.733
0.9000       618.580001     0.000027211   -612592.6971     -2826.362
0.9500       493.596350     0.000013606   -612717.6807     -2206.415
1.0000       395.657053     0.000008163   -612815.6200     -1739.549
1.1000       256.688916     0.000021769   -612954.5880     -1100.149
1.2000       167.795316     0.000019048   -613043.4817      -708.577
1.3000       110.301799     0.000013606   -613100.9753      -468.072
1.4000        71.999661     0.000013606   -613139.2775      -313.479
1.5000        46.114677     0.000019048   -613165.1623      -211.003
1.6000        28.622154     0.000016327   -613182.6549      -142.293
1.7000        16.778231     0.000013606   -613194.4989       -95.747
1.8000         8.838800     0.000027211   -613202.4384       -63.902
1.9000         3.839163     0.000019048   -613207.4379       -42.340
2.0000         0.584601     0.000016327   -613210.6924       -27.387
2.1000        -1.435186     0.000016327   -613212.7123       -17.114
2.2000        -2.614727     0.000008163   -613213.8917       -10.278
2.3000        -3.244600     0.000016327   -613214.5216        -5.730
2.4000        -3.478433     0.000024490   -613214.7554        -2.866
2.5000        -3.486316     0.000019048   -613214.7633        -1.179
2.6000        -3.397302     0.000013606   -613214.6743        -0.127
2.7000        -3.263542     0.000019048   -613214.5407         0.447
2.8000        -3.109098     0.000021769   -613214.3861         0.889
2.9000        -2.804202     0.000021769   -613214.0813         0.997
3.0000        -2.536622     0.000016327   -613213.8136         1.075
3.1000        -2.296294     0.000013606   -613213.5733         1.179
3.2000        -2.075615     0.000016327   -613213.3526         1.208
3.3000        -1.867997     0.000021769   -613213.1450         1.264
3.4000        -1.645566     0.000027211   -613212.9227         1.275
3.5000        -1.375414     0.000021769   -613212.6525         1.214
3.6000        -1.125896     0.000021769   -613212.4029         1.153
3.7000        -0.878514     0.000005442   -613212.1556         1.086
3.8000        -0.656143     0.000019048   -613211.9333         1.026
3.9000        -0.455434     0.000013606   -613211.7325         0.947
4.0000        -0.272631     0.000016327   -613211.5496         0.876
5.0000         0.821678     0.000021769   -613210.4554         0.346
6.0000         1.179995     0.000027211   -613210.0970         0.105
7.0000         1.278718     0.000008163   -613209.9983         0.029
8.0000         1.305293     0.000005442   -613209.9719         0.008
9.0000         1.313475     0.000027211   -613209.9637         0.002
10.0000         1.316825     0.000016327   -613209.9602         0.001
100.0000         1.329508     0.000013606   -613209.9477
1000.0000         1.330425     0.000010885   -613209.9466
