0.0020  11591348.579526     0.000021769  11323170.1382
0.0040   5652263.603903     0.000021769   5384085.1643
0.0060   3683768.552119     0.000016327   3415590.1106
0.0080   2702292.593942     0.000010885   2434114.1531
0.0100   2115359.400515     0.000024490   1847180.9596
0.0120   1725023.942564     0.000024490   1456845.5017
0.0140   1447321.631063     0.000008163   1179143.1901
0.0160   1240047.860715     0.000027211    971869.4198
0.0180   1079481.833279     0.000021769    811303.3923
0.0200    951639.385758     0.000016327    683460.9448
0.0400    394462.661364     0.000016327    126284.2205
0.0600    222559.934533     0.000019048    -45618.5064
0.0800    143032.179514     0.000027211   -125146.2614
0.1000     99041.403304     0.000016327   -169137.0376
0.1200     71870.289142     0.000016327   -196308.1518
0.1400     54100.875906     0.000019048   -214077.5650
0.1600     41982.646607     0.000008163   -226195.7943
0.1800     33483.728687     0.000024490   -234694.7122
0.2000     27025.233988     0.000013606   -241153.2069
0.2400     18142.715624     0.000016327   -250035.7253
0.2800     12757.163346     0.000005442   -255421.2776
0.3200      9304.384558     0.000027211   -258874.0564
0.3600      7013.213954     0.000008163   -261165.2270    -48107.709
0.4000      5329.051871     0.000019048   -262849.3890    -36284.563
0.4500      3819.978318     0.000027211   -264358.4626    -24801.348
0.5000      2784.655725     0.000016327   -265393.7852    -17120.511
0.5500      2065.378192     0.000024490   -266113.0627    -11974.858
0.6000      1560.230746     0.000024490   -266618.2102     -8504.748
0.6500      1197.990915     0.000016327   -266980.4500     -6174.012
0.7000       928.285408     0.000016327   -267250.1555     -4826.595
0.7500       711.222774     0.000019048   -267467.2181     -3848.251
0.8000       543.094301     0.000019048   -267635.3466     -2899.658
0.8500       417.446742     0.000016327   -267760.9942     -2153.769
0.9000       323.974113     0.000016327   -267854.4668     -1605.486
0.9500       253.954092     0.000016327   -267924.4868     -1209.361
1.0000       200.876256     0.000016327   -267977.5646      -923.380
1.1000       128.283147     0.000010885   -268050.1578      -561.638
1.2000        83.160832     0.000013606   -268095.2801      -357.550
1.3000        54.071071     0.000019048   -268124.3698      -233.288
1.4000        34.981376     0.000024490   -268143.4595      -153.637
1.5000        22.414892     0.000019048   -268156.0260      -101.586
1.6000        14.069919     0.000016327   -268164.3710       -67.358
1.7000         8.485811     0.000027211   -268169.9551       -44.846
1.8000         4.709906     0.000008163   -268173.7310       -29.979
1.9000         2.131931     0.000013606   -268176.3090       -20.098
2.0000         0.367201     0.000021769   -268178.0737       -13.455
2.1000        -0.831093     0.000019048   -268179.2720        -8.948
2.2000        -1.622629     0.000021769   -268180.0635        -5.802
2.3000        -2.119626     0.000027211   -268180.5605        -3.658
2.4000        -2.403814     0.000010885   -268180.8447        -2.118
2.5000        -2.536804     0.000008163   -268180.9777        -1.083
2.6000        -2.562848     0.000013606   -268181.0038        -0.333
2.7000        -2.517541     0.000021769   -268180.9585         0.180
2.8000        -2.409626     0.000021769   -268180.8505         0.510
2.9000        -2.267104     0.000010885   -268180.7080         0.746
3.0000        -2.109757     0.000024490   -268180.5507         0.874
3.1000        -1.944828     0.000021769   -268180.3857         0.943
3.2000        -1.778357     0.000024490   -268180.2193         0.983
3.3000        -1.611731     0.000008163   -268180.0526         0.982
3.4000        -1.438631     0.000021769   -268179.8796         0.949
3.5000        -1.273763     0.000008163   -268179.7147         0.910
3.6000        -1.118195     0.000019048   -268179.5591         0.859
3.7000        -0.972454     0.000010885   -268179.4134         0.802
3.8000        -0.832508     0.000013606   -268179.2734         0.734
3.9000        -0.703409     0.000019048   -268179.1443         0.672
4.0000        -0.585815     0.000016327   -268179.0267         0.610
5.0000         0.091762     0.000021769   -268178.3492         0.188
6.0000         0.289312     0.000002721   -268178.1516         0.061
7.0000         0.349024     0.000005442   -268178.0919         0.018
8.0000         0.372671     0.000024490   -268178.0682         0.007
9.0000         0.385376     0.000019048   -268178.0555         0.005
10.0000         0.393771     0.000002721   -268178.0471         0.003
100.0000         0.442871     0.000008163   -268177.9980
1000.0000         0.446634     0.000000000   -268177.9943
