0.0020   2555128.148339     0.000016327   2522572.1061
0.0040   1255712.444785     0.000016327   1223156.4024
0.0060    822903.140594     0.000016327    790347.0982
0.0080    606763.640599     0.000016327    574207.5983
0.0100    477346.891875     0.000019048    444790.8495
0.0120    391219.512330     0.000016327    358663.4701
0.0140    329826.017090     0.000016327    297269.9748
0.0160    283879.097719     0.000013606    251323.0554
0.0180    248377.150793     0.000010885    215821.1085
0.0200    220080.190906     0.000008163    187524.1486
0.0400     94499.796185     0.000013606     61943.7539
0.0600     54484.757799     0.000021769     21928.7155
0.0800     35722.627729     0.000021769      3166.5854
0.1000     25217.954015     0.000021769     -7338.0883
0.1200     18633.615395     0.000019048    -13922.4269
0.1400     14199.798123     0.000008163    -18356.2442
0.1600     11087.518535     0.000021769    -21468.5238
0.1800      8843.561540     0.000008163    -23712.4808
0.2000      7191.385658     0.000013606    -25364.6566
0.2400      5011.026259     0.000021769    -27545.0160    -41195.623
0.2800      3644.696339     0.000021769    -28911.3459    -29270.802
0.3200      2664.625120     0.000013606    -29891.4172    -20213.226
0.3600      1989.488828     0.000016327    -30566.5535    -13931.235
0.4000      1521.005900     0.000013606    -31035.0364     -9759.304
0.4500      1121.496170     0.000024490    -31434.5461     -6512.070
0.5000       850.340941     0.000027211    -31705.7013     -4536.814
0.5500       659.474335     0.000021769    -31896.5680     -3196.750
0.6000       523.154122     0.000019048    -32032.8882     -2315.180
0.6500       421.557505     0.000021769    -32134.4848     -1767.453
0.7000       341.156423     0.000021769    -32214.8859     -1455.663
0.7500       275.295359     0.000016327    -32280.7469     -1205.824
0.8000       221.253235     0.000024490    -32334.7891      -970.533
0.8500       178.325065     0.000016327    -32377.7172      -772.625
0.9000       144.219038     0.000013606    -32411.8233      -598.106
0.9500       117.810808     0.000005442    -32438.2315      -458.258
1.0000        97.529992     0.000016327    -32458.5123      -350.084
1.1000        70.230406     0.000024490    -32485.8119      -212.637
1.2000        51.212854     0.000019048    -32504.8294      -156.976
1.3000        36.482049     0.000013606    -32519.5602      -117.349
1.4000        26.401427     0.000008163    -32529.6409       -84.561
1.5000        19.055477     0.000016327    -32536.9868       -61.542
1.6000        13.750337     0.000016327    -32542.2920       -44.872
1.7000         9.878569     0.000013606    -32546.1637       -32.579
1.8000         7.188277     0.000008163    -32548.8540       -23.333
1.9000         5.295033     0.000010885    -32550.7473       -16.588
2.0000         3.955174     0.000021769    -32552.0871       -11.788
2.1000         3.005224     0.000008163    -32553.0371        -8.413
2.2000         2.340634     0.000010885    -32553.7017        -6.092
2.3000         1.864849     0.000013606    -32554.1774        -4.492
2.4000         1.492346     0.000021769    -32554.5500        -3.413
2.5000         1.186281     0.000010885    -32554.8560        -2.671
2.6000         0.944298     0.000024490    -32555.0980        -2.161
2.7000         0.757418     0.000013606    -32555.2849        -1.790
2.8000         0.602215     0.000021769    -32555.4401        -1.505
2.9000         0.471310     0.000008163    -32555.5710        -1.291
3.0000         0.361555     0.000016327    -32555.6807        -1.106
3.1000         0.269205     0.000027211    -32555.7731        -0.941
3.2000         0.192994     0.000021769    -32555.8493        -0.803
3.3000         0.130571     0.000019048    -32555.9117        -0.684
3.4000         0.080543     0.000021769    -32555.9617        -0.572
3.5000         0.041636     0.000008163    -32556.0007        -0.472
3.6000         0.011837     0.000008163    -32556.0305        -0.387
3.7000        -0.009070     0.000021769    -32556.0514        -0.313
3.8000        -0.022969     0.000013606    -32556.0653        -0.245
3.9000        -0.031130     0.000021769    -32556.0734        -0.189
4.0000        -0.034039     0.000019048    -32556.0763        -0.142
5.0000         0.068031     0.000013606    -32555.9743         0.057
6.0000         0.189285     0.000024490    -32555.8530         0.054
7.0000         0.253319     0.000008163    -32555.7890         0.029
8.0000         0.279635     0.000024490    -32555.7627         0.012
9.0000         0.289214     0.000008163    -32555.7531         0.004
10.0000         0.292536     0.000013606    -32555.7498         0.002
100.0000         0.294302     0.000002721    -32555.7480
1000.0000         0.294305     0.000002721    -32555.7480
