0.0020   5621241.892586     0.000027211   5446634.0873
0.0040   2745705.979227     0.000021769   2571098.1747
0.0060   1790221.726386     0.000016327   1615613.9220
0.0080   1314585.423456     0.000016327   1139977.6191
0.0100   1030180.317041     0.000021769    855572.5126
0.0120    841663.378838     0.000008163    667055.5742
0.0140    707648.164733     0.000024490    533040.3603
0.0160    607447.340333     0.000016327    432839.5358
0.0180    529758.713138     0.000016327    355150.9088
0.0200    467846.778553     0.000013606    293238.9741
0.0400    196332.614332     0.000027211     21724.8099
0.0600    112367.417145     0.000021769    -62240.3873
0.0800     72894.912702     0.000021769   -101712.8918
0.1000     50892.384618     0.000021769   -123715.4199
0.1200     37381.606495     0.000021769   -137226.1980
0.1400     28384.871877     0.000021769   -146222.9326
0.1600     22026.387392     0.000024490   -152581.4171
0.1800     17397.847060     0.000005442   -157209.9574
0.2000     13973.542212     0.000016327   -160634.2623
0.2400      9431.192972     0.000021769   -165176.6115
0.2800      6717.448232     0.000019048   -167890.3562
0.3200      4960.389535     0.000016327   -169647.4149    -36655.004
0.3600      3707.499414     0.000019048   -170900.3051    -26437.709
0.4000      2812.236690     0.000019048   -171795.5678    -18913.785
0.4500      2033.609405     0.000010885   -172574.1951    -12574.416
0.5000      1515.233163     0.000010885   -173092.5713     -8472.950
0.5500      1161.199981     0.000013606   -173446.6045     -5900.428
0.6000       907.415639     0.000019048   -173700.3888     -4441.883
0.6500       705.136668     0.000008163   -173902.6678     -3632.518
0.7000       543.641773     0.000027211   -174064.1627     -2836.758
0.7500       419.577462     0.000016327   -174188.2270     -2146.318
0.8000       326.148677     0.000005442   -174281.6558     -1609.908
0.8500       255.980402     0.000016327   -174351.8241     -1211.008
0.9000       202.965588     0.000024490   -174404.8389      -919.626
0.9500       162.443299     0.000021769   -174445.3612      -708.009
1.0000       131.000354     0.000024490   -174476.8041      -553.814
1.1000        86.321999     0.000021769   -174521.4825      -355.104
1.2000        56.841496     0.000027211   -174550.9630      -239.647
1.3000        36.477587     0.000019048   -174571.3269      -167.136
1.4000        22.256340     0.000008163   -174585.5481      -117.746
1.5000        12.339451     0.000013606   -174595.4650       -82.245
1.6000         5.470484     0.000016327   -174602.3340       -56.366
1.7000         0.820617     0.000016327   -174606.9839       -37.594
1.8000        -2.230983     0.000019048   -174610.0355       -24.171
1.9000        -4.148698     0.000019048   -174611.9532       -14.763
2.0000        -5.271677     0.000016327   -174613.0761        -8.207
2.1000        -5.847802     0.000008163   -174613.6523        -3.709
2.2000        -6.050761     0.000027211   -174613.8552        -0.651
2.3000        -6.005857     0.000019048   -174613.8103         1.341
2.4000        -5.500607     0.000027211   -174613.3051         2.245
2.5000        -4.856418     0.000024490   -174612.6609         2.589
2.6000        -4.266023     0.000019048   -174612.0705         2.681
2.7000        -3.733205     0.000016327   -174611.5377         2.688
2.8000        -3.256867     0.000021769   -174611.0613         2.616
2.9000        -2.831248     0.000021769   -174610.6357         2.484
3.0000        -2.442174     0.000019048   -174610.2466         2.341
3.1000        -2.065663     0.000005442   -174609.8701         2.170
3.2000        -1.728846     0.000024490   -174609.5333         1.979
3.3000        -1.427733     0.000016327   -174609.2322         1.805
3.4000        -1.121490     0.000021769   -174608.9260         1.596
3.5000        -0.781008     0.000013606   -174608.5855         1.317
3.6000        -0.502233     0.000019048   -174608.3067         1.089
3.7000        -0.273172     0.000024490   -174608.0777         0.902
3.8000        -0.084853     0.000005442   -174607.8893         0.749
3.9000         0.069854     0.000005442   -174607.7346         0.626
4.0000         0.197092     0.000005442   -174607.6074         0.524
5.0000         0.724952     0.000019048   -174607.0795         0.100
6.0000         0.830413     0.000024490   -174606.9741         0.039
7.0000         0.865992     0.000008163   -174606.9385         0.013
8.0000         0.885206     0.000024490   -174606.9193         0.008
9.0000         0.898088     0.000019048   -174606.9064         0.006
10.0000         0.907617     0.000021769   -174606.8968         0.004
100.0000         0.968870     0.000021769   -174606.8356         0.000
1000.0000         0.973855     0.000021769   -174606.8306
