0.0020  22785337.791709     0.000027211  22248659.1092
0.0040  11090673.274411     0.000019048  10553994.5900
0.0060   7206457.811202     0.000013606   6669779.1265
0.0080   5271310.517813     0.000021769   4734631.8345
0.0100   4114597.504669     0.000019048   3577918.8199
0.0120   3347134.349631     0.000016327   2810455.6658
0.0140   2801568.830345     0.000016327   2264890.1470
0.0160   2394607.267699     0.000021769   1857928.5843
0.0180   2080524.625951     0.000013606   1543845.9427
0.0200   1831277.965411     0.000019048   1294599.2820
0.0400    748652.956929     0.000027211    211974.2735
0.0600    417921.811476     0.000016327   -118756.8719
0.0800    266369.743457     0.000021769   -270308.9399
0.1000    183196.597566     0.000019048   -353482.0859
0.1200    132644.923115     0.000016327   -404033.7602
0.1400     99168.052222     0.000024490   -437510.6313
0.1600     75761.610576     0.000008163   -460917.0727
0.1800     59192.713295     0.000010885   -477485.9701
0.2000     47244.400687     0.000027211   -489434.2827
0.2400     31337.006672     0.000019048   -505341.6767
0.2800     21439.132718     0.000027211   -515239.5507
0.3200     15087.673947     0.000010885   -521591.0095
0.3600     10883.376976     0.000021769   -525795.3065
0.4000      8097.578180     0.000019048   -528581.1053
0.4500      5642.036659     0.000016327   -531036.6467    -40833.078
0.5000      3978.948758     0.000016327   -532699.7345    -26675.048
0.5500      2888.351272     0.000024490   -533790.3322    -17684.246
0.6000      2153.745152     0.000021769   -534524.9384    -12160.989
0.6500      1637.794670     0.000010885   -535040.8888     -8743.000
0.7000      1259.641070     0.000021769   -535419.0423     -6524.625
0.7500       974.082617     0.000024490   -535704.6008     -4973.123
0.8000       755.279303     0.000010885   -535923.4041     -3825.434
0.8500       586.589511     0.000019048   -536092.0938     -2955.614
0.9000       456.066573     0.000021769   -536222.6168     -2291.318
0.9500       354.744363     0.000016327   -536323.9390     -1782.374
1.0000       275.812280     0.000021769   -536402.8711     -1391.240
1.1000       165.705986     0.000008163   -536512.9774      -855.597
1.2000        97.655534     0.000010885   -536581.0279      -529.697
1.3000        55.386171     0.000021769   -536623.2973      -327.169
1.4000        29.378852     0.000024490   -536649.3046      -199.869
1.5000        13.651878     0.000013606   -536665.0314      -120.068
1.6000         4.239372     0.000008163   -536674.4441       -70.727
1.7000        -1.261417     0.000019048   -536679.9449       -40.393
1.8000        -4.255560     0.000024490   -536682.9390       -21.878
1.9000        -5.592943     0.000024490   -536684.2764       -10.856
2.0000        -6.070813     0.000019048   -536684.7542        -4.116
2.1000        -5.937042     0.000021769   -536684.6203        -0.257
2.2000        -5.226700     0.000021769   -536683.9101         1.457
2.3000        -4.559724     0.000021769   -536683.2432         2.506
2.4000        -3.932610     0.000027211   -536682.6160         3.188
2.5000        -3.343856     0.000027211   -536682.0274         3.534
2.6000        -2.794368     0.000027211   -536681.4777         3.665
2.7000        -2.030912     0.000013606   -536680.7144         3.277
2.8000        -1.349829     0.000021769   -536680.0333         2.884
2.9000        -0.795971     0.000019048   -536679.4793         2.551
3.0000        -0.335078     0.000027211   -536679.0186         2.321
3.1000         0.110035     0.000019048   -536678.5734         2.037
3.2000         0.487171     0.000021769   -536678.1963         1.796
3.3000         0.809634     0.000005442   -536677.8738         1.601
3.4000         1.087229     0.000013606   -536677.5963         1.428
3.5000         1.328063     0.000005442   -536677.3554         1.258
3.6000         1.538149     0.000008163   -536677.1454         1.113
3.7000         1.721643     0.000013606   -536676.9617         0.991
3.8000         1.881943     0.000010885   -536676.8014         0.876
3.9000         2.022615     0.000021769   -536676.6607         0.767
4.0000         2.146095     0.000016327   -536676.5372         0.676
5.0000         2.765905     0.000008163   -536675.9176         0.159
6.0000         2.896106     0.000027211   -536675.7873         0.032
7.0000         2.918542     0.000021769   -536675.7649         0.005
8.0000         2.922186     0.000027211   -536675.7611         0.001
9.0000         2.922733     0.000016327   -536675.7606        -0.000
10.0000         2.922738     0.000010885   -536675.7606        -0.001
100.0000         2.922123     0.000016327   -536675.7614
1000.0000         2.922071     0.000016327   -536675.7614
