0.0020   7070722.006218     0.000021769   6866283.2322
0.0040   3449888.703002     0.000024490   3245449.9264
0.0060   2249461.471674     0.000008163   2045022.6962
0.0080   1651316.763618     0.000027211   1446877.9883
0.0100   1293702.071904     0.000008163   1089263.2965
0.0120   1056385.953559     0.000016327    851947.1783
0.0140    887554.880304     0.000024490    683116.1051
0.0160    761292.530042     0.000021769    556853.7547
0.0180    663450.475150     0.000021769    459011.6998
0.0200    585583.597523     0.000013606    381144.8220
0.0400    244726.462596     0.000019048     40287.6872
0.0600    139359.150530     0.000013606    -65079.6248
0.0800     89934.947820     0.000027211   -114503.8275
0.1000     62636.700909     0.000021769   -141802.0745
0.1200     45850.153048     0.000027211   -158588.6223
0.1400     34631.221186     0.000019048   -169807.5542
0.1600     26743.999127     0.000021769   -177694.7762
0.1800     21084.986603     0.000021769   -183353.7888
0.2000     16951.573719     0.000019048   -187487.2016
0.2400     11538.714969     0.000024490   -192900.0604
0.2800      8237.489093     0.000010885   -196201.2863
0.3200      5937.362014     0.000016327   -198501.4134    -46684.607
0.3600      4402.925432     0.000027211   -200035.8499    -31233.773
0.4000      3362.534438     0.000021769   -201076.2409    -21531.380
0.4500      2489.118699     0.000016327   -201949.6567    -14108.592
0.5000      1901.812624     0.000013606   -202536.9627     -9933.884
0.5500      1457.655293     0.000019048   -202981.1201     -7885.648
0.6000      1113.358374     0.000024490   -203325.4170     -5917.589
0.6500       859.449112     0.000016327   -203579.3263     -4320.131
0.7000       673.904647     0.000005442   -203764.8707     -3169.629
0.7500       536.604354     0.000024490   -203902.1710     -2368.025
0.8000       432.795289     0.000016327   -204005.9801     -1809.280
0.8500       352.503110     0.000027211   -204086.2722     -1412.202
0.9000       289.404941     0.000021769   -204149.3704     -1120.804
0.9500       239.081208     0.000010885   -204199.6942      -902.784
1.0000       198.380141     0.000027211   -204240.3952      -737.769
1.1000       137.323932     0.000010885   -204301.4514      -505.968
1.2000        95.136921     0.000019048   -204343.6384      -347.159
1.3000        66.107167     0.000024490   -204372.6682      -234.825
1.4000        46.395109     0.000024490   -204392.3803      -157.837
1.5000        32.756695     0.000016327   -204406.0187      -111.267
1.6000        23.427227     0.000021769   -204415.3481       -79.090
1.7000        16.518011     0.000019048   -204422.2574       -58.326
1.8000        11.204605     0.000019048   -204427.5708       -44.092
1.9000         7.065194     0.000027211   -204431.7102       -33.611
2.0000         3.843471     0.000016327   -204434.9319       -25.582
2.1000         1.525811     0.000021769   -204437.2496       -19.089
2.2000        -0.115559     0.000021769   -204438.8909       -14.031
2.3000        -1.313108     0.000013606   -204440.0885       -10.120
2.4000        -2.172041     0.000016327   -204440.9474        -7.207
2.5000        -2.774468     0.000010885   -204441.5498        -4.947
2.6000        -3.183058     0.000016327   -204441.9584        -3.300
2.7000        -3.447602     0.000019048   -204442.2230        -2.057
2.8000        -3.604470     0.000019048   -204442.3798        -1.109
2.9000        -3.682491     0.000010885   -204442.4579        -0.452
3.0000        -3.701915     0.000008163   -204442.4773         0.041
3.1000        -3.550976     0.000005442   -204442.3263         0.316
3.2000        -3.408396     0.000016327   -204442.1838         0.495
3.3000        -3.269700     0.000024490   -204442.0451         0.616
3.4000        -3.131912     0.000019048   -204441.9073         0.696
3.5000        -2.995942     0.000008163   -204441.7713         0.730
3.6000        -2.863648     0.000019048   -204441.6390         0.749
3.7000        -2.735962     0.000019048   -204441.5113         0.729
3.8000        -2.614272     0.000016327   -204441.3896         0.721
3.9000        -2.498803     0.000021769   -204441.2742         0.684
4.0000        -2.389204     0.000013606   -204441.1646         0.642
5.0000        -1.592756     0.000024490   -204440.3681         0.287
6.0000        -1.256886     0.000010885   -204440.0323         0.107
7.0000        -1.099558     0.000019048   -204439.8749         0.066
8.0000        -1.010302     0.000010885   -204439.7857         0.045
9.0000        -0.951683     0.000021769   -204439.7271         0.029
10.0000        -0.909965     0.000016327   -204439.6853         0.027
100.0000        -0.659332     0.000013606   -204439.4347         0.000
1000.0000        -0.640162     0.000021769   -204439.4155
