0.0020         0.000000     0.000005442  34504095.3806
0.0040  17158118.455747     0.000016327  16403472.4396
0.0060  11142644.737555     0.000013606  10387998.7232
0.0080   8143385.773021     0.000024490   7388739.7578
0.0100   6349738.434749     0.000019048   5595092.4189
0.0120   5158083.508412     0.000024490   4403437.4929
0.0140   4314159.151930     0.000021769   3559513.1378
0.0160   3684177.176441     0.000013606   2929531.1619
0.0180   3197374.666118     0.000016327   2442728.6511
0.0200   2811778.549746     0.000016327   2057132.5348
0.0400   1136551.671719     0.000016327    381905.6568
0.0600    629985.913612     0.000019048   -124660.1014
0.0800    398895.309653     0.000019048   -355750.7054
0.1000    273527.523994     0.000024490   -481118.4909
0.1200    197515.971896     0.000024490   -557130.0431
0.1400    148563.460567     0.000024490   -606082.5543
0.1600    115102.582728     0.000024490   -639543.4322
0.1800     90164.777462     0.000005442   -664481.2377
0.2000     71428.769273     0.000027211   -683217.2457
0.2400     46534.693433     0.000013606   -708111.3217
0.2800     31701.487781     0.000019048   -722944.5271
0.3200     21933.672504     0.000010885   -732712.3426
0.3600     15530.781916     0.000027211   -739115.2331
0.4000     11313.687742     0.000021769   -743332.3274
0.4500      7803.076084     0.000021769   -746842.9390
0.5000      5451.464371     0.000024490   -749194.5508    -38229.045
0.5500      3864.449927     0.000016327   -750781.5651    -26150.942
0.6000      2765.485786     0.000016327   -751880.5292    -18402.296
0.6500      1998.834261     0.000016327   -752647.1809    -12575.534
0.7000      1474.983072     0.000019048   -753171.0321     -8653.845
0.7500      1109.760913     0.000021769   -753536.2542     -6128.472
0.8000       847.165970     0.000019048   -753798.8491     -4485.348
0.8500       652.659521     0.000005442   -753993.3556     -3357.720
0.9000       505.616446     0.000021769   -754140.3986     -2544.315
0.9500       393.516923     0.000019048   -754252.4981     -1943.941
1.0000       308.118901     0.000021769   -754337.8962     -1486.368
1.1000       192.843523     0.000027211   -754453.1716      -879.867
1.2000       124.041002     0.000010885   -754521.9739      -534.591
1.3000        81.823383     0.000024490   -754564.1916      -338.450
1.4000        54.756477     0.000019048   -754591.2585      -222.941
1.5000        36.726035     0.000021769   -754609.2891      -149.990
1.6000        24.478392     0.000008163   -754621.5366      -101.452
1.7000        16.126404     0.000021769   -754629.8886       -68.438
1.8000        10.548900     0.000016327   -754635.4662       -45.996
1.9000         6.845342     0.000024490   -754639.1696       -30.763
2.0000         4.381201     0.000010885   -754641.6339       -20.454
2.1000         2.902933     0.000013606   -754643.1120       -13.998
2.2000         1.945291     0.000019048   -754644.0698        -9.864
2.3000         1.276141     0.000019048   -754644.7390        -7.172
2.4000         0.783383     0.000008163   -754645.2315        -5.442
2.5000         0.449911     0.000019048   -754645.5651        -4.259
2.6000         0.186825     0.000019048   -754645.8283        -3.474
2.7000        -0.002340     0.000005442   -754646.0174        -2.796
2.8000        -0.171505     0.000010885   -754646.1866        -2.241
2.9000        -0.311579     0.000002721   -754646.3265        -1.696
3.0000        -0.418329     0.000021769   -754646.4334        -1.247
3.1000        -0.491495     0.000021769   -754646.5066        -0.862
3.2000        -0.534745     0.000005442   -754646.5499        -0.553
3.3000        -0.550979     0.000027211   -754646.5660        -0.308
3.4000        -0.545115     0.000010885   -754646.5602        -0.100
3.5000        -0.522491     0.000010885   -754646.5374         0.058
3.6000        -0.486113     0.000010885   -754646.5012         0.158
3.7000        -0.439646     0.000005442   -754646.4547         0.244
3.8000        -0.387011     0.000008163   -754646.4021         0.299
3.9000        -0.330618     0.000013606   -754646.3455         0.337
4.0000        -0.271521     0.000005442   -754646.2865         0.348
5.0000         0.209969     0.000016327   -754645.8051         0.195
6.0000         0.402612     0.000016327   -754645.6125         0.061
7.0000         0.460041     0.000021769   -754645.5550         0.023
8.0000         0.477386     0.000027211   -754645.5376         0.009
9.0000         0.483718     0.000008163   -754645.5314         0.005
10.0000         0.486836     0.000013606   -754645.5281         0.003
100.0000         0.500404     0.000027211   -754645.5145
1000.0000         0.501340     0.000019048   -754645.5137
