0.0020   6013938.493587     0.000021769   5538064.5929
0.0040   2931384.045574     0.000021769   2455510.1442
0.0060   1907061.599353     0.000021769   1431187.6981
0.0080   1397494.425494     0.000024490    921620.5243
0.0100   1093195.653151     0.000013606    617321.7520
0.0120    891279.931374     0.000013606    415406.0301
0.0140    747804.531795     0.000013606    271930.6306
0.0160    640886.394045     0.000013606    165012.4928
0.0180    558164.946317     0.000027211     82291.0451
0.0200    492520.458889     0.000008163     16646.5577
0.0400    205208.317474     0.000005442   -270665.5838
0.0600    116150.563511     0.000008163   -359723.3376
0.0800     75308.532549     0.000008163   -400565.3687
0.1000     52652.686105     0.000019048   -423221.2151
0.1200     38364.527934     0.000021769   -437509.3733
0.1400     28838.849120     0.000027211   -447035.0520
0.1600     22299.154456     0.000019048   -453574.7466
0.1800     17663.650866     0.000021769   -458210.2504
0.2000     14272.465770     0.000019048   -461601.4355
0.2400      9626.830730     0.000021769   -466247.0706
0.2800      6652.836008     0.000024490   -469221.0653
0.3200      4727.059727     0.000024490   -471146.8414    -38816.893
0.3600      3449.290878     0.000027211   -472424.6105    -26017.354
0.4000      2582.465714     0.000027211   -473291.4355    -17956.021
0.4500      1845.796513     0.000021769   -474028.1048    -12069.895
0.5000      1339.873607     0.000024490   -474534.0275     -8405.260
0.5500       986.092925     0.000010885   -474887.8083     -5893.568
0.6000       737.966085     0.000016327   -475135.9352     -4172.127
0.6500       560.663693     0.000013606   -475313.2376     -2996.458
0.7000       431.789183     0.000024490   -475442.1121     -2191.242
0.7500       336.272181     0.000021769   -475537.6290     -1634.696
0.8000       264.077210     0.000024490   -475609.8241     -1244.349
0.8500       209.175936     0.000016327   -475664.7253      -960.168
0.9000       166.655585     0.000016327   -475707.2455      -752.263
0.9500       133.128098     0.000019048   -475740.7732      -596.033
1.0000       106.448804     0.000002721   -475767.4524      -475.269
1.1000        68.067402     0.000027211   -475805.8338      -306.903
1.2000        42.805093     0.000010885   -475831.0960      -200.491
1.3000        26.419275     0.000002721   -475847.4819      -128.668
1.4000        15.950782     0.000021769   -475857.9504       -82.109
1.5000         9.334883     0.000010885   -475864.5663       -52.492
1.6000         5.079486     0.000008163   -475868.8216       -34.058
1.7000         2.297611     0.000021769   -475871.6037       -22.437
1.8000         0.454692     0.000019048   -475873.4465       -15.143
1.9000        -0.740419     0.000005442   -475874.6416       -10.383
2.0000        -1.564878     0.000024490   -475875.4661        -7.127
2.1000        -2.126342     0.000016327   -475876.0275        -4.753
2.2000        -2.499054     0.000019048   -475876.4003        -3.151
2.3000        -2.736364     0.000010885   -475876.6375        -1.936
2.4000        -2.875464     0.000008163   -475876.7766        -1.089
2.5000        -2.945070     0.000019048   -475876.8462        -0.501
2.6000        -2.964475     0.000010885   -475876.8656        -0.055
2.7000        -2.943781     0.000013606   -475876.8449         0.245
2.8000        -2.887883     0.000008163   -475876.7891         0.432
2.9000        -2.763951     0.000013606   -475876.6653         0.546
3.0000        -2.638684     0.000010885   -475876.5398         0.626
3.1000        -2.514992     0.000019048   -475876.4163         0.639
3.2000        -2.394595     0.000010885   -475876.2958         0.642
3.3000        -2.279118     0.000021769   -475876.1804         0.632
3.4000        -2.168234     0.000010885   -475876.0694         0.624
3.5000        -2.061973     0.000016327   -475875.9632         0.577
3.6000        -1.963068     0.000021769   -475875.8642         0.540
3.7000        -1.871260     0.000010885   -475875.7725         0.509
3.8000        -1.786986     0.000010885   -475875.6881         0.486
3.9000        -1.709597     0.000016327   -475875.6109         0.420
4.0000        -1.638934     0.000019048   -475875.5401         0.385
5.0000        -1.227925     0.000019048   -475875.1292         0.140
6.0000        -1.108546     0.000021769   -475875.0098         0.026
7.0000        -1.075362     0.000021769   -475874.9766         0.017
8.0000        -1.064219     0.000008163   -475874.9654         0.008
9.0000        -1.058956     0.000019048   -475874.9602         0.005
10.0000        -1.055685     0.000010885   -475874.9570         0.004
100.0000        -1.038175     0.000002721   -475874.9393         0.000
1000.0000        -1.036934     0.000027211   -475874.9382
