0.0020         0.000000     0.000021769  28255652.0974
0.0040  14069780.863937     0.000010885  13410139.4250
0.0060   9130742.899527     0.000016327   8471101.4587
0.0080   6671084.144113     0.000008163   6011442.7045
0.0100   5201706.095710     0.000010885   4542064.6545
0.0120   4227133.569339     0.000027211   3567492.1286
0.0140   3534823.168128     0.000002721   2875181.7291
0.0160   3019416.258600     0.000005442   2359774.8184
0.0180   2622023.358595     0.000008163   1962381.9184
0.0200   2306839.626053     0.000027211   1647198.1858
0.0400    937756.228212     0.000019048    278114.7882
0.0600    520745.883670     0.000010885   -138895.5564
0.0800    330150.779510     0.000016327   -329490.6606
0.1000    226693.164801     0.000019048   -432948.2753
0.1200    163339.938622     0.000019048   -496301.5016
0.1400    121493.667749     0.000010885   -538147.7725
0.1600     93142.122693     0.000016327   -566499.3175
0.1800     73314.090597     0.000002721   -586327.3494
0.2000     58502.133658     0.000010885   -601139.3065
0.2400     38286.170796     0.000016327   -621355.2692
0.2800     25942.874567     0.000021769   -633698.5656
0.3200     18419.031810     0.000019048   -641222.4082
0.3600     13374.264043     0.000027211   -646267.1760
0.4000      9806.640470     0.000019048   -649834.7996
0.4500      6928.701818     0.000002721   -652712.7383    -45203.000
0.5000      5085.493798     0.000016327   -654555.9463    -29998.379
0.5500      3821.556832     0.000016327   -655819.8833    -21291.980
0.6000      2904.974638     0.000010885   -656736.4654    -15704.191
0.6500      2224.917116     0.000021769   -657416.5231    -11690.813
0.7000      1717.824969     0.000021769   -657923.6151     -8739.283
0.7500      1337.473929     0.000024490   -658303.9662     -6584.732
0.8000      1049.497483     0.000013606   -658591.9427     -5013.831
0.8500       828.972324     0.000021769   -658812.4677     -3860.696
0.9000       658.148008     0.000027211   -658983.2921     -3007.822
0.9500       524.406048     0.000010885   -659117.0340     -2372.683
1.0000       418.396833     0.000010885   -659223.0433     -1886.373
1.1000       266.863148     0.000021769   -659374.5770     -1194.590
1.2000       171.271484     0.000024490   -659470.1688      -755.879
1.3000       110.475027     0.000016327   -659530.9650      -485.464
1.4000        71.006470     0.000013606   -659570.4338      -316.141
1.5000        45.129861     0.000024490   -659596.3102      -208.027
1.6000        28.055578     0.000005442   -659613.3845      -137.773
1.7000        16.751572     0.000016327   -659624.6887       -91.490
1.8000         9.264150     0.000027211   -659632.1759       -60.639
1.9000         4.318310     0.000019048   -659637.1218       -39.976
2.0000         1.076486     0.000024490   -659640.3635       -26.114
2.1000        -1.020708     0.000016327   -659642.4607       -16.683
2.2000        -2.345135     0.000019048   -659643.7854       -10.367
2.3000        -3.148258     0.000021769   -659644.5884        -6.119
2.4000        -3.601382     0.000019048   -659645.0414        -3.226
2.5000        -3.820766     0.000019048   -659645.2608        -1.356
2.6000        -3.886928     0.000019048   -659645.3272        -0.106
2.7000        -3.846432     0.000024490   -659645.2866         0.635
2.8000        -3.746753     0.000010885   -659645.1867         1.094
2.9000        -3.615483     0.000010885   -659645.0556         1.322
3.0000        -3.469369     0.000013606   -659644.9095         1.430
3.1000        -3.319619     0.000008163   -659644.7598         1.439
3.2000        -3.173292     0.000013606   -659644.6134         1.378
3.3000        -3.034784     0.000021769   -659644.4749         1.292
3.4000        -2.906841     0.000016327   -659644.3470         1.192
3.5000        -2.790564     0.000010885   -659644.2308         1.074
3.6000        -2.631081     0.000013606   -659644.0711         0.944
3.7000        -2.474942     0.000005442   -659643.9152         0.818
3.8000        -2.330550     0.000016327   -659643.7707         0.698
3.9000        -2.207903     0.000013606   -659643.6479         0.586
4.0000        -2.103767     0.000016327   -659643.5440         0.499
5.0000        -1.625350     0.000019048   -659643.0653         0.083
6.0000        -1.534540     0.000013606   -659642.9747         0.027
7.0000        -1.502314     0.000019048   -659642.9424         0.008
8.0000        -1.482904     0.000008163   -659642.9230         0.004
9.0000        -1.469138     0.000013606   -659642.9092         0.003
10.0000        -1.458811     0.000024490   -659642.8988         0.002
100.0000        -1.391950     0.000013606   -659642.8321
1000.0000        -1.386532     0.000002721   -659642.8267
