0.0020   7702231.847564     0.000027211   7425285.6286
0.0040   3756209.817262     0.000019048   3479263.5990
0.0060   2446409.070388     0.000016327   2169462.8512
0.0080   1794446.725662     0.000016327   1517500.5064
0.0100   1404833.688278     0.000016327   1127887.4690
0.0120   1146478.564393     0.000019048    869532.3452
0.0140    962665.668913     0.000016327    685719.4495
0.0160    825301.724425     0.000016327    548355.5051
0.0180    718915.554952     0.000016327    441969.3358
0.0200    634236.913909     0.000016327    357290.6946
0.0400    264258.013857     0.000002721    -12688.2054
0.0600    149840.733473     0.000019048   -127105.4858
0.0800     96700.627147     0.000019048   -180245.5921
0.1000     67413.222380     0.000024490   -209532.9969
0.1200     49234.807176     0.000013606   -227711.4121
0.1400     37059.042539     0.000008163   -239887.1767
0.1600     28597.985922     0.000016327   -248348.2334
0.1800     22550.760828     0.000008163   -254395.4585
0.2000     18129.486763     0.000027211   -258816.7325
0.2400     12259.216832     0.000024490   -264687.0024
0.2800      8455.326844     0.000010885   -268490.8924
0.3200      6011.624849     0.000024490   -270934.5944    -48972.387
0.3600      4400.381710     0.000021769   -272545.8375    -32797.582
0.4000      3308.535417     0.000016327   -273637.6839    -22552.966
0.4500      2390.623538     0.000013606   -274555.5958    -14958.553
0.5000      1757.024280     0.000016327   -275189.1950    -10767.269
0.5500      1297.524517     0.000010885   -275648.6948     -7772.578
0.6000       967.074502     0.000027211   -275979.1448     -5550.293
0.6500       729.929542     0.000016327   -276216.2897     -3967.507
0.7000       561.942346     0.000010885   -276384.2770     -2834.141
0.7500       441.144477     0.000024490   -276505.0747     -2058.963
0.8000       352.416191     0.000024490   -276593.8031     -1534.303
0.8500       285.116433     0.000010885   -276661.1029     -1183.855
0.9000       232.221496     0.000021769   -276713.9978      -948.615
0.9500       189.732787     0.000016327   -276756.4865      -778.467
1.0000       154.760973     0.000008163   -276791.4583      -634.992
1.1000       104.305825     0.000016327   -276841.9134      -405.712
1.2000        73.101277     0.000013606   -276873.1181      -248.724
1.3000        53.881571     0.000021769   -276892.3377      -153.063
1.4000        41.639259     0.000021769   -276904.5801      -105.798
1.5000        32.607582     0.000021769   -276913.6116       -80.999
1.6000        25.520610     0.000013606   -276920.6985       -62.982
1.7000        20.022937     0.000019048   -276926.1963       -48.667
1.8000        15.795462     0.000013606   -276930.4239       -37.191
1.9000        12.581989     0.000013606   -276933.6373       -27.956
2.0000        10.176790     0.000021769   -276936.0425       -20.742
2.1000         8.403203     0.000016327   -276937.8161       -15.151
2.2000         7.113911     0.000008163   -276939.1054       -10.944
2.3000         6.187167     0.000008163   -276940.0322        -7.810
2.4000         5.528150     0.000013606   -276940.6910        -5.539
2.5000         5.062669     0.000024490   -276941.1566        -3.877
2.6000         4.735863     0.000016327   -276941.4834        -2.718
2.7000         4.506550     0.000027211   -276941.7128        -1.893
2.8000         4.345464     0.000016327   -276941.8739        -1.321
2.9000         4.231413     0.000024490   -276941.9879        -0.933
3.0000         4.149811     0.000016327   -276942.0696        -0.662
3.1000         4.090507     0.000024490   -276942.1289        -0.480
3.2000         4.046604     0.000010885   -276942.1727        -0.353
3.3000         4.013436     0.000010885   -276942.2059        -0.254
3.4000         3.987800     0.000013606   -276942.2315        -0.200
3.5000         3.967941     0.000008163   -276942.2513        -0.155
3.6000         3.952360     0.000021769   -276942.2668        -0.117
3.7000         3.940050     0.000005442   -276942.2794        -0.090
3.8000         3.930308     0.000019048   -276942.2889        -0.072
3.9000         3.922795     0.000016327   -276942.2965        -0.055
4.0000         3.917159     0.000008163   -276942.3022        -0.040
5.0000         3.911287     0.000021769   -276942.3079         0.015
6.0000         3.925119     0.000021769   -276942.2941         0.010
7.0000         3.931385     0.000016327   -276942.2878         0.003
8.0000         3.933160     0.000016327   -276942.2862         0.000
9.0000         3.933573     0.000016327   -276942.2856        -0.000
10.0000         3.933644     0.000016327   -276942.2856        -0.000
100.0000         3.933674     0.000016327   -276942.2856
1000.0000         3.933677     0.000016327   -276942.2856
