0.0020   1575985.167734     0.000008163   1361163.2082
0.0040    770331.615688     0.000016327    555509.6562
0.0060    502443.131715     0.000021769    287621.1721
0.0080    368944.647228     0.000013606    154122.6876
0.0100    289294.365772     0.000024490     74472.4062
0.0120    236487.497184     0.000024490     21665.5376
0.0140    198928.263221     0.000024490    -15893.6964
0.0160    170888.221434     0.000013606    -43933.7382
0.0180    149171.350895     0.000021769    -65650.6087
0.0200    131879.014752     0.000021769    -82942.9448
0.0400     55870.517539     0.000024490   -158951.4420
0.0600     32209.811461     0.000016327   -182612.1481
0.0800     21114.680582     0.000013606   -193707.2790
0.1000     14894.020746     0.000016327   -199927.9388
0.1200     11044.592002     0.000008163   -203777.3676
0.1400      8506.595995     0.000019048   -206315.3636
0.1600      6731.176259     0.000016327   -208090.7833
0.1800      5424.418505     0.000027211   -209397.5411
0.2000      4424.569809     0.000013606   -210397.3898    -44008.665
0.2400      3023.283594     0.000016327   -211798.6760    -27476.133
0.2800      2140.785812     0.000010885   -212681.1738    -17479.102
0.3200      1571.648640     0.000016327   -213250.3109    -11489.706
0.3600      1190.561820     0.000024490   -213631.3978     -7865.196
0.4000       924.476991     0.000013606   -213897.4826     -5616.468
0.4500       689.997050     0.000021769   -214131.9625     -3918.481
0.5000       522.382070     0.000024490   -214299.5775     -2867.254
0.5500       398.432613     0.000027211   -214423.5270     -2129.395
0.6000       306.239832     0.000019048   -214515.7197     -1580.917
0.6500       237.761393     0.000016327   -214584.1982     -1172.601
0.7000       186.887133     0.000013606   -214635.0725      -872.153
0.7500       148.902881     0.000008163   -214673.0567      -653.822
0.8000       120.470867     0.000027211   -214701.4887      -496.208
0.8500        98.740145     0.000013606   -214723.2194      -384.089
0.9000        81.724908     0.000016327   -214740.2347      -304.751
0.9500        68.037102     0.000024490   -214753.9225      -248.111
1.0000        56.760871     0.000019048   -214765.1987      -206.067
1.1000        39.353390     0.000019048   -214782.6062      -146.049
1.2000        27.013039     0.000027211   -214794.9466      -102.875
1.3000        18.427380     0.000013606   -214803.5322       -70.804
1.4000        12.607282     0.000021769   -214809.3523       -47.464
1.5000         8.751367     0.000019048   -214813.2082       -31.200
1.6000         6.317400     0.000013606   -214815.6422       -20.374
1.7000         4.888457     0.000019048   -214817.0711       -13.935
1.8000         3.886079     0.000019048   -214818.0735        -9.994
1.9000         3.068795     0.000016327   -214818.8908        -7.552
2.0000         2.351013     0.000019048   -214819.6086        -5.886
2.1000         1.695635     0.000016327   -214820.2640        -4.740
2.2000         1.098481     0.000008163   -214820.8611        -3.894
2.3000         0.699619     0.000016327   -214821.2600        -2.934
2.4000         0.478338     0.000010885   -214821.4813        -2.106
2.5000         0.319538     0.000013606   -214821.6401        -1.467
2.6000         0.209326     0.000013606   -214821.7503        -0.907
2.7000         0.135725     0.000016327   -214821.8239        -0.459
2.8000         0.092339     0.000010885   -214821.8672        -0.138
2.9000         0.074878     0.000016327   -214821.8847         0.121
3.0000         0.075120     0.000019048   -214821.8845         0.318
3.1000         0.087653     0.000021769   -214821.8719         0.473
3.2000         0.120911     0.000019048   -214821.8387         0.572
3.3000         0.168136     0.000010885   -214821.7915         0.601
3.4000         0.217210     0.000024490   -214821.7424         0.619
3.5000         0.265477     0.000021769   -214821.6941         0.630
3.6000         0.311832     0.000024490   -214821.6478         0.632
3.7000         0.355525     0.000021769   -214821.6041         0.622
3.8000         0.396827     0.000019048   -214821.5628         0.600
3.9000         0.436357     0.000013606   -214821.5232         0.563
4.0000         0.474491     0.000010885   -214821.4851         0.543
5.0000         0.737244     0.000027211   -214821.2223         0.228
6.0000         0.868362     0.000024490   -214821.0912         0.088
7.0000         0.907508     0.000010885   -214821.0521         0.020
8.0000         0.912719     0.000024490   -214821.0469         0.006
9.0000         0.911239     0.000013606   -214821.0483         0.003
10.0000         0.908907     0.000019048   -214821.0507         0.001
100.0000         0.890833     0.000016327   -214821.0688
1000.0000         0.889396     0.000024490   -214821.0702
