0.0020   5337758.154964     0.000024490   5259231.9895
0.0040   2616951.604165     0.000019048   2538425.4377
0.0060   1710811.709682     0.000021769   1632285.5433
0.0080   1258448.700414     0.000013606   1179922.5340
0.0100    987633.289679     0.000013606    909107.1233
0.0120    807464.817270     0.000021769    728938.6507
0.0140    679475.100540     0.000010885    600948.9340
0.0160    583899.557641     0.000013606    505373.3911
0.0180    509748.558905     0.000021769    431222.3925
0.0200    450562.408729     0.000013606    372036.2423
0.0400    189772.886526     0.000013606    111246.7200
0.0600    108269.047777     0.000019048     29742.8813
0.0800     70237.920651     0.000016327     -8288.2458
0.1000     48964.961357     0.000008163    -29561.2051
0.1200     35885.067948     0.000019048    -42641.0985
0.1400     27279.757900     0.000027211    -51246.4086
0.1600     21259.326711     0.000013606    -57266.8398
0.1800     16839.502273     0.000016327    -61686.6642
0.2000     13511.073312     0.000019048    -65015.0932
0.2400      9005.933776     0.000019048    -69520.2327
0.2800      6262.467297     0.000019048    -72263.6992
0.3200      4530.547603     0.000016327    -73995.6189    -34643.784
0.3600      3391.608822     0.000021769    -75134.5577    -23354.121
0.4000      2554.370203     0.000027211    -75971.7963    -19293.650
0.4500      1757.039821     0.000024490    -76769.1267    -12915.996
0.5000      1227.419922     0.000019048    -77298.7466     -8566.179
0.5500       874.505308     0.000016327    -77651.6612     -5748.830
0.6000       635.588041     0.000016327    -77890.5785     -3929.767
0.6500       470.544431     0.000024490    -78055.6220     -2746.986
0.7000       353.761207     0.000013606    -78172.4053     -1970.413
0.7500       268.957008     0.000013606    -78257.2095     -1450.645
0.8000       205.881770     0.000021769    -78320.2847     -1090.737
0.8500       158.310612     0.000021769    -78367.8559      -844.651
0.9000       121.248193     0.000024490    -78404.9183      -654.866
0.9500        92.431762     0.000010885    -78433.7347      -504.507
1.0000        70.134456     0.000021769    -78456.0320      -386.976
1.1000        39.598230     0.000027211    -78486.5682      -227.765
1.2000        21.632799     0.000021769    -78504.5337      -134.962
1.3000        11.302008     0.000024490    -78514.8645       -83.252
1.4000         5.050922     0.000021769    -78521.1156       -52.964
1.5000         1.012784     0.000010885    -78525.1537       -33.367
1.6000        -1.530211     0.000024490    -78527.6967       -20.518
1.7000        -3.066303     0.000024490    -78529.2328       -12.070
1.8000        -3.931769     0.000019048    -78530.0983        -6.539
1.9000        -4.356564     0.000013606    -78530.5231        -2.971
2.0000        -4.386983     0.000008163    -78530.5535        -0.920
2.1000        -4.207508     0.000016327    -78530.3740         0.276
2.2000        -3.971098     0.000024490    -78530.1376         1.029
2.3000        -3.712557     0.000010885    -78529.8790         1.442
2.4000        -3.448911     0.000010885    -78529.6154         1.682
2.5000        -3.167654     0.000016327    -78529.3341         1.725
2.6000        -2.863553     0.000019048    -78529.0301         1.667
2.7000        -2.595499     0.000024490    -78528.7620         1.580
2.8000        -2.354180     0.000010885    -78528.5207         1.494
2.9000        -2.135403     0.000008163    -78528.3019         1.400
3.0000        -1.935285     0.000008163    -78528.1018         1.292
3.1000        -1.748925     0.000019048    -78527.9154         1.187
3.2000        -1.555559     0.000019048    -78527.7221         1.051
3.3000        -1.385245     0.000021769    -78527.5517         0.926
3.4000        -1.235269     0.000010885    -78527.4017         0.808
3.5000        -1.104116     0.000019048    -78527.2706         0.704
3.6000        -0.990204     0.000013606    -78527.1567         0.612
3.7000        -0.891595     0.000024490    -78527.0581         0.528
3.8000        -0.806334     0.000021769    -78526.9728         0.452
3.9000        -0.733059     0.000021769    -78526.8995         0.387
4.0000        -0.670549     0.000024490    -78526.8370         0.331
5.0000        -0.394312     0.000008163    -78526.5608         0.060
6.0000        -0.349680     0.000005442    -78526.5162         0.010
7.0000        -0.342937     0.000016327    -78526.5094         0.001
8.0000        -0.341868     0.000010885    -78526.5083
9.0000        -0.341680     0.000010885    -78526.5082        -0.000
10.0000        -0.341639     0.000010885    -78526.5081        -0.000
100.0000        -0.341549     0.000024490    -78526.5080
1000.0000        -0.341547     0.000019048    -78526.5080
