0.0020   6626486.814558     0.000024490   6373027.3699
0.0040   3233341.692505     0.000021769   2979882.2474
0.0060   2106470.072047     0.000013606   1853010.6271
0.0080   1545347.474960     0.000021769   1291888.0302
0.0100   1210016.655447     0.000019048    956557.2106
0.0120    987714.652572     0.000024490    734255.2078
0.0140    829673.362498     0.000008163    576213.9176
0.0160    711635.456548     0.000016327    458176.0117
0.0180    620249.573542     0.000005442    366790.1287
0.0200    547449.853392     0.000019048    293990.4086
0.0400    228830.089009     0.000010885    -24629.3559
0.0600    130161.631644     0.000013606   -123297.8132
0.0800     84157.377848     0.000019048   -169302.0670
0.1000     58738.929740     0.000024490   -194720.5151
0.1200     43039.644481     0.000024490   -210419.8004
0.1400     32539.434451     0.000010885   -220920.0104
0.1600     25171.948031     0.000010885   -228287.4968
0.1800     19852.154615     0.000016327   -233607.2903
0.2000     15936.866706     0.000016327   -237522.5782
0.2400     10774.598569     0.000024490   -242684.8463
0.2800      7588.673019     0.000016327   -245870.7718
0.3200      5418.325316     0.000021769   -248041.1196    -43970.085
0.3600      3967.928311     0.000021769   -249491.5165    -29616.228
0.4000      2979.500216     0.000010885   -250479.9447    -20453.012
0.4500      2150.063469     0.000005442   -251309.3814    -13354.935
0.5000      1591.611747     0.000008163   -251867.8331     -9319.999
0.5500      1190.603625     0.000021769   -252268.8412     -6877.137
0.6000       894.900965     0.000016327   -252564.5439     -5026.534
0.6500       680.744430     0.000019048   -252778.7004     -3615.666
0.7000       526.685089     0.000027211   -252932.7598     -2619.356
0.7500       414.813917     0.000027211   -253044.6309     -1915.967
0.8000       332.733383     0.000010885   -253126.7115     -1448.834
0.8500       269.169831     0.000027211   -253190.2750     -1118.988
0.9000       219.046823     0.000013606   -253240.3980      -885.464
0.9500       179.583861     0.000027211   -253279.8610      -707.823
1.0000       148.096047     0.000016327   -253311.3488      -576.390
1.1000       100.903456     0.000013606   -253358.5414      -402.056
1.2000        67.649212     0.000027211   -253391.7956      -274.703
1.3000        45.263061     0.000016327   -253414.1818      -180.978
1.4000        30.577710     0.000005442   -253428.8671      -116.746
1.5000        21.076377     0.000024490   -253438.3685       -76.051
1.6000        14.756604     0.000016327   -253444.6883       -51.899
1.7000        10.269633     0.000024490   -253449.1752       -37.884
1.8000         6.906367     0.000024490   -253452.5385       -28.848
1.9000         4.343377     0.000013606   -253455.1015       -22.145
2.0000         2.411912     0.000013606   -253457.0330       -16.726
2.1000         1.024063     0.000024490   -253458.4208       -12.351
2.2000         0.057375     0.000021769   -253459.3875        -8.790
2.3000        -0.479810     0.000013606   -253459.9247        -6.316
2.4000        -0.742044     0.000002721   -253460.1869        -4.594
2.5000        -0.924194     0.000005442   -253460.3690        -3.144
2.6000        -1.028335     0.000008163   -253460.4732        -2.027
2.7000        -1.065568     0.000016327   -253460.5104        -1.123
2.8000        -1.049685     0.000005442   -253460.4945        -0.449
2.9000        -0.990010     0.000016327   -253460.4349         0.037
3.0000        -0.898262     0.000024490   -253460.3431         0.397
3.1000        -0.785239     0.000024490   -253460.2301         0.644
3.2000        -0.657305     0.000027211   -253460.1022         0.791
3.3000        -0.519953     0.000021769   -253459.9648         0.877
3.4000        -0.379776     0.000016327   -253459.8246         0.927
3.5000        -0.240777     0.000021769   -253459.6856         0.934
3.6000        -0.105529     0.000019048   -253459.5504         0.910
3.7000         0.024977     0.000010885   -253459.4199         0.865
3.8000         0.148316     0.000010885   -253459.2965         0.817
3.9000         0.263099     0.000016327   -253459.1818         0.764
4.0000         0.368698     0.000002721   -253459.0762         0.709
5.0000         1.008022     0.000010885   -253458.4368         0.253
6.0000         1.236140     0.000024490   -253458.2087         0.136
7.0000         1.334382     0.000019048   -253458.1105         0.059
8.0000         1.389844     0.000016327   -253458.0550         0.038
9.0000         1.426547     0.000008163   -253458.0183         0.027
10.0000         1.453135     0.000010885   -253457.9917         0.021
100.0000         1.619067     0.000005442   -253457.8258         0.000
1000.0000         1.632077     0.000013606   -253457.8128
