0.0020   6779149.520118     0.000021769   6674556.9742
0.0040   3321056.656265     0.000013606   3216464.1107
0.0060   2169839.033391     0.000016327   2065246.4876
0.0080   1595334.237839     0.000010885   1490741.6919
0.0100   1251416.303712     0.000021769   1146823.7579
0.0120   1022709.119687     0.000021769    918116.5738
0.0140    860462.120413     0.000021769    755869.5745
0.0160    739022.531449     0.000024490    634429.9856
0.0180    644736.410563     0.000008163    540143.8647
0.0200    569453.927350     0.000010885    464861.3814
0.0400    238575.681816     0.000010885    133983.1360
0.0600    135480.377319     0.000016327     30887.8315
0.0800     87491.184709     0.000010885    -17101.3611
0.1000     60874.424712     0.000021769    -43718.1211
0.1200     44561.784881     0.000021769    -60030.7609
0.1400     33738.140105     0.000024490    -70854.4057
0.1600     26113.738131     0.000027211    -78478.8077
0.1800     20568.343795     0.000010885    -84024.2020
0.2000     16445.897384     0.000008163    -88146.6484
0.2400     10981.618541     0.000008163    -93610.9273
0.2800      7749.927335     0.000021769    -96842.6185
0.3200      5658.840935     0.000005442    -98933.7049    -46481.274
0.3600      4097.776355     0.000013606   -100494.7695    -32090.220
0.4000      3030.760902     0.000016327   -101561.7849    -21933.713
0.4500      2151.382585     0.000019048   -102441.1632    -14014.578
0.5000      1564.862754     0.000016327   -103027.6830     -9721.501
0.5500      1152.297334     0.000013606   -103440.2485     -6910.461
0.6000       858.779690     0.000024490   -103733.7661     -4943.665
0.6500       648.090594     0.000027211   -103944.4552     -3564.474
0.7000       495.223366     0.000013606   -104097.3224     -2604.809
0.7500       382.739776     0.000024490   -104209.8060     -1933.602
0.8000       298.002526     0.000010885   -104294.5433     -1534.121
0.8500       229.748837     0.000016327   -104362.7970     -1226.342
0.9000       176.081145     0.000021769   -104416.4647      -931.739
0.9500       135.738797     0.000010885   -104456.8070      -694.752
1.0000       105.553726     0.000021769   -104486.9921      -521.843
1.1000        65.332741     0.000027211   -104527.2131      -304.598
1.2000        41.314975     0.000021769   -104551.2308      -185.985
1.3000        26.337361     0.000024490   -104566.2084      -117.765
1.4000        16.666915     0.000010885   -104575.8789       -76.544
1.5000        10.251346     0.000021769   -104582.2945       -50.701
1.6000         6.023874     0.000016327   -104586.5219       -33.780
1.7000         3.248442     0.000016327   -104589.2974       -22.466
1.8000         1.443287     0.000024490   -104591.1025       -14.956
1.9000         0.345751     0.000019048   -104592.2001       -10.099
2.0000        -0.388002     0.000019048   -104592.9338        -6.761
2.1000        -0.871222     0.000016327   -104593.4170        -4.422
2.2000        -1.180621     0.000013606   -104593.7264        -2.788
2.3000        -1.369743     0.000021769   -104593.9155        -1.657
2.4000        -1.474689     0.000021769   -104594.0205        -0.849
2.5000        -1.521528     0.000008163   -104594.0673        -0.297
2.6000        -1.527166     0.000010885   -104594.0730         0.093
2.7000        -1.504654     0.000005442   -104594.0505         0.365
2.8000        -1.462003     0.000016327   -104594.0078         0.539
2.9000        -1.405686     0.000019048   -104593.9515         0.668
3.0000        -1.340188     0.000019048   -104593.8860         0.742
3.1000        -1.268269     0.000021769   -104593.8141         0.785
3.2000        -1.192673     0.000027211   -104593.7385         0.807
3.3000        -1.115392     0.000021769   -104593.6612         0.811
3.4000        -1.037307     0.000027211   -104593.5831         0.799
3.5000        -0.959566     0.000024490   -104593.5054         0.783
3.6000        -0.860226     0.000019048   -104593.4060         0.740
3.7000        -0.740289     0.000008163   -104593.2861         0.672
3.8000        -0.633617     0.000024490   -104593.1794         0.606
3.9000        -0.538516     0.000019048   -104593.0843         0.551
4.0000        -0.453902     0.000013606   -104592.9997         0.500
5.0000         0.050904     0.000008163   -104592.4949         0.177
6.0000         0.241926     0.000008163   -104592.3039         0.042
7.0000         0.282827     0.000024490   -104592.2630         0.009
8.0000         0.291439     0.000005442   -104592.2544         0.002
9.0000         0.293293     0.000021769   -104592.2525         0.000
10.0000         0.293714     0.000021769   -104592.2521         0.000
100.0000         0.293856     0.000021769   -104592.2519
1000.0000         0.293856     0.000021769   -104592.2519
