0.0020  14615505.969658     0.000016327  13975696.9080
0.0040   7120582.576627     0.000021769   6480773.5156
0.0060   4631293.014448     0.000019048   3991483.9539
0.0080   3392498.989548     0.000021769   2752689.9293
0.0100   2652317.753186     0.000021769   2012508.6925
0.0120   2160968.909276     0.000024490   1521159.8486
0.0140   1811142.031744     0.000016327   1171332.9711
0.0160   1550113.810022     0.000024490    910304.7493
0.0180   1348318.232378     0.000019048    708509.1716
0.0200   1187787.662055     0.000010885    547978.6014
0.0400    487353.908977     0.000013606   -152455.1518
0.0600    273172.513593     0.000016327   -366636.5471
0.0800    175146.919898     0.000019048   -464662.1410
0.1000    121075.489685     0.000013606   -518733.5710
0.1200     87870.597734     0.000016327   -551938.4631
0.1400     65864.076109     0.000010885   -573944.9846
0.1600     50420.588710     0.000024490   -589388.4720
0.1800     39324.718900     0.000021769   -600484.3419
0.2000     31237.081792     0.000013606   -608571.9791
0.2400     20717.862291     0.000024490   -619091.1984
0.2800     14461.057035     0.000024490   -625348.0036
0.3200     10264.426740     0.000024490   -629544.6341
0.3600      7439.528579     0.000024490   -632369.5321
0.4000      5559.062531     0.000021769   -634249.9982    -38483.393
0.4500      4013.250450     0.000019048   -635795.8104    -24793.682
0.5000      2974.884006     0.000019048   -636834.1766    -17566.354
0.5500      2222.772863     0.000008163   -637586.2879    -12729.010
0.6000      1679.695757     0.000016327   -638129.3651     -9161.175
0.6500      1287.230111     0.000013606   -638521.8307     -6667.398
0.7000       999.284389     0.000019048   -638809.7765     -4931.675
0.7500       785.273054     0.000027211   -639023.7876     -3696.421
0.8000       624.026484     0.000019048   -639185.0342     -2810.434
0.8500       500.538658     0.000021769   -639308.5222     -2168.346
0.9000       404.368047     0.000019048   -639404.6927     -1706.661
0.9500       327.809094     0.000021769   -639481.2517     -1373.584
1.0000       265.617764     0.000013606   -639543.4431     -1118.893
1.1000       174.995905     0.000008163   -639634.0649      -713.661
1.2000       119.016113     0.000013606   -639690.0447      -449.709
1.3000        82.851558     0.000021769   -639726.2092      -302.020
1.4000        57.339075     0.000019048   -639751.7215      -208.648
1.5000        40.008902     0.000021769   -639769.0519      -141.328
1.6000        28.408714     0.000013606   -639780.6522       -96.305
1.7000        20.523210     0.000019048   -639788.5375       -65.813
1.8000        15.161531     0.000016327   -639793.8992       -44.971
1.9000        11.532484     0.000013606   -639797.5284       -30.662
2.0000         9.221305     0.000019048   -639799.8395       -20.731
2.1000         7.752739     0.000019048   -639801.3081       -14.031
2.2000         6.791428     0.000024490   -639802.2694        -9.544
2.3000         6.159068     0.000019048   -639802.9016        -6.577
2.4000         5.730383     0.000016327   -639803.3304        -4.654
2.5000         5.419724     0.000013606   -639803.6412        -3.470
2.6000         5.175539     0.000016327   -639803.8852        -2.689
2.7000         4.966107     0.000010885   -639804.0948        -2.269
2.8000         4.780642     0.000021769   -639804.2801        -1.869
2.9000         4.612239     0.000021769   -639804.4485        -1.590
3.0000         4.464870     0.000024490   -639804.5960        -1.388
3.1000         4.337105     0.000019048   -639804.7236        -1.130
3.2000         4.232194     0.000019048   -639804.8287        -0.925
3.3000         4.148519     0.000024490   -639804.9122        -0.762
3.4000         4.086112     0.000021769   -639804.9745        -0.598
3.5000         4.043009     0.000021769   -639805.0178        -0.433
3.6000         4.015025     0.000021769   -639805.0458        -0.294
3.7000         4.002154     0.000016327   -639805.0586        -0.201
3.8000         4.001275     0.000019048   -639805.0594        -0.113
3.9000         4.009455     0.000027211   -639805.0513        -0.043
4.0000         4.025866     0.000016327   -639805.0349         0.017
5.0000         4.323943     0.000013606   -639804.7367         0.153
6.0000         4.544020     0.000008163   -639804.5168         0.100
7.0000         4.645984     0.000013606   -639804.4148         0.036
8.0000         4.694227     0.000016327   -639804.3666         0.016
9.0000         4.720105     0.000024490   -639804.3408         0.010
10.0000         4.736203     0.000013606   -639804.3244         0.008
100.0000         4.817410     0.000013606   -639804.2433         0.000
1000.0000         4.823236     0.000016327   -639804.2376
