0.0020         0.000000     0.000008163  26839574.4564
0.0040  13374691.118582     0.000016327  12745777.4856
0.0060   8684711.040751     0.000021769   8055797.4077
0.0080   6348406.792884     0.000005442   5719493.1607
0.0100   4951994.064019     0.000013606   4323080.4337
0.0120   4025257.745185     0.000027211   3396344.1133
0.0140   3366488.945478     0.000024490   2737575.3131
0.0160   2875804.447132     0.000010885   2246890.8154
0.0180   2497341.148805     0.000016327   1868427.5172
0.0200   2197075.629699     0.000016327   1568161.9980
0.0400    893548.065357     0.000019048    264634.4337
0.0600    496675.374466     0.000016327   -132238.2572
0.0800    315073.421852     0.000019048   -313840.2099
0.1000    216331.987361     0.000008163   -412581.6444
0.1200    156122.990935     0.000005442   -472790.6407
0.1400    116118.896172     0.000027211   -512794.7355
0.1600     88897.433404     0.000024490   -540016.1984
0.1800     69846.578582     0.000008163   -559067.0532
0.2000     55920.587085     0.000008163   -572993.0445
0.2400     36722.189146     0.000008163   -592191.4425
0.2800     24794.790752     0.000008163   -604118.8409
0.3200     17501.244452     0.000013606   -611412.3873
0.3600     12790.968686     0.000005442   -616122.6631
0.4000      9376.668815     0.000013606   -619536.9629
0.4500      6560.637959     0.000016327   -622352.9936    -44201.715
0.5000      4768.846219     0.000016327   -624144.7854    -28880.842
0.5500      3564.864242     0.000005442   -625348.7675    -20060.287
0.6000      2706.771907     0.000016327   -626206.8598    -14650.659
0.6500      2072.181471     0.000019048   -626841.4502    -10929.513
0.7000      1597.192472     0.000021769   -627316.4393     -8198.771
0.7500      1240.055158     0.000010885   -627673.5766     -6183.900
0.8000       969.879831     0.000016327   -627943.7518     -4707.301
0.8500       763.245094     0.000016327   -628150.3867     -3620.897
0.9000       603.487660     0.000019048   -628310.1440     -2811.434
0.9500       478.914673     0.000008163   -628434.7169     -2199.803
1.0000       381.139893     0.000027211   -628532.4918     -1731.159
1.1000       242.904347     0.000008163   -628670.7273     -1087.590
1.2000       155.176545     0.000016327   -628758.4552      -701.237
1.3000        98.093872     0.000010885   -628815.5377      -454.167
1.4000        61.280578     0.000024490   -628852.3512      -294.346
1.5000        37.212142     0.000019048   -628876.4196      -192.913
1.6000        21.365188     0.000021769   -628892.2665      -127.233
1.7000        10.924559     0.000010885   -628902.7072       -83.905
1.8000         4.177970     0.000013606   -628909.4537       -55.097
1.9000        -0.119276     0.000024490   -628913.7510       -35.776
2.0000        -2.846799     0.000010885   -628916.4784       -22.757
2.1000        -4.514444     0.000021769   -628918.1461       -13.891
2.2000        -5.469523     0.000008163   -628919.1013        -7.939
2.3000        -5.950063     0.000016327   -628919.5818        -3.987
2.4000        -6.117976     0.000016327   -628919.7497        -1.331
2.5000        -6.085475     0.000013606   -628919.7171         0.310
2.6000        -5.928003     0.000013606   -628919.5598         1.400
2.7000        -5.697070     0.000016327   -628919.3287         2.004
2.8000        -5.398355     0.000024490   -628919.0300         2.325
2.9000        -5.001305     0.000005442   -628918.6330         2.278
3.0000        -4.647072     0.000021769   -628918.2787         2.213
3.1000        -4.331861     0.000021769   -628917.9636         2.114
3.2000        -4.052147     0.000016327   -628917.6838         1.946
3.3000        -3.799636     0.000005442   -628917.4313         1.811
3.4000        -3.554195     0.000016327   -628917.1859         1.646
3.5000        -3.296214     0.000010885   -628916.9279         1.444
3.6000        -3.032280     0.000019048   -628916.6639         1.256
3.7000        -2.802945     0.000016327   -628916.4345         1.093
3.8000        -2.604890     0.000019048   -628916.2364         0.942
3.9000        -2.434302     0.000010885   -628916.0661         0.802
4.0000        -2.287624     0.000019048   -628915.9192         0.685
5.0000        -1.628773     0.000013606   -628915.2604         0.125
6.0000        -1.519615     0.000010885   -628915.1513         0.023
7.0000        -1.501694     0.000024490   -628915.1333         0.004
8.0000        -1.497111     0.000021769   -628915.1287         0.000
9.0000        -1.494874     0.000021769   -628915.1265
10.0000        -1.493361     0.000013606   -628915.1251        -0.000
100.0000        -1.483968     0.000024490   -628915.1156
1000.0000        -1.483214     0.000008163   -628915.1148
