0.0020         0.000000     0.000021769  32352763.6373
0.0040  16087433.479140     0.000027211  15374484.5014
0.0060  10445615.983796     0.000013606   9732667.0053
0.0080   7634090.774068     0.000005442   6921141.7956
0.0100   5953209.709515     0.000005442   5240260.7321
0.0120   4836904.355383     0.000021769   4123955.3780
0.0140   4045200.404307     0.000019048   3332251.4252
0.0160   3455112.144496     0.000021769   2742163.1654
0.0180   2999546.740609     0.000005442   2286597.7625
0.0200   2638140.364293     0.000024490   1925191.3864
0.0400   1068055.936964     0.000010885    355106.9591
0.0600    591697.708626     0.000016327   -121251.2693
0.0800    374957.095190     0.000013606   -337991.8828
0.1000    257286.374476     0.000008163   -455662.6036
0.1200    185325.602345     0.000019048   -527623.3757
0.1400    138738.633644     0.000013606   -574210.3444
0.1600    107209.730613     0.000016327   -605739.2475
0.1800     84236.305022     0.000008163   -628712.6729
0.2000     66775.353238     0.000013606   -646173.6246
0.2400     43393.647330     0.000021769   -669555.3306
0.2800     29505.162206     0.000024490   -683443.8157
0.3200     20689.414210     0.000016327   -692259.5638
0.3600     14608.986203     0.000008163   -698339.9919
0.4000     10591.394346     0.000024490   -702357.5836
0.4500      7338.954277     0.000016327   -705610.0238
0.5000      5228.692536     0.000010885   -707720.2855    -34633.292
0.5500      3770.348190     0.000010885   -709178.6297    -24413.682
0.6000      2737.897284     0.000021769   -710211.0807    -17256.917
0.6500      2009.249850     0.000024490   -710939.7281    -12118.876
0.7000      1498.627163     0.000019048   -711450.3508     -8520.284
0.7500      1138.169670     0.000013606   -711810.8084     -6113.795
0.8000       874.970193     0.000016327   -712074.0077     -4530.685
0.8500       678.162566     0.000024490   -712270.8154     -3446.355
0.9000       526.751991     0.000019048   -712422.2259     -2657.489
0.9500       409.387597     0.000013606   -712539.5903     -2052.862
1.0000       318.666375     0.000008163   -712630.3117     -1582.098
1.1000       195.916810     0.000024490   -712753.0612      -933.406
1.2000       123.483152     0.000019048   -712825.4947      -558.332
1.3000        79.728517     0.000021769   -712869.2495      -342.522
1.4000        52.560433     0.000024490   -712896.4174      -215.152
1.5000        35.626787     0.000019048   -712913.3511      -138.123
1.6000        24.791136     0.000024490   -712924.1869       -89.559
1.7000        17.760726     0.000010885   -712931.2172       -57.844
1.8000        13.246616     0.000016327   -712935.7313       -36.792
1.9000        10.663613     0.000010885   -712938.3142       -23.365
2.0000         9.348924     0.000010885   -712939.6291       -15.064
2.1000         8.555701     0.000016327   -712940.4223        -9.567
2.2000         8.130049     0.000008163   -712940.8479        -6.019
2.3000         8.090604     0.000019048   -712940.8874        -4.074
2.4000         8.337090     0.000008163   -712940.6408        -3.404
2.5000         8.476480     0.000005442   -712940.5015        -2.808
2.6000         8.536307     0.000021769   -712940.4416        -2.363
2.7000         8.547646     0.000008163   -712940.4302        -1.901
2.8000         8.537282     0.000013606   -712940.4408        -1.477
2.9000         8.524095     0.000024490   -712940.4539        -1.079
3.0000         8.519442     0.000021769   -712940.4585        -0.744
3.1000         8.529271     0.000010885   -712940.4487        -0.434
3.2000         8.553750     0.000013606   -712940.4242        -0.195
3.3000         8.592725     0.000016327   -712940.3853        -0.003
3.4000         8.643746     0.000008163   -712940.3341         0.155
3.5000         8.703345     0.000024490   -712940.2746         0.268
3.6000         8.769996     0.000013606   -712940.2079         0.336
3.7000         8.841086     0.000010885   -712940.1369         0.396
3.8000         8.913765     0.000008163   -712940.0642         0.429
3.9000         8.986566     0.000008163   -712939.9913         0.436
4.0000         9.058761     0.000016327   -712939.9192         0.432
5.0000         9.585652     0.000002721   -712939.3924         0.205
6.0000         9.782323     0.000019048   -712939.1956         0.064
7.0000         9.842531     0.000005442   -712939.1355         0.029
8.0000         9.862830     0.000019048   -712939.1151         0.013
9.0000         9.871631     0.000024490   -712939.1064         0.008
10.0000         9.876730     0.000019048   -712939.1012         0.006
100.0000         9.901974     0.000013606   -712939.0759         0.000
1000.0000         9.903743     0.000005442   -712939.0743
