0.0020   9526542.451309     0.000021769   8937189.8034
0.0040   4643993.196886     0.000027211   4054640.5482
0.0060   3020652.987789     0.000016327   2431300.3402
0.0080   2213273.061973     0.000016327   1623920.4143
0.0100   1731057.017370     0.000010885   1141704.3696
0.0120   1411224.195612     0.000010885    821871.5481
0.0140   1183787.299292     0.000008163    594434.6515
0.0160   1013966.735206     0.000019048    424614.0875
0.0180    882508.162806     0.000021769    293155.5151
0.0200    777934.046465     0.000019048    188581.3988
0.0400    321391.029816     0.000013606   -267961.6179
0.0600    181029.516536     0.000024490   -408323.1312
0.0800    116896.666922     0.000019048   -472455.9808
0.1000     80941.825550     0.000021769   -508410.8221
0.1200     58734.182853     0.000019048   -530618.4649
0.1400     44316.756459     0.000016327   -545035.8911
0.1600     34410.738920     0.000021769   -554941.9087
0.1800     27104.300228     0.000024490   -562248.3475
0.2000     21631.875977     0.000021769   -567720.7718
0.2400     14310.866497     0.000021769   -575041.7813
0.2800      9904.010379     0.000019048   -579448.6372
0.3200      7120.454161     0.000024490   -582232.1935
0.3600      5260.728434     0.000021769   -584091.9193    -38613.539
0.4000      3950.659828     0.000024490   -585401.9878    -27567.781
0.4500      2821.959534     0.000021769   -586530.6882    -18236.663
0.5000      2073.206331     0.000021769   -587279.4413    -12183.442
0.5500      1568.788322     0.000019048   -587783.8592     -8326.650
0.6000      1215.830801     0.000016327   -588136.8169     -6030.207
0.6500       948.684567     0.000016327   -588403.9631     -4691.848
0.7000       741.100476     0.000016327   -588611.5472     -3630.085
0.7500       582.038370     0.000013606   -588770.6092     -2764.786
0.8000       461.288635     0.000027211   -588891.3590     -2097.978
0.8500       369.402981     0.000010885   -588983.2448     -1601.251
0.9000       298.849323     0.000024490   -589053.7985     -1236.957
0.9500       243.816628     0.000010885   -589108.8311      -970.747
1.0000       200.111880     0.000005442   -589152.5359      -774.643
1.1000       136.678554     0.000010885   -589215.9692      -513.003
1.2000        93.937293     0.000008163   -589258.7104      -354.091
1.3000        64.021149     0.000013606   -589288.6266      -250.771
1.4000        42.766869     0.000016327   -589309.8809      -178.344
1.5000        27.719068     0.000021769   -589324.9285      -125.567
1.6000        17.193330     0.000021769   -589335.4544       -87.131
1.7000         9.936709     0.000021769   -589342.7109       -59.514
1.8000         5.014551     0.000019048   -589347.6331       -40.054
1.9000         1.736196     0.000019048   -589350.9116       -26.338
2.0000        -0.387338     0.000016327   -589353.0351       -16.745
2.1000        -1.711507     0.000013606   -589354.3592       -10.177
2.2000        -2.482142     0.000021769   -589355.1299        -5.599
2.3000        -2.876040     0.000021769   -589355.5236        -2.520
2.4000        -3.014068     0.000010885   -589355.6619        -0.437
2.5000        -2.982785     0.000013606   -589355.6306         0.941
2.6000        -2.646289     0.000013606   -589355.2940         1.464
2.7000        -2.294375     0.000008163   -589354.9421         1.735
2.8000        -1.968086     0.000008163   -589354.6158         1.846
2.9000        -1.669014     0.000010885   -589354.3168         1.873
3.0000        -1.296628     0.000005442   -589353.9443         1.698
3.1000        -0.922319     0.000008163   -589353.5701         1.447
3.2000        -0.625103     0.000008163   -589353.2727         1.219
3.3000        -0.385904     0.000010885   -589353.0335         1.070
3.4000        -0.191111     0.000013606   -589352.8387         0.944
3.5000        -0.030703     0.000016327   -589352.6784         0.833
3.6000         0.102930     0.000013606   -589352.5448         0.738
3.7000         0.224712     0.000027211   -589352.4229         0.641
3.8000         0.359482     0.000013606   -589352.2882         0.522
3.9000         0.465821     0.000002721   -589352.1818         0.425
4.0000         0.549716     0.000021769   -589352.0980         0.346
5.0000         0.837452     0.000008163   -589351.8104         0.046
6.0000         0.866844     0.000019048   -589351.7810         0.011
7.0000         0.869965     0.000005442   -589351.7777         0.001
8.0000         0.870231     0.000002721   -589351.7774         0.000
9.0000         0.870161     0.000002721   -589351.7774         0.000
10.0000         0.870057     0.000010885   -589351.7777         0.000
100.0000         0.869366     0.000019048   -589351.7782
1000.0000         0.869303     0.000019048   -589351.7785
