0.0020         0.000000     0.000021769  46829289.5214
0.0040  23316699.365927     0.000016327  22214141.9894
0.0060  15132757.479015     0.000013606  14030200.1015
0.0080  11051868.705398     0.000024490   9949311.3292
0.0100   8611121.809939     0.000019048   7508564.4326
0.0120   6993989.000768     0.000024490   5891431.6235
0.0140   5846004.920655     0.000019048   4743447.5431
0.0160   4990977.122446     0.000024490   3888419.7466
0.0180   4331452.830210     0.000013606   3228895.4546
0.0200   3808057.184239     0.000027211   2705499.8077
0.0400   1542835.812735     0.000005442    440278.4362
0.0600    856687.161028     0.000019048   -245870.2156
0.0800    540707.391138     0.000019048   -561849.9855
0.1000    369008.133949     0.000027211   -733549.2427
0.1200    266033.400712     0.000019048   -836523.9759
0.1400    198476.669239     0.000019048   -904080.7074
0.1600    151272.848104     0.000019048   -951284.5286
0.1800    117653.784156     0.000019048   -984903.5925
0.2000     93225.336872     0.000021769  -1009332.0399
0.2400     60626.580933     0.000002721  -1041930.7957
0.2800     40771.782490     0.000013606  -1061785.5940
0.3200     28190.926929     0.000008163  -1074366.4496
0.3600     20194.460964     0.000021769  -1082362.9156
0.4000     14699.577036     0.000019048  -1087857.7996
0.4500     10037.318943     0.000024490  -1092520.0576
0.5000      7118.663964     0.000016327  -1095438.7128    -46458.616
0.5500      5209.565608     0.000021769  -1097347.8110    -31233.642
0.6000      3897.613509     0.000019048  -1098659.7630    -21963.958
0.6500      2961.878385     0.000021769  -1099595.4982    -15886.527
0.7000      2279.266856     0.000021769  -1100278.1099    -11690.707
0.7500      1773.373407     0.000024490  -1100784.0032     -8727.810
0.8000      1393.147384     0.000013606  -1101164.2292     -6606.419
0.8500      1103.362060     0.000019048  -1101454.0145     -5070.753
0.9000       879.062752     0.000008163  -1101678.3139     -3953.062
0.9500       702.326280     0.000010885  -1101855.0503     -3132.857
1.0000       562.034764     0.000013606  -1101995.3419     -2502.494
1.1000       360.428984     0.000027211  -1102196.9476     -1595.303
1.2000       231.776959     0.000010885  -1102325.5996     -1020.207
1.3000       149.045034     0.000016327  -1102408.3317      -660.850
1.4000        95.137977     0.000024490  -1102462.2386      -434.035
1.5000        59.519005     0.000016327  -1102497.8578      -288.257
1.6000        35.747350     0.000010885  -1102521.6294      -192.793
1.7000        19.799336     0.000008163  -1102537.5774      -129.205
1.8000         9.108081     0.000010885  -1102548.2685       -86.184
1.9000         1.989939     0.000027211  -1102555.3867       -56.843
2.0000        -2.679789     0.000027211  -1102560.0565       -36.769
2.1000        -5.670011     0.000021769  -1102563.0467       -23.052
2.2000        -7.500318     0.000027211  -1102564.8770       -13.749
2.3000        -8.541418     0.000005442  -1102565.9181        -7.538
2.4000        -9.056132     0.000021769  -1102566.4327        -3.365
2.5000        -9.149990     0.000013606  -1102566.5265        -0.770
2.6000        -8.800821     0.000024490  -1102566.1774         0.553
2.7000        -8.404558     0.000013606  -1102565.7812         1.390
2.8000        -7.993062     0.000010885  -1102565.3698         1.855
2.9000        -7.583332     0.000021769  -1102564.9600         2.111
3.0000        -7.171672     0.000019048  -1102564.5483         2.200
3.1000        -6.631540     0.000013606  -1102564.0081         1.997
3.2000        -6.157822     0.000013606  -1102563.5344         1.836
3.3000        -5.750500     0.000019048  -1102563.1270         1.642
3.4000        -5.401789     0.000008163  -1102562.7784         1.514
3.5000        -5.103231     0.000010885  -1102562.4799         1.393
3.6000        -4.844926     0.000027211  -1102562.2217         1.263
3.7000        -4.619118     0.000021769  -1102561.9958         1.154
3.8000        -4.419286     0.000002721  -1102561.7958         1.070
3.9000        -4.222101     0.000005442  -1102561.5988         0.977
4.0000        -4.045197     0.000021769  -1102561.4220         0.873
5.0000        -3.021611     0.000010885  -1102560.3983         0.294
6.0000        -2.705534     0.000021769  -1102560.0821         0.091
7.0000        -2.619649     0.000005442  -1102559.9964         0.022
8.0000        -2.594541     0.000021769  -1102559.9713         0.006
9.0000        -2.584900     0.000019048  -1102559.9615         0.002
10.0000        -2.579662     0.000013606  -1102559.9564         0.000
100.0000        -2.552434     0.000008163  -1102559.9291
1000.0000        -2.550418     0.000002721  -1102559.9270
