0.0020  11793087.380749     0.000010885  11515496.2361
0.0040   5749566.322818     0.000013606   5471975.1761
0.0060   3746697.441661     0.000027211   3469106.2950
0.0080   2748116.646677     0.000016327   2470525.5011
0.0100   2151005.384322     0.000005442   1873414.2390
0.0120   1753958.672121     0.000019048   1476367.5267
0.0140   1471483.575987     0.000019048   1193892.4307
0.0160   1260652.500893     0.000016327    983061.3554
0.0180   1097358.574900     0.000008163    819767.4296
0.0200    967368.654411     0.000019048    689777.5090
0.0400    400592.553914     0.000013606    123001.4085
0.0600    225607.757941     0.000019048    -51983.3875
0.0800    144833.813694     0.000016327   -132757.3317
0.1000    100080.353694     0.000005442   -177510.7917
0.1200     72476.938783     0.000010885   -205114.2066
0.1400     54466.811171     0.000024490   -223124.3343
0.1600     42178.045168     0.000010885   -235413.1003
0.1800     33483.715553     0.000010885   -244107.4299
0.2000     26863.597662     0.000013606   -250727.5478
0.2400     17789.838610     0.000021769   -259801.3068
0.2800     12203.150894     0.000010885   -265387.9945
0.3200      8733.654428     0.000021769   -268857.4910
0.3600      6483.756010     0.000013606   -271107.3894    -46325.402
0.4000      4878.704032     0.000013606   -272712.4415    -34875.156
0.4500      3431.077335     0.000021769   -274160.0681    -23434.000
0.5000      2469.086502     0.000013606   -275122.0590    -15598.098
0.5500      1820.215449     0.000024490   -275770.9300    -10777.228
0.6000      1363.533554     0.000010885   -276227.6118     -7729.938
0.6500      1031.956946     0.000024490   -276559.1886     -5664.597
0.7000       785.568980     0.000024490   -276805.5764     -4271.044
0.7500       597.995764     0.000021769   -276993.1497     -3264.972
0.8000       454.852433     0.000016327   -277136.2931     -2476.447
0.8500       347.258159     0.000019048   -277243.8872     -1855.628
0.9000       266.880240     0.000024490   -277324.2653     -1382.707
0.9500       206.986213     0.000016327   -277384.1592     -1031.296
1.0000       162.183330     0.000013606   -277428.9620      -774.295
1.1000       102.543953     0.000019048   -277488.6015      -451.594
1.2000        66.923890     0.000010885   -277524.2215      -276.641
1.3000        44.704223     0.000024490   -277546.4412      -176.921
1.4000        30.262457     0.000027211   -277560.8831      -117.131
1.5000        20.530718     0.000027211   -277570.6147       -78.704
1.6000        14.052961     0.000019048   -277577.0924       -52.926
1.7000         9.706278     0.000021769   -277581.4391       -35.897
1.8000         6.733786     0.000024490   -277584.4117       -24.651
1.9000         4.666050     0.000019048   -277586.4795       -17.273
2.0000         3.195595     0.000019048   -277587.9497       -12.382
2.1000         2.125757     0.000008163   -277589.0197        -9.096
2.2000         1.332684     0.000019048   -277589.8126        -6.745
2.3000         0.739780     0.000016327   -277590.4056        -5.070
2.4000         0.296803     0.000019048   -277590.8486        -3.764
2.5000        -0.030322     0.000013606   -277591.1756        -2.770
2.6000        -0.266049     0.000013606   -277591.4116        -1.973
2.7000        -0.429690     0.000024490   -277591.5751        -1.334
2.8000        -0.535371     0.000013606   -277591.6807        -0.844
2.9000        -0.570846     0.000019048   -277591.7163        -0.449
3.0000        -0.546285     0.000005442   -277591.6918        -0.185
3.1000        -0.499873     0.000021769   -277591.6453         0.025
3.2000        -0.439469     0.000024490   -277591.5849         0.188
3.3000        -0.370973     0.000016327   -277591.5163         0.307
3.4000        -0.295992     0.000008163   -277591.4415         0.384
3.5000        -0.216853     0.000024490   -277591.3623         0.443
3.6000        -0.136130     0.000027211   -277591.2815         0.478
3.7000        -0.055250     0.000027211   -277591.2007         0.491
3.8000         0.027130     0.000008163   -277591.1182         0.483
3.9000         0.106897     0.000019048   -277591.0385         0.472
4.0000         0.182869     0.000013606   -277590.9626         0.454
5.0000         0.682353     0.000024490   -277590.4630         0.191
6.0000         0.856356     0.000016327   -277590.2891         0.083
7.0000         0.916450     0.000010885   -277590.2290         0.032
8.0000         0.942388     0.000024490   -277590.2031         0.017
9.0000         0.956617     0.000008163   -277590.1887         0.012
10.0000         0.965986     0.000024490   -277590.1794         0.008
100.0000         1.019021     0.000002721   -277590.1264         0.000
1000.0000         1.022983     0.000013606   -277590.1226
