0.0020         0.000000     0.000016327  45361562.2235
0.0040  22599671.882503     0.000010885  21516733.2736
0.0060  14668907.367980     0.000024490  13585968.7583
0.0080  10714635.188384     0.000021769   9631696.5789
0.0100   8349486.139601     0.000024490   7266547.5283
0.0120   6780735.072534     0.000019048   5697796.4615
0.0140   5667390.009833     0.000008163   4584451.3998
0.0160   4838362.531536     0.000010885   3755423.9208
0.0180   4198476.861581     0.000005442   3115538.2511
0.0200   3690522.154179     0.000024490   2607583.5440
0.0400   1492600.382568     0.000021769    409661.7724
0.0600    827113.778831     0.000019048   -255824.8313
0.0800    522111.378921     0.000013606   -560827.2313
0.1000    355326.651356     0.000010885   -727611.9589
0.1200    255484.768682     0.000010885   -827453.8413
0.1400    189999.445020     0.000019048   -892939.1651
0.1600    144525.564516     0.000024490   -938413.0455
0.1800    112169.577798     0.000019048   -970769.0323
0.2000     88622.805353     0.000024490   -994315.8049
0.2400     57622.445713     0.000021769  -1025316.1644
0.2800     38565.923941     0.000008163  -1044372.6862
0.3200     26694.091090     0.000016327  -1056244.5190
0.3600     19048.972824     0.000005442  -1063889.6374
0.4000     13974.130737     0.000024490  -1068964.4795
0.4500      9509.056676     0.000021769  -1073429.5534
0.5000      6679.152911     0.000016327  -1076259.4572    -45080.508
0.5500      4827.180111     0.000019048  -1078111.4300    -30251.516
0.6000      3557.641791     0.000019048  -1079380.9684    -21259.992
0.6500      2650.530027     0.000024490  -1080288.0802    -15388.855
0.7000      1988.975567     0.000021769  -1080949.6346    -11243.947
0.7500      1505.902277     0.000021769  -1081432.7079     -8243.294
0.8000      1149.948038     0.000024490  -1081788.6621     -6094.870
0.8500       886.681997     0.000021769  -1082051.9280     -4533.660
0.9000       689.546154     0.000021769  -1082249.0640     -3445.241
0.9500       536.624917     0.000024490  -1082401.9852     -2686.056
1.0000       417.635572     0.000010885  -1082520.9747     -2097.507
1.1000       251.991876     0.000013606  -1082686.6183     -1277.934
1.2000       150.660218     0.000016327  -1082787.9500      -781.797
1.3000        88.270794     0.000016327  -1082850.3392      -482.401
1.4000        49.193189     0.000008163  -1082889.4170      -301.255
1.5000        25.394641     0.000027211  -1082913.2155      -188.622
1.6000        10.842041     0.000010885  -1082927.7682      -118.742
1.7000         1.857858     0.000008163  -1082936.7523       -73.905
1.8000        -3.254350     0.000024490  -1082941.8645       -45.830
1.9000        -6.249549     0.000021769  -1082944.8596       -27.278
2.0000        -7.843337     0.000005442  -1082946.4534       -15.055
2.1000        -8.436703     0.000010885  -1082947.0469        -7.142
2.2000        -8.229341     0.000008163  -1082946.8395        -2.483
2.3000        -7.752897     0.000016327  -1082946.3631         0.195
2.4000        -7.133470     0.000021769  -1082945.7435         1.728
2.5000        -6.490598     0.000019048  -1082945.1007         2.453
2.6000        -5.876924     0.000013606  -1082944.4871         2.673
2.7000        -5.318905     0.000002721  -1082943.9290         2.700
2.8000        -4.826306     0.000016327  -1082943.4365         2.551
2.9000        -4.397560     0.000010885  -1082943.0076         2.412
3.0000        -4.025126     0.000005442  -1082942.6351         2.227
3.1000        -3.698200     0.000016327  -1082942.3083         2.100
3.2000        -3.409098     0.000002721  -1082942.0193         1.995
3.3000        -3.087166     0.000021769  -1082941.6974         1.818
3.4000        -2.793609     0.000005442  -1082941.4038         1.717
3.5000        -2.531405     0.000024490  -1082941.1415         1.616
3.6000        -2.293170     0.000019048  -1082940.9034         1.486
3.7000        -2.074118     0.000013606  -1082940.6843         1.411
3.8000        -1.862138     0.000024490  -1082940.4724         1.334
3.9000        -1.628357     0.000021769  -1082940.2386         1.211
4.0000        -1.418149     0.000002721  -1082940.0283         1.092
5.0000        -0.100690     0.000005442  -1082938.7107         0.415
6.0000         0.347511     0.000005442  -1082938.2625         0.143
7.0000         0.481198     0.000016327  -1082938.1289         0.041
8.0000         0.526513     0.000002721  -1082938.0835         0.015
9.0000         0.547210     0.000016327  -1082938.0628         0.009
10.0000         0.559757     0.000024490  -1082938.0503         0.005
100.0000         0.626371     0.000002721  -1082937.9839         0.000
1000.0000         0.631294     0.000008163  -1082937.9787
