0.0020  20978788.439735     0.000021769  20237715.8342
0.0040  10203307.840023     0.000021769   9462235.2348
0.0060   6627312.992699     0.000021769   5886240.3857
0.0080   4851285.227145     0.000024490   4110212.6217
0.0100   3791469.318735     0.000019048   3050396.7134
0.0120   3088322.215221     0.000021769   2347249.6093
0.0140   2588762.203888     0.000013606   1847689.5981
0.0160   2216262.623105     0.000016327   1475190.0172
0.0180   1928600.646448     0.000021769   1187528.0405
0.0200   1700115.545950     0.000008163    959042.9400
0.0400    699099.130016     0.000027211    -41973.4759
0.0600    389224.011073     0.000021769   -351848.5947
0.0800    246958.474123     0.000016327   -494114.1317
0.1000    169173.460237     0.000019048   -571899.1456
0.1200    121573.704239     0.000019048   -619498.9016
0.1400     90235.868488     0.000024490   -650836.7373
0.1600     68732.464083     0.000024490   -672340.1419
0.1800     53564.548870     0.000024490   -687508.0570
0.2000     42625.163580     0.000024490   -698447.4423
0.2400     28206.432503     0.000021769   -712866.1733
0.2800     19203.026251     0.000019048   -721869.5796
0.3200     13569.843326     0.000010885   -727502.7625
0.3600      9883.284670     0.000013606   -731189.3214
0.4000      7371.945393     0.000010885   -733700.6605
0.4500      5178.520494     0.000019048   -735894.0855    -35838.376
0.5000      3705.225271     0.000010885   -737367.3806    -23860.607
0.5500      2719.148387     0.000024490   -738353.4574    -16176.925
0.6000      2039.569895     0.000019048   -739033.0359    -11358.679
0.6500      1553.902730     0.000008163   -739518.7033     -8258.739
0.7000      1195.371578     0.000016327   -739877.2344     -6245.811
0.7500       920.634026     0.000024490   -740151.9718     -4797.934
0.8000       709.166205     0.000010885   -740363.4397     -3663.120
0.8500       548.023156     0.000016327   -740524.5829     -2769.534
0.9000       426.842880     0.000019048   -740645.7631     -2083.677
0.9500       335.742544     0.000021769   -740736.8633     -1574.538
1.0000       266.421654     0.000021769   -740806.1844     -1204.959
1.1000       172.590276     0.000019048   -740900.0155      -743.421
1.2000       113.324221     0.000013606   -740959.2817      -480.575
1.3000        74.279644     0.000019048   -740998.3262      -319.927
1.4000        48.294111     0.000010885   -741024.3117      -218.303
1.5000        30.431775     0.000005442   -741042.1741      -149.213
1.6000        18.086482     0.000008163   -741054.5194      -101.039
1.7000         9.682424     0.000016327   -741062.9236       -68.208
1.8000         3.971726     0.000010885   -741068.6342       -45.955
1.9000         0.114930     0.000019048   -741072.4909       -30.871
2.0000        -2.440351     0.000016327   -741075.0463       -20.549
2.1000        -4.083927     0.000021769   -741076.6898       -13.324
2.2000        -5.091859     0.000019048   -741077.6978        -8.249
2.3000        -5.640580     0.000010885   -741078.2466        -4.654
2.4000        -5.634495     0.000021769   -741078.2404        -2.621
2.5000        -5.525122     0.000021769   -741078.1310        -1.198
2.6000        -5.346808     0.000021769   -741077.9527        -0.144
2.7000        -5.126464     0.000019048   -741077.7323         0.632
2.8000        -4.874473     0.000013606   -741077.4803         1.149
2.9000        -4.559743     0.000019048   -741077.1658         1.481
3.0000        -4.244613     0.000027211   -741076.8504         1.702
3.1000        -3.932787     0.000016327   -741076.5388         1.804
3.2000        -3.629402     0.000019048   -741076.2354         1.863
3.3000        -3.338163     0.000008163   -741075.9440         1.875
3.4000        -3.059424     0.000019048   -741075.6653         1.808
3.5000        -2.794545     0.000019048   -741075.4006         1.746
3.6000        -2.545691     0.000010885   -741075.1516         1.677
3.7000        -2.304895     0.000013606   -741074.9108         1.578
3.8000        -2.038406     0.000010885   -741074.6444         1.433
3.9000        -1.799563     0.000024490   -741074.4055         1.303
4.0000        -1.585956     0.000027211   -741074.1918         1.190
5.0000        -0.308833     0.000013606   -741072.9148         0.374
6.0000         0.076518     0.000002721   -741072.5295         0.141
7.0000         0.195726     0.000016327   -741072.4103         0.049
8.0000         0.248734     0.000013606   -741072.3573         0.028
9.0000         0.280326     0.000005442   -741072.3257         0.020
10.0000         0.302370     0.000013606   -741072.3036         0.014
100.0000         0.434550     0.000005442   -741072.1714         0.000
1000.0000         0.444773     0.000019048   -741072.1611
