0.0020  15148354.919189     0.000008163  14855407.5577
0.0040   7387306.724606     0.000013606   7094359.3628
0.0060   4809914.068314     0.000021769   4516966.7078
0.0080   3523532.022962     0.000013606   3230584.6619
0.0100   2753992.757296     0.000021769   2461045.3966
0.0120   2243263.140753     0.000024490   1950315.7802
0.0140   1879802.911052     0.000016327   1586855.5506
0.0160   1608652.183569     0.000021769   1315704.8231
0.0180   1398848.822541     0.000021769   1105901.4619
0.0200   1232212.525621     0.000019048    939265.1652
0.0400    507507.699217     0.000016327    214560.3386
0.0600    284014.460398     0.000024490     -8932.9002
0.0800    181742.268983     0.000013606   -111205.0916
0.1000    125075.679735     0.000019048   -167871.6809
0.1200     90308.194324     0.000024490   -202639.1663
0.1400     67883.583126     0.000016327   -225063.7775
0.1600     52564.940349     0.000021769   -240382.4202
0.1800     41484.283250     0.000027211   -251463.0773
0.2000     33120.912772     0.000024490   -259826.4478
0.2400     22017.646744     0.000021769   -270929.7138
0.2800     15522.425220     0.000021769   -277424.9355
0.3200     11301.649434     0.000024490   -281645.7112
0.3600      8270.784128     0.000021769   -284676.5763
0.4000      6189.257234     0.000016327   -286758.1034    -42548.021
0.4500      4482.953695     0.000013606   -288464.4070    -27217.829
0.5000      3356.388970     0.000021769   -289590.9716    -18632.332
0.5500      2562.128248     0.000016327   -290385.2323    -13556.780
0.6000      1968.891018     0.000019048   -290978.4695    -10347.762
0.6500      1515.191423     0.000010885   -291432.1692     -7844.408
0.7000      1174.974283     0.000016327   -291772.3862     -5835.460
0.7500       922.194055     0.000016327   -292025.1665     -4351.011
0.8000       732.801150     0.000010885   -292214.5594     -3287.353
0.8500       588.738156     0.000021769   -292358.6226     -2524.288
0.9000       477.326689     0.000019048   -292470.0339     -1969.717
0.9500       389.769440     0.000021769   -292557.5912     -1559.713
1.0000       319.980027     0.000013606   -292627.3805     -1250.388
1.1000       218.039452     0.000027211   -292729.3212      -822.882
1.2000       150.786694     0.000013606   -292796.5739      -549.253
1.3000       106.133356     0.000024490   -292841.2273      -377.974
1.4000        74.396471     0.000021769   -292872.9642      -264.521
1.5000        51.573204     0.000008163   -292895.7875      -187.465
1.6000        35.916648     0.000010885   -292911.4438      -130.695
1.7000        25.012119     0.000013606   -292922.3485       -91.341
1.8000        17.398877     0.000016327   -292929.9617       -64.066
1.9000        12.080834     0.000013606   -292935.2797       -44.896
2.0000         8.372035     0.000019048   -292938.9886       -31.350
2.1000         5.797214     0.000027211   -292941.5633       -21.763
2.2000         4.073671     0.000016327   -292943.2869       -14.996
2.3000         2.914313     0.000019048   -292944.4464       -10.186
2.4000         2.141999     0.000024490   -292945.2186        -6.854
2.5000         1.640893     0.000008163   -292945.7196        -4.478
2.6000         1.326088     0.000008163   -292946.0344        -2.884
2.7000         1.136530     0.000021769   -292946.2241        -1.784
2.8000         1.027900     0.000013606   -292946.3327        -1.062
2.9000         0.969561     0.000027211   -292946.3912        -0.614
3.0000         0.940186     0.000024490   -292946.4203        -0.307
3.1000         0.926564     0.000021769   -292946.4342        -0.153
3.2000         0.920842     0.000019048   -292946.4399        -0.051
3.3000         0.918436     0.000019048   -292946.4420         0.013
3.4000         0.917476     0.000016327   -292946.4431         0.042
3.5000         0.917389     0.000016327   -292946.4431         0.056
3.6000         0.917748     0.000013606   -292946.4429         0.069
3.7000         0.918616     0.000013606   -292946.4420         0.074
3.8000         0.920148     0.000013606   -292946.4404         0.076
3.9000         0.922477     0.000013606   -292946.4382         0.075
4.0000         0.925438     0.000021769   -292946.4352         0.076
5.0000         0.968829     0.000010885   -292946.3917         0.042
6.0000         0.995499     0.000010885   -292946.3650         0.013
7.0000         1.003630     0.000019048   -292946.3569         0.002
8.0000         1.005496     0.000019048   -292946.3550        -0.000
9.0000         1.005864     0.000019048   -292946.3547        -0.001
10.0000         1.005937     0.000019048   -292946.3547        -0.001
100.0000         1.005951     0.000019048   -292946.3547
1000.0000         1.005951     0.000019048   -292946.3547
