0.0020  19040851.679665     0.000013606  18604612.1071
0.0040   9275193.071177     0.000019048   8838953.4991
0.0060   6032211.201197     0.000016327   5595971.6300
0.0080   4415707.146540     0.000021769   3979467.5755
0.0100   3448974.374853     0.000021769   3012734.8025
0.0120   2807363.443264     0.000016327   2371123.8713
0.0140   2351286.979098     0.000010885   1915047.4071
0.0160   2010900.241841     0.000016327   1574660.6701
0.0180   1747732.078329     0.000019048   1311492.5066
0.0200   1538857.369448     0.000024490   1102617.7977
0.0400    631041.631179     0.000013606    194802.0593
0.0600    352792.461821     0.000019048    -83447.1100
0.0800    225566.768283     0.000021769   -210672.8036
0.1000    155388.065745     0.000016327   -280851.5061
0.1200    112690.057418     0.000016327   -323549.5143
0.1400     84635.091073     0.000013606   -351604.4808
0.1600     64915.686750     0.000010885   -371323.8850
0.1800     50702.291247     0.000013606   -385537.2807
0.2000     40227.639899     0.000013606   -396011.9321
0.2400     26605.820399     0.000019048   -409633.7515
0.2800     18318.758838     0.000021769   -417920.8131
0.3200     12835.373818     0.000019048   -423404.1981
0.3600      9264.658510     0.000008163   -426974.9134
0.4000      6830.445290     0.000016327   -429409.1265    -50438.848
0.4500      4796.865465     0.000008163   -431442.7063    -32429.347
0.5000      3450.153841     0.000010885   -432789.4181    -22636.180
0.5500      2478.717564     0.000019048   -433760.8544    -16233.495
0.6000      1804.823399     0.000010885   -434434.7484    -11034.532
0.6500      1346.142617     0.000019048   -434893.4291     -7559.194
0.7000      1028.248169     0.000005442   -435211.3238     -5318.145
0.7500       800.723907     0.000008163   -435438.8478     -3882.425
0.8000       631.298531     0.000013606   -435608.2733     -2954.752
0.8500       500.546133     0.000010885   -435739.0257     -2320.292
0.9000       397.392664     0.000024490   -435842.1792     -1828.656
0.9500       315.733757     0.000027211   -435923.8382     -1441.882
1.0000       251.255957     0.000021769   -435988.3158     -1137.013
1.1000       160.513486     0.000027211   -436079.0585      -704.759
1.2000       104.443333     0.000016327   -436135.1284      -441.156
1.3000        68.894833     0.000016327   -436170.6771      -283.898
1.4000        45.710220     0.000021769   -436193.8617      -187.618
1.5000        30.300643     0.000010885   -436209.2713      -125.475
1.6000        20.331865     0.000010885   -436219.2399       -85.080
1.7000        13.820894     0.000016327   -436225.7510       -58.514
1.8000         9.360383     0.000005442   -436230.2115       -40.121
1.9000         6.313985     0.000013606   -436233.2578       -27.349
2.0000         4.246483     0.000019048   -436235.3254       -18.496
2.1000         2.919396     0.000016327   -436236.6525       -12.617
2.2000         2.101928     0.000013606   -436237.4699        -8.787
2.3000         1.606721     0.000013606   -436237.9651        -6.357
2.4000         1.371335     0.000013606   -436238.2005        -5.051
2.5000         1.171396     0.000002721   -436238.4005        -4.124
2.6000         0.962799     0.000013606   -436238.6090        -3.491
2.7000         0.754918     0.000013606   -436238.8169        -2.912
2.8000         0.558430     0.000002721   -436239.0133        -2.405
2.9000         0.384141     0.000008163   -436239.1878        -1.967
3.0000         0.237955     0.000010885   -436239.3339        -1.517
3.1000         0.122574     0.000002721   -436239.4493        -1.179
3.2000         0.038477     0.000016327   -436239.5333        -0.852
3.3000        -0.017628     0.000024490   -436239.5894        -0.577
3.4000        -0.049340     0.000008163   -436239.6212        -0.358
3.5000        -0.059413     0.000002721   -436239.6313        -0.184
3.6000        -0.052428     0.000016327   -436239.6242        -0.039
3.7000        -0.032450     0.000010885   -436239.6044         0.082
3.8000        -0.002446     0.000021769   -436239.5742         0.156
3.9000         0.035652     0.000008163   -436239.5361         0.204
4.0000         0.078826     0.000024490   -436239.4931         0.239
5.0000         0.507174     0.000013606   -436239.0648         0.201
6.0000         0.709888     0.000008163   -436238.8620         0.084
7.0000         0.773359     0.000016327   -436238.7984         0.026
8.0000         0.791525     0.000010885   -436238.7804         0.009
9.0000         0.796965     0.000016327   -436238.7750         0.004
10.0000         0.798962     0.000021769   -436238.7728         0.002
100.0000         0.804314     0.000013606   -436238.7676
1000.0000         0.804638     0.000019048   -436238.7673
