0.0020  21228220.408514     0.000021769  20710256.3355
0.0040  10338356.199869     0.000016327   9820392.1269
0.0060   6720311.379008     0.000013606   6202347.3063
0.0080   4917203.054624     0.000019048   4399238.9813
0.0100   3839029.113643     0.000010885   3321065.0407
0.0120   3123639.868998     0.000021769   2605675.7952
0.0140   2615262.729186     0.000010885   2097298.6554
0.0160   2236118.030104     0.000016327   1718153.9562
0.0180   1943184.047816     0.000021769   1425219.9740
0.0200   1710686.593832     0.000019048   1192722.5199
0.0400    700443.984089     0.000013606    182479.9103
0.0600    391449.023290     0.000021769   -126515.0505
0.0800    250038.030054     0.000013606   -267926.0437
0.1000    172219.710415     0.000021769   -345744.3635
0.1200    124845.225138     0.000005442   -393118.8485
0.1400     93561.696946     0.000024490   -424402.3769
0.1600     71596.810351     0.000016327   -446367.2634
0.1800     55861.687997     0.000021769   -462102.3859
0.2000     44487.204894     0.000019048   -473476.8689
0.2400     29694.018432     0.000016327   -488270.0553
0.2800     20256.802267     0.000016327   -497707.2714
0.3200     14308.723826     0.000013606   -503655.3501
0.3600     10337.160099     0.000027211   -507626.9137
0.4000      7660.026274     0.000016327   -510304.0476
0.4500      5386.411262     0.000013606   -512577.6626    -38412.932
0.5000      3784.003868     0.000024490   -514180.0699    -26005.117
0.5500      2717.979987     0.000010885   -515246.0937    -17273.004
0.6000      2002.909967     0.000005442   -515961.1637    -11745.285
0.6500      1509.323993     0.000021769   -516454.7499     -8260.043
0.7000      1155.908534     0.000024490   -516808.1653     -6029.639
0.7500       893.755107     0.000016327   -517070.3188     -4539.669
0.8000       694.333164     0.000013606   -517269.7407     -3483.157
0.8500       540.678392     0.000021769   -517423.3953     -2697.051
0.9000       421.441788     0.000021769   -517542.6321     -2098.381
0.9500       328.512917     0.000024490   -517635.5609     -1638.036
1.0000       255.859578     0.000016327   -517708.2143     -1282.606
1.1000       154.071153     0.000008163   -517810.0026      -793.690
1.2000        90.759486     0.000008163   -517873.3143      -496.434
1.3000        51.111473     0.000019048   -517912.9624      -311.442
1.4000        26.314707     0.000016327   -517937.7590      -193.591
1.5000        11.028692     0.000021769   -517953.0450      -117.648
1.6000         1.860487     0.000019048   -517962.2133       -68.875
1.7000        -3.389449     0.000016327   -517967.4632       -37.986
1.8000        -5.935600     0.000016327   -517970.0094       -19.706
1.9000        -7.032189     0.000013606   -517971.1060        -8.902
2.0000        -7.113358     0.000010885   -517971.1871        -2.832
2.1000        -6.710336     0.000008163   -517970.7841         0.610
2.2000        -6.166317     0.000024490   -517970.2402         2.766
2.3000        -5.518000     0.000016327   -517969.5917         4.034
2.4000        -4.668610     0.000010885   -517968.7424         4.431
2.5000        -3.766512     0.000013606   -517967.8404         4.416
2.6000        -2.685275     0.000024490   -517966.7590         3.897
2.7000        -1.754558     0.000013606   -517965.8284         3.448
2.8000        -0.947381     0.000016327   -517965.0213         3.019
2.9000        -0.230241     0.000016327   -517964.3040         2.660
3.0000         0.366450     0.000005442   -517963.7073         2.375
3.1000         0.870057     0.000016327   -517963.2038         2.095
3.2000         1.299477     0.000024490   -517962.7744         1.904
3.3000         1.669055     0.000008163   -517962.4046         1.723
3.4000         1.989833     0.000013606   -517962.0838         1.549
3.5000         2.270217     0.000008163   -517961.8035         1.387
3.6000         2.516494     0.000027211   -517961.5573         1.262
3.7000         2.733553     0.000010885   -517961.3401         1.146
3.8000         2.925081     0.000019048   -517961.1488         1.023
3.9000         3.094730     0.000016327   -517960.9790         0.912
4.0000         3.245169     0.000016327   -517960.8286         0.820
5.0000         4.041235     0.000008163   -517960.0326         0.224
6.0000         4.231386     0.000013606   -517959.8424         0.049
7.0000         4.269150     0.000008163   -517959.8046         0.010
8.0000         4.276505     0.000024490   -517959.7972         0.002
9.0000         4.278080     0.000024490   -517959.7956        -0.000
10.0000         4.278453     0.000016327   -517959.7953        -0.000
100.0000         4.279155     0.000019048   -517959.7945
1000.0000         4.279202     0.000021769   -517959.7945
