0.0020         0.000000     0.000010885  28429265.2937
0.0040  14157317.475481     0.000008163  13503411.8972
0.0060   9191589.552546     0.000019048   8537683.9760
0.0080   6717331.694457     0.000005442   6063426.1173
0.0100   5238510.794675     0.000024490   4584605.2177
0.0120   4257110.420090     0.000010885   3603204.8437
0.0140   3559570.725829     0.000002721   2905665.1485
0.0160   3040335.101649     0.000021769   2386429.5243
0.0180   2639746.055091     0.000016327   1985840.4778
0.0200   2321826.955746     0.000013606   1667921.3785
0.0400    942203.979942     0.000021769    288298.4025
0.0600    522998.552870     0.000024490   -130907.0245
0.0800    331445.744721     0.000021769   -322459.8326
0.1000    227421.636365     0.000013606   -426483.9409
0.1200    163826.637049     0.000027211   -490078.9402
0.1400    121888.968401     0.000013606   -532016.6090
0.1600     93478.312938     0.000027211   -560427.2643
0.1800     73602.480923     0.000013606   -580303.0965
0.2000     58727.409828     0.000013606   -595178.1675
0.2400     38355.985583     0.000024490   -615549.5916
0.2800     25977.712814     0.000021769   -627927.8647
0.3200     18447.410534     0.000019048   -635458.1668
0.3600     13402.702940     0.000005442   -640502.8744
0.4000      9832.432185     0.000008163   -644073.1451
0.4500      6950.040364     0.000008163   -646955.5370    -45333.986
0.5000      5097.870482     0.000005442   -648807.7068    -30226.265
0.5500      3821.323758     0.000016327   -650084.2535    -21554.424
0.6000      2892.457208     0.000021769   -651013.1202    -15902.980
0.6500      2204.758688     0.000024490   -651700.8186    -11775.617
0.7000      1696.145446     0.000019048   -652209.4320     -8724.120
0.7500      1318.124825     0.000010885   -652587.4524     -6514.611
0.8000      1034.109224     0.000016327   -652871.4681     -4928.789
0.8500       817.539364     0.000016327   -653088.0379     -3786.110
0.9000       650.180813     0.000019048   -653255.3964     -2950.008
0.9500       518.912454     0.000016327   -653386.6650     -2330.344
1.0000       414.703936     0.000016327   -653490.8735     -1855.738
1.1000       265.516225     0.000005442   -653640.0610     -1176.170
1.2000       171.328473     0.000024490   -653734.2489      -749.520
1.3000       110.639974     0.000010885   -653794.9374      -483.790
1.4000        71.260483     0.000013606   -653834.3169      -315.120
1.5000        45.515724     0.000027211   -653860.0616      -207.628
1.6000        28.486857     0.000016327   -653877.0905      -137.819
1.7000        17.225948     0.000010885   -653888.3514       -92.055
1.8000         9.716923     0.000010885   -653895.8604       -61.814
1.9000         4.665481     0.000016327   -653900.9119       -41.233
2.0000         1.291926     0.000013606   -653904.2853       -27.208
2.1000        -0.924847     0.000021769   -653906.5022       -17.542
2.2000        -2.342420     0.000016327   -653907.9197       -11.018
2.3000        -3.210909     0.000016327   -653908.7883        -6.558
2.4000        -3.578443     0.000021769   -653909.1559        -3.735
2.5000        -3.673947     0.000019048   -653909.2514        -2.016
2.6000        -3.657462     0.000021769   -653909.2348        -0.924
2.7000        -3.580965     0.000013606   -653909.1584        -0.327
2.8000        -3.478340     0.000016327   -653909.0558         0.065
2.9000        -3.368934     0.000019048   -653908.9464         0.250
3.0000        -3.264445     0.000016327   -653908.8419         0.340
3.1000        -3.169175     0.000010885   -653908.7466         0.377
3.2000        -3.085546     0.000013606   -653908.6628         0.367
3.3000        -3.013210     0.000016327   -653908.5905         0.354
3.4000        -2.951100     0.000024490   -653908.5284         0.328
3.5000        -2.898346     0.000019048   -653908.4756         0.295
3.6000        -2.853733     0.000021769   -653908.4310         0.266
3.7000        -2.815691     0.000021769   -653908.3932         0.235
3.8000        -2.783549     0.000016327   -653908.3608         0.207
3.9000        -2.756531     0.000019048   -653908.3338         0.181
4.0000        -2.733700     0.000019048   -653908.3110         0.159
5.0000        -2.633837     0.000016327   -653908.2111         0.033
6.0000        -2.617524     0.000019048   -653908.1948         0.005
7.0000        -2.615151     0.000016327   -653908.1926         0.000
8.0000        -2.614822     0.000027211   -653908.1921        -0.001
9.0000        -2.614773     0.000027211   -653908.1921        -0.001
10.0000        -2.614770     0.000027211   -653908.1921        -0.001
100.0000        -2.614768     0.000013606   -653908.1921
1000.0000        -2.614768     0.000013606   -653908.1921
