0.0020  16428418.733183     0.000013606  16121148.0536
0.0040   8010512.813804     0.000008163   7703242.1339
0.0060   5214590.303301     0.000021769   4907319.6230
0.0080   3819692.002294     0.000021769   3512421.3217
0.0100   2985969.491149     0.000024490   2678698.8118
0.0120   2432325.316137     0.000024490   2125054.6367
0.0140   2038001.577611     0.000021769   1730730.8982
0.0160   1743865.256425     0.000019048   1436594.5769
0.0180   1516742.295384     0.000021769   1209471.6161
0.0200   1335976.548692     0.000013606   1028705.8692
0.0400    548193.330587     0.000016327    240922.6512
0.0600    306271.159979     0.000027211      -999.5194
0.0800    195808.562604     0.000021769   -111462.1168
0.1000    134595.547721     0.000008163   -172675.1317
0.1200     97170.653974     0.000021769   -210100.0254
0.1400     73081.349905     0.000019048   -234189.3295
0.1600     56538.561975     0.000016327   -250732.1174
0.1800     44427.710735     0.000027211   -262842.9686
0.2000     35415.270731     0.000010885   -271855.4087
0.2400     23656.752178     0.000019048   -283613.9273
0.2800     16825.050562     0.000019048   -290445.6288
0.3200     12172.604113     0.000016327   -295098.0752
0.3600      8885.280906     0.000013606   -298385.3985
0.4000      6692.765697     0.000021769   -300577.9137    -44879.575
0.4500      4884.763324     0.000019048   -302385.9161    -28962.534
0.5000      3678.863956     0.000019048   -303591.8155    -20097.250
0.5500      2812.272451     0.000013606   -304458.4071    -14960.304
0.6000      2158.065848     0.000024490   -305112.6137    -11346.600
0.6500      1664.501909     0.000016327   -305606.1775     -8512.857
0.7000      1294.288235     0.000013606   -305976.3913     -6398.018
0.7500      1014.852116     0.000021769   -306255.8273     -4862.620
0.8000       801.045043     0.000019048   -306469.6343     -3744.707
0.8500       635.359413     0.000005442   -306635.3201     -2914.492
0.9000       505.810708     0.000016327   -306764.8687     -2287.517
0.9500       403.935821     0.000016327   -306866.7435     -1807.174
1.0000       323.271651     0.000019048   -306947.4076     -1436.183
1.1000       207.432515     0.000019048   -307063.2468      -929.657
1.2000       132.457089     0.000024490   -307138.2224      -601.287
1.3000        84.252126     0.000010885   -307186.4273      -384.864
1.4000        53.017669     0.000013606   -307217.6617      -249.614
1.5000        32.596017     0.000021769   -307238.0833      -163.352
1.6000        19.223847     0.000024490   -307251.4555      -107.230
1.7000        10.565891     0.000019048   -307260.1136       -70.453
1.8000         4.967193     0.000016327   -307265.7121       -46.114
1.9000         1.346472     0.000010885   -307269.3329       -29.774
2.0000        -0.948293     0.000021769   -307271.6276       -18.778
2.1000        -2.352757     0.000027211   -307273.0322       -11.350
2.2000        -3.159246     0.000013606   -307273.8385        -6.333
2.3000        -3.566644     0.000010885   -307274.2461        -3.002
2.4000        -3.710973     0.000027211   -307274.3904        -0.808
2.5000        -3.684739     0.000027211   -307274.3642         0.603
2.6000        -3.551879     0.000016327   -307274.2312         1.482
2.7000        -3.355494     0.000019048   -307274.0350         1.982
2.8000        -3.125515     0.000024490   -307273.8048         2.244
2.9000        -2.822059     0.000019048   -307273.5014         2.241
3.0000        -2.510061     0.000027211   -307273.1895         2.139
3.1000        -2.234818     0.000027211   -307272.9141         2.007
3.2000        -1.991208     0.000013606   -307272.6706         1.853
3.3000        -1.722212     0.000005442   -307272.4015         1.691
3.4000        -1.463252     0.000016327   -307272.1427         1.519
3.5000        -1.214983     0.000010885   -307271.8943         1.331
3.6000        -0.978837     0.000010885   -307271.6583         1.149
3.7000        -0.775318     0.000021769   -307271.4548         0.985
3.8000        -0.600553     0.000024490   -307271.2798         0.839
3.9000        -0.450713     0.000021769   -307271.1302         0.711
4.0000        -0.322812     0.000013606   -307271.0023         0.604
5.0000         0.241341     0.000013606   -307270.4382         0.107
6.0000         0.341351     0.000002721   -307270.3380         0.018
7.0000         0.366548     0.000016327   -307270.3127         0.006
8.0000         0.378233     0.000024490   -307270.3010         0.003
9.0000         0.385863     0.000021769   -307270.2934         0.002
10.0000         0.391436     0.000000000   -307270.2880         0.001
100.0000         0.426696     0.000019048   -307270.2526
1000.0000         0.429513     0.000021769   -307270.2499
