0.0020  23622025.118075     0.000019048  22891509.2699
0.0040  11491433.212178     0.000024490  10760917.3650
0.0060   7464543.414199     0.000024490   6734027.5672
0.0080   5463709.806718     0.000019048   4733193.9598
0.0100   4269524.124018     0.000016327   3539008.2761
0.0120   3476830.334782     0.000019048   2746314.4870
0.0140   2914088.804533     0.000019048   2183572.9563
0.0160   2494581.327335     0.000010885   1764065.4790
0.0180   2170447.487939     0.000027211   1439931.6397
0.0200   1912739.424027     0.000024490   1182223.5759
0.0400    785210.540093     0.000019048     54694.6919
0.0600    436175.476181     0.000021769   -294340.3719
0.0800    276176.729806     0.000019048   -454339.1183
0.1000    189317.525540     0.000013606   -541198.3226
0.1200    136108.220368     0.000010885   -594407.6279
0.1400    100939.167137     0.000016327   -629576.6810
0.1600     76862.426961     0.000016327   -653653.4213
0.1800     60050.446715     0.000019048   -670465.4014
0.2000     48062.732569     0.000024490   -682453.1157
0.2400     31821.105545     0.000024490   -698694.7428
0.2800     21926.579954     0.000005442   -708589.2681
0.3200     15625.876875     0.000010885   -714889.9713
0.3600     11463.285965     0.000010885   -719052.5623
0.4000      8513.445871     0.000019048   -722002.4022
0.4500      5979.867920     0.000027211   -724535.9802    -40473.313
0.5000      4334.482172     0.000021769   -726181.3660    -26469.704
0.5500      3240.069292     0.000013606   -727275.7789    -18026.981
0.6000      2476.044913     0.000024490   -728039.8034    -12942.139
0.6500      1914.303216     0.000019048   -728601.5451     -9707.415
0.7000      1489.411401     0.000024490   -729026.4369     -7344.062
0.7500      1170.116257     0.000010885   -729345.7319     -5510.762
0.8000       930.371605     0.000016327   -729585.4765     -4147.836
0.8500       748.972303     0.000016327   -729766.8758     -3160.089
0.9000       609.729775     0.000021769   -729906.1185     -2447.033
0.9500       501.022498     0.000002721   -730014.8258     -1927.753
1.0000       414.697591     0.000010885   -730101.1507     -1543.843
1.1000       288.176145     0.000005442   -730227.6720     -1030.307
1.2000       202.347489     0.000002721   -730313.5008      -708.446
1.3000       143.082383     0.000013606   -730372.7659      -493.556
1.4000       102.302092     0.000024490   -730413.5460      -351.073
1.5000        73.038688     0.000021769   -730442.8094      -251.547
1.6000        51.900203     0.000010885   -730463.9480      -180.899
1.7000        36.582647     0.000019048   -730479.2656      -130.217
1.8000        25.496202     0.000016327   -730490.3520       -93.482
1.9000        17.517012     0.000016327   -730498.3312       -66.669
2.0000        11.824851     0.000016327   -730504.0233       -47.125
2.1000         7.945363     0.000013606   -730507.9028       -33.174
2.2000         5.251508     0.000019048   -730510.5968       -23.157
2.3000         3.391253     0.000024490   -730512.4569       -15.896
2.4000         2.129373     0.000013606   -730513.7187       -10.912
2.5000         1.285989     0.000016327   -730514.5623        -7.269
2.6000         0.762257     0.000019048   -730515.0858        -4.893
2.7000         0.428743     0.000016327   -730515.4194        -3.254
2.8000         0.208309     0.000024490   -730515.6398        -2.225
2.9000         0.055476     0.000016327   -730515.7928        -1.557
3.0000        -0.058660     0.000010885   -730515.9068        -1.073
3.1000        -0.149157     0.000008163   -730515.9974        -0.823
3.2000        -0.221936     0.000019048   -730516.0701        -0.562
3.3000        -0.281018     0.000016327   -730516.1291        -0.335
3.4000        -0.325451     0.000016327   -730516.1737        -0.198
3.5000        -0.355329     0.000024490   -730516.2034        -0.086
3.6000        -0.371863     0.000013606   -730516.2200         0.074
3.7000        -0.375381     0.000021769   -730516.2235         0.194
3.8000        -0.367917     0.000021769   -730516.2162         0.272
3.9000        -0.350586     0.000019048   -730516.1988         0.341
4.0000        -0.325383     0.000019048   -730516.1735         0.407
5.0000         0.045468     0.000021769   -730515.8026         0.405
6.0000         0.288854     0.000010885   -730515.5593         0.194
7.0000         0.430384     0.000016327   -730515.4178         0.069
8.0000         0.467241     0.000013606   -730515.3811         0.021
9.0000         0.473165     0.000024490   -730515.3751         0.005
10.0000         0.472199     0.000016327   -730515.3759         0.002
100.0000         0.451282     0.000016327   -730515.3968
1000.0000         0.449641     0.000013606   -730515.3985
