0.0020         0.000000     0.000019048  26769252.0185
0.0040  13309348.386768     0.000024490  12751419.1754
0.0060   8651206.701834     0.000016327   8093277.4893
0.0080   6329372.232116     0.000016327   5771443.0191
0.0100   4941163.623581     0.000021769   4383234.4110
0.0120   4017457.902019     0.000024490   3459528.6891
0.0140   3362414.227072     0.000024490   2804485.0147
0.0160   2874002.250990     0.000016327   2316073.0392
0.0180   2495951.559638     0.000002721   1938022.3477
0.0200   2195846.982295     0.000027211   1637917.7705
0.0400    892350.688704     0.000024490    334421.4769
0.0600    496157.491583     0.000019048    -61771.7203
0.0800    314792.557951     0.000019048   -243136.6539
0.1000    215969.875382     0.000019048   -341959.3364
0.1200    155974.496665     0.000008163   -401954.7151
0.1400    116577.645130     0.000027211   -441351.5666
0.1600     89717.833814     0.000021769   -468211.3780
0.1800     70751.285267     0.000016327   -487177.9265
0.2000     56814.552433     0.000019048   -501114.6596
0.2400     37118.152788     0.000008163   -520811.0590
0.2800     25111.061861     0.000010885   -532818.1501
0.3200     17624.340005     0.000016327   -540304.8718
0.3600     12778.915918     0.000016327   -545150.2960
0.4000      9270.655399     0.000008163   -548658.5565
0.4500      6354.645783     0.000008163   -551574.5662    -45997.846
0.5000      4490.425077     0.000021769   -553438.7868    -29919.939
0.5500      3254.312724     0.000013606   -554674.8990    -20316.651
0.6000      2397.429437     0.000002721   -555531.7823    -14431.778
0.6500      1779.270209     0.000005442   -556149.9417    -10544.630
0.7000      1327.010195     0.000021769   -556602.2016     -7698.097
0.7500       998.369373     0.000019048   -556930.8424     -5567.940
0.8000       760.883256     0.000019048   -557168.3285     -4023.466
0.8500       588.941261     0.000019048   -557340.2705     -2937.003
0.9000       462.367129     0.000027211   -557466.8448     -2184.767
0.9500       367.037467     0.000024490   -557562.1745     -1667.587
1.0000       293.353045     0.000010885   -557635.8589     -1301.530
1.1000       189.733818     0.000019048   -557739.4780      -809.412
1.2000       124.537406     0.000024490   -557804.6746      -509.843
1.3000        83.451901     0.000024490   -557845.7600      -319.820
1.4000        58.402818     0.000010885   -557870.8092      -203.402
1.5000        42.574939     0.000021769   -557886.6370      -134.062
1.6000        31.971164     0.000021769   -557897.2407       -91.476
1.7000        24.666619     0.000010885   -557904.5453       -64.206
1.8000        19.520971     0.000016327   -557909.6910       -45.768
1.9000        16.513715     0.000019048   -557912.6981       -34.498
2.0000        14.481695     0.000010885   -557914.7303       -26.541
2.1000        12.961357     0.000019048   -557916.2506       -20.522
2.2000        11.702590     0.000019048   -557917.5094       -15.742
2.3000        10.683861     0.000024490   -557918.5279       -12.018
2.4000         9.867826     0.000016327   -557919.3440        -9.247
2.5000         9.213047     0.000021769   -557919.9989        -7.203
2.6000         8.682076     0.000008163   -557920.5298        -5.716
2.7000         8.243592     0.000005442   -557920.9682        -4.629
2.8000         7.875590     0.000010885   -557921.3364        -3.834
2.9000         7.560352     0.000005442   -557921.6515        -3.209
3.0000         7.288347     0.000005442   -557921.9236        -2.745
3.1000         7.052007     0.000013606   -557922.1598        -2.317
3.2000         6.846877     0.000024490   -557922.3650        -1.996
3.3000         6.670049     0.000010885   -557922.5418        -1.699
3.4000         6.518414     0.000019048   -557922.6934        -1.430
3.5000         6.389546     0.000021769   -557922.8224        -1.202
3.6000         6.281373     0.000010885   -557922.9304        -1.002
3.7000         6.191684     0.000024490   -557923.0202        -0.823
3.8000         6.117965     0.000019048   -557923.0940        -0.663
3.9000         6.058296     0.000027211   -557923.1536        -0.533
4.0000         6.011373     0.000019048   -557923.2004        -0.417
5.0000         6.056269     0.000002721   -557923.1555         0.035
6.0000         6.199763     0.000008163   -557923.0121         0.047
7.0000         6.264521     0.000027211   -557922.9473         0.024
8.0000         6.287683     0.000019048   -557922.9242         0.009
9.0000         6.295234     0.000019048   -557922.9165         0.002
10.0000         6.297520     0.000027211   -557922.9144         0.001
100.0000         6.298546     0.000021769   -557922.9133
1000.0000         6.298562     0.000016327   -557922.9133
