0.0020         0.000000     0.000010885  30028522.0579
0.0040  14946627.591689     0.000013606  14265817.4787
0.0060   9706412.870530     0.000024490   9025602.7556
0.0080   7095822.820106     0.000024490   6415012.7063
0.0100   5535425.475279     0.000021769   4854615.3612
0.0120   4499578.469303     0.000024490   3818768.3553
0.0140   3763522.648553     0.000019048   3082712.5346
0.0160   3215483.732072     0.000027211   2534673.6178
0.0180   2792670.539172     0.000016327   2111860.4250
0.0200   2457106.274188     0.000021769   1776296.1599
0.0400    999124.571367     0.000024490    318314.4573
0.0600    554647.607333     0.000008163   -126162.5069
0.0800    351888.137177     0.000016327   -328921.9770
0.1000    242115.635402     0.000019048   -438694.4788
0.1200    174773.182381     0.000016327   -506036.9320
0.1400    131014.653376     0.000013606   -549795.4609
0.1600    101276.396101     0.000019048   -579533.7183
0.1800     80003.490609     0.000024490   -600806.6236
0.2000     63686.955739     0.000021769   -617123.1584
0.2400     41724.228379     0.000010885   -639085.8859
0.2800     28561.758495     0.000019048   -652248.3557
0.3200     20368.706191     0.000013606   -660441.4080
0.3600     14593.318921     0.000024490   -666216.7952
0.4000     10744.959846     0.000010885   -670065.1544
0.4500      7626.974594     0.000024490   -673183.1395    -49550.345
0.5000      5578.311426     0.000019048   -675231.8028    -33863.800
0.5500      4142.365324     0.000010885   -676667.7490    -24266.992
0.6000      3106.228525     0.000021769   -677703.8858    -17554.623
0.6500      2356.130623     0.000016327   -678453.9837    -12725.145
0.7000      1810.380894     0.000016327   -678999.7333     -9319.822
0.7500      1407.413688     0.000027211   -679402.7006     -6940.317
0.8000      1104.327828     0.000021769   -679705.7865     -5269.732
0.8500       872.511154     0.000016327   -679937.6031     -4078.147
0.9000       691.576271     0.000019048   -680118.5380     -3205.885
0.9500       548.658637     0.000021769   -680261.4555     -2535.477
1.0000       435.507266     0.000021769   -680374.6070     -2005.116
1.1000       275.045087     0.000024490   -680535.0691     -1258.729
1.2000       173.791322     0.000024490   -680636.3229      -800.714
1.3000       108.994708     0.000013606   -680701.1195      -516.186
1.4000        67.009230     0.000019048   -680743.1051      -336.152
1.5000        39.554572     0.000019048   -680770.5597      -220.315
1.6000        21.515229     0.000024490   -680788.5990      -144.635
1.7000         9.724471     0.000021769   -680800.3897       -94.503
1.8000         2.051655     0.000013606   -680808.0625       -61.061
1.9000        -2.876400     0.000016327   -680812.9907       -38.668
2.0000        -5.964167     0.000021769   -680816.0784       -23.750
2.1000        -7.818509     0.000010885   -680817.9326       -13.775
2.2000        -8.843959     0.000021769   -680818.9582        -7.313
2.3000        -9.319547     0.000021769   -680819.4339        -2.969
2.4000        -9.434637     0.000010885   -680819.5490        -0.217
2.5000        -9.107238     0.000016327   -680819.2213         1.059
2.6000        -8.615903     0.000010885   -680818.7302         1.789
2.7000        -8.121252     0.000016327   -680818.2355         2.175
2.8000        -7.647197     0.000027211   -680817.7614         2.395
2.9000        -7.200642     0.000024490   -680817.3149         2.443
3.0000        -6.637300     0.000013606   -680816.7516         2.227
3.1000        -6.136352     0.000027211   -680816.2507         2.017
3.2000        -5.692129     0.000013606   -680815.8063         1.793
3.3000        -5.316715     0.000010885   -680815.4311         1.626
3.4000        -4.996581     0.000024490   -680815.1108         1.488
3.5000        -4.722355     0.000008163   -680814.8365         1.343
3.6000        -4.481867     0.000021769   -680814.5962         1.214
3.7000        -4.250853     0.000013606   -680814.3652         1.117
3.8000        -4.046413     0.000008163   -680814.1606         1.015
3.9000        -3.864424     0.000010885   -680813.9785         0.906
4.0000        -3.701090     0.000021769   -680813.8153         0.825
5.0000        -2.772351     0.000016327   -680812.8865         0.256
6.0000        -2.499938     0.000010885   -680812.6141         0.067
7.0000        -2.429080     0.000000000   -680812.5434         0.022
8.0000        -2.408951     0.000013606   -680812.5233         0.009
9.0000        -2.401242     0.000013606   -680812.5154         0.005
10.0000        -2.396992     0.000008163   -680812.5113         0.004
100.0000        -2.374532     0.000013606   -680812.4887
1000.0000        -2.372894     0.000021769   -680812.4871
