0.0020   2530764.544105     0.000019048   2277212.1466
0.0040   1235722.902692     0.000016327    982170.5052
0.0060    805540.311046     0.000019048    551987.9135
0.0080    591330.777476     0.000008163    337778.3800
0.0100    463476.274126     0.000019048    209923.8765
0.0120    378620.344411     0.000021769    125067.9468
0.0140    318259.444661     0.000027211     64707.0471
0.0160    273202.569018     0.000019048     19650.1714
0.0180    238324.010298     0.000021769    -15228.3873
0.0200    210540.409745     0.000019048    -43011.9878
0.0400     88842.229277     0.000016327   -164710.1683
0.0600     50902.123636     0.000010885   -202650.2740
0.0800     33170.805163     0.000021769   -220381.5924
0.1000     23273.561338     0.000019048   -230278.8362
0.1200     17205.050627     0.000019048   -236347.3469
0.1400     13174.863388     0.000016327   -240377.5342
0.1600     10319.922409     0.000010885   -243232.4752
0.1800      8204.334522     0.000019048   -245348.0631
0.2000      6601.037129     0.000010885   -246951.3605
0.2400      4424.412916     0.000019048   -249127.9847    -41657.845
0.2800      3106.247671     0.000016327   -250446.1499    -25773.461
0.3200      2269.659299     0.000008163   -251282.7383    -16923.623
0.3600      1703.017722     0.000013606   -251849.3799    -11867.238
0.4000      1295.625988     0.000024490   -252256.7716     -8726.409
0.4500       929.922764     0.000019048   -252622.4748     -6073.123
0.5000       675.523923     0.000010885   -252876.8737     -4228.126
0.5500       498.330918     0.000027211   -253054.0667     -2950.706
0.6000       374.023438     0.000021769   -253178.3741     -2080.343
0.6500       285.400444     0.000021769   -253266.9971     -1496.577
0.7000       221.140248     0.000021769   -253331.2573     -1103.685
0.7500       173.146701     0.000013606   -253379.2509      -842.257
0.8000       136.173472     0.000010885   -253416.2241      -662.055
0.8500       107.055395     0.000016327   -253445.3422      -528.038
0.9000        83.819171     0.000016327   -253468.5784      -421.083
0.9500        65.270585     0.000019048   -253487.1270      -333.067
1.0000        50.602462     0.000005442   -253501.7951      -260.670
1.1000        30.164238     0.000019048   -253522.2333      -155.328
1.2000        17.972360     0.000021769   -253534.4252       -90.809
1.3000        10.820280     0.000021769   -253541.5773       -53.109
1.4000         6.666098     0.000008163   -253545.7315       -31.701
1.5000         4.249430     0.000019048   -253548.1481       -19.348
1.6000         2.847596     0.000024490   -253549.5500       -12.318
1.7000         2.226651     0.000024490   -253550.1709        -8.525
1.8000         2.106312     0.000013606   -253550.2913        -6.660
1.9000         2.010100     0.000005442   -253550.3875        -5.185
2.0000         1.923881     0.000021769   -253550.4737        -4.106
2.1000         1.849382     0.000013606   -253550.5482        -3.057
2.2000         1.853063     0.000024490   -253550.5445        -2.288
2.3000         1.897883     0.000024490   -253550.4997        -1.672
2.4000         1.925005     0.000002721   -253550.4726        -1.051
2.5000         1.952295     0.000024490   -253550.4453        -0.560
2.6000         1.990761     0.000024490   -253550.4068        -0.176
2.7000         2.041785     0.000010885   -253550.3558         0.143
2.8000         2.102254     0.000008163   -253550.2953         0.375
2.9000         2.171099     0.000024490   -253550.2265         0.514
3.0000         2.247838     0.000008163   -253550.1498         0.606
3.1000         2.328457     0.000002721   -253550.0691         0.670
3.2000         2.410064     0.000008163   -253549.9875         0.700
3.3000         2.491108     0.000013606   -253549.9065         0.705
3.4000         2.571295     0.000013606   -253549.8263         0.685
3.5000         2.649620     0.000021769   -253549.7480         0.651
3.6000         2.724326     0.000002721   -253549.6733         0.628
3.7000         2.794417     0.000005442   -253549.6032         0.585
3.8000         2.859455     0.000021769   -253549.5381         0.542
3.9000         2.919497     0.000019048   -253549.4781         0.499
4.0000         2.975033     0.000005442   -253549.4226         0.448
5.0000         3.307507     0.000019048   -253549.0901         0.147
6.0000         3.417343     0.000005442   -253548.9802         0.094
7.0000         3.457276     0.000000000   -253548.9403         0.036
8.0000         3.476669     0.000008163   -253548.9209         0.023
9.0000         3.488569     0.000010885   -253548.9090         0.016
10.0000         3.496866     0.000010885   -253548.9007         0.013
100.0000         3.548118     0.000008163   -253548.8495         0.000
1000.0000         3.552124     0.000005442   -253548.8455
