0.0020  17344288.110063     0.000024490  16791185.8629
0.0040   8443905.500556     0.000019048   7890803.2523
0.0060   5490188.702529     0.000013606   4937086.4548
0.0080   4020002.510670     0.000027211   3466900.2645
0.0100   3143336.232177     0.000027211   2590233.9849
0.0120   2560770.143558     0.000016327   2007667.8964
0.0140   2146200.449522     0.000024490   1593098.2024
0.0160   1836908.963678     0.000027211   1283806.7164
0.0180   1597374.224653     0.000019048   1044271.9774
0.0200   1407035.070813     0.000016327    853932.8235
0.0400    576417.865626     0.000021769     23315.6184
0.0600    322303.129711     0.000016327   -230799.1175
0.0800    205974.936319     0.000021769   -347127.3109
0.1000    142116.127011     0.000024490   -410986.1203
0.1200    103158.996174     0.000010885   -449943.2511
0.1400     77284.116822     0.000013606   -475818.1303
0.1600     59110.374969     0.000024490   -493991.8723
0.1800     46019.947112     0.000019048   -507082.3002
0.2000     36471.222316     0.000010885   -516631.0248
0.2400     24074.567055     0.000021769   -529027.6802
0.2800     16683.376282     0.000016327   -536418.8709
0.3200     11687.420261     0.000024490   -541414.8268
0.3600      8453.374315     0.000010885   -544648.8729
0.4000      6273.294825     0.000024490   -546828.9523    -45077.187
0.4500      4440.115380     0.000010885   -548662.1318    -29582.298
0.5000      3195.005990     0.000008163   -549907.2412    -21057.177
0.5500      2301.003047     0.000019048   -550801.2441    -14898.487
0.6000      1678.864236     0.000008163   -551423.3829    -10253.518
0.6500      1250.007691     0.000027211   -551852.2394     -7101.049
0.7000       950.200609     0.000021769   -552152.0467     -5021.932
0.7500       735.389376     0.000024490   -552366.8578     -3651.981
0.8000       577.044880     0.000027211   -552525.2023     -2732.748
0.8500       457.191505     0.000013606   -552645.0557     -2094.251
0.9000       364.486154     0.000016327   -552737.7611     -1634.473
0.9500       291.743529     0.000019048   -552810.5037     -1308.119
1.0000       233.143668     0.000008163   -552869.1034     -1062.603
1.1000       147.673879     0.000005442   -552954.5733      -672.352
1.2000        94.156502     0.000013606   -553008.0908      -418.027
1.3000        60.719857     0.000016327   -553041.5274      -262.559
1.4000        39.551263     0.000021769   -553062.6959      -167.041
1.5000        25.975495     0.000013606   -553076.2717      -107.418
1.6000        17.155637     0.000021769   -553085.0917       -69.918
1.7000        11.337478     0.000010885   -553090.9098       -46.109
1.8000         7.436689     0.000016327   -553094.8105       -30.759
1.9000         4.781676     0.000016327   -553097.4655       -20.647
2.0000         2.949291     0.000013606   -553099.2980       -13.990
2.1000         1.666698     0.000016327   -553100.5804        -9.414
2.2000         0.756863     0.000021769   -553101.4904        -6.327
2.3000         0.195400     0.000024490   -553102.0518        -4.167
2.4000        -0.128473     0.000016327   -553102.3756        -2.628
2.5000        -0.305587     0.000005442   -553102.5527        -1.677
2.6000        -0.408865     0.000010885   -553102.6561        -0.958
2.7000        -0.461652     0.000013606   -553102.7089        -0.489
2.8000        -0.479634     0.000021769   -553102.7269        -0.173
2.9000        -0.474297     0.000024490   -553102.7214         0.070
3.0000        -0.453628     0.000013606   -553102.7007         0.204
3.1000        -0.422832     0.000021769   -553102.6700         0.301
3.2000        -0.386206     0.000021769   -553102.6335         0.362
3.3000        -0.346646     0.000016327   -553102.5938         0.394
3.4000        -0.305747     0.000016327   -553102.5530         0.391
3.5000        -0.265028     0.000013606   -553102.5122         0.393
3.6000        -0.225789     0.000027211   -553102.4730         0.380
3.7000        -0.188423     0.000019048   -553102.4357         0.361
3.8000        -0.153252     0.000016327   -553102.4006         0.331
3.9000        -0.120552     0.000016327   -553102.3677         0.308
4.0000        -0.090453     0.000008163   -553102.3377         0.283
5.0000         0.084385     0.000013606   -553102.1628         0.085
6.0000         0.132805     0.000010885   -553102.1143         0.020
7.0000         0.144207     0.000024490   -553102.1029         0.005
8.0000         0.146868     0.000002721   -553102.1005         0.001
9.0000         0.147497     0.000010885   -553102.0996        -0.000
10.0000         0.147644     0.000010885   -553102.0996        -0.000
100.0000         0.147690     0.000010885   -553102.0996
1000.0000         0.147690     0.000010885   -553102.0996
