0.0020   2387937.513779     0.000027211   2047275.3456
0.0040   1165121.077937     0.000016327    824458.9096
0.0060    758821.782307     0.000024490    418159.6141
0.0080    556608.609451     0.000024490    215946.4412
0.0100    436027.434317     0.000024490     95365.2661
0.0120    355995.210052     0.000021769     15333.0418
0.0140    299091.532384     0.000019048    -41570.6359
0.0160    256588.055492     0.000024490    -84074.1128
0.0180    223687.404710     0.000027211   -116974.7635
0.0200    197484.512587     0.000021769   -143177.6557
0.0400     82879.743044     0.000019048   -257782.4252
0.0600     47220.105694     0.000013606   -293442.0625
0.0800     30642.752486     0.000021769   -310019.4159
0.1000     21440.023867     0.000008163   -319222.1443
0.1200     15782.775536     0.000021769   -324879.3927
0.1400     11993.570191     0.000016327   -328668.5981
0.1600      9301.348267     0.000013606   -331360.8198
0.1800      7327.165310     0.000019048   -333335.0028
0.2000      5856.046545     0.000005442   -334806.1216
0.2400      3897.497634     0.000024490   -336764.6706    -37217.153
0.2800      2717.415084     0.000027211   -337944.7532    -23158.488
0.3200      1962.483428     0.000013606   -338699.6849    -15315.669
0.3600      1449.301621     0.000019048   -339212.8665    -10705.951
0.4000      1084.728230     0.000024490   -339577.4399     -7706.587
0.4500       767.061870     0.000008163   -339895.1063     -5167.993
0.5000       553.306649     0.000013606   -340108.8616     -3491.667
0.5500       407.761264     0.000016327   -340254.4069     -2395.881
0.6000       306.763186     0.000027211   -340355.4050     -1683.611
0.6500       235.042357     0.000010885   -340427.1258     -1219.246
0.7000       182.287346     0.000013606   -340479.8808      -913.233
0.7500       142.350889     0.000008163   -340519.8174      -701.906
0.8000       111.450213     0.000013606   -340550.7181      -546.427
0.8500        87.337705     0.000008163   -340574.8306      -426.628
0.9000        68.523193     0.000008163   -340593.6452      -332.573
0.9500        53.891144     0.000024490   -340608.2770      -258.718
1.0000        42.534767     0.000021769   -340619.6334      -200.816
1.1000        26.922286     0.000016327   -340635.2459      -121.161
1.2000        17.518381     0.000002721   -340644.6499       -73.889
1.3000        11.773076     0.000002721   -340650.3951       -46.134
1.4000         8.155998     0.000008163   -340654.0123       -30.068
1.5000         5.851664     0.000019048   -340656.3165       -21.043
1.6000         4.267307     0.000024490   -340657.9011       -15.786
1.7000         3.064360     0.000024490   -340659.1038       -12.408
1.8000         2.148527     0.000019048   -340660.0197        -9.865
1.9000         1.494763     0.000010885   -340660.6736        -7.940
2.0000         0.971931     0.000013606   -340661.1964        -6.381
2.1000         0.535899     0.000019048   -340661.6323        -4.923
2.2000         0.179720     0.000010885   -340661.9885        -3.771
2.3000        -0.024901     0.000010885   -340662.1931        -2.845
2.4000        -0.177078     0.000016327   -340662.3452        -2.063
2.5000        -0.301353     0.000013606   -340662.4696        -1.436
2.6000        -0.391983     0.000013606   -340662.5602        -0.927
2.7000        -0.454297     0.000008163   -340662.6225        -0.521
2.8000        -0.493070     0.000016327   -340662.6614        -0.204
2.9000        -0.510562     0.000008163   -340662.6788         0.002
3.0000        -0.510459     0.000019048   -340662.6788         0.161
3.1000        -0.498105     0.000027211   -340662.6663         0.281
3.2000        -0.477345     0.000024490   -340662.6456         0.360
3.3000        -0.449902     0.000008163   -340662.6181         0.406
3.4000        -0.416794     0.000019048   -340662.5849         0.408
3.5000        -0.380217     0.000002721   -340662.5485         0.416
3.6000        -0.342273     0.000005442   -340662.5104         0.413
3.7000        -0.304381     0.000024490   -340662.4726         0.404
3.8000        -0.267455     0.000010885   -340662.4358         0.399
3.9000        -0.231602     0.000005442   -340662.3999         0.366
4.0000        -0.196812     0.000008163   -340662.3651         0.323
5.0000         0.030904     0.000013606   -340662.1373         0.107
6.0000         0.102533     0.000019048   -340662.0658         0.070
7.0000         0.119270     0.000016327   -340662.0489         0.021
8.0000         0.122266     0.000008163   -340662.0459         0.013
9.0000         0.122193     0.000013606   -340662.0462         0.009
10.0000         0.121548     0.000005442   -340662.0467         0.006
100.0000         0.114701     0.000021769   -340662.0535         0.000
1000.0000         0.114076     0.000010885   -340662.0541
