0.0020         0.000000     0.000013606  34018660.3483
0.0040  16950462.042775     0.000021769  16151239.9799
0.0060  11015915.880851     0.000019048  10216693.8179
0.0080   8057212.731809     0.000013606   7257990.6708
0.0100   6285984.904931     0.000019048   5486762.8446
0.0120   5109099.543161     0.000019048   4309877.4806
0.0140   4272630.113325     0.000019048   3473408.0521
0.0160   3649403.460389     0.000021769   2850181.3978
0.0180   3168285.190685     0.000021769   2369063.1289
0.0200   2786435.646574     0.000021769   1987213.5850
0.0400   1125884.809448     0.000019048    326662.7478
0.0600    621287.844571     0.000019048   -177934.2171
0.0800    393586.032176     0.000021769   -405636.0295
0.1000    270005.480736     0.000024490   -529216.5809
0.1200    194220.496673     0.000019048   -605001.5650
0.1400    145308.506625     0.000016327   -653913.5552
0.1600    112105.137786     0.000013606   -687116.9240
0.1800     87674.750308     0.000008163   -711547.3115
0.2000     69311.023514     0.000016327   -729911.0383
0.2400     45035.180449     0.000013606   -754186.8811
0.2800     30759.606648     0.000021769   -768462.4551
0.3200     21442.668052     0.000010885   -777779.3936
0.3600     15247.731783     0.000010885   -783974.3299
0.4000     11201.190117     0.000024490   -788020.8716
0.4500      7881.980564     0.000013606   -791340.0812
0.5000      5670.934887     0.000019048   -793551.1268    -36317.895
0.5500      4144.036112     0.000019048   -795078.0255    -25476.085
0.6000      3070.713474     0.000010885   -796151.3483    -17901.683
0.6500      2319.225594     0.000013606   -796902.8361    -12515.506
0.7000      1789.090597     0.000024490   -797432.9710     -8973.556
0.7500      1398.133600     0.000027211   -797823.9280     -6886.555
0.8000      1095.701595     0.000021769   -798126.3601     -5304.276
0.8500       862.623866     0.000021769   -798359.4379     -4080.675
0.9000       683.263829     0.000002721   -798538.7978     -3136.190
0.9500       545.106750     0.000021769   -798676.9549     -2414.821
1.0000       438.302693     0.000021769   -798783.7591     -1867.848
1.1000       290.921704     0.000021769   -798931.1401     -1143.670
1.2000       199.690100     0.000021769   -799022.3715      -730.998
1.3000       140.273299     0.000019048   -799081.7884      -485.365
1.4000       100.104386     0.000021769   -799121.9573      -333.091
1.5000        72.366166     0.000013606   -799149.6955      -235.549
1.6000        52.499754     0.000016327   -799169.5620      -167.996
1.7000        38.231032     0.000008163   -799183.8306      -119.707
1.8000        28.041129     0.000019048   -799194.0204       -85.277
1.9000        20.798914     0.000016327   -799201.2627       -60.992
2.0000        15.654381     0.000010885   -799206.4073       -44.089
2.1000        11.973899     0.000027211   -799210.0877       -32.419
2.2000         9.296659     0.000021769   -799212.7650       -24.286
2.3000         7.309509     0.000008163   -799214.7523       -18.362
2.4000         5.875395     0.000016327   -799216.1863       -14.074
2.5000         4.851898     0.000013606   -799217.2097       -10.892
2.6000         4.057086     0.000013606   -799218.0046        -8.342
2.7000         3.446337     0.000010885   -799218.6155        -6.356
2.8000         2.985047     0.000027211   -799219.0767        -4.749
2.9000         2.644412     0.000013606   -799219.4174        -3.490
3.0000         2.401142     0.000019048   -799219.6606        -2.517
3.1000         2.236148     0.000013606   -799219.8255        -1.717
3.2000         2.133243     0.000002721   -799219.9284        -1.130
3.3000         2.079209     0.000013606   -799219.9826        -0.671
3.4000         2.063922     0.000010885   -799219.9978        -0.299
3.5000         2.077323     0.000016327   -799219.9845        -0.045
3.6000         2.112636     0.000016327   -799219.9491         0.139
3.7000         2.164247     0.000013606   -799219.8974         0.289
3.8000         2.226251     0.000013606   -799219.8353         0.375
3.9000         2.295036     0.000010885   -799219.7668         0.426
4.0000         2.367919     0.000019048   -799219.6938         0.461
5.0000         2.971770     0.000005442   -799219.0900         0.261
6.0000         3.216863     0.000013606   -799218.8448         0.087
7.0000         3.302027     0.000021769   -799218.7597         0.046
8.0000         3.337146     0.000013606   -799218.7246         0.025
9.0000         3.355573     0.000002721   -799218.7061         0.017
10.0000         3.367476     0.000010885   -799218.6941         0.012
100.0000         3.431572     0.000010885   -799218.6301         0.000
1000.0000         3.436203     0.000019048   -799218.6255
