0.0020         0.000000     0.000024490  29210550.1880
0.0040  14571739.577129     0.000013606  13837530.0679
0.0060   9465291.936483     0.000019048   8731082.4260
0.0080   6924274.095723     0.000010885   6190064.5855
0.0100   5404777.684695     0.000010885   4670568.1755
0.0120   4395311.642185     0.000008163   3661102.1309
0.0140   3676909.880679     0.000013606   2942700.3700
0.0160   3141274.974073     0.000019048   2407065.4636
0.0180   2727740.283920     0.000016327   1993530.7735
0.0200   2399444.188769     0.000019048   1665234.6782
0.0400    973009.030873     0.000005442    238799.5203
0.0600    539437.094913     0.000024490   -194772.4156
0.0800    342310.634076     0.000024490   -391898.8765
0.1000    235109.236981     0.000010885   -499100.2737
0.1200    169106.334128     0.000024490   -565103.1765
0.1400    125714.608774     0.000019048   -608494.9017
0.1600     96461.931282     0.000013606   -637747.5794
0.1800     75991.317230     0.000019048   -658218.1934
0.2000     60481.464085     0.000010885   -673728.0464
0.2400     39655.788853     0.000027211   -694553.7218
0.2800     27119.872712     0.000019048   -707089.6377
0.3200     19399.329298     0.000021769   -714810.1813
0.3600     14032.286663     0.000019048   -720177.2240
0.4000     10387.909429     0.000019048   -723821.6011
0.4500      7435.206191     0.000010885   -726774.3045    -46610.174
0.5000      5523.682195     0.000024490   -728685.8283    -31306.848
0.5500      4197.729962     0.000010885   -730011.7806    -22448.232
0.6000      3228.649491     0.000024490   -730980.8611    -16668.747
0.6500      2504.220882     0.000024490   -731705.2897    -12535.107
0.7000      1957.591431     0.000019048   -732251.9190     -9498.758
0.7500      1541.860079     0.000021769   -732667.6504     -7273.470
0.8000      1220.216614     0.000027211   -732989.2940     -5682.613
0.8500       965.948829     0.000021769   -733243.5616     -4511.698
0.9000       764.536098     0.000016327   -733444.9744     -3574.445
0.9500       605.115498     0.000010885   -733604.3951     -2817.576
1.0000       479.552609     0.000016327   -733729.9580     -2210.641
1.1000       304.518213     0.000016327   -733904.9923     -1353.280
1.2000       196.945510     0.000008163   -734012.5649      -837.321
1.3000       129.734562     0.000024490   -734079.7760      -530.425
1.4000        86.674103     0.000021769   -734122.8364      -345.907
1.5000        58.213508     0.000005442   -734151.2970      -232.068
1.6000        38.902481     0.000008163   -734170.6082      -159.318
1.7000        25.539963     0.000008163   -734183.9706      -111.054
1.8000        16.186783     0.000008163   -734193.3237       -77.942
1.9000         9.615699     0.000008163   -734199.8950       -54.684
2.0000         5.017294     0.000021769   -734204.4932       -38.163
2.1000         1.833564     0.000019048   -734207.6769       -26.178
2.2000        -0.328012     0.000021769   -734209.8386       -17.567
2.3000        -1.750501     0.000024490   -734211.2612       -11.337
2.4000        -2.639875     0.000016327   -734212.1504        -6.783
2.5000        -3.146897     0.000008163   -734212.6574        -3.612
2.6000        -3.382009     0.000019048   -734212.8925        -1.295
2.7000        -3.367514     0.000016327   -734212.8781         0.185
2.8000        -3.006783     0.000027211   -734212.5172         0.939
2.9000        -2.647304     0.000019048   -734212.1578         1.385
3.0000        -2.300187     0.000016327   -734211.8108         1.680
3.1000        -1.971030     0.000010885   -734211.4816         1.866
3.2000        -1.662532     0.000024490   -734211.1730         1.913
3.3000        -1.375297     0.000027211   -734210.8859         1.946
3.4000        -1.001521     0.000010885   -734210.5120         1.785
3.5000        -0.646486     0.000013606   -734210.1569         1.579
3.6000        -0.318243     0.000013606   -734209.8288         1.387
3.7000         0.022030     0.000010885   -734209.4886         1.170
3.8000         0.302324     0.000010885   -734209.2083         0.979
3.9000         0.533069     0.000010885   -734208.9776         0.814
4.0000         0.723026     0.000010885   -734208.7874         0.683
5.0000         1.476020     0.000021769   -734208.0344         0.117
6.0000         1.582784     0.000019048   -734207.9278         0.018
7.0000         1.599554     0.000027211   -734207.9109         0.003
8.0000         1.603176     0.000027211   -734207.9074        -0.000
9.0000         1.604509     0.000027211   -734207.9060        -0.001
10.0000         1.605285     0.000027211   -734207.9052        -0.001
100.0000         1.609783     0.000016327   -734207.9008
1000.0000         1.610142     0.000016327   -734207.9003
