0.0020  26740586.727515     0.000016327  26034589.9573
0.0040  13011755.395153     0.000016327  12305758.6244
0.0060   8453641.069910     0.000019048   7747644.2993
0.0080   6185498.097437     0.000016327   5479501.3284
0.0100   4829436.508908     0.000027211   4123439.7384
0.0120   3929093.073506     0.000019048   3223096.3034
0.0140   3288641.894929     0.000008163   2582645.1255
0.0160   2810826.219032     0.000019048   2104829.4496
0.0180   2441752.322638     0.000010885   1735755.5530
0.0200   2148824.084298     0.000013606   1442827.3148
0.0400    873506.414183     0.000019048    167509.6446
0.0600    485138.327101     0.000019048   -220858.4425
0.0800    308829.870109     0.000013606   -397166.8994
0.1000    212558.924869     0.000027211   -493437.8447
0.1200    153307.679006     0.000021769   -552689.0905
0.1400    113841.437663     0.000016327   -592155.3319
0.1600     86961.891824     0.000024490   -619034.8779
0.1800     68313.782276     0.000013606   -637682.9874
0.2000     54832.462078     0.000005442   -651164.3076
0.2400     36168.017461     0.000008163   -669828.7521
0.2800     24700.307781     0.000021769   -681296.4619
0.3200     17549.437568     0.000013606   -688447.3321
0.3600     12800.246847     0.000008163   -693196.5226
0.4000      9412.239065     0.000016327   -696584.5306
0.4500      6609.987600     0.000024490   -699386.7819    -44121.145
0.5000      4820.655664     0.000019048   -701176.1138    -28805.435
0.5500      3622.587578     0.000019048   -702374.1820    -19895.170
0.6000      2772.947940     0.000010885   -703223.8217    -14482.668
0.6500      2145.155524     0.000019048   -703851.6141    -10834.295
0.7000      1672.864643     0.000013606   -704323.9049     -8197.775
0.7500      1313.945876     0.000005442   -704682.8238     -6259.900
0.8000      1038.592532     0.000013606   -704958.1770     -4823.758
0.8500       825.457085     0.000016327   -705171.3124     -3749.418
0.9000       659.122083     0.000013606   -705337.6475     -2938.565
0.9500       528.276426     0.000008163   -705468.4932     -2321.885
1.0000       424.523492     0.000024490   -705572.2459     -1849.011
1.1000       275.041365     0.000019048   -705721.7282     -1195.172
1.2000       178.820029     0.000016327   -705817.9496      -775.142
1.3000       116.732247     0.000021769   -705880.0373      -502.086
1.4000        75.876082     0.000019048   -705920.8936      -330.151
1.5000        48.638852     0.000024490   -705948.1308      -219.311
1.6000        30.577206     0.000024490   -705966.1924      -145.785
1.7000        18.693530     0.000019048   -705978.0762       -97.333
1.8000        10.804029     0.000019048   -705985.9656       -65.109
1.9000         5.549454     0.000010885   -705991.2201       -43.293
2.0000         2.072597     0.000019048   -705994.6969       -28.539
2.1000        -0.197762     0.000016327   -705996.9674       -18.486
2.2000        -1.646094     0.000016327   -705998.4156       -11.561
2.3000        -2.533925     0.000016327   -705999.3035        -6.905
2.4000        -3.041573     0.000010885   -705999.8113        -3.736
2.5000        -3.292552     0.000016327   -706000.0622        -1.606
2.6000        -3.372804     0.000016327   -706000.1424        -0.204
2.7000        -3.341576     0.000019048   -706000.1111         0.678
2.8000        -3.239955     0.000016327   -706000.0096         1.255
2.9000        -3.096186     0.000019048   -705999.8657         1.529
3.0000        -2.929573     0.000024490   -705999.6992         1.717
3.1000        -2.746702     0.000010885   -705999.5163         1.756
3.2000        -2.519011     0.000021769   -705999.2885         1.717
3.3000        -2.237359     0.000016327   -705999.0069         1.569
3.4000        -1.980220     0.000016327   -705998.7497         1.411
3.5000        -1.753758     0.000016327   -705998.5233         1.250
3.6000        -1.554652     0.000013606   -705998.3242         1.112
3.7000        -1.379944     0.000016327   -705998.1495         0.983
3.8000        -1.227112     0.000019048   -705997.9965         0.865
3.9000        -1.093637     0.000019048   -705997.8632         0.751
4.0000        -0.961697     0.000019048   -705997.7312         0.646
5.0000        -0.345481     0.000021769   -705997.1152         0.112
6.0000        -0.229585     0.000019048   -705996.9992         0.016
7.0000        -0.194085     0.000016327   -705996.9636         0.008
8.0000        -0.175220     0.000019048   -705996.9448         0.004
9.0000        -0.162395     0.000024490   -705996.9320         0.003
10.0000        -0.152942     0.000008163   -705996.9225         0.002
100.0000        -0.093006     0.000019048   -705996.8626
1000.0000        -0.088219     0.000021769   -705996.8577
