0.0020  17295793.229382     0.000024490  16905240.0156
0.0040   8426324.621200     0.000019048   8035771.4067
0.0060   5481871.102250     0.000024490   5091317.8881
0.0080   4014101.101438     0.000016327   3623547.8874
0.0100   3136292.783296     0.000024490   2745739.5700
0.0120   2553559.149591     0.000016327   2163005.9358
0.0140   2139390.480880     0.000027211   1748837.2670
0.0160   1830173.109927     0.000013606   1439619.8961
0.0180   1590946.265494     0.000021769   1200393.0517
0.0200   1400975.193764     0.000024490   1010421.9798
0.0400    575135.895821     0.000019048    184582.6820
0.0600    321489.814655     0.000016327    -69063.3992
0.0800    205356.233586     0.000021769   -185196.9803
0.1000    141371.368774     0.000005442   -249181.8451
0.1200    102483.326615     0.000024490   -288069.8872
0.1400     77067.480580     0.000024490   -313485.7333
0.1600     59346.959396     0.000016327   -331206.2545
0.1800     46499.766860     0.000019048   -344053.4471
0.2000     37001.254113     0.000013606   -353551.9598
0.2400     24449.082905     0.000008163   -366104.1308
0.2800     17032.160979     0.000013606   -373521.0528
0.3200     12007.484839     0.000024490   -378545.7291
0.3600      8665.191304     0.000005442   -381888.0224
0.4000      6415.276921     0.000010885   -384137.9368    -46537.439
0.4500      4521.756409     0.000005442   -386031.4573    -30491.622
0.5000      3265.401480     0.000005442   -387287.8124    -20568.175
0.5500      2394.480519     0.000019048   -388158.7332    -14795.057
0.6000      1760.748538     0.000024490   -388792.4654    -10715.010
0.6500      1310.112587     0.000016327   -389243.1014     -7500.813
0.7000       993.712976     0.000013606   -389559.5008     -5283.138
0.7500       768.514763     0.000019048   -389784.6991     -3802.635
0.8000       605.420159     0.000013606   -389947.7935     -2796.494
0.8500       483.351554     0.000024490   -390069.8622     -2129.838
0.9000       388.065803     0.000021769   -390165.1481     -1688.448
0.9500       312.634224     0.000021769   -390240.5797     -1352.159
1.0000       252.500258     0.000010885   -390300.7137     -1076.123
1.1000       166.938138     0.000010885   -390386.2758      -674.536
1.2000       112.967947     0.000008163   -390440.2458      -426.274
1.3000        77.982585     0.000016327   -390475.2312      -278.432
1.4000        55.064810     0.000016327   -390498.1489      -186.787
1.5000        39.858260     0.000002721   -390513.3555      -130.012
1.6000        29.380038     0.000016327   -390523.8338       -91.903
1.7000        22.062450     0.000013606   -390531.1515       -65.116
1.8000        16.888399     0.000013606   -390536.3254       -45.901
1.9000        13.255525     0.000019048   -390539.9584       -32.156
2.0000        10.723285     0.000027211   -390542.4904       -22.382
2.1000         8.969668     0.000016327   -390544.2442       -15.549
2.2000         7.757517     0.000024490   -390545.4562       -10.861
2.3000         6.916574     0.000027211   -390546.2973        -7.663
2.4000         6.465267     0.000016327   -390546.7485        -5.769
2.5000         6.137724     0.000013606   -390547.0761        -4.488
2.6000         5.862284     0.000013606   -390547.3515        -3.741
2.7000         5.613613     0.000021769   -390547.6002        -3.143
2.8000         5.377701     0.000021769   -390547.8361        -2.763
2.9000         5.149106     0.000010885   -390548.0647        -2.447
3.0000         4.928615     0.000019048   -390548.2851        -2.137
3.1000         4.719452     0.000021769   -390548.4944        -1.916
3.2000         4.533038     0.000019048   -390548.6808        -1.650
3.3000         4.361791     0.000019048   -390548.8519        -1.408
3.4000         4.208166     0.000019048   -390549.0057        -1.188
3.5000         4.074605     0.000010885   -390549.1393        -0.978
3.6000         3.961089     0.000016327   -390549.2527        -0.791
3.7000         3.867031     0.000021769   -390549.3469        -0.621
3.8000         3.790950     0.000021769   -390549.4228        -0.479
3.9000         3.733760     0.000019048   -390549.4800        -0.361
4.0000         3.691961     0.000008163   -390549.5219        -0.267
5.0000         3.658967     0.000013606   -390549.5548         0.143
6.0000         3.849144     0.000027211   -390549.3646         0.092
7.0000         3.951364     0.000008163   -390549.2625         0.034
8.0000         3.982094     0.000005442   -390549.2318         0.011
9.0000         3.990451     0.000027211   -390549.2234         0.002
10.0000         3.992633     0.000008163   -390549.2212         0.001
100.0000         3.993373     0.000027211   -390549.2204
1000.0000         3.993378     0.000002721   -390549.2204
