0.0020   9080037.191673     0.000010885   8676125.9831
0.0040   4425268.983070     0.000013606   4021357.7727
0.0060   2879272.806651     0.000016327   2475361.5975
0.0080   2109646.975338     0.000016327   1705735.7662
0.0100   1650064.396720     0.000021769   1246153.1877
0.0120   1345360.849150     0.000013606    941449.6400
0.0140   1128722.472678     0.000010885    724811.2635
0.0160    967106.495479     0.000019048    563195.2864
0.0180    841972.629676     0.000010885    438061.4207
0.0200    742274.091327     0.000019048    338362.8821
0.0400    308257.347844     0.000013606    -95653.8613
0.0600    173983.266889     0.000021769   -229927.9422
0.0800    112148.007370     0.000019048   -291763.2018
0.1000     77881.238422     0.000013606   -326029.9708
0.1200     56602.713998     0.000013606   -347308.4952
0.1400     42522.020210     0.000027211   -361389.1888
0.1600     32878.883791     0.000010885   -371032.3252
0.1800     26066.345363     0.000021769   -377844.8637
0.2000     20882.000221     0.000016327   -383029.2090
0.2400     13798.441959     0.000024490   -390112.7673
0.2800      9488.217614     0.000024490   -394422.9914
0.3200      6754.599761     0.000016327   -397156.6094
0.3600      4954.177269     0.000013606   -398957.0318    -36926.953
0.4000      3701.493935     0.000019048   -400209.7152    -26529.861
0.4500      2599.220875     0.000010885   -401311.9882    -18068.381
0.5000      1853.425970     0.000019048   -402057.7832    -12145.209
0.5500      1352.042962     0.000016327   -402559.1662     -8202.556
0.6000      1010.469764     0.000019048   -402900.7394     -5655.920
0.6500       771.746329     0.000016327   -403139.4628     -4017.114
0.7000       599.405480     0.000019048   -403311.8037     -2954.343
0.7500       470.589727     0.000016327   -403440.6195     -2245.185
0.8000       371.619251     0.000021769   -403539.5898     -1740.405
0.8500       294.565563     0.000021769   -403616.6435     -1356.929
0.9000       234.417836     0.000019048   -403676.7913     -1056.119
0.9500       187.707660     0.000027211   -403723.5015      -819.796
1.0000       151.913569     0.000016327   -403759.2957      -640.904
1.1000       101.475663     0.000010885   -403809.7334      -404.305
1.2000        68.027102     0.000024490   -403843.1819      -268.647
1.3000        45.826840     0.000008163   -403865.3823      -178.721
1.4000        31.035911     0.000008163   -403880.1733      -120.306
1.5000        21.070323     0.000013606   -403890.1387       -81.943
1.6000        14.314843     0.000016327   -403896.8942       -56.089
1.7000         9.731878     0.000021769   -403901.4771       -38.249
1.8000         6.633885     0.000019048   -403904.5752       -26.080
1.9000         4.556565     0.000027211   -403906.6525       -17.501
2.0000         3.181469     0.000005442   -403908.0277       -11.582
2.1000         2.329598     0.000024490   -403908.8795        -7.532
2.2000         1.808331     0.000010885   -403909.4008        -4.826
2.3000         1.496178     0.000016327   -403909.7129        -3.023
2.4000         1.316626     0.000010885   -403909.8925        -1.872
2.5000         1.217354     0.000027211   -403909.9919        -1.137
2.6000         1.163167     0.000013606   -403910.0460        -0.704
2.7000         1.131902     0.000024490   -403910.0773        -0.441
2.8000         1.111466     0.000019048   -403910.0977        -0.285
2.9000         1.095158     0.000019048   -403910.1140        -0.197
3.0000         1.080428     0.000027211   -403910.1287        -0.138
3.1000         1.066981     0.000024490   -403910.1421        -0.100
3.2000         1.054798     0.000021769   -403910.1543        -0.069
3.3000         1.043998     0.000019048   -403910.1652        -0.032
3.4000         1.035184     0.000016327   -403910.1739        -0.028
3.5000         1.028389     0.000013606   -403910.1807        -0.013
3.6000         1.023486     0.000013606   -403910.1856         0.000
3.7000         1.020264     0.000024490   -403910.1889         0.013
3.8000         1.018585     0.000019048   -403910.1905         0.018
3.9000         1.018199     0.000013606   -403910.1910         0.024
4.0000         1.018876     0.000016327   -403910.1902         0.027
5.0000         1.043277     0.000016327   -403910.1657         0.022
6.0000         1.057002     0.000016327   -403910.1521         0.006
7.0000         1.060526     0.000008163   -403910.1486         0.001
8.0000         1.061223     0.000008163   -403910.1478        -0.000
9.0000         1.061345     0.000008163   -403910.1478        -0.000
10.0000         1.061364     0.000008163   -403910.1478        -0.000
100.0000         1.061370     0.000008163   -403910.1478
1000.0000         1.061370     0.000008163   -403910.1478
