0.0020   4812011.474491     0.000019048   4720898.0905
0.0040   2356012.397810     0.000024490   2264899.0133
0.0060   1538281.967671     0.000010885   1447168.5831
0.0080   1130971.960265     0.000008163   1039858.5758
0.0100    887573.148076     0.000013606    796459.7636
0.0120    725872.728377     0.000021769    634759.3439
0.0140    610700.361871     0.000008163    519586.9775
0.0160    524554.800787     0.000016327    433441.4162
0.0180    457810.904710     0.000013606    366697.5202
0.0200    404701.246837     0.000013606    313587.8623
0.0400    170506.399003     0.000013606     79393.0145
0.0600     97592.028218     0.000024490      6478.6437
0.0800     63614.274715     0.000024490    -27499.1098
0.1000     44518.485656     0.000021769    -46594.8988
0.1200     32712.116443     0.000008163    -58401.2680
0.1400     24938.865997     0.000008163    -66174.5185
0.1600     19507.643111     0.000027211    -71605.7414
0.1800     15518.999899     0.000024490    -75594.3846
0.2000     12500.851773     0.000019048    -78612.5327
0.2400      8390.697947     0.000021769    -82722.6865
0.2800      5878.992690     0.000027211    -85234.3918    -49298.387
0.3200      4284.224898     0.000021769    -86829.1596    -31912.789
0.3600      3233.786679     0.000016327    -87879.5978    -21491.716
0.4000      2498.029699     0.000010885    -88615.3548    -16103.893
0.4500      1787.586028     0.000010885    -89325.7984    -11958.100
0.5000      1296.197346     0.000019048    -89817.1871     -7969.556
0.5500       966.826301     0.000002721    -90146.5582     -5391.170
0.6000       741.498454     0.000019048    -90371.8860     -3745.985
0.6500       582.379432     0.000021769    -90531.0051     -2695.055
0.7000       465.685436     0.000027211    -90647.6990     -2011.997
0.7500       377.449181     0.000021769    -90735.9353     -1548.357
0.8000       308.547306     0.000013606    -90804.8372     -1227.075
0.8500       253.465130     0.000021769    -90859.9193      -993.946
0.9000       208.800190     0.000024490    -90904.5843      -813.600
0.9500       172.359671     0.000005442    -90941.0248      -664.865
1.0000       142.626948     0.000019048    -90970.7575      -539.632
1.1000        98.955817     0.000027211    -91014.4287      -347.334
1.2000        70.874301     0.000019048    -91042.5102      -223.517
1.3000        51.610709     0.000010885    -91061.7738      -155.717
1.4000        37.520953     0.000016327    -91075.8635      -114.566
1.5000        27.270480     0.000024490    -91086.1140       -86.189
1.6000        19.843317     0.000013606    -91093.5412       -63.401
1.7000        14.375557     0.000024490    -91099.0089       -46.691
1.8000        10.357256     0.000021769    -91103.0272       -34.243
1.9000         7.418904     0.000019048    -91105.9656       -24.926
2.0000         5.286625     0.000016327    -91108.0979       -18.037
2.1000         3.751437     0.000013606    -91109.6330       -12.919
2.2000         2.654232     0.000013606    -91110.7302        -9.209
2.3000         1.876022     0.000016327    -91111.5085        -6.488
2.4000         1.328460     0.000010885    -91112.0560        -4.564
2.5000         0.945623     0.000005442    -91112.4388        -3.173
2.6000         0.680391     0.000008163    -91112.7041        -2.195
2.7000         0.497177     0.000021769    -91112.8873        -1.508
2.8000         0.371974     0.000019048    -91113.0125        -1.024
2.9000         0.286256     0.000019048    -91113.0982        -0.709
3.0000         0.228227     0.000024490    -91113.1562        -0.477
3.1000         0.188504     0.000019048    -91113.1960        -0.324
3.2000         0.161755     0.000019048    -91113.2227        -0.221
3.3000         0.143333     0.000019048    -91113.2411        -0.153
3.4000         0.130745     0.000016327    -91113.2537        -0.105
3.5000         0.122288     0.000024490    -91113.2622        -0.072
3.6000         0.116253     0.000021769    -91113.2682        -0.046
3.7000         0.112454     0.000019048    -91113.2720        -0.035
3.8000         0.109929     0.000016327    -91113.2746        -0.019
3.9000         0.108304     0.000013606    -91113.2762        -0.012
4.0000         0.107716     0.000021769    -91113.2768        -0.007
5.0000         0.119276     0.000010885    -91113.2652         0.015
6.0000         0.133940     0.000024490    -91113.2505         0.009
7.0000         0.141069     0.000005442    -91113.2434         0.006
8.0000         0.143649     0.000021769    -91113.2408         0.003
9.0000         0.144416     0.000008163    -91113.2401        -0.000
10.0000         0.144596     0.000008163    -91113.2399         0.002
100.0000         0.144680     0.000008163    -91113.2398
1000.0000         0.144694     0.000008163    -91113.2398
