0.0020  11259921.406977     0.000021769  11067441.2074
0.0040   5504829.393059     0.000021769   5312349.1951
0.0060   3589830.974997     0.000008163   3397350.7771
0.0080   2634476.328003     0.000027211   2441996.1291
0.0100   2063067.160774     0.000021769   1870586.9619
0.0120   1684439.584825     0.000021769   1491959.3858
0.0140   1414451.550768     0.000019048   1221971.3518
0.0160   1212302.905137     0.000010885   1019822.7063
0.0180   1055828.657919     0.000010885    863348.4591
0.0200    931653.651843     0.000013606    739173.4530
0.0400    385322.339063     0.000013606    192842.1402
0.0600    216592.552464     0.000027211     24112.3536
0.0800    139343.088307     0.000021769    -53137.1105
0.1000     96788.356024     0.000024490    -95691.8428
0.1200     70266.477185     0.000019048   -122213.7217
0.1400     52655.364574     0.000019048   -139824.8343
0.1600     40618.158986     0.000008163   -151862.0399
0.1800     32203.238099     0.000008163   -160276.9608
0.2000     26174.631799     0.000013606   -166305.5670
0.2400     17698.350664     0.000005442   -174781.8482
0.2800     12245.084134     0.000019048   -180235.1147
0.3200      8734.049600     0.000016327   -183746.1493
0.3600      6462.806857     0.000013606   -186017.3920    -45817.668
0.4000      4939.448080     0.000016327   -187540.7508    -31764.449
0.4500      3519.880733     0.000013606   -188960.3181    -24451.911
0.5000      2518.379243     0.000016327   -189961.8196    -16149.211
0.5500      1854.726120     0.000010885   -190625.4727    -10802.154
0.6000      1405.111486     0.000013606   -191075.0874     -7444.867
0.6500      1090.105983     0.000021769   -191390.0929     -5335.491
0.7000       859.897197     0.000024490   -191620.3017     -3981.581
0.7500       685.051871     0.000005442   -191795.1470     -3077.709
0.8000       548.181401     0.000013606   -191932.0175     -2438.121
0.8500       439.021082     0.000008163   -192041.1778     -1953.667
0.9000       351.545951     0.000016327   -192128.6529     -1567.316
0.9500       281.319140     0.000016327   -192198.8797     -1256.668
1.0000       224.769717     0.000005442   -192255.4291     -1009.083
1.1000       142.652075     0.000027211   -192337.5468      -650.145
1.2000        90.305445     0.000027211   -192389.8934      -425.846
1.3000        55.622586     0.000021769   -192424.5763      -279.877
1.4000        32.669387     0.000021769   -192447.5295      -183.103
1.5000        17.630280     0.000019048   -192462.5686      -118.497
1.6000         8.087526     0.000016327   -192472.1113       -75.548
1.7000         2.221364     0.000008163   -192477.9775       -47.060
1.8000        -1.318849     0.000010885   -192481.5177       -28.102
1.9000        -3.266168     0.000019048   -192483.4650       -15.851
2.0000        -4.094667     0.000021769   -192484.2935        -8.370
2.1000        -4.338873     0.000019048   -192484.5377        -4.006
2.2000        -4.297327     0.000013606   -192484.4962        -1.517
2.3000        -4.127650     0.000013606   -192484.3265        -0.124
2.4000        -3.914223     0.000021769   -192484.1131         0.681
2.5000        -3.686165     0.000019048   -192483.8850         1.236
2.6000        -3.242687     0.000002721   -192483.4415         1.328
2.7000        -2.867134     0.000005442   -192483.0660         1.455
2.8000        -2.537299     0.000013606   -192482.7361         1.576
2.9000        -2.235835     0.000024490   -192482.4347         1.681
3.0000        -1.924624     0.000016327   -192482.1235         1.726
3.1000        -1.532094     0.000019048   -192481.7309         1.630
3.2000        -1.170920     0.000013606   -192481.3698         1.557
3.3000        -0.825420     0.000010885   -192481.0243         1.462
3.4000        -0.520500     0.000016327   -192480.7193         1.364
3.5000        -0.248094     0.000024490   -192480.4470         1.258
3.6000        -0.004884     0.000021769   -192480.2037         1.182
3.7000         0.212869     0.000010885   -192479.9860         1.101
3.8000         0.408693     0.000021769   -192479.7901         1.017
3.9000         0.586065     0.000021769   -192479.6128         0.932
4.0000         0.746237     0.000027211   -192479.4526         0.857
5.0000         1.671234     0.000008163   -192478.5276         0.304
6.0000         1.940066     0.000013606   -192478.2588         0.082
7.0000         2.001692     0.000024490   -192478.1972         0.018
8.0000         2.014620     0.000019048   -192478.1842         0.004
9.0000         2.017328     0.000019048   -192478.1815         0.000
10.0000         2.017899     0.000019048   -192478.1809        -0.000
100.0000         2.018068     0.000027211   -192478.1808
1000.0000         2.018068     0.000027211   -192478.1808
