0.0020   5613586.704009     0.000005442   5507785.0330
0.0040   2748409.454775     0.000024490   2642607.7827
0.0060   1794262.534490     0.000021769   1688460.8624
0.0080   1318702.048490     0.000027211   1212900.3763
0.0100   1034439.079803     0.000016327    928637.4078
0.0120    845551.317408     0.000021769    739749.6453
0.0140    710991.236215     0.000002721    605189.5642
0.0160    610372.209663     0.000024490    504570.5376
0.0180    532518.659440     0.000021769    426716.9872
0.0200    470542.123960     0.000013606    364740.4518
0.0400    197660.655888     0.000016327     91858.9837
0.0600    112991.981966     0.000016327      7190.3098
0.0800     73434.098666     0.000016327    -32367.5735
0.1000     51272.641384     0.000024490    -54529.0308
0.1200     37630.560934     0.000021769    -68171.1112
0.1400     28621.207986     0.000016327    -77180.4641
0.1600     22291.820462     0.000021769    -83509.8517
0.1800     17649.739116     0.000010885    -88151.9330
0.2000     14172.266288     0.000005442    -91629.4059
0.2400      9506.015370     0.000013606    -96295.6568
0.2800      6690.358852     0.000008163    -99111.3133
0.3200      4914.749738     0.000008163   -100886.9224    -35491.662
0.3600      3699.459369     0.000019048   -102102.2128    -27753.883
0.4000      2748.874660     0.000021769   -103052.7975    -19840.118
0.4500      1947.649160     0.000024490   -103854.0230    -12761.214
0.5000      1427.299613     0.000021769   -104374.3725     -8403.263
0.5500      1078.791966     0.000024490   -104722.8802     -5752.604
0.6000       835.543384     0.000021769   -104966.1288     -4140.032
0.6500       656.693243     0.000021769   -105144.9789     -3083.336
0.7000       521.512067     0.000021769   -105280.1601     -2360.165
0.7500       416.751790     0.000024490   -105384.9203     -1856.687
0.8000       333.847246     0.000016327   -105467.8249     -1483.908
0.8500       267.539006     0.000010885   -105534.1331     -1184.789
0.9000       214.720432     0.000008163   -105586.9517      -929.319
0.9500       173.815600     0.000021769   -105627.8566      -723.355
1.0000       142.375844     0.000024490   -105659.2963      -565.586
1.1000        96.882573     0.000024490   -105704.7896      -372.594
1.2000        65.339035     0.000021769   -105736.3331      -252.794
1.3000        44.444789     0.000013606   -105757.2273      -170.785
1.4000        30.213567     0.000016327   -105771.4586      -116.603
1.5000        20.478154     0.000019048   -105781.1940       -79.525
1.6000        13.952091     0.000010885   -105787.7201       -54.156
1.7000         9.528753     0.000024490   -105792.1434       -36.546
1.8000         6.720175     0.000016327   -105794.9520       -24.599
1.9000         4.861071     0.000013606   -105796.8111       -16.414
2.0000         3.635962     0.000013606   -105798.0362       -10.919
2.1000         2.830252     0.000016327   -105798.8419        -7.268
2.2000         2.287330     0.000013606   -105799.3848        -4.994
2.3000         1.896036     0.000013606   -105799.7761        -3.566
2.4000         1.584868     0.000010885   -105800.0873        -2.723
2.5000         1.315124     0.000016327   -105800.3570        -2.151
2.6000         1.071454     0.000013606   -105800.6007        -1.747
2.7000         0.852928     0.000013606   -105800.8192        -1.397
2.8000         0.662089     0.000016327   -105801.0100        -1.072
2.9000         0.502214     0.000016327   -105801.1699        -0.789
3.0000         0.375085     0.000021769   -105801.2971        -0.527
3.1000         0.278920     0.000013606   -105801.3932        -0.285
3.2000         0.228584     0.000008163   -105801.4436        -0.078
3.3000         0.206086     0.000016327   -105801.4661         0.077
3.4000         0.195859     0.000013606   -105801.4763         0.204
3.5000         0.195078     0.000013606   -105801.4771         0.322
3.6000         0.201838     0.000016327   -105801.4703         0.403
3.7000         0.215076     0.000013606   -105801.4571         0.444
3.8000         0.233691     0.000013606   -105801.4385         0.483
3.9000         0.255803     0.000024490   -105801.4163         0.510
4.0000         0.284895     0.000019048   -105801.3873         0.531
5.0000         0.661781     0.000010885   -105801.0104         0.337
6.0000         0.899560     0.000019048   -105800.7726         0.128
7.0000         0.977512     0.000002721   -105800.6946         0.036
8.0000         0.996119     0.000021769   -105800.6760         0.011
9.0000         1.000710     0.000008163   -105800.6714         0.004
10.0000         1.001943     0.000008163   -105800.6702         0.002
100.0000         1.002939     0.000005442   -105800.6692
1000.0000         1.002960     0.000002721   -105800.6692
