0.0020         0.000000     0.000024490  49759301.4841
0.0040  24808748.096468     0.000021769  23627621.3285
0.0060  16113765.350032     0.000024490  14932638.5826
0.0080  11774631.060704     0.000024490  10593504.2934
0.0100   9178525.595086     0.000024490   7997398.8267
0.0120   7458718.757810     0.000013606   6277591.9891
0.0140   6236481.035241     0.000019048   5055354.2676
0.0160   5325755.109156     0.000027211   4144628.3409
0.0180   4623188.927322     0.000021769   3442062.1593
0.0200   4065190.796234     0.000013606   2884064.0294
0.0400   1646861.673611     0.000010885    465734.9056
0.0600    908646.966644     0.000010885   -272479.8014
0.0800    572006.346771     0.000016327   -609120.4212
0.1000    390330.699441     0.000013606   -790796.0685
0.1200    280732.151803     0.000010885   -900394.6163
0.1400    208718.183423     0.000016327   -972408.5845
0.1600    158517.039128     0.000021769  -1022609.7290
0.1800    122952.043154     0.000027211  -1058174.7248
0.2000     97265.041727     0.000019048  -1083861.7264
0.2400     62700.924508     0.000021769  -1118425.8435
0.2800     41920.091991     0.000010885  -1139206.6762
0.3200     28946.516040     0.000019048  -1152180.2521
0.3600     20774.581542     0.000019048  -1160352.1864
0.4000     14971.464934     0.000010885  -1166155.3031
0.4500     10266.850818     0.000010885  -1170859.9173
0.5000      7310.389702     0.000021769  -1173816.3783    -47381.350
0.5500      5348.257386     0.000016327  -1175778.5107    -32374.142
0.6000      3980.064221     0.000010885  -1177146.7038    -23010.421
0.6500      2998.578847     0.000008163  -1178128.1892    -16642.696
0.7000      2284.616429     0.000010885  -1178842.1515    -12153.997
0.7500      1761.521391     0.000021769  -1179365.2468     -8971.070
0.8000      1373.499902     0.000016327  -1179753.2682     -6733.889
0.8500      1077.724302     0.000027211  -1180049.0438     -5227.050
0.9000       845.764542     0.000019048  -1180281.0036     -4089.972
0.9500       665.174678     0.000010885  -1180461.5934     -3184.523
1.0000       524.971879     0.000024490  -1180601.7963     -2480.344
1.1000       330.445070     0.000002721  -1180796.3229     -1502.515
1.2000       211.719080     0.000008163  -1180915.0490      -920.447
1.3000       138.196120     0.000008163  -1180988.5720      -574.876
1.4000        91.885322     0.000016327  -1181034.8828      -366.129
1.5000        62.340459     0.000010885  -1181064.4275      -238.614
1.6000        43.046499     0.000008163  -1181083.7215      -160.088
1.7000        30.003429     0.000021769  -1181096.7645      -110.149
1.8000        20.921422     0.000013606  -1181105.8466       -77.280
1.9000        14.472114     0.000013606  -1181112.2959       -54.886
2.0000         9.850841     0.000013606  -1181116.9172       -39.276
2.1000         6.529560     0.000010885  -1181120.2384       -28.115
2.2000         4.148932     0.000008163  -1181122.6191       -20.142
2.3000         2.454963     0.000016327  -1181124.3130       -14.352
2.4000         1.262467     0.000010885  -1181125.5054       -10.105
2.5000         0.445581     0.000016327  -1181126.3223        -7.079
2.6000        -0.082731     0.000019048  -1181126.8508        -4.914
2.7000        -0.438849     0.000016327  -1181127.2070        -3.342
2.8000        -0.672127     0.000005442  -1181127.4402        -2.225
2.9000        -0.818745     0.000010885  -1181127.5868        -1.401
3.0000        -0.905541     0.000019048  -1181127.6736        -0.817
3.1000        -0.951046     0.000010885  -1181127.7191        -0.396
3.2000        -0.968924     0.000016327  -1181127.7370        -0.090
3.3000        -0.968930     0.000008163  -1181127.7370         0.100
3.4000        -0.956690     0.000016327  -1181127.7248         0.249
3.5000        -0.937977     0.000016327  -1181127.7060         0.344
3.6000        -0.915680     0.000019048  -1181127.6837         0.389
3.7000        -0.890561     0.000013606  -1181127.6587         0.416
3.8000        -0.865007     0.000016327  -1181127.6331         0.432
3.9000        -0.840078     0.000021769  -1181127.6081         0.433
4.0000        -0.815229     0.000016327  -1181127.5833         0.415
5.0000        -0.615930     0.000013606  -1181127.3838         0.208
6.0000        -0.518878     0.000024490  -1181127.2870         0.074
7.0000        -0.488521     0.000019048  -1181127.2565         0.017
8.0000        -0.480651     0.000008163  -1181127.2486         0.002
9.0000        -0.478616     0.000024490  -1181127.2467        -0.001
10.0000        -0.478091     0.000021769  -1181127.2461        -0.002
100.0000        -0.477946     0.000021769  -1181127.2459
1000.0000        -0.477949     0.000019048  -1181127.2459
