0.0020   9668639.147353     0.000010885   9446158.7475
0.0040   4712769.406937     0.000019048   4490289.0062
0.0060   3074522.236855     0.000016327   2852041.8355
0.0080   2255709.690920     0.000024490   2033229.2908
0.0100   1766055.537718     0.000013606   1543575.1376
0.0120   1440615.178611     0.000010885   1218134.7784
0.0140   1208977.198643     0.000016327    986496.7985
0.0160   1036226.458426     0.000013606    813746.0584
0.0180    902451.935731     0.000024490    679971.5357
0.0200    795945.534372     0.000024490    573465.1342
0.0400    330787.937417     0.000019048    108307.5373
0.0600    187379.252916     0.000013606    -35101.1472
0.0800    120448.326598     0.000019048   -102032.0735
0.1000     83558.169390     0.000021769   -138922.2307
0.1200     60690.994038     0.000021769   -161789.4060
0.1400     45512.507584     0.000008163   -176967.8925
0.1600     35088.025233     0.000013606   -187392.3748
0.1800     27744.168015     0.000024490   -194736.2321
0.2000     22451.418021     0.000021769   -200028.9821
0.2400     15202.221194     0.000016327   -207278.1789
0.2800     10585.992019     0.000021769   -211894.4081
0.3200      7651.728003     0.000005442   -214828.6721
0.3600      5707.427805     0.000010885   -216772.9723    -39708.040
0.4000      4379.800232     0.000019048   -218100.5999    -27696.515
0.4500      3208.429298     0.000019048   -219271.9708    -20127.988
0.5000      2347.329061     0.000016327   -220133.0710    -14451.791
0.5500      1739.040625     0.000027211   -220741.3594    -10126.995
0.6000      1310.597143     0.000013606   -221169.8029     -7196.168
0.6500      1002.923279     0.000013606   -221477.4768     -5240.749
0.7000       776.080878     0.000027211   -221704.3192     -3898.228
0.7500       606.390221     0.000016327   -221874.0099     -2936.717
0.8000       477.777122     0.000024490   -222002.6230     -2248.087
0.8500       378.401882     0.000016327   -222101.9982     -1753.692
0.9000       300.233457     0.000027211   -222180.1666     -1388.194
0.9500       238.178111     0.000027211   -222242.2220     -1103.835
1.0000       189.067354     0.000016327   -222291.3327      -879.796
1.1000       119.568115     0.000019048   -222360.8320      -537.498
1.2000        77.850288     0.000027211   -222402.5498      -335.216
1.3000        50.622114     0.000019048   -222429.7780      -222.206
1.4000        32.094723     0.000008163   -222448.3054      -148.891
1.5000        20.017734     0.000010885   -222460.3824       -98.711
1.6000        12.041671     0.000016327   -222468.3584       -65.586
1.7000         6.773066     0.000027211   -222473.6270       -43.300
1.8000         3.320843     0.000016327   -222477.0792       -28.208
1.9000         1.096494     0.000016327   -222479.3036       -17.990
2.0000        -0.294493     0.000019048   -222480.6946       -11.008
2.1000        -1.011986     0.000016327   -222481.4121        -6.412
2.2000        -1.361680     0.000027211   -222481.7618        -3.302
2.3000        -1.485631     0.000019048   -222481.8857        -1.283
2.4000        -1.460749     0.000024490   -222481.8608         0.120
2.5000        -1.340278     0.000021769   -222481.7404         0.958
2.6000        -1.160525     0.000024490   -222481.5606         1.517
2.7000        -0.946736     0.000013606   -222481.3468         1.812
2.8000        -0.715325     0.000010885   -222481.1154         1.954
2.9000        -0.436003     0.000016327   -222480.8361         1.953
3.0000        -0.111940     0.000010885   -222480.5120         1.785
3.1000         0.176148     0.000021769   -222480.2239         1.627
3.2000         0.430936     0.000016327   -222479.9691         1.469
3.3000         0.655672     0.000010885   -222479.7444         1.315
3.4000         0.853396     0.000027211   -222479.5467         1.172
3.5000         1.026974     0.000010885   -222479.3731         1.043
3.6000         1.179181     0.000024490   -222479.2209         0.926
3.7000         1.312493     0.000024490   -222479.0876         0.817
3.8000         1.440139     0.000024490   -222478.9600         0.708
3.9000         1.564299     0.000005442   -222478.8358         0.600
4.0000         1.668804     0.000013606   -222478.7313         0.505
5.0000         2.117038     0.000016327   -222478.2830         0.096
6.0000         2.204841     0.000021769   -222478.1952         0.017
7.0000         2.234877     0.000021769   -222478.1652         0.010
8.0000         2.251335     0.000027211   -222478.1488         0.006
9.0000         2.262562     0.000024490   -222478.1375         0.005
10.0000         2.270873     0.000016327   -222478.1292         0.003
100.0000         2.324272     0.000008163   -222478.0758
1000.0000         2.328596     0.000013606   -222478.0715
