0.0020  18472218.992940     0.000008163  18116425.9456
0.0040   9013557.647769     0.000019048   8657764.6011
0.0060   5866945.125826     0.000021769   5511152.0787
0.0080   4297905.925587     0.000010885   3942112.8786
0.0100   3359738.862104     0.000021769   3003945.8155
0.0120   2735859.216890     0.000021769   2380066.1706
0.0140   2291485.873811     0.000027211   1935692.8274
0.0160   1960092.182175     0.000021769   1604299.1360
0.0180   1704007.244447     0.000010885   1348214.1982
0.0200   1500079.428701     0.000024490   1144286.3823
0.0400    613434.801368     0.000024490    257641.7550
0.0600    342231.633339     0.000016327    -13561.4130
0.0800    218312.201274     0.000013606   -137480.8450
0.1000    150007.038771     0.000019048   -205786.0076
0.1200    108745.414416     0.000021769   -247047.6319
0.1400     81899.269760     0.000013606   -273893.7766
0.1600     63122.586200     0.000024490   -292670.4600
0.1800     49530.979319     0.000008163   -306262.0671
0.2000     39497.549105     0.000021769   -316295.4971
0.2400     26264.431852     0.000027211   -329528.6145
0.2800     18415.649365     0.000027211   -337377.3969
0.3200     13006.837352     0.000024490   -342786.2091
0.3600      9513.764293     0.000019048   -346279.2821
0.4000      7187.936325     0.000013606   -348605.1101    -47972.285
0.4500      5234.867823     0.000010885   -350558.1786    -31636.671
0.5000      3914.250091     0.000016327   -351878.7961    -22124.375
0.5500      2950.430181     0.000027211   -352842.6161    -16842.662
0.6000      2225.200343     0.000008163   -353567.8461    -12302.538
0.6500      1701.519506     0.000019048   -354091.5267     -8860.855
0.7000      1321.006893     0.000016327   -354472.0394     -6501.230
0.7500      1037.876609     0.000016327   -354755.1697     -4899.873
0.8000       821.124370     0.000016327   -354971.9220     -3849.810
0.8500       648.001896     0.000019048   -355145.0445     -3078.288
0.9000       509.851442     0.000016327   -355283.1948     -2438.839
0.9500       401.274089     0.000027211   -355391.7721     -1912.703
1.0000       316.492661     0.000016327   -355476.5536     -1491.700
1.1000       199.120734     0.000005442   -355593.9256      -903.853
1.2000       127.818090     0.000021769   -355665.2281      -556.126
1.3000        83.587191     0.000019048   -355709.4592      -350.402
1.4000        55.401627     0.000027211   -355737.6447      -226.078
1.5000        37.032862     0.000021769   -355756.0135      -148.629
1.6000        24.854329     0.000021769   -355768.1920       -99.043
1.7000        16.678218     0.000010885   -355776.3682       -66.576
1.8000        11.131004     0.000027211   -355781.9152       -45.099
1.9000         7.323485     0.000027211   -355785.7229       -30.783
2.0000         4.676703     0.000021769   -355788.3695       -21.180
2.1000         2.812086     0.000024490   -355790.2343       -14.687
2.2000         1.484526     0.000019048   -355791.5617       -10.237
2.3000         0.534171     0.000013606   -355792.5122        -7.170
2.4000        -0.142503     0.000016327   -355793.1889        -4.987
2.5000        -0.616678     0.000016327   -355793.6629        -3.449
2.6000        -0.938491     0.000013606   -355793.9848        -2.310
2.7000        -1.141562     0.000019048   -355794.1878        -1.502
2.8000        -1.249327     0.000019048   -355794.2956        -0.900
2.9000        -1.294833     0.000019048   -355794.3410        -0.473
3.0000        -1.293801     0.000016327   -355794.3402        -0.145
3.1000        -1.259515     0.000024490   -355794.3059         0.087
3.2000        -1.200564     0.000021769   -355794.2469         0.249
3.3000        -1.124293     0.000021769   -355794.1707         0.387
3.4000        -1.036928     0.000024490   -355794.0833         0.470
3.5000        -0.937797     0.000016327   -355793.9840         0.517
3.6000        -0.832908     0.000027211   -355793.8793         0.549
3.7000        -0.727192     0.000021769   -355793.7734         0.570
3.8000        -0.622591     0.000021769   -355793.6689         0.573
3.9000        -0.519993     0.000021769   -355793.5663         0.561
4.0000        -0.420362     0.000024490   -355793.4667         0.546
5.0000         0.300357     0.000016327   -355792.7459         0.274
6.0000         0.591856     0.000019048   -355792.4545         0.106
7.0000         0.689452     0.000019048   -355792.3568         0.035
8.0000         0.725755     0.000021769   -355792.3206         0.016
9.0000         0.743179     0.000005442   -355792.3032         0.009
10.0000         0.753805     0.000005442   -355792.2926         0.006
100.0000         0.809150     0.000016327   -355792.2370         0.000
1000.0000         0.813164     0.000013606   -355792.2332
