0.0020         0.000000     0.000027211  39204224.5445
0.0040  19533381.619963     0.000005442  18605247.1639
0.0060  12685750.795627     0.000024490  11757616.3396
0.0080   9270557.071570     0.000019048   8342422.6147
0.0100   7227234.061472     0.000013606   6299099.6071
0.0120   5870850.766965     0.000024490   4942716.3103
0.0140   4908073.967566     0.000019048   3979939.5109
0.0160   4190956.907563     0.000019048   3262822.4517
0.0180   3637223.233937     0.000013606   2709088.7783
0.0200   3197609.557364     0.000021769   2269475.1018
0.0400   1287491.132739     0.000019048    359356.6771
0.0600    709586.229947     0.000008163   -218548.2257
0.0800    449773.962786     0.000019048   -478360.4929
0.1000    307854.714794     0.000016327   -620279.7410
0.1200    221973.124918     0.000021769   -706161.3308
0.1400    166591.227814     0.000010885   -761543.2279
0.1600    127492.748366     0.000016327   -800641.7072
0.1800     99089.540542     0.000016327   -829044.9150
0.2000     78282.957930     0.000008163   -849851.4978
0.2400     51129.206066     0.000019048   -877005.2495
0.2800     34594.977195     0.000021769   -893539.4785
0.3200     23971.284604     0.000016327   -904163.1710
0.3600     17151.727856     0.000010885   -910982.7278
0.4000     12551.403023     0.000021769   -915583.0527
0.4500      8750.440142     0.000024490   -919384.0156
0.5000      6169.158222     0.000013606   -921965.2976    -42399.168
0.5500      4443.007222     0.000010885   -923691.4484    -27772.691
0.6000      3295.529056     0.000016327   -924838.9266    -18891.966
0.6500      2495.774307     0.000021769   -925638.6815    -13520.776
0.7000      1913.426856     0.000021769   -926221.0287     -9992.023
0.7500      1480.296525     0.000016327   -926654.1591     -7464.053
0.8000      1156.232165     0.000019048   -926978.2234     -5592.548
0.8500       912.908433     0.000019048   -927221.5471     -4212.377
0.9000       728.840665     0.000024490   -927405.6151     -3204.171
0.9500       588.005538     0.000013606   -927546.4501     -2467.929
1.0000       478.896716     0.000010885   -927655.5588     -1923.404
1.1000       326.186315     0.000019048   -927808.2695     -1213.439
1.2000       227.055570     0.000024490   -927907.4000      -814.230
1.3000       159.386466     0.000010885   -927975.0693      -553.535
1.4000       113.671688     0.000027211   -928020.7839      -374.025
1.5000        82.702573     0.000016327   -928051.7532      -259.490
1.6000        61.085682     0.000021769   -928073.3700      -184.337
1.7000        45.588468     0.000021769   -928088.8671      -133.056
1.8000        34.474874     0.000013606   -928099.9808       -97.341
1.9000        26.343176     0.000019048   -928108.1124       -71.897
2.0000        20.331343     0.000019048   -928114.1242       -53.210
2.1000        15.869738     0.000021769   -928118.5861       -39.568
2.2000        12.543909     0.000019048   -928121.9118       -29.483
2.3000        10.071768     0.000013606   -928124.3840       -22.048
2.4000         8.261208     0.000021769   -928126.1944       -16.626
2.5000         6.891379     0.000010885   -928127.5642       -12.575
2.6000         5.853033     0.000027211   -928128.6026        -9.629
2.7000         5.054193     0.000013606   -928129.4015        -7.382
2.8000         4.438881     0.000016327   -928130.0167        -5.773
2.9000         3.953231     0.000005442   -928130.5025        -4.501
3.0000         3.570546     0.000005442   -928130.8851        -3.660
3.1000         3.259057     0.000024490   -928131.1966        -2.929
3.2000         3.007153     0.000021769   -928131.4486        -2.400
3.3000         2.797391     0.000016327   -928131.6584        -2.015
3.4000         2.622999     0.000016327   -928131.8326        -1.671
3.5000         2.478604     0.000010885   -928131.9771        -1.403
3.6000         2.355772     0.000013606   -928132.0998        -1.202
3.7000         2.255955     0.000024490   -928132.1996        -1.011
3.8000         2.172879     0.000010885   -928132.2829        -0.836
3.9000         2.103819     0.000010885   -928132.3518        -0.707
4.0000         2.050724     0.000013606   -928132.4048        -0.593
5.0000         1.928161     0.000013606   -928132.5275        -0.042
6.0000         2.030846     0.000008163   -928132.4250         0.034
7.0000         2.103463     0.000016327   -928132.3523         0.025
8.0000         2.137180     0.000002721   -928132.3186         0.012
9.0000         2.150838     0.000024490   -928132.3049         0.005
10.0000         2.156340     0.000027211   -928132.2992         0.002
100.0000         2.164982     0.000027211   -928132.2908
1000.0000         2.165458     0.000013606   -928132.2903
