0.0020         0.000000     0.000019048  42631800.7471
0.0040  21214016.132336     0.000024490  20239701.6266
0.0060  13770747.851012     0.000016327  12796433.3469
0.0080  10059436.407169     0.000016327   9085121.9019
0.0100   7838593.189094     0.000008163   6864278.6829
0.0120   6366297.736919     0.000016327   5391983.2312
0.0140   5321277.817877     0.000021769   4346963.3126
0.0160   4542434.022227     0.000013606   3568119.5173
0.0180   3941705.481831     0.000019048   2967390.9758
0.0200   3464739.969905     0.000010885   2490425.4647
0.0400   1393167.576963     0.000024490    418853.0717
0.0600    769753.410833     0.000013606   -204561.0945
0.0800    487381.228661     0.000013606   -486933.2767
0.1000    334345.398810     0.000024490   -639969.1066
0.1200    243067.023765     0.000021769   -731247.4816
0.1400    182779.300433     0.000021769   -791535.2049
0.1600    139930.341039     0.000016327   -834384.1643
0.1800    108739.302935     0.000024490   -865575.2025
0.2000     85920.456087     0.000013606   -888394.0492
0.2400     56202.508601     0.000019048   -918111.9968
0.2800     37832.675376     0.000016327   -936481.8301
0.3200     26342.951219     0.000010885   -947971.5542
0.3600     18701.624916     0.000019048   -955612.8804
0.4000     13661.968737     0.000024490   -960652.5366
0.4500      9348.622935     0.000010885   -964965.8824
0.5000      6482.547326     0.000010885   -967831.9581    -45346.269
0.5500      4640.188010     0.000008163   -969674.3173    -29670.663
0.6000      3412.824799     0.000010885   -970901.6806    -20189.822
0.6500      2562.290776     0.000024490   -971752.2146    -14260.430
0.7000      1953.176205     0.000024490   -972361.3292    -10354.191
0.7500      1506.670759     0.000021769   -972807.8345     -7664.110
0.8000      1174.135652     0.000021769   -973140.3697     -5759.933
0.8500       922.883500     0.000013606   -973391.6218     -4387.567
0.9000       730.339321     0.000019048   -973584.1661     -3382.617
0.9500       581.045529     0.000019048   -973733.4598     -2636.089
1.0000       464.099494     0.000024490   -973850.4059     -2073.646
1.1000       298.272338     0.000016327   -974016.2330     -1309.972
1.2000       192.615926     0.000021769   -974121.8894      -839.921
1.3000       124.508502     0.000024490   -974189.9968      -542.544
1.4000        80.264527     0.000010885   -974234.2409      -353.463
1.5000        51.257149     0.000016327   -974263.2483      -232.985
1.6000        32.304441     0.000016327   -974282.2010      -156.769
1.7000        19.457220     0.000016327   -974295.0480      -106.588
1.8000        10.654777     0.000019048   -974303.8506       -72.351
1.9000         4.694973     0.000024490   -974309.8105       -48.590
2.0000         0.753522     0.000021769   -974313.7518       -32.059
2.1000        -1.763791     0.000002721   -974316.2691       -20.535
2.2000        -3.289507     0.000019048   -974317.7949       -12.640
2.3000        -4.137338     0.000010885   -974318.6428        -7.288
2.4000        -4.529397     0.000024490   -974319.0349        -3.656
2.5000        -4.487842     0.000021769   -974318.9932        -1.471
2.6000        -4.255585     0.000019048   -974318.7609        -0.163
2.7000        -3.962107     0.000021769   -974318.4675         0.696
2.8000        -3.645984     0.000027211   -974318.1513         1.152
2.9000        -3.327467     0.000016327   -974317.8330         1.440
3.0000        -3.020615     0.000021769   -974317.5260         1.540
3.1000        -2.730704     0.000010885   -974317.2359         1.586
3.2000        -2.462604     0.000010885   -974316.9679         1.570
3.3000        -2.216374     0.000010885   -974316.7216         1.480
3.4000        -1.991882     0.000010885   -974316.4971         1.415
3.5000        -1.789255     0.000016327   -974316.2947         1.329
3.6000        -1.606210     0.000024490   -974316.1116         1.213
3.7000        -1.390723     0.000021769   -974315.8960         1.095
3.8000        -1.185764     0.000008163   -974315.6911         0.975
3.9000        -1.004677     0.000027211   -974315.5099         0.860
4.0000        -0.844998     0.000016327   -974315.3505         0.744
5.0000        -0.053040     0.000021769   -974314.5583         0.165
6.0000         0.106048     0.000005442   -974314.3994         0.032
7.0000         0.133567     0.000005442   -974314.3717         0.004
8.0000         0.138199     0.000019048   -974314.3670        -0.001
9.0000         0.139037     0.000005442   -974314.3662        -0.002
10.0000         0.139200     0.000019048   -974314.3662        -0.001
100.0000         0.139282     0.000010885   -974314.3659
1000.0000         0.139298     0.000016327   -974314.3659
