0.0020  15394998.618417     0.000021769  15108932.1587
0.0040   7509382.652558     0.000010885   7223316.1930
0.0060   4891144.027203     0.000013606   4605077.5672
0.0080   3583731.275259     0.000016327   3297664.8157
0.0100   2801933.035351     0.000013606   2515866.5760
0.0120   2282901.924497     0.000016327   1996835.4652
0.0140   1913225.659793     0.000013606   1627159.2006
0.0160   1637407.666637     0.000021769   1351341.2074
0.0180   1424213.999596     0.000019048   1138147.5403
0.0200   1254690.157531     0.000024490    968623.6981
0.0400    515801.281090     0.000008163    229734.8218
0.0600    288526.023956     0.000021769      2459.5647
0.0800    184607.166219     0.000024490   -101459.2931
0.1000    127050.500627     0.000021769   -159015.9587
0.1200     91721.847408     0.000019048   -194344.6119
0.1400     68949.758661     0.000024490   -217116.7007
0.1600     53402.799858     0.000016327   -232663.6595
0.1800     42163.025810     0.000016327   -243903.4335
0.2000     33661.915105     0.000021769   -252404.5442
0.2400     22411.937518     0.000008163   -263654.5218
0.2800     15822.341143     0.000024490   -270244.1181
0.3200     11536.075257     0.000010885   -274530.3839
0.3600      8394.220770     0.000016327   -277672.2387
0.4000      6272.607321     0.000010885   -279793.8519    -43348.163
0.4500      4536.451080     0.000027211   -281530.0083    -27596.072
0.5000      3398.640954     0.000024490   -282667.8183    -18757.731
0.5500      2599.058339     0.000019048   -283467.4010    -13671.386
0.6000      2000.675931     0.000019048   -284065.7834    -10433.390
0.6500      1543.308792     0.000021769   -284523.1506     -7938.978
0.7000      1197.514405     0.000021769   -284868.9449     -5980.643
0.7500       937.104591     0.000027211   -285129.3547     -4519.626
0.8000       739.546150     0.000005442   -285326.9132     -3452.093
0.8500       587.771269     0.000024490   -285478.6880     -2670.567
0.9000       469.624705     0.000013606   -285596.8345     -2090.841
0.9500       376.609944     0.000019048   -285689.8493     -1653.149
1.0000       302.753478     0.000013606   -285763.7059     -1316.646
1.1000       196.461242     0.000024490   -285869.9980      -845.832
1.2000       127.799105     0.000027211   -285938.6602      -547.866
1.3000        83.163885     0.000019048   -285983.2953      -357.579
1.4000        54.366726     0.000019048   -286012.0926      -238.319
1.5000        34.855975     0.000021769   -286031.6035      -160.511
1.6000        21.438477     0.000024490   -286045.0209      -108.954
1.7000        12.291959     0.000010885   -286054.1674       -73.630
1.8000         6.365744     0.000019048   -286060.0935       -48.883
1.9000         2.495584     0.000016327   -286063.9638       -31.892
2.0000         0.036063     0.000021769   -286066.4232       -20.170
2.1000        -1.457880     0.000008163   -286067.9171       -12.108
2.2000        -2.293069     0.000005442   -286068.7525        -6.615
2.3000        -2.682532     0.000019048   -286069.1419        -2.881
2.4000        -2.717091     0.000027211   -286069.1764        -0.479
2.5000        -2.312860     0.000016327   -286068.7720         0.723
2.6000        -1.891325     0.000008163   -286068.3505         1.448
2.7000        -1.477647     0.000021769   -286067.9369         1.867
2.8000        -1.086099     0.000019048   -286067.5454         2.102
2.9000        -0.697423     0.000019048   -286067.1568         2.150
3.0000        -0.324077     0.000019048   -286066.7834         2.151
3.1000         0.016297     0.000019048   -286066.4430         2.062
3.2000         0.380761     0.000010885   -286066.0787         1.915
3.3000         0.734514     0.000021769   -286065.7249         1.751
3.4000         1.049712     0.000024490   -286065.4095         1.574
3.5000         1.330256     0.000024490   -286065.1290         1.397
3.6000         1.578781     0.000027211   -286064.8805         1.242
3.7000         1.797509     0.000024490   -286064.6618         1.093
3.8000         1.989186     0.000016327   -286064.4702         0.953
3.9000         2.156892     0.000008163   -286064.3023         0.825
4.0000         2.302884     0.000027211   -286064.1565         0.715
5.0000         2.990309     0.000016327   -286063.4691         0.147
6.0000         3.118249     0.000027211   -286063.3409         0.026
7.0000         3.142114     0.000019048   -286063.3173         0.006
8.0000         3.148481     0.000002721   -286063.3107         0.002
9.0000         3.151379     0.000010885   -286063.3080         0.001
10.0000         3.153243     0.000024490   -286063.3061
100.0000         3.164294     0.000016327   -286063.2949
1000.0000         3.165162     0.000016327   -286063.2941
