0.0020   1724681.831092     0.000010885   1567898.8205
0.0040    843263.425151     0.000021769    686480.4146
0.0060    550259.502999     0.000019048    393476.4925
0.0080    404298.770749     0.000027211    247515.7602
0.0100    317151.762784     0.000021769    160368.7523
0.0120    259345.092910     0.000019048    102562.0824
0.0140    218230.166698     0.000016327     61447.1562
0.0160    187498.477827     0.000019048     30715.4673
0.0180    163697.188378     0.000013606      6914.1778
0.0200    144739.081483     0.000027211    -12043.9291
0.0400     61420.535435     0.000013606    -95362.4751
0.0600     35386.512046     0.000019048   -121396.4985
0.0800     23251.170389     0.000008163   -133531.8401
0.1000     16373.327173     0.000024490   -140409.6834
0.1200     12097.049195     0.000016327   -144685.9613
0.1400      9278.688181     0.000019048   -147504.3224
0.1600      7335.014250     0.000008163   -149447.9963
0.1800      5927.891909     0.000013606   -150855.1186
0.2000      4859.311648     0.000021769   -151923.6989    -46975.743
0.2400      3353.662505     0.000024490   -153429.3480    -29929.762
0.2800      2377.684900     0.000021769   -154405.3257    -19643.642
0.3200      1732.785014     0.000016327   -155050.2255    -13078.322
0.3600      1299.589764     0.000021769   -155483.4208     -8878.868
0.4000      1001.517038     0.000019048   -155781.4935     -6199.926
0.4500       746.938912     0.000024490   -156036.0716     -4168.431
0.5000       570.112151     0.000024490   -156212.8984     -3060.758
0.5500       434.491440     0.000021769   -156348.5191     -2396.820
0.6000       329.211749     0.000013606   -156453.7988     -1821.087
0.6500       250.252085     0.000021769   -156532.7585     -1360.199
0.7000       191.430187     0.000016327   -156591.5804     -1011.739
0.7500       147.680954     0.000013606   -156635.3296      -753.524
0.8000       115.018827     0.000008163   -156667.9917      -564.245
0.8500        90.470177     0.000027211   -156692.5404      -426.101
0.9000        71.836436     0.000005442   -156711.1741      -325.226
0.9500        57.532728     0.000005442   -156725.4778      -251.357
1.0000        46.406285     0.000016327   -156736.6043      -196.881
1.1000        30.620233     0.000024490   -156752.3903      -125.838
1.2000        20.293563     0.000019048   -156762.7170       -84.192
1.3000        13.255449     0.000016327   -156769.7551       -57.953
1.4000         8.331433     0.000019048   -156774.6791       -40.514
1.5000         4.839130     0.000019048   -156778.1714       -28.301
1.6000         2.348496     0.000024490   -156780.6620       -19.610
1.7000         0.677436     0.000016327   -156782.3331       -13.579
1.8000        -0.375515     0.000024490   -156783.3861        -9.266
1.9000        -1.036101     0.000019048   -156784.0466        -6.044
2.0000        -1.453235     0.000021769   -156784.4638        -3.766
2.1000        -1.698312     0.000019048   -156784.7089        -2.081
2.2000        -1.822453     0.000013606   -156784.8330        -0.977
2.3000        -1.861284     0.000021769   -156784.8718        -0.205
2.4000        -1.844432     0.000019048   -156784.8550         0.375
2.5000        -1.790273     0.000021769   -156784.8008         0.698
2.6000        -1.710870     0.000024490   -156784.7214         0.896
2.7000        -1.616926     0.000008163   -156784.6275         1.037
2.8000        -1.515316     0.000024490   -156784.5259         1.107
2.9000        -1.409368     0.000016327   -156784.4199         1.113
3.0000        -1.301856     0.000021769   -156784.3124         1.105
3.1000        -1.195704     0.000021769   -156784.2062         1.088
3.2000        -1.092592     0.000024490   -156784.1031         1.044
3.3000        -0.993104     0.000005442   -156784.0037         0.995
3.4000        -0.853845     0.000010885   -156783.8644         0.895
3.5000        -0.718569     0.000008163   -156783.7291         0.803
3.6000        -0.599946     0.000021769   -156783.6105         0.723
3.7000        -0.495892     0.000027211   -156783.5064         0.646
3.8000        -0.404457     0.000021769   -156783.4150         0.580
3.9000        -0.323873     0.000008163   -156783.3344         0.520
4.0000        -0.252307     0.000019048   -156783.2629         0.462
5.0000         0.185457     0.000024490   -156782.8251         0.118
6.0000         0.305959     0.000016327   -156782.7046         0.034
7.0000         0.330564     0.000024490   -156782.6800         0.008
8.0000         0.336893     0.000019048   -156782.6736         0.003
9.0000         0.339361     0.000027211   -156782.6712         0.002
10.0000         0.340776     0.000019048   -156782.6698         0.001
100.0000         0.348684     0.000021769   -156782.6619
1000.0000         0.349305     0.000024490   -156782.6612
