0.0020   7676555.411400     0.000013606   7264685.5640
0.0040   3742384.723801     0.000027211   3330514.8756
0.0060   2434892.367890     0.000019048   2023022.5193
0.0080   1784297.030336     0.000016327   1372427.1816
0.0100   1395723.472068     0.000013606    983853.6234
0.0120   1138126.829407     0.000010885    726256.9807
0.0140    955082.124833     0.000021769    543212.2761
0.0160    818651.253273     0.000016327    406781.4045
0.0180    713057.225850     0.000019048    301187.3771
0.0200    629074.142376     0.000021769    217204.2936
0.0400    261896.517409     0.000013606   -149973.3313
0.0600    147891.594960     0.000008163   -263978.2537
0.0800     95460.099956     0.000024490   -316409.7488
0.1000     66526.726215     0.000024490   -345343.1225
0.1200     48370.419753     0.000027211   -363499.4290
0.1400     36287.268887     0.000019048   -375582.5798
0.1600     28014.627560     0.000024490   -383855.2210
0.1800     22173.066254     0.000019048   -389696.7826
0.2000     17899.476095     0.000027211   -393970.3726
0.2400     11867.845416     0.000019048   -400002.0033
0.2800      8143.258307     0.000016327   -403726.5903
0.3200      5791.368406     0.000016327   -406078.4802    -47051.823
0.3600      4243.833175     0.000024490   -407626.0155    -31592.570
0.4000      3183.954231     0.000016327   -408685.8944    -22181.008
0.4500      2261.908685     0.000019048   -409607.9401    -15281.573
0.5000      1619.136806     0.000021769   -410250.7119    -10629.787
0.5500      1175.556395     0.000005442   -410694.2922     -7310.209
0.6000       870.154035     0.000013606   -410999.6947     -5053.279
0.6500       657.574530     0.000019048   -411212.2742     -3551.508
0.7000       506.536487     0.000008163   -411363.3121     -2557.663
0.7500       396.233439     0.000027211   -411473.6152     -1898.978
0.8000       313.022588     0.000010885   -411556.8262     -1456.982
0.8500       248.304623     0.000016327   -411621.5442     -1147.199
0.9000       197.311577     0.000013606   -411672.5373      -916.060
0.9500       156.743396     0.000010885   -411713.1054      -733.540
1.0000       124.294715     0.000024490   -411745.5539      -585.265
1.1000        77.828555     0.000016327   -411792.0201      -369.392
1.2000        48.589022     0.000019048   -411821.2598      -234.188
1.3000        29.874948     0.000013606   -411839.9739      -151.137
1.4000        17.506188     0.000027211   -411852.3426      -100.631
1.5000         9.011914     0.000013606   -411860.8369       -68.327
1.6000         3.156345     0.000013606   -411866.6925       -46.146
1.7000        -0.751426     0.000019048   -411870.6000       -30.184
1.8000        -3.221105     0.000013606   -411873.0697       -18.719
1.9000        -4.670003     0.000021769   -411874.5188       -10.682
2.0000        -5.409449     0.000027211   -411875.2581        -4.942
2.1000        -5.664855     0.000019048   -411875.5136        -1.142
2.2000        -5.450658     0.000016327   -411875.2994         1.156
2.3000        -5.053458     0.000010885   -411874.9022         2.555
2.4000        -4.399359     0.000008163   -411874.2480         3.242
2.5000        -3.638213     0.000021769   -411873.4869         3.421
2.6000        -2.951424     0.000010885   -411872.8001         3.392
2.7000        -2.340760     0.000010885   -411872.1895         3.310
2.8000        -1.761745     0.000008163   -411871.6104         3.124
2.9000        -1.245686     0.000005442   -411871.0945         2.902
3.0000        -0.737630     0.000019048   -411870.5864         2.664
3.1000        -0.266789     0.000016327   -411870.1154         2.405
3.2000         0.147761     0.000027211   -411869.7010         2.121
3.3000         0.512723     0.000024490   -411869.3361         1.885
3.4000         0.832339     0.000005442   -411869.0163         1.664
3.5000         1.111460     0.000005442   -411868.7371         1.465
3.6000         1.355030     0.000005442   -411868.4936         1.266
3.7000         1.567303     0.000005442   -411868.2814         1.097
3.8000         1.751083     0.000005442   -411868.0977         0.950
3.9000         1.909293     0.000005442   -411867.9393         0.814
4.0000         2.044931     0.000005442   -411867.8038         0.708
5.0000         2.663628     0.000016327   -411867.1850         0.140
6.0000         2.779192     0.000016327   -411867.0696         0.048
7.0000         2.804823     0.000005442   -411867.0438         0.013
8.0000         2.814192     0.000010885   -411867.0345         0.006
9.0000         2.819441     0.000013606   -411867.0294         0.004
10.0000         2.823101     0.000016327   -411867.0256         0.003
100.0000         2.845463     0.000008163   -411867.0032
1000.0000         2.847232     0.000013606   -411867.0016
