0.0020   2805906.035373     0.000016327   2580821.0993
0.0040   1370639.763600     0.000019048   1145554.8276
0.0060    893865.547313     0.000008163    668780.6113
0.0080    656406.437147     0.000010885    431321.5013
0.0100    514592.825133     0.000019048    289507.8892
0.0120    420453.412113     0.000005442    195368.4762
0.0140    353502.386228     0.000005442    128417.4503
0.0160    303544.971743     0.000008163     78460.0358
0.0180    264891.786492     0.000008163     39806.8506
0.0200    234117.635106     0.000005442      9032.6992
0.0400     99160.808665     0.000024490   -125924.1273
0.0600     57097.736990     0.000005442   -167987.1989
0.0800     37255.254563     0.000019048   -187829.6814
0.1000     26192.734566     0.000024490   -198892.2014
0.1200     19428.864702     0.000024490   -205656.0712
0.1400     14967.701696     0.000021769   -210117.2342
0.1600     11815.438989     0.000019048   -213269.4969
0.1800      9478.268279     0.000019048   -215606.6677
0.2000      7705.398134     0.000010885   -217379.5378
0.2400      5292.232599     0.000019048   -219792.7033    -46340.104
0.2800      3817.155579     0.000024490   -221267.7803    -29053.462
0.3200      2865.471225     0.000019048   -222219.4647    -19604.338
0.3600      2193.768824     0.000005442   -222891.1671    -14389.031
0.4000      1691.453951     0.000019048   -223393.4820    -10856.850
0.4500      1233.075512     0.000016327   -223851.8604     -7651.700
0.5000       910.279573     0.000008163   -224174.6564     -5389.058
0.5500       682.454432     0.000013606   -224402.4815     -3818.635
0.6000       520.048853     0.000019048   -224564.8871     -2744.112
0.6500       402.349611     0.000027211   -224682.5863     -2012.019
0.7000       315.071502     0.000021769   -224769.8644     -1513.165
0.7500       248.571882     0.000013606   -224836.3640     -1170.428
0.8000       196.482429     0.000019048   -224888.4535      -927.646
0.8500       154.871361     0.000021769   -224930.0646      -744.515
0.9000       121.370497     0.000019048   -224963.5654      -598.689
0.9500        94.394047     0.000024490   -224990.5419      -479.752
1.0000        72.745885     0.000010885   -225012.1900      -382.467
1.1000        41.709320     0.000008163   -225043.2266      -239.902
1.2000        22.219640     0.000024490   -225062.7163      -148.851
1.3000        10.096443     0.000024490   -225074.8395       -91.923
1.4000         2.623399     0.000008163   -225082.3125       -56.539
1.5000        -1.875015     0.000027211   -225086.8109       -34.569
1.6000        -4.501268     0.000021769   -225089.4372       -20.597
1.7000        -5.921703     0.000013606   -225090.8576       -11.357
1.8000        -6.562692     0.000019048   -225091.4986        -5.201
1.9000        -6.692414     0.000013606   -225091.6283        -0.985
2.0000        -6.313770     0.000008163   -225091.2497         1.353
2.1000        -5.689160     0.000016327   -225090.6251         2.556
2.2000        -5.054658     0.000021769   -225089.9906         3.319
2.3000        -4.430818     0.000010885   -225089.3668         3.664
2.4000        -3.829852     0.000016327   -225088.7658         3.839
2.5000        -3.263852     0.000016327   -225088.1998         3.849
2.6000        -2.733728     0.000010885   -225087.6697         3.714
2.7000        -2.240298     0.000019048   -225087.1762         3.545
2.8000        -1.677991     0.000016327   -225086.6139         3.203
2.9000        -1.139023     0.000013606   -225086.0750         2.808
3.0000        -0.681357     0.000021769   -225085.6173         2.474
3.1000        -0.290844     0.000019048   -225085.2268         2.185
3.2000         0.043402     0.000008163   -225084.8925         1.928
3.3000         0.331146     0.000010885   -225084.6048         1.721
3.4000         0.580754     0.000005442   -225084.3552         1.514
3.5000         0.799256     0.000005442   -225084.1367         1.338
3.6000         1.023600     0.000010885   -225083.9123         1.155
3.7000         1.223484     0.000013606   -225083.7124         1.001
3.8000         1.394230     0.000013606   -225083.5417         0.870
3.9000         1.540053     0.000021769   -225083.3959         0.749
4.0000         1.664976     0.000016327   -225083.2710         0.637
5.0000         2.268677     0.000019048   -225082.6673         0.155
6.0000         2.434936     0.000019048   -225082.5010         0.089
7.0000         2.501846     0.000019048   -225082.4341         0.034
8.0000         2.539776     0.000008163   -225082.3961         0.022
9.0000         2.565485     0.000002721   -225082.3705         0.016
10.0000         2.584397     0.000016327   -225082.3515         0.012
100.0000         2.708094     0.000010885   -225082.2278         0.000
1000.0000         2.718244     0.000013606   -225082.2177
