0.0020  10304066.942558     0.000021769   9595068.1079
0.0040   5018914.795825     0.000019048   4309915.9603
0.0060   3262801.052182     0.000027211   2553802.2174
0.0080   2389556.136518     0.000010885   1680557.3018
0.0100   1867987.509264     0.000016327   1158988.6745
0.0120   1521983.500784     0.000013606    812984.6659
0.0140   1276016.000829     0.000019048    567017.1659
0.0160   1092426.995003     0.000027211    383428.1602
0.0180    950343.853039     0.000002721    241345.0182
0.0200    837365.679268     0.000005442    128366.8444
0.0400    345001.463087     0.000024490   -363997.3717
0.0600    194146.200677     0.000005442   -514852.6341
0.0800    125149.835409     0.000002721   -583848.9994
0.1000     86478.677212     0.000016327   -622520.1575
0.1200     62817.288378     0.000013606   -646181.5464
0.1400     47403.240626     0.000021769   -661595.5943
0.1600     36603.614250     0.000021769   -672395.2205
0.1800     28726.112671     0.000021769   -680272.7221
0.2000     22867.679453     0.000010885   -686131.1555
0.2400     15072.389806     0.000024490   -693926.4449
0.2800     10419.546663     0.000019048   -698579.2881
0.3200      7480.176639     0.000013606   -701518.6582
0.3600      5472.582959     0.000010885   -703526.2518    -41899.629
0.4000      4064.351846     0.000016327   -704934.4829    -29229.010
0.4500      2885.906703     0.000010885   -706112.9282    -18813.055
0.5000      2114.889673     0.000024490   -706883.9452    -12599.035
0.5500      1583.629929     0.000016327   -707415.2050     -8960.490
0.6000      1196.810574     0.000024490   -707802.0242     -6648.240
0.6500       908.691720     0.000024490   -708090.1431     -4943.660
0.7000       695.462717     0.000010885   -708303.3721     -3683.365
0.7500       535.866000     0.000013606   -708462.9689     -2763.860
0.8000       415.189099     0.000008163   -708583.6457     -2075.575
0.8500       325.314008     0.000016327   -708673.5209     -1555.555
0.9000       257.423335     0.000019048   -708741.4114     -1178.965
0.9500       205.976118     0.000024490   -708792.8586      -903.154
1.0000       166.173157     0.000013606   -708832.6618      -706.597
1.1000       109.214385     0.000013606   -708889.6204      -468.842
1.2000        70.575860     0.000019048   -708928.2590      -329.059
1.3000        43.842286     0.000024490   -708954.9925      -224.129
1.4000        25.782692     0.000016327   -708973.0522      -148.128
1.5000        13.744697     0.000016327   -708985.0903       -97.060
1.6000         6.017370     0.000024490   -708992.8175       -64.124
1.7000         0.836255     0.000010885   -708997.9985       -42.793
1.8000        -2.678053     0.000024490   -709001.5129       -29.012
1.9000        -5.067154     0.000019048   -709003.9020       -19.574
2.0000        -6.660620     0.000024490   -709005.4955       -12.846
2.1000        -7.685557     0.000019048   -709006.5203        -8.057
2.2000        -8.287900     0.000019048   -709007.1228        -4.382
2.3000        -8.583936     0.000016327   -709007.4188        -1.723
2.4000        -8.649235     0.000021769   -709007.4841         0.242
2.5000        -8.553048     0.000027211   -709007.3878         1.700
2.6000        -8.157596     0.000024490   -709006.9924         2.282
2.7000        -7.670678     0.000008163   -709006.5056         2.577
2.8000        -7.208696     0.000005442   -709006.0436         2.734
2.9000        -6.768203     0.000013606   -709005.6030         2.749
3.0000        -6.341251     0.000008163   -709005.1761         2.740
3.1000        -5.894761     0.000002721   -709004.7295         2.643
3.2000        -5.482236     0.000019048   -709004.3170         2.480
3.3000        -5.100972     0.000027211   -709003.9358         2.325
3.4000        -4.751325     0.000024490   -709003.5861         2.175
3.5000        -4.432274     0.000021769   -709003.2672         2.050
3.6000        -4.140679     0.000027211   -709002.9755         1.862
3.7000        -3.863139     0.000013606   -709002.6979         1.666
3.8000        -3.585371     0.000016327   -709002.4201         1.498
3.9000        -3.339423     0.000010885   -709002.1744         1.345
4.0000        -3.121395     0.000019048   -709001.9561         1.216
5.0000        -1.897451     0.000005442   -709000.7322         0.338
6.0000        -1.528312     0.000013606   -709000.3632         0.172
7.0000        -1.385487     0.000013606   -709000.2203         0.067
8.0000        -1.306762     0.000024490   -709000.1417         0.043
9.0000        -1.254581     0.000010885   -709000.0894         0.031
10.0000        -1.216551     0.000021769   -709000.0513         0.024
100.0000        -0.977939     0.000024490   -708999.8127         0.000
1000.0000        -0.959052     0.000008163   -708999.7939
