0.0020   3547576.018014     0.000013606   3434041.8589
0.0040   1734776.820798     0.000013606   1621242.6611
0.0060   1131969.271779     0.000021769   1018435.1120
0.0080    832075.422493     0.000024490    718541.2626
0.0100    652784.128788     0.000024490    539249.9690
0.0120    533566.689160     0.000027211    420032.5293
0.0140    448965.516700     0.000027211    335431.3568
0.0160    385859.979281     0.000016327    272325.8195
0.0180    336920.899726     0.000024490    223386.7400
0.0200    297919.178864     0.000024490    184385.0191
0.0400    125964.721412     0.000016327     12430.5616
0.0600     72384.514974     0.000013606    -41149.6448
0.0800     47355.687054     0.000024490    -66178.4727
0.1000     33204.471850     0.000013606    -80329.6879
0.1200     24420.224716     0.000024490    -89113.9351
0.1400     18646.633218     0.000016327    -94887.5266
0.1600     14655.821546     0.000019048    -98878.3382
0.1800     11745.134510     0.000016327   -101789.0253
0.2000      9529.362951     0.000021769   -104004.7968
0.2400      6451.322834     0.000021769   -107082.8370
0.2800      4522.404840     0.000016327   -109011.7549    -38256.727
0.3200      3275.649572     0.000024490   -110258.5102    -25094.596
0.3600      2449.005082     0.000010885   -111085.1547    -16868.785
0.4000      1883.590268     0.000016327   -111650.5695    -11841.398
0.4500      1387.065966     0.000016327   -112147.0938     -8427.880
0.5000      1020.508595     0.000027211   -112513.6512     -6279.656
0.5500       754.018349     0.000013606   -112780.1414     -4440.712
0.6000       567.155505     0.000005442   -112967.0043     -3110.742
0.6500       435.609853     0.000010885   -113098.5499     -2203.555
0.7000       341.662876     0.000016327   -113192.4969     -1594.766
0.7500       272.764813     0.000027211   -113261.3950     -1190.534
0.8000       220.472529     0.000008163   -113313.6873      -912.960
0.8500       179.716410     0.000016327   -113354.4434      -719.634
0.9000       147.067992     0.000021769   -113387.0918      -581.855
0.9500       120.470483     0.000024490   -113413.6893      -477.033
1.0000        99.089547     0.000016327   -113435.0702      -397.693
1.1000        66.152471     0.000019048   -113468.0073      -271.809
1.2000        43.772216     0.000010885   -113490.3876      -179.268
1.3000        29.139854     0.000010885   -113505.0199      -115.220
1.4000        19.946253     0.000013606   -113514.2135       -73.621
1.5000        14.355924     0.000021769   -113519.8039       -48.327
1.6000        10.711293     0.000013606   -113523.4485       -32.904
1.7000         8.134501     0.000010885   -113526.0253       -23.244
1.8000         6.231372     0.000027211   -113527.9284       -16.861
1.9000         5.019077     0.000008163   -113529.1407       -12.248
2.0000         4.175145     0.000016327   -113529.9846        -8.877
2.1000         3.587790     0.000016327   -113530.5720        -6.233
2.2000         3.190128     0.000013606   -113530.9696        -4.321
2.3000         2.933568     0.000010885   -113531.2262        -2.837
2.4000         2.781492     0.000019048   -113531.3783        -1.729
2.5000         2.706655     0.000013606   -113531.4531        -0.952
2.6000         2.687618     0.000016327   -113531.4722        -0.347
2.7000         2.708293     0.000021769   -113531.4515         0.083
2.8000         2.756381     0.000027211   -113531.4034         0.354
2.9000         2.822638     0.000019048   -113531.3371         0.558
3.0000         2.899861     0.000024490   -113531.2599         0.689
3.1000         2.983030     0.000010885   -113531.1768         0.756
3.2000         3.068754     0.000024490   -113531.0910         0.776
3.3000         3.153812     0.000016327   -113531.0060         0.781
3.4000         3.236303     0.000013606   -113530.9235         0.771
3.5000         3.315205     0.000008163   -113530.8446         0.737
3.6000         3.389745     0.000013606   -113530.7700         0.693
3.7000         3.459270     0.000024490   -113530.7005         0.650
3.8000         3.523457     0.000010885   -113530.6363         0.600
3.9000         3.582367     0.000024490   -113530.5774         0.550
4.0000         3.636063     0.000024490   -113530.5237         0.501
5.0000         4.013689     0.000024490   -113530.1461         0.142
6.0000         4.100387     0.000008163   -113530.0594         0.031
7.0000         4.114458     0.000016327   -113530.0453         0.008
8.0000         4.115193     0.000000000   -113530.0446         0.002
9.0000         4.113854     0.000002721   -113530.0459         0.001
10.0000         4.112445     0.000010885   -113530.0473         0.000
100.0000         4.102374     0.000024490   -113530.0574
1000.0000         4.101582     0.000005442   -113530.0582
