0.0020         0.000000     0.000016327  38328736.8722
0.0040  19074909.180801     0.000010885  18209795.7284
0.0060  12385403.564389     0.000021769  11520290.1140
0.0080   9050240.900279     0.000024490   8185127.4476
0.0100   7055330.796744     0.000013606   6190217.3448
0.0120   5731295.208595     0.000005442   4866181.7583
0.0140   4792316.609032     0.000019048   3927203.1561
0.0160   4092457.835492     0.000010885   3227344.3833
0.0180   3552423.464837     0.000019048   2687310.0132
0.0200   3124081.084881     0.000008163   2258967.6332
0.0400   1265471.873290     0.000016327    400358.4217
0.0600    703063.271396     0.000019048   -162050.1802
0.0800    447807.543581     0.000021769   -417305.9080
0.1000    306188.582426     0.000005442   -558924.8693
0.1200    219913.350025     0.000019048   -645200.1015
0.1400    164285.322762     0.000024490   -700828.1290
0.1600    125505.742461     0.000019048   -739607.7090
0.1800     97327.091754     0.000019048   -767786.3600
0.2000     76699.606060     0.000021769   -788413.8455
0.2400     49721.365993     0.000024490   -815392.0855
0.2800     33646.141235     0.000021769   -831467.3105
0.3200     23206.351669     0.000008163   -841907.1000
0.3600     16589.551876     0.000021769   -848523.8998
0.4000     12117.299824     0.000010885   -852996.1518
0.4500      8344.782009     0.000010885   -856768.6695
0.5000      5876.741410     0.000021769   -859236.7102    -41619.380
0.5500      4144.805931     0.000019048   -860968.6456    -27907.871
0.6000      3001.669735     0.000016327   -862111.7820    -18570.653
0.6500      2227.812936     0.000019048   -862885.6387    -12842.461
0.7000      1681.780572     0.000016327   -863431.6710     -9249.031
0.7500      1282.781943     0.000016327   -863830.6698     -6839.145
0.8000       985.846841     0.000016327   -864127.6049     -5118.816
0.8500       763.045455     0.000008163   -864350.4061     -3852.660
0.9000       594.986567     0.000021769   -864518.4650     -2915.315
0.9500       467.557023     0.000019048   -864645.8946     -2216.359
1.0000       370.499266     0.000005442   -864742.9522     -1695.325
1.1000       238.367437     0.000019048   -864875.0843     -1011.988
1.2000       158.279504     0.000010885   -864955.1720      -625.896
1.3000       107.644283     0.000019048   -865005.8073      -402.361
1.4000        74.692153     0.000010885   -865038.7594      -265.456
1.5000        52.775749     0.000019048   -865060.6758      -178.640
1.6000        37.849444     0.000021769   -865075.6023      -122.388
1.7000        27.495910     0.000021769   -865085.9557       -85.098
1.8000        20.200603     0.000016327   -865093.2511       -59.948
1.9000        14.990072     0.000021769   -865098.4615       -42.716
2.0000        11.219612     0.000005442   -865102.2319       -30.741
2.1000         8.453528     0.000021769   -865104.9980       -22.377
2.2000         6.394226     0.000019048   -865107.0573       -16.423
2.3000         4.837487     0.000010885   -865108.6141       -12.178
2.4000         3.642213     0.000016327   -865109.8095        -9.169
2.5000         2.710565     0.000019048   -865110.7409        -6.870
2.6000         1.974595     0.000019048   -865111.4770        -5.269
2.7000         1.387076     0.000016327   -865112.0645        -3.976
2.8000         0.914110     0.000008163   -865112.5374        -3.061
2.9000         0.531561     0.000019048   -865112.9200        -2.338
3.0000         0.304017     0.000013606   -865113.1475        -1.760
3.1000         0.155059     0.000008163   -865113.2966        -1.289
3.2000         0.046115     0.000016327   -865113.4055        -0.935
3.3000        -0.032205     0.000019048   -865113.4838        -0.682
3.4000        -0.087460     0.000010885   -865113.5391        -0.470
3.5000        -0.125654     0.000010885   -865113.5772        -0.310
3.6000        -0.150868     0.000013606   -865113.6025        -0.220
3.7000        -0.166341     0.000010885   -865113.6180        -0.124
3.8000        -0.174874     0.000008163   -865113.6264        -0.058
3.9000        -0.178292     0.000013606   -865113.6300        -0.018
4.0000        -0.177810     0.000019048   -865113.6294         0.007
5.0000        -0.109360     0.000008163   -865113.5608         0.063
6.0000        -0.059305     0.000005442   -865113.5110         0.026
7.0000        -0.041247     0.000008163   -865113.4928         0.008
8.0000        -0.036093     0.000005442   -865113.4876         0.002
9.0000        -0.034792     0.000005442   -865113.4863        -0.000
10.0000        -0.034480     0.000005442   -865113.4860        -0.000
100.0000        -0.034390     0.000005442   -865113.4860
1000.0000        -0.034390     0.000005442   -865113.4860
