0.0020   8336356.907414     0.000013606   7749957.2680
0.0040   4062839.106887     0.000019048   3476439.4669
0.0060   2642267.376887     0.000016327   2055867.7371
0.0080   1935748.262447     0.000024490   1349348.6228
0.0100   1513635.200726     0.000008163    927235.5610
0.0120   1233800.695295     0.000019048    647401.0556
0.0140   1034929.763008     0.000019048    448530.1233
0.0160    886506.238021     0.000021769    300106.5982
0.0180    771632.378562     0.000010885    185232.7388
0.0200    680145.557437     0.000021769     93745.9177
0.0400    280917.001311     0.000021769   -305482.6383
0.0600    158002.783989     0.000013606   -428396.8558
0.0800    101807.163512     0.000024490   -484592.4762
0.1000     70588.390397     0.000019048   -515811.2494
0.1200     51243.702301     0.000024490   -535155.9374
0.1400     38612.280506     0.000010885   -547787.3592
0.1600     30024.156460     0.000024490   -556375.4834
0.1800     23820.167322     0.000013606   -562579.4724
0.2000     19074.535955     0.000016327   -567325.1037
0.2400     12636.157487     0.000010885   -573763.4821
0.2800      8736.688284     0.000010885   -577662.9514
0.3200      6283.916568     0.000013606   -580115.7232    -49050.009
0.3600      4660.175093     0.000021769   -581739.4648    -33553.010
0.4000      3520.379101     0.000005442   -582879.2606    -24118.938
0.4500      2526.775344     0.000010885   -583872.8643    -16202.115
0.5000      1854.864640     0.000016327   -584544.7752    -11025.715
0.5500      1395.314897     0.000019048   -585004.3248     -7559.578
0.6000      1077.676982     0.000024490   -585321.9629     -5319.949
0.6500       846.629511     0.000021769   -585553.0102     -4026.097
0.7000       666.676900     0.000019048   -585732.9627     -3207.290
0.7500       523.968894     0.000019048   -585875.6707     -2519.961
0.8000       412.929024     0.000021769   -585986.7106     -1943.579
0.8500       327.588644     0.000016327   -586072.0510     -1490.264
0.9000       262.140159     0.000013606   -586137.4996     -1144.206
0.9500       211.737576     0.000008163   -586187.9022      -884.042
1.0000       172.599030     0.000016327   -586227.0406      -689.917
1.1000       117.331001     0.000027211   -586282.3088      -437.609
1.2000        81.228322     0.000010885   -586318.4113      -293.409
1.3000        56.373844     0.000019048   -586343.2659      -205.462
1.4000        38.742318     0.000021769   -586360.8975      -147.850
1.5000        26.078852     0.000024490   -586373.5609      -107.315
1.6000        16.897548     0.000024490   -586382.7423       -77.538
1.7000        10.302036     0.000019048   -586389.3378       -55.386
1.8000         5.627382     0.000021769   -586394.0124       -38.960
1.9000         2.363737     0.000016327   -586397.2759       -27.016
2.0000         0.125197     0.000013606   -586399.5146       -18.279
2.1000        -1.375095     0.000024490   -586401.0147       -12.130
2.2000        -2.348134     0.000021769   -586401.9878        -7.621
2.3000        -2.945533     0.000010885   -586402.5854        -4.544
2.4000        -3.277580     0.000010885   -586402.9174        -2.278
2.5000        -3.423501     0.000008163   -586403.0632        -0.740
2.6000        -3.439142     0.000019048   -586403.0790         0.313
2.7000        -3.365603     0.000013606   -586403.0052         1.089
2.8000        -3.232270     0.000013606   -586402.8719         1.550
2.9000        -3.059878     0.000013606   -586402.6997         1.834
3.0000        -2.825468     0.000019048   -586402.4651         1.997
3.1000        -2.478134     0.000013606   -586402.1179         1.924
3.2000        -2.166392     0.000019048   -586401.8060         1.808
3.3000        -1.879235     0.000013606   -586401.5190         1.690
3.4000        -1.525150     0.000010885   -586401.1649         1.451
3.5000        -1.230679     0.000016327   -586400.8705         1.252
3.6000        -0.984244     0.000021769   -586400.6240         1.079
3.7000        -0.776387     0.000027211   -586400.4161         0.944
3.8000        -0.567007     0.000013606   -586400.2068         0.793
3.9000        -0.384837     0.000024490   -586400.0245         0.657
4.0000        -0.235112     0.000016327   -586399.8748         0.546
5.0000         0.367952     0.000019048   -586399.2718         0.103
6.0000         0.471878     0.000019048   -586399.1679         0.009
7.0000         0.501462     0.000019048   -586399.1382         0.007
8.0000         0.515683     0.000019048   -586399.1241         0.003
9.0000         0.524938     0.000019048   -586399.1148         0.002
10.0000         0.531681     0.000019048   -586399.1080         0.001
100.0000         0.574465     0.000021769   -586399.0653
1000.0000         0.577913     0.000021769   -586399.0618
