0.0020         0.000000     0.000024490  30094924.7214
0.0040  14963688.545539     0.000024490  14311454.5762
0.0060   9718695.222072     0.000010885   9066461.2544
0.0080   7104932.376634     0.000008163   6452698.4081
0.0100   5542515.189418     0.000019048   4890281.2210
0.0120   4504198.969522     0.000019048   3851965.0013
0.0140   3767537.146736     0.000005442   3115303.1773
0.0160   3218651.321846     0.000016327   2566417.3537
0.0180   2794604.258516     0.000021769   2142370.2904
0.0200   2458205.516568     0.000016327   1805971.5483
0.0400    996906.399374     0.000027211    344672.4312
0.0600    553048.174364     0.000019048    -99185.7938
0.0800    350666.857049     0.000019048   -301567.1111
0.1000    240856.464867     0.000013606   -411377.5034
0.1200    173512.779408     0.000013606   -478721.1887
0.1400    129800.103818     0.000021769   -522433.8642
0.1600    100134.470505     0.000019048   -552099.4977
0.1800     79106.525126     0.000027211   -573127.4430
0.2000     62921.946849     0.000024490   -589312.0213
0.2400     41021.023902     0.000016327   -611212.9444
0.2800     27908.379554     0.000019048   -624325.5885
0.3200     19727.358693     0.000024490   -632506.6095
0.3600     14040.251276     0.000021769   -638193.7170
0.4000     10158.973206     0.000016327   -642074.9949
0.4500      7003.328764     0.000010885   -645230.6395    -49739.472
0.5000      4977.189652     0.000021769   -647256.7786    -32816.164
0.5500      3607.953513     0.000024490   -648626.0147    -22771.860
0.6000      2641.624070     0.000005442   -649592.3441    -16288.840
0.6500      1950.570363     0.000027211   -650283.3979    -11652.781
0.7000      1456.193386     0.000021769   -650777.7748     -8362.208
0.7500      1099.061667     0.000021769   -651134.9065     -6022.920
0.8000       840.409187     0.000027211   -651393.5589     -4388.074
0.8500       651.525897     0.000019048   -651582.4422     -3266.309
0.9000       508.533867     0.000019048   -651725.4343     -2510.065
0.9500       397.294570     0.000008163   -651836.6737     -1956.390
1.0000       311.135910     0.000008163   -651922.8323     -1515.010
1.1000       192.671468     0.000027211   -652041.2968      -907.588
1.2000       120.885038     0.000016327   -652113.0832      -548.457
1.3000        76.742412     0.000024490   -652157.2258      -337.304
1.4000        50.596015     0.000010885   -652183.3722      -213.401
1.5000        33.923043     0.000021769   -652200.0451      -139.017
1.6000        23.047462     0.000010885   -652210.9207       -91.949
1.7000        15.966278     0.000019048   -652218.0019       -61.387
1.8000        11.251281     0.000021769   -652222.7168       -40.941
1.9000         8.181615     0.000005442   -652225.7866       -27.139
2.0000         6.446521     0.000019048   -652227.5216       -18.040
2.1000         5.416156     0.000010885   -652228.5521       -11.954
2.2000         5.000587     0.000005442   -652228.9676        -8.221
2.3000         4.884046     0.000016327   -652229.0840        -5.819
2.4000         4.803494     0.000021769   -652229.1646        -4.280
2.5000         4.729591     0.000000000   -652229.2386        -3.281
2.6000         4.735689     0.000008163   -652229.2326        -2.822
2.7000         4.688649     0.000016327   -652229.2794        -2.503
2.8000         4.600780     0.000019048   -652229.3673        -2.196
2.9000         4.491113     0.000024490   -652229.4770        -1.893
3.0000         4.377650     0.000024490   -652229.5904        -1.592
3.1000         4.274029     0.000002721   -652229.6941        -1.271
3.2000         4.187760     0.000016327   -652229.7804        -0.997
3.3000         4.123095     0.000005442   -652229.8451        -0.737
3.4000         4.080629     0.000019048   -652229.8876        -0.504
3.5000         4.058231     0.000024490   -652229.9099        -0.312
3.6000         4.054261     0.000016327   -652229.9140        -0.158
3.7000         4.065761     0.000027211   -652229.9023        -0.025
3.8000         4.088967     0.000008163   -652229.8792         0.083
3.9000         4.121362     0.000016327   -652229.8468         0.156
4.0000         4.161376     0.000008163   -652229.8068         0.207
5.0000         4.609254     0.000005442   -652229.3589         0.216
6.0000         4.839340     0.000016327   -652229.1289         0.079
7.0000         4.916337     0.000010885   -652229.0519         0.031
8.0000         4.940509     0.000010885   -652229.0277         0.013
9.0000         4.948956     0.000021769   -652229.0193         0.006
10.0000         4.952700     0.000010885   -652229.0155         0.003
100.0000         4.966608     0.000010885   -652229.0016
1000.0000         4.967541     0.000016327   -652229.0005
