0.0020   1804386.274976     0.000024490   1782653.1518
0.0040    888103.539244     0.000008163    866370.4160
0.0060    583301.816086     0.000013606    561568.6931
0.0080    430817.916060     0.000024490    409084.7931
0.0100    339407.063857     0.000024490    317673.9407
0.0120    278540.986780     0.000016327    256807.8637
0.0140    235116.977042     0.000021769    213383.8539
0.0160    202593.233926     0.000019048    180860.1108
0.0180    177343.403959     0.000019048    155610.2809
0.0200    157244.793339     0.000019048    135511.6702
0.0400     68018.281373     0.000005442     46285.1583
0.0600     39432.308738     0.000010885     17699.1856
0.0800     25943.629012     0.000027211      4210.5059
0.1000     18408.306536     0.000005442     -3324.8166
0.1200     13713.436562     0.000024490     -8019.6865
0.1400     10544.235212     0.000019048    -11188.8879
0.1600      8284.024790     0.000005442    -13449.0983
0.1800      6617.521088     0.000021769    -15115.6020
0.2000      5363.901460     0.000016327    -16369.2216
0.2400      3671.818689     0.000016327    -18061.3044    -32380.651
0.2800      2644.068488     0.000016327    -19089.0546    -20118.829
0.3200      1994.200016     0.000027211    -19738.9231    -12978.175
0.3600      1563.284768     0.000027211    -20169.8383     -9311.224
0.4000      1206.206408     0.000027211    -20526.9167     -7992.199
0.4500       874.083499     0.000016327    -20859.0396     -5445.755
0.5000       647.779995     0.000016327    -21085.3431     -3726.944
0.5500       491.541465     0.000021769    -21241.5816     -2602.046
0.6000       381.210996     0.000019048    -21351.9121     -1862.547
0.6500       301.491511     0.000019048    -21431.6316     -1364.399
0.7000       242.519768     0.000002721    -21490.6033     -1020.798
0.7500       198.158406     0.000024490    -21534.9647      -785.142
0.8000       163.509970     0.000019048    -21569.6131      -623.897
0.8500       135.291200     0.000016327    -21597.8319      -514.206
0.9000       111.360328     0.000019048    -21621.7628      -438.208
0.9500        90.473168     0.000019048    -21642.6499      -379.976
1.0000        72.862061     0.000019048    -21660.2610      -323.576
1.1000        45.616504     0.000008163    -21687.5066      -224.341
1.2000        27.188557     0.000019048    -21705.9345      -148.146
1.3000        15.174027     0.000005442    -21717.9491       -95.258
1.4000         7.502696     0.000024490    -21725.6204       -60.176
1.5000         2.690110     0.000021769    -21730.4330       -37.271
1.6000        -0.259575     0.000013606    -21733.3827       -22.409
1.7000        -2.000751     0.000016327    -21735.1238       -12.796
1.8000        -2.959585     0.000016327    -21736.0827        -6.599
1.9000        -3.415117     0.000021769    -21736.5382        -2.627
2.0000        -3.547931     0.000021769    -21736.6710        -0.092
2.1000        -3.476525     0.000008163    -21736.5996         1.481
2.2000        -3.278551     0.000013606    -21736.4016         2.448
2.3000        -3.005314     0.000024490    -21736.1284         2.996
2.4000        -2.691343     0.000016327    -21735.8144         3.270
2.5000        -2.359190     0.000019048    -21735.4823         3.362
2.6000        -1.946513     0.000016327    -21735.0696         3.186
2.7000        -1.551286     0.000019048    -21734.6744         2.950
2.8000        -1.053315     0.000024490    -21734.1764         2.475
2.9000        -0.594259     0.000005442    -21733.7174         2.009
3.0000        -0.231896     0.000010885    -21733.3550         1.654
3.1000         0.057987     0.000013606    -21733.0651         1.380
3.2000         0.292748     0.000019048    -21732.8303         1.161
3.3000         0.485152     0.000008163    -21732.6379         0.983
3.4000         0.667213     0.000013606    -21732.4559         0.811
3.5000         0.831703     0.000013606    -21732.2914         0.647
3.6000         0.961049     0.000019048    -21732.1620         0.520
3.7000         1.063138     0.000019048    -21732.0600         0.420
3.8000         1.143953     0.000024490    -21731.9791         0.342
3.9000         1.208273     0.000013606    -21731.9148         0.277
4.0000         1.259599     0.000005442    -21731.8635         0.227
5.0000         1.455146     0.000027211    -21731.6679         0.041
6.0000         1.495095     0.000021769    -21731.6280         0.011
7.0000         1.512524     0.000024490    -21731.6106         0.007
8.0000         1.523414     0.000013606    -21731.5997         0.005
9.0000         1.531212     0.000024490    -21731.5919         0.003
10.0000         1.537101     0.000016327    -21731.5860         0.003
100.0000         1.576911     0.000013606    -21731.5462
1000.0000         1.580280     0.000021769    -21731.5428
