0.0020   3119380.636674     0.000027211   2473358.8804
0.0040   1519856.160045     0.000024490    873834.4037
0.0060    988773.701149     0.000016327    342751.9448
0.0080    724770.621263     0.000013606     78748.8650
0.0100    567180.909079     0.000005442    -78840.8472
0.0120    462626.547022     0.000008163   -183395.2093
0.0140    388237.578161     0.000016327   -257784.1781
0.0160    332687.505604     0.000008163   -313334.2507
0.0180    289663.068811     0.000013606   -356358.6874
0.0200    255524.183056     0.000013606   -390497.5731
0.0400    106511.629049     0.000010885   -539510.1273
0.0600     60413.722697     0.000013606   -585608.0336
0.0800     39108.333278     0.000016327   -606913.4230
0.1000     27269.414705     0.000005442   -618752.3417
0.1200     19880.259304     0.000019048   -626141.4969
0.1400     14995.329070     0.000019048   -631026.4271
0.1600     11647.039207     0.000016327   -634374.7170
0.1800      9271.161482     0.000024490   -636750.5949
0.2000      7529.974724     0.000024490   -638491.7817
0.2400      5177.951348     0.000008163   -640843.8049    -46109.798
0.2800      3671.511861     0.000016327   -642350.2444    -30417.355
0.3200      2674.408515     0.000024490   -643347.3478    -20153.631
0.3600      2010.760934     0.000024490   -644010.9954    -13569.015
0.4000      1555.833752     0.000013606   -644465.9226     -9544.060
0.4500      1158.076893     0.000010885   -644863.6794     -6632.612
0.5000       873.280621     0.000010885   -645148.4758     -4847.914
0.5500       662.938772     0.000019048   -645358.8174     -3591.704
0.6000       507.519837     0.000021769   -645514.2364     -2663.094
0.6500       392.125607     0.000013606   -645629.6307     -1977.659
0.7000       306.622650     0.000019048   -645715.1335     -1474.001
0.7500       242.630769     0.000016327   -645779.1255     -1108.991
0.8000       194.094235     0.000021769   -645827.6622      -846.230
0.8500       156.699918     0.000010885   -645865.0564      -657.519
0.9000       127.314416     0.000008163   -645894.4419      -521.542
0.9500       103.773679     0.000019048   -645917.9825      -422.332
1.0000        84.579016     0.000010885   -645937.1772      -347.144
1.1000        55.686304     0.000024490   -645966.0700      -239.313
1.2000        35.861123     0.000016327   -645985.8951      -163.845
1.3000        22.498497     0.000024490   -645999.2578      -110.606
1.4000        13.457083     0.000008163   -646008.2993       -74.434
1.5000         7.632726     0.000016327   -646014.1236       -50.466
1.6000         3.637598     0.000016327   -646018.1188       -35.054
1.7000         0.706392     0.000010885   -646021.0500       -24.738
1.8000        -1.090154     0.000021769   -646022.8465       -16.846
1.9000        -2.239925     0.000024490   -646023.9962       -11.205
2.0000        -2.937135     0.000019048   -646024.6934        -7.378
2.1000        -3.264099     0.000021769   -646025.0204        -4.625
2.2000        -3.392080     0.000019048   -646025.1483        -2.787
2.3000        -3.398146     0.000021769   -646025.1543        -1.447
2.4000        -3.329037     0.000010885   -646025.0852        -0.399
2.5000        -3.210735     0.000021769   -646024.9671         0.253
2.6000        -3.057870     0.000013606   -646024.8142         0.713
2.7000        -2.887132     0.000019048   -646024.6433         1.093
2.8000        -2.708535     0.000013606   -646024.4648         1.336
2.9000        -2.525922     0.000010885   -646024.2822         1.431
3.0000        -2.342033     0.000008163   -646024.0983         1.500
3.1000        -2.163496     0.000027211   -646023.9197         1.536
3.2000        -1.992092     0.000021769   -646023.7483         1.525
3.3000        -1.828592     0.000010885   -646023.5848         1.496
3.4000        -1.671855     0.000021769   -646023.4280         1.393
3.5000        -1.472882     0.000016327   -646023.2291         1.325
3.6000        -1.270048     0.000019048   -646023.0264         1.164
3.7000        -1.093433     0.000010885   -646022.8498         1.048
3.8000        -0.939433     0.000019048   -646022.6958         0.957
3.9000        -0.804287     0.000024490   -646022.5605         0.870
4.0000        -0.684919     0.000019048   -646022.4411         0.745
5.0000         0.044518     0.000019048   -646021.7118         0.208
6.0000         0.258359     0.000002721   -646021.4979         0.082
7.0000         0.310019     0.000002721   -646021.4462         0.018
8.0000         0.324414     0.000027211   -646021.4318         0.008
9.0000         0.329832     0.000016327   -646021.4264         0.005
10.0000         0.332741     0.000010885   -646021.4236         0.003
100.0000         0.347811     0.000008163   -646021.4084
1000.0000         0.348948     0.000008163   -646021.4073
