0.0020   6275834.625973     0.000024490   6118192.3906
0.0040   3065787.024784     0.000016327   2908144.7869
0.0060   1999461.586633     0.000016327   1841819.3500
0.0080   1468578.661247     0.000016327   1310936.4246
0.0100   1151065.544053     0.000019048    993423.3076
0.0120    940408.881030     0.000021769    782766.6443
0.0140    790513.533341     0.000005442    632871.2967
0.0160    678462.113172     0.000010885    520819.8766
0.0180    591632.804662     0.000024490    433990.5681
0.0200    522505.636745     0.000021769    364863.4003
0.0400    219135.583864     0.000019048     61493.3473
0.0600    125385.094782     0.000005442    -32257.1418
0.0800     81171.873756     0.000019048    -76470.3629
0.1000     56536.252326     0.000010885   -101105.9843
0.1200     41447.046264     0.000016327   -116195.1904
0.1400     31420.079061     0.000010885   -126222.1576
0.1600     24345.676231     0.000010885   -133296.5604
0.1800     19206.342820     0.000024490   -138435.8938
0.2000     15402.049082     0.000013606   -142240.1875
0.2400     10388.429499     0.000024490   -147253.8071
0.2800      7410.673414     0.000013606   -150231.5632
0.3200      5450.141919     0.000021769   -152192.0947    -41921.931
0.3600      4029.359605     0.000021769   -153612.8770    -29525.003
0.4000      3041.387540     0.000019048   -154600.8491    -20502.125
0.4500      2207.159574     0.000021769   -155435.0770    -13513.583
0.5000      1647.566508     0.000016327   -155994.6701     -9189.852
0.5500      1261.365399     0.000027211   -156380.8712     -6473.269
0.6000       980.475276     0.000024490   -156661.7613     -4949.932
0.6500       756.040863     0.000010885   -156886.1958     -3985.263
0.7000       580.414467     0.000008163   -157061.8222     -3046.574
0.7500       447.843732     0.000027211   -157194.3929     -2286.213
0.8000       348.434513     0.000016327   -157293.8021     -1717.030
0.8500       273.500846     0.000016327   -157368.7358     -1299.570
0.9000       216.500770     0.000021769   -157425.7359      -994.090
0.9500       172.724415     0.000016327   -157469.5122      -769.485
1.0000       138.737654     0.000005442   -157503.4990      -602.755
1.1000        90.711768     0.000013606   -157551.5249      -381.691
1.2000        59.830475     0.000010885   -157582.4061      -248.752
1.3000        39.534784     0.000016327   -157602.7018      -164.071
1.4000        26.119166     0.000021769   -157616.1175      -108.492
1.5000        17.174100     0.000013606   -157625.0625       -71.759
1.6000        11.244769     0.000027211   -157630.9919       -47.604
1.7000         7.321196     0.000024490   -157634.9154       -31.852
1.8000         4.670959     0.000010885   -157637.5657       -21.634
1.9000         2.854165     0.000024490   -157639.3825       -14.931
2.0000         1.592786     0.000010885   -157640.6438       -10.493
2.1000         0.708797     0.000013606   -157641.5278        -7.472
2.2000         0.086083     0.000008163   -157642.1505        -5.376
2.3000        -0.352066     0.000010885   -157642.5887        -3.890
2.4000        -0.656576     0.000008163   -157642.8932        -2.816
2.5000        -0.864079     0.000013606   -157643.1007        -2.008
2.6000        -0.998811     0.000010885   -157643.2354        -1.413
2.7000        -1.079974     0.000010885   -157643.3166        -0.975
2.8000        -1.120231     0.000027211   -157643.3568        -0.590
2.9000        -1.130696     0.000021769   -157643.3673        -0.372
3.0000        -1.118089     0.000008163   -157643.3547        -0.175
3.1000        -1.089574     0.000027211   -157643.3262        -0.011
3.2000        -1.048616     0.000024490   -157643.2852         0.091
3.3000        -0.999679     0.000021769   -157643.2363         0.156
3.4000        -0.945506     0.000016327   -157643.1821         0.223
3.5000        -0.887796     0.000016327   -157643.1244         0.262
3.6000        -0.828753     0.000016327   -157643.0654         0.289
3.7000        -0.769359     0.000016327   -157643.0060         0.292
3.8000        -0.710949     0.000016327   -157642.9476         0.309
3.9000        -0.654167     0.000027211   -157642.8908         0.302
4.0000        -0.598969     0.000024490   -157642.8356         0.287
5.0000        -0.201490     0.000027211   -157642.4381         0.154
6.0000        -0.030885     0.000019048   -157642.2675         0.054
7.0000         0.035677     0.000019048   -157642.2009         0.029
8.0000         0.064774     0.000024490   -157642.1718         0.016
9.0000         0.080407     0.000019048   -157642.1562         0.009
10.0000         0.090372     0.000005442   -157642.1462         0.009
100.0000         0.144125     0.000016327   -157642.0925         0.000
1000.0000         0.148068     0.000019048   -157642.0886
