0.0020         0.000000     0.000013606  49847407.6305
0.0040  24848825.634355     0.000024490  23670278.0979
0.0060  16139823.406816     0.000010885  14961275.8721
0.0080  11794838.624730     0.000024490  10616291.0892
0.0100   9194646.805280     0.000021769   8016099.2708
0.0120   7473744.706411     0.000027211   6295197.1718
0.0140   6249836.706607     0.000013606   5071289.1713
0.0160   5337718.707994     0.000021769   4159171.1721
0.0180   4634493.354427     0.000008163   3455945.8190
0.0200   4075839.738244     0.000010885   2897292.2019
0.0400   1652942.068964     0.000013606    474394.5335
0.0600    912316.547606     0.000016327   -266230.9879
0.0800    574878.784015     0.000024490   -603668.7514
0.1000    392974.127735     0.000019048   -785573.4079
0.1200    283384.448737     0.000016327   -895163.0867
0.1400    211295.919897     0.000021769   -967251.6155
0.1600    160763.319606     0.000021769  -1017784.2159
0.1800    125038.660222     0.000010885  -1053508.8751
0.2000     99234.513330     0.000013606  -1079313.0221
0.2400     64325.291962     0.000013606  -1114222.2434
0.2800     43067.017556     0.000027211  -1135480.5179
0.3200     29900.080952     0.000019048  -1148647.4545
0.3600     21512.186413     0.000016327  -1157035.3491
0.4000     15529.831586     0.000016327  -1163017.7040
0.4500     10728.115807     0.000024490  -1167819.4196
0.5000      7703.835525     0.000016327  -1170843.6999    -48491.484
0.5500      5696.681962     0.000019048  -1172850.8535    -33083.628
0.6000      4299.082445     0.000013606  -1174248.4531    -23500.650
0.6500      3293.740570     0.000013606  -1175253.7950    -17124.131
0.7000      2554.391605     0.000019048  -1175993.1439    -12713.285
0.7500      2001.139229     0.000016327  -1176546.3962     -9594.738
0.8000      1580.508735     0.000016327  -1176967.0267     -7373.489
0.8500      1254.447786     0.000016327  -1177293.0878     -5772.035
0.9000       997.826511     0.000016327  -1177549.7089     -4547.910
0.9500       795.634854     0.000024490  -1177751.9005     -3571.886
1.0000       636.998274     0.000016327  -1177910.5372     -2798.322
1.1000       415.063589     0.000013606  -1178132.4720     -1728.945
1.2000       276.636298     0.000021769  -1178270.8991     -1094.103
1.3000       187.827875     0.000021769  -1178359.7076      -713.170
1.4000       129.125865     0.000010885  -1178418.4096      -477.845
1.5000        89.286664     0.000027211  -1178458.2487      -327.563
1.6000        61.742565     0.000027211  -1178485.7929      -228.355
1.7000        42.500010     0.000021769  -1178505.0355      -161.148
1.8000        28.947823     0.000013606  -1178518.5876      -114.666
1.9000        19.302494     0.000024490  -1178528.2329       -81.828
2.0000        12.436258     0.000010885  -1178535.0992       -58.335
2.1000         7.567620     0.000016327  -1178539.9678       -41.459
2.2000         4.244251     0.000021769  -1178543.2912       -29.502
2.3000         1.928455     0.000021769  -1178545.6071       -20.980
2.4000         0.322572     0.000021769  -1178547.2129       -14.790
2.5000        -0.781541     0.000019048  -1178548.3171       -10.387
2.6000        -1.529452     0.000019048  -1178549.0649        -7.170
2.7000        -2.024465     0.000024490  -1178549.5599        -4.845
2.8000        -2.338735     0.000027211  -1178549.8741        -3.158
2.9000        -2.523694     0.000016327  -1178550.0592        -1.917
3.0000        -2.616621     0.000024490  -1178550.1520        -1.015
3.1000        -2.643544     0.000024490  -1178550.1789        -0.375
3.2000        -2.624164     0.000008163  -1178550.1596         0.107
3.3000        -2.572927     0.000021769  -1178550.1084         0.430
3.4000        -2.498635     0.000019048  -1178550.0341         0.646
3.5000        -2.397849     0.000016327  -1178549.9335         0.797
3.6000        -2.221220     0.000019048  -1178549.7566         0.826
3.7000        -2.053592     0.000024490  -1178549.5890         0.829
3.8000        -1.897364     0.000027211  -1178549.4328         0.828
3.9000        -1.753377     0.000024490  -1178549.2888         0.797
4.0000        -1.620430     0.000021769  -1178549.1560         0.740
5.0000        -0.753051     0.000010885  -1178548.2885         0.331
6.0000        -0.366780     0.000027211  -1178547.9021         0.094
7.0000        -0.265123     0.000021769  -1178547.8006         0.025
8.0000        -0.240976     0.000019048  -1178547.7764         0.005
9.0000        -0.235662     0.000013606  -1178547.7712         0.000
10.0000        -0.234638     0.000021769  -1178547.7702        -0.001
100.0000        -0.236023     0.000005442  -1178547.7715
1000.0000        -0.236168     0.000013606  -1178547.7715
