0.0020   8544237.731813     0.000021769   8290568.3445
0.0040   4168593.876409     0.000024490   3914924.4899
0.0060   2714895.219958     0.000008163   2461225.8329
0.0080   1991882.746128     0.000016327   1738213.3592
0.0100   1560011.441225     0.000027211   1306342.0541
0.0120   1273480.895309     0.000019048   1019811.5082
0.0140   1069477.717354     0.000008163    815808.3304
0.0160    916900.239765     0.000019048    663230.8528
0.0180    798733.097199     0.000024490    545063.7101
0.0200    704705.572719     0.000005442    451036.1857
0.0400    293409.686073     0.000019048     39740.2991
0.0600    166061.270949     0.000008163    -87608.1161
0.0800    106851.983440     0.000021769   -146817.4036
0.1000     74314.470569     0.000021769   -179354.9165
0.1200     54153.204776     0.000013606   -199516.1822
0.1400     40710.362170     0.000010885   -212959.0248
0.1600     31440.379364     0.000013606   -222229.0077
0.1800     24866.357981     0.000013606   -228803.0290
0.2000     20073.370945     0.000010885   -233596.0161
0.2400     13581.830917     0.000013606   -240087.5561
0.2800      9369.925929     0.000024490   -244299.4611
0.3200      6667.278952     0.000019048   -247002.1081
0.3600      4888.260769     0.000016327   -248781.1263    -36166.940
0.4000      3687.189702     0.000016327   -249982.1973    -24769.215
0.4500      2674.702653     0.000016327   -250994.6844    -16833.584
0.5000      1950.024481     0.000016327   -251719.3625    -12338.943
0.5500      1424.451295     0.000008163   -252244.9357     -8756.041
0.6000      1056.838478     0.000021769   -252612.5485     -6112.662
0.6500       799.432449     0.000013606   -252869.9546     -4308.140
0.7000       616.438867     0.000010885   -253052.9482     -3093.601
0.7500       483.702232     0.000016327   -253185.6848     -2270.957
0.8000       385.083994     0.000019048   -253284.3030     -1714.187
0.8500       309.403341     0.000024490   -253359.9837     -1353.504
0.9000       248.476950     0.000013606   -253420.9101     -1117.686
0.9500       197.678103     0.000021769   -253471.7089      -915.063
1.0000       156.810233     0.000024490   -253512.5768      -724.675
1.1000       100.593391     0.000024490   -253568.7936      -430.842
1.2000        67.950597     0.000027211   -253601.4364      -253.079
1.3000        48.156122     0.000021769   -253621.2309      -168.232
1.4000        33.647724     0.000021769   -253635.7393      -122.417
1.5000        23.566484     0.000016327   -253645.8205       -85.566
1.6000        16.595237     0.000013606   -253652.7918       -59.503
1.7000        11.917906     0.000013606   -253657.4691       -41.672
1.8000         8.621661     0.000016327   -253660.7654       -29.089
1.9000         6.308584     0.000013606   -253663.0784       -20.230
2.0000         4.694842     0.000027211   -253664.6922       -14.006
2.1000         3.593570     0.000027211   -253665.7935        -9.583
2.2000         2.930972     0.000010885   -253666.4560        -6.675
2.3000         2.471385     0.000027211   -253666.9156        -4.653
2.4000         2.134799     0.000024490   -253667.2522        -3.426
2.5000         1.918939     0.000010885   -253667.4681        -2.662
2.6000         1.781201     0.000010885   -253667.6058        -2.273
2.7000         1.666377     0.000021769   -253667.7206        -2.058
2.8000         1.525387     0.000008163   -253667.8616        -1.813
2.9000         1.375381     0.000002721   -253668.0116        -1.623
3.0000         1.283540     0.000021769   -253668.1035        -1.418
3.1000         1.207049     0.000021769   -253668.1800        -1.183
3.2000         1.134029     0.000008163   -253668.2530        -0.956
3.3000         1.069824     0.000021769   -253668.3172        -0.774
3.4000         1.016438     0.000016327   -253668.3706        -0.577
3.5000         0.973724     0.000027211   -253668.4133        -0.398
3.6000         0.941362     0.000008163   -253668.4457        -0.245
3.7000         0.919742     0.000019048   -253668.4673        -0.137
3.8000         0.907753     0.000005442   -253668.4793        -0.028
3.9000         0.903271     0.000016327   -253668.4838         0.063
4.0000         0.904956     0.000010885   -253668.4821         0.129
5.0000         1.286223     0.000010885   -253668.1008         0.203
6.0000         1.504151     0.000002721   -253667.8829         0.095
7.0000         1.579828     0.000005442   -253667.8072         0.033
8.0000         1.603285     0.000024490   -253667.7837         0.012
9.0000         1.610615     0.000002721   -253667.7764         0.006
10.0000         1.613249     0.000010885   -253667.7738         0.003
100.0000         1.619445     0.000024490   -253667.7676
1000.0000         1.619815     0.000021769   -253667.7672
