0.0020  12941971.817949     0.000019048  12584316.3191
0.0040   6306821.238595     0.000005442   5949165.7403
0.0060   4104849.639631     0.000027211   3747194.1415
0.0080   3008276.825293     0.000010885   2650621.3263
0.0100   2353125.270174     0.000021769   1995469.7713
0.0120   1917919.344280     0.000019048   1560263.8454
0.0140   1608275.736311     0.000024490   1250620.2374
0.0160   1377244.230971     0.000021769   1019588.7321
0.0180   1198608.574104     0.000010885    840953.0753
0.0200   1056464.827339     0.000010885    698809.3286
0.0400    437227.952634     0.000027211     79572.4538
0.0600    245342.573574     0.000016327   -112312.9253
0.0800    157138.171816     0.000013606   -200517.3270
0.1000    108284.629975     0.000024490   -249370.8689
0.1200     78409.609331     0.000027211   -279245.8895
0.1400     59078.094903     0.000010885   -298577.4040
0.1600     45788.441665     0.000024490   -311867.0571
0.1800     36093.008005     0.000005442   -321562.4909
0.2000     28678.621291     0.000016327   -328976.8776
0.2400     18654.194128     0.000019048   -339001.3047
0.2800     12732.345483     0.000019048   -344923.1535
0.3200      9075.089991     0.000021769   -348580.4089
0.3600      6624.610315     0.000016327   -351030.8885
0.4000      4862.971543     0.000027211   -352792.5273    -36914.527
0.4500      3373.406792     0.000016327   -354282.0922    -23696.525
0.5000      2404.974629     0.000021769   -355250.5243    -15695.599
0.5500      1752.044314     0.000008163   -355903.4546    -10793.326
0.6000      1295.507374     0.000013606   -356359.9914     -7693.939
0.6500       964.536326     0.000019048   -356690.9625     -5677.618
0.7000       718.614589     0.000016327   -356936.8841     -4237.870
0.7500       535.755078     0.000016327   -357119.7436     -3135.275
0.8000       401.135423     0.000016327   -357254.3633     -2289.752
0.8500       303.164457     0.000010885   -357352.3344     -1661.818
0.9000       231.755228     0.000008163   -357423.7436     -1214.656
0.9500       179.277591     0.000019048   -357476.2214      -898.799
1.0000       140.424240     0.000016327   -357515.0746      -680.443
1.1000        87.763416     0.000021769   -357567.7355      -409.217
1.2000        55.351446     0.000013606   -357600.1475      -255.742
1.3000        35.289257     0.000027211   -357620.2096      -163.880
1.4000        22.428503     0.000021769   -357633.0703      -105.574
1.5000        14.176939     0.000019048   -357641.3219       -67.755
1.6000         8.927814     0.000016327   -357646.5710       -43.277
1.7000         5.570902     0.000024490   -357649.9280       -27.580
1.8000         5.570902     0.000024490   -357649.9280       -27.580
1.9000         5.570902     0.000024490   -357649.9280       -27.580
2.0000         5.570902     0.000024490   -357649.9280       -27.580
2.1000         5.570902     0.000024490   -357649.9280       -27.580
2.2000         5.570902     0.000024490   -357649.9280       -27.580
2.3000         5.570902     0.000024490   -357649.9280       -27.580
2.4000         5.570902     0.000024490   -357649.9280       -27.580
2.5000         5.570902     0.000024490   -357649.9280       -27.580
2.6000         5.570902     0.000024490   -357649.9280       -27.580
2.7000         5.570902     0.000024490   -357649.9280       -27.580
2.8000         5.570902     0.000024490   -357649.9280       -27.580
2.9000         5.570902     0.000024490   -357649.9280       -27.580
3.0000         5.570902     0.000024490   -357649.9280       -27.580
3.1000         5.570902     0.000024490   -357649.9280       -27.580
3.2000         5.570902     0.000024490   -357649.9280       -27.580
3.3000         5.570902     0.000024490   -357649.9280       -27.580
3.4000         5.570902     0.000024490   -357649.9280       -27.580
3.5000         5.570902     0.000024490   -357649.9280       -27.580
3.6000         5.570902     0.000024490   -357649.9280       -27.580
3.7000         5.570902     0.000024490   -357649.9280       -27.580
3.8000         0.231969     0.000010885   -357655.2669         0.415
3.9000         0.303780     0.000002721   -357655.1951         0.398
4.0000         0.370992     0.000021769   -357655.1279         0.378
5.0000         0.789947     0.000024490   -357654.7088         0.144
6.0000         0.927400     0.000005442   -357654.5714         0.063
7.0000         0.971956     0.000013606   -357654.5268         0.021
8.0000         0.990269     0.000021769   -357654.5085         0.011
9.0000         1.000081     0.000021769   -357654.4987         0.007
10.0000         1.006620     0.000008163   -357654.4922         0.005
100.0000         1.044286     0.000002721   -357654.4546         0.000
1000.0000         1.047119     0.000016327   -357654.4517
